x,y,number,ground_area,floor_area,residential_ground_area,residential_floor_area,economic_activity_ground_area,economic_activity_floor_area,cultural_ground_area,cultural_floor_area
0,8,3.24,534,1287,69,128,327,903,0,0
0,9,13.19,2031,4536,215,462,1385,3149,0,0
1,9,0.22,103,205,0,0,103,205,0,0
1,103,5.84,348,672,87,168,87,168,0,0
1,116,1.93,881,2671,196,588,293,908,0,0
1,117,3.77,476,1119,192,384,177,521,0,0
2,103,3.16,602,1139,288,697,105,147,0,0
2,116,2.44,152,451,5,10,138,421,0,0
2,117,4.86,996,2716,134,335,593,1710,0,0
4,1,1,54,107,13,27,13,27,0,0
4,90,1,94,189,24,47,24,47,0,0
4,106,3,437,930,294,787,48,48,0,0
5,12,4,587,1063,147,266,147,266,0,0
5,15,0.06,7,13,2,3,2,3,0,0
5,90,1,121,241,30,60,30,60,0,0
5,110,0.99,60,120,15,30,15,30,0,0
5,111,2.51,174,328,44,82,44,82,0,0
6,14,3.02,134,255,34,64,34,64,0,0
6,15,0.94,105,209,26,52,26,52,0,0
6,111,1.5,274,548,69,137,69,137,0,0
7,14,3.98,1091,3002,273,751,273,751,447,1789
7,93,2,239,478,60,120,60,120,0,0
7,105,3,246,492,61,123,61,123,0,0
8,0,4.78,478,956,119,239,119,239,0,0
9,43,1,73,219,18,55,18,55,0,0
9,89,0.28,79,238,20,60,20,60,0,0
9,90,3.49,667,1732,12,13,632,1693,0,0
9,94,0.87,143,285,36,71,36,71,0,0
9,95,1.13,55,76,14,19,14,19,0,0
9,105,2,338,596,84,149,84,149,0,0
9,107,1.97,101,127,25,32,25,32,0,0
10,11,0.9,163,163,41,41,41,41,0,0
10,89,1.31,167,420,42,105,42,105,0,0
10,90,4.92,756,1757,156,339,289,738,0,0
10,91,1,18,18,4,4,4,4,0,0
10,107,2.03,162,321,40,80,40,80,0,0
10,108,1,250,500,62,125,62,125,0,0
10,109,1,25,25,6,6,6,6,0,0
11,0,2,117,220,29,55,29,55,0,0
11,1,1,66,131,16,33,16,33,0,0
11,10,3.83,481,850,120,213,120,213,0,0
11,11,0.27,62,107,16,27,16,27,0,0
11,12,2.9,276,626,69,157,69,157,0,0
11,95,2.79,112,161,28,40,28,40,0,0
11,96,4.17,432,862,108,216,108,216,0,0
11,97,3.57,860,2227,18,35,807,2121,0,0
11,108,0.64,41,41,10,10,10,10,0,0
11,109,0.36,23,23,6,6,6,6,0,0
12,5,5,453,873,113,218,113,218,0,0
12,12,1.19,113,318,28,80,28,80,0,0
12,13,0.2,28,56,7,14,7,14,0,0
12,18,1,54,54,14,14,14,14,0,0
12,78,1.37,221,443,55,111,55,111,0,0
12,79,0.63,113,225,28,56,28,56,0,0
12,95,14.99,1152,2585,288,646,288,646,0,0
12,96,13.88,1715,3738,288,547,530,1133,322,965
12,97,8,1856,4592,119,238,1500,3879,0,0
12,109,4,217,434,54,109,54,109,0,0
12,110,2,123,175,31,44,31,44,0,0
13,4,4,296,552,74,138,74,138,0,0
13,12,2.2,149,265,37,66,37,66,0,0
13,13,0.51,45,78,11,19,11,19,0,0
13,16,2,124,364,31,91,31,91,0,0
13,19,1.14,990,2867,0,0,990,2867,0,0
13,77,0.76,9,9,2,2,2,2,0,0
13,78,3.24,299,595,75,149,75,149,0,0
13,79,3,274,459,69,115,69,115,0,0
13,94,0.07,11,22,3,6,3,6,0,0
13,95,10.77,814,1458,203,365,203,365,0,0
13,96,8.7,834,1696,161,294,350,814,0,0
13,97,5.21,1410,3339,1,1,1406,3335,0,0
13,107,3,319,562,80,141,80,141,0,0
14,11,1,4,4,1,1,1,1,0,0
14,18,4.03,508,1365,124,336,135,357,175,698
14,19,3.83,823,1303,32,56,727,1134,0,0
14,25,0.98,221,441,0,0,221,441,0,0
14,86,0.81,110,221,28,55,28,55,0,0
14,87,0.92,289,866,72,216,72,216,0,0
14,93,0.98,92,185,23,46,23,46,0,0
14,94,4.95,549,1084,137,271,137,271,0,0
14,95,0.77,25,50,6,13,6,13,0,0
14,96,0.15,5,10,1,2,1,2,0,0
14,103,1.55,1023,2045,0,0,1023,2045,0,0
14,104,0.01,10,20,0,0,10,20,0,0
15,2,0.95,20,20,5,5,5,5,0,0
15,5,6.98,609,1036,152,259,152,259,0,0
15,9,2,511,1022,128,255,128,255,0,0
15,10,1,17,17,4,4,4,4,0,0
15,25,0.02,4,7,0,0,4,7,0,0
15,86,0.19,26,51,6,13,6,13,0,0
15,87,1.08,83,192,21,48,21,48,0,0
15,89,2.56,227,436,57,109,57,109,0,0
15,90,2.44,251,647,63,162,63,162,0,0
15,103,7.59,2181,4344,119,233,1825,3646,0,0
15,104,1.85,472,944,0,0,472,944,0,0
16,0,3,190,381,48,95,48,95,0,0
16,1,5,346,692,87,173,87,173,0,0
16,2,9.05,671,931,168,233,168,233,0,0
16,5,3.61,359,608,90,152,90,152,0,0
16,6,1.41,70,139,17,35,17,35,0,0
16,9,2,157,313,39,78,39,78,0,0
16,20,1.02,52,85,5,5,38,71,0,0
17,1,0.66,57,228,14,57,14,57,57,228
17,5,1,15,60,4,15,4,15,0,0
17,20,0.91,248,496,30,59,159,319,0,0
17,21,7.07,2159,4272,102,193,1853,3694,0,0
17,83,2.77,2259,3787,0,0,2259,3787,0,0
17,84,0.15,209,417,0,0,209,417,0,0
17,103,3.4,247,269,62,67,62,67,0,0
17,104,0.6,32,64,8,16,8,16,0,0
18,1,5.34,311,680,78,170,78,170,29,118
18,2,2,143,278,36,69,36,69,0,0
18,20,1.42,2136,4260,0,0,2136,4260,0,0
18,21,3.69,4000,9331,0,0,4000,9331,0,0
18,22,3.08,2778,7116,0,0,2778,7116,0,0
18,83,4.91,799,1598,74,147,578,1156,0,0
18,84,0.18,91,183,10,20,62,124,0,0
18,99,4,356,690,89,173,89,173,0,0
18,104,1.42,309,619,0,0,309,619,0,0
19,20,1.44,43,43,0,0,43,43,0,0
19,21,1.58,32,32,0,0,32,32,0,0
19,22,1.78,388,522,0,0,388,522,0,0
19,83,2.98,740,1479,0,0,740,1479,0,0
19,88,2,175,470,44,117,44,117,0,0
19,99,3,199,307,50,77,50,77,0,0
19,104,4.58,1206,2412,47,95,1064,2127,0,0
19,105,3,260,268,65,67,65,67,0,0
20,12,0.79,109,217,27,54,27,54,0,0
20,13,3.21,585,1506,36,71,478,1292,0,0
20,87,4,296,513,74,128,74,128,0,0
20,88,1,74,149,19,37,19,37,0,0
20,97,5.85,271,526,68,131,68,131,0,0
20,98,4.56,417,833,104,208,104,208,0,0
20,99,4,222,438,56,109,56,109,0,0
20,125,0.04,27,81,7,20,7,20,0,0
20,126,0.59,394,1183,99,296,99,296,0,0
21,9,0.08,11,11,3,3,3,3,0,0
21,10,2.92,235,235,59,59,59,59,0,0
21,97,0.35,37,75,9,19,9,19,0,0
21,98,2.24,86,172,21,43,21,43,0,0
21,100,4,372,654,93,163,93,163,0,0
21,102,2,194,387,48,97,48,97,0,0
21,104,0.72,96,192,24,48,24,48,0,0
21,105,3.28,320,606,80,152,80,152,0,0
21,106,4,172,257,43,64,43,64,0,0
21,125,2.41,873,1747,218,437,218,437,0,0
21,126,4.07,1442,3135,465,993,326,714,0,0
22,11,1,41,41,10,10,10,10,0,0
22,52,1,19,37,5,9,5,9,0,0
22,98,1,87,87,22,22,22,22,0,0
22,112,0.98,406,406,0,0,406,406,0,0
22,125,0.11,26,53,7,13,7,13,0,0
22,126,5.72,967,1753,605,1165,121,196,0,0
22,127,3.05,322,620,239,471,28,50,0,0
23,1,2,114,161,17,17,64,111,0,0
23,7,8,889,1690,222,423,222,423,0,0
23,71,1.6,299,555,75,139,75,139,0,0
23,74,0.88,90,181,23,45,23,45,0,0
23,75,0.05,5,10,1,2,1,2,0,0
23,78,0.09,53,106,0,0,53,106,0,0
23,95,0.12,15,30,4,8,4,8,0,0
23,96,0.9,115,231,29,58,29,58,0,0
23,100,2,358,716,89,179,89,179,0,0
23,112,4.02,148,244,35,59,44,68,0,0
23,124,10.43,1584,3941,398,988,395,984,0,0
23,125,1.99,361,1082,90,270,90,270,0,0
23,127,2,241,618,0,0,0,0,0,0
24,20,1,192,385,0,0,192,385,0,0
24,50,2.87,142,280,36,70,36,70,0,0
24,51,4.52,304,586,76,147,76,147,0,0
24,52,8.02,692,1375,173,344,173,344,0,0
24,53,16.07,878,1817,220,454,220,454,0,0
24,54,4.79,340,633,85,158,85,158,0,0
24,55,5.04,227,364,24,26,155,287,0,0
24,60,5,92,174,23,43,23,43,0,0
24,71,2.13,148,267,37,67,37,67,0,0
24,72,0.27,11,22,3,6,3,6,0,0
24,73,14,494,705,123,176,123,176,0,0
24,74,0.08,8,15,2,4,2,4,0,0
24,75,1.75,288,507,40,62,169,320,0,0
24,76,3.29,1140,2482,50,151,990,2030,0,0
24,77,1.37,1311,2621,0,0,1311,2621,0,0
24,78,2.92,2114,4748,168,674,1609,2727,0,0
24,79,0.1,55,110,0,0,55,110,0,0
24,95,2.05,133,246,33,62,33,62,0,0
24,96,3.93,278,673,69,168,69,168,0,0
24,123,0.01,3,10,1,3,1,3,0,0
24,124,6.57,1442,3367,704,1545,113,264,337,674
24,125,1,68,68,17,17,17,17,68,68
25,18,0.14,48,95,0,0,48,95,0,0
25,49,2.44,103,217,26,54,26,54,0,0
25,50,3.69,86,106,22,27,22,27,0,0
25,51,8.09,858,1714,214,428,214,428,0,0
25,52,5.24,401,763,100,191,100,191,0,0
25,53,7.03,471,919,118,230,118,230,0,0
25,54,8.02,664,1094,166,274,166,274,0,0
25,55,6.19,452,852,113,213,113,213,0,0
25,56,3,191,327,48,82,48,82,0,0
25,57,1,17,17,4,4,4,4,0,0
25,58,4,306,612,77,153,77,153,0,0
25,60,9,269,399,67,100,67,100,0,0
25,75,3.59,644,1501,161,375,161,375,0,0
25,77,1,430,430,0,0,430,430,0,0
25,78,1.62,871,1735,2,2,866,1730,0,0
25,79,0.27,368,736,0,0,368,736,0,0
25,106,4,408,779,102,195,102,195,0,0
25,121,1,33,65,8,16,8,16,0,0
25,122,2,224,624,56,156,56,156,0,0
26,4,0.14,79,237,20,59,20,59,0,0
26,17,3.63,405,759,7,7,385,739,0,0
26,18,4.86,1439,2969,0,0,1439,2969,0,0
26,33,2,271,542,68,136,68,136,0,0
26,48,0.59,87,175,22,44,22,44,0,0
26,49,3,108,294,27,74,27,74,0,0
26,60,4,173,324,43,81,43,81,0,0
26,78,0.82,422,422,0,0,422,422,0,0
26,79,2.18,364,639,69,137,158,227,0,0
26,84,4,1200,2401,72,145,983,1966,0,0
26,121,0.26,199,596,199,596,0,0,0,0
26,122,0.74,568,1703,568,1703,0,0,0,0
27,4,0.76,421,1264,105,316,105,316,0,0
27,5,2.09,357,609,89,152,89,152,0,0
27,8,3,295,545,49,87,148,285,0,0
27,17,4.37,536,896,126,209,157,269,0,0
27,33,1.09,77,92,19,23,19,23,0,0
27,34,2.88,154,242,39,61,39,61,0,0
27,37,0.1,15,30,4,8,4,8,0,0
27,38,2.01,353,705,88,176,88,176,0,0
27,40,2,287,574,72,143,72,143,0,0
27,48,0.41,61,123,15,31,15,31,0,0
27,56,0.58,14,31,3,8,3,8,0,0
27,57,6.42,215,344,54,86,54,86,0,0
27,58,4,41,55,10,14,10,14,0,0
27,59,3,71,71,18,18,18,18,0,0
27,83,1,35,35,9,9,9,9,0,0
27,84,7,949,1831,99,181,652,1287,0,0
28,7,0.62,118,292,15,31,72,201,0,0
28,8,1.9,588,1548,27,27,507,1467,0,0
28,33,1.89,240,252,60,63,60,63,0,0
28,34,3.14,549,1004,137,251,137,251,0,0
28,37,0.06,10,20,2,5,2,5,0,0
28,38,3.83,218,436,54,109,54,109,0,0
28,39,1,40,40,0,0,40,40,0,0
28,72,7.37,278,499,41,68,154,294,0,0
28,73,5.75,365,496,91,124,91,124,0,0
28,74,3.87,260,415,65,104,65,104,0,0
28,77,1.11,68,136,17,34,17,34,0,0
28,78,18.57,1876,4077,469,1019,469,1019,0,0
28,79,4.34,1011,2774,183,554,183,554,279,558
28,91,5.46,791,1775,129,259,403,999,0,0
28,92,4.54,309,603,77,151,77,151,0,0
28,103,1.03,32,40,8,10,8,10,0,0
28,104,1.97,322,643,80,161,80,161,0,0
29,3,0.75,735,1470,0,0,735,1470,0,0
29,5,1.43,56,98,14,24,14,24,0,0
29,7,0.48,56,112,14,28,14,28,0,0
29,32,4,435,1046,38,72,321,830,0,0
29,73,3,41,115,10,29,10,29,0,0
29,77,2,283,705,71,176,71,176,0,0
29,78,7.97,581,1320,37,39,471,1203,0,0
30,2,3.39,2027,7150,0,0,2027,7150,0,0
30,3,3.23,818,1756,39,69,702,1550,0,0
30,5,0.73,91,182,23,46,23,46,0,0
30,6,0.84,139,279,35,70,35,70,0,0
30,8,3.17,119,160,30,40,30,40,0,0
30,9,0.96,167,334,42,83,42,83,0,0
30,19,0.74,131,262,4,8,119,239,0,0
30,20,1.33,1439,2879,0,0,1439,2879,0,0
30,26,2,264,438,66,110,66,110,0,0
30,27,2.81,175,311,44,78,44,78,0,0
30,28,4.15,307,588,77,147,77,147,0,0
30,29,0.5,27,55,7,14,7,14,0,0
30,34,1,37,75,9,19,9,19,0,0
30,40,2.84,220,586,55,147,55,147,0,0
30,71,4,167,295,42,74,42,74,0,0
30,73,0.52,76,151,19,38,19,38,0,0
30,75,0.42,47,94,12,24,12,24,0,0
30,83,4.29,167,256,42,64,42,64,0,0
30,107,6.01,448,861,112,215,112,215,0,0
30,108,3.99,278,391,69,98,69,98,0,0
31,2,4.41,2861,10017,41,58,2738,9844,0,0
31,3,3.28,889,2666,51,87,737,2407,0,0
31,8,1.47,159,244,40,61,40,61,0,0
31,9,0.4,73,147,18,37,18,37,0,0
31,19,4.93,604,803,151,201,151,201,0,0
31,23,1,36,36,9,9,9,9,0,0
31,24,0.47,78,156,20,39,20,39,0,0
31,25,4.53,394,773,98,193,98,193,0,0
31,26,1,252,504,63,126,63,126,0,0
31,27,3.54,356,490,89,123,89,123,0,0
31,28,7.45,464,827,116,207,116,207,0,0
31,29,1,142,284,35,71,35,71,0,0
31,30,1,114,228,29,57,29,57,0,0
31,40,1.16,113,326,28,81,28,81,0,0
31,71,1,196,196,49,49,49,49,0,0
31,72,1,8,8,2,2,2,2,0,0
31,73,4.48,341,526,85,131,85,131,0,0
31,74,1,189,379,47,95,47,95,0,0
31,75,1.58,191,256,48,64,48,64,0,0
31,83,0.71,23,23,6,6,6,6,0,0
31,87,0.16,65,115,0,0,65,115,0,0
31,88,2.24,2349,5192,0,0,2349,5192,0,0
31,89,0.35,265,796,0,0,265,796,0,0
31,106,2.78,331,662,83,166,83,166,0,0
31,108,5,653,1305,163,326,163,326,0,0
32,0,5.1,379,674,68,134,176,273,0,0
32,1,1.25,292,563,5,5,276,547,0,0
32,2,17.3,1141,1757,285,439,285,439,0,0
32,3,3.28,402,800,100,200,100,200,0,0
32,16,5,736,1527,184,382,184,382,0,0
32,18,2.73,451,902,113,226,113,226,0,0
32,28,4.55,609,1633,152,408,152,408,0,0
32,29,3,307,556,77,139,77,139,0,0
32,30,5,293,506,73,126,73,126,0,0
32,40,1,19,77,5,19,5,19,0,0
32,68,0.16,179,536,0,0,179,536,0,0
32,69,1.48,2379,5728,0,0,2379,5728,0,0
32,70,0.12,279,558,0,0,279,558,0,0
32,71,9.3,572,1145,143,286,143,286,0,0
32,72,1.21,156,156,39,39,39,39,0,0
32,87,1.99,338,524,32,64,241,330,0,0
32,88,4.27,618,1176,106,197,300,585,0,0
32,89,2,136,272,34,68,34,68,0,0
32,105,2.69,194,381,49,95,49,95,0,0
32,106,2.53,76,137,19,34,19,34,0,0
33,0,3.03,168,293,42,73,42,73,0,0
33,1,4,373,721,93,180,93,180,0,0
33,2,5,466,617,117,154,117,154,0,0
33,18,1.27,82,118,20,30,20,30,0,0
33,26,0.74,111,221,28,55,28,55,0,0
33,27,1.26,77,115,19,29,19,29,0,0
33,39,2.59,272,612,68,153,68,153,0,0
33,68,0.17,222,445,0,0,222,445,0,0
33,69,6.4,2500,5181,100,199,2200,4583,0,0
33,70,1.68,79,153,8,15,55,109,0,0
33,71,1.04,121,239,30,60,30,60,0,0
33,72,0.44,61,61,15,15,15,15,0,0
33,102,0.39,412,825,0,0,412,825,0,0
33,105,1,138,413,34,103,34,103,0,0
33,106,2.24,403,803,62,122,219,437,0,0
33,107,7.21,2604,5226,44,76,2471,4997,0,0
33,117,5,3662,7324,11,22,3629,7258,0,0
33,118,1.28,61,121,15,30,15,30,0,0
34,0,20.62,1192,2054,298,513,298,513,0,0
34,1,8.52,804,1586,201,397,201,397,0,0
34,2,9.57,707,1424,168,339,202,407,0,0
34,17,5,450,839,113,210,113,210,0,0
34,29,5,348,570,87,142,87,142,0,0
34,39,2.41,152,364,38,91,38,91,0,0
34,74,0.17,28,55,7,14,7,14,0,0
34,75,2.04,348,354,87,89,87,89,0,0
34,91,4,210,429,52,107,52,107,0,0
34,101,5.68,821,1112,11,23,787,1043,0,0
34,102,1.88,1204,2392,44,87,1073,2130,0,0
34,105,0.91,36,36,9,9,9,9,0,0
34,106,0.16,104,205,1,1,101,202,0,0
34,107,3.49,1478,4213,0,0,1478,4213,0,0
34,109,0.2,20,40,5,10,5,10,0,0
34,110,1.66,92,185,23,46,23,46,0,0
34,115,0.31,65,129,16,32,16,32,0,0
34,116,2.71,376,853,94,213,94,213,0,0
34,117,3,259,419,40,80,140,180,0,0
34,118,1.72,143,285,36,71,36,71,0,0
34,121,5,401,803,100,201,100,201,0,0
35,0,5.27,451,868,113,217,113,217,0,0
35,1,2.95,135,247,34,62,34,62,0,0
35,2,1.54,251,317,63,79,63,79,0,0
35,6,2.97,1511,2846,44,44,1379,2714,0,0
35,22,0.4,12,60,3,15,3,15,0,0
35,33,0.68,30,30,7,7,7,7,0,0
35,34,0.28,21,42,5,11,5,11,0,0
35,73,2.55,327,473,82,118,82,118,0,0
35,74,6.53,427,835,107,209,107,209,0,0
35,75,0.26,28,56,7,14,7,14,0,0
35,83,3,229,354,57,89,57,89,0,0
35,84,3.53,194,373,49,93,49,93,0,0
35,85,0.47,101,203,25,51,25,51,0,0
35,87,4,373,679,93,170,93,170,0,0
35,90,0.34,31,31,8,8,8,8,0,0
35,91,0.66,59,59,15,15,15,15,0,0
35,98,0.02,0,0,0,0,0,0,0,0
35,99,2.54,202,384,50,96,50,96,0,0
35,100,2,122,122,30,30,30,30,0,0
35,101,4.9,505,943,52,69,349,737,0,0
35,102,1.16,2355,4736,0,0,2355,4736,0,0
35,109,0.86,130,260,33,65,33,65,0,0
35,110,2.27,278,556,69,139,69,139,0,0
35,116,4.88,603,1221,151,305,151,305,0,0
35,117,10.1,744,1185,186,296,186,296,0,0
36,0,6.4,647,1525,162,381,162,381,0,0
36,1,1.86,131,375,33,94,33,94,0,0
36,2,3,431,862,108,216,108,216,0,0
36,5,0.73,59,119,0,0,59,119,0,0
36,6,5.25,939,1836,42,74,812,1614,0,0
36,15,6,327,584,82,146,82,146,0,0
36,16,3.85,334,572,83,143,83,143,0,0
36,22,1.6,48,163,12,41,12,41,0,0
36,31,1,98,197,0,0,98,197,0,0
36,33,0.32,14,14,4,4,4,4,0,0
36,34,1.72,60,119,15,30,15,30,0,0
36,39,6.76,769,1515,122,238,403,800,0,0
36,40,0.24,21,43,5,11,5,11,0,0
36,72,3,160,320,40,80,40,80,0,0
36,73,7.45,621,1124,155,281,155,281,0,0
36,88,2.83,164,315,41,79,41,79,0,0
36,89,0.17,5,10,1,3,1,3,0,0
36,90,7,478,903,119,226,119,226,0,0
36,97,1.35,101,202,25,51,25,51,0,0
36,98,5.53,305,547,76,137,76,137,0,0
36,99,3.39,256,504,64,126,64,126,0,0
36,105,5,556,1074,82,154,310,611,0,0
36,109,2,276,500,69,125,69,125,0,0
36,117,3.88,419,758,105,189,105,189,0,0
36,118,1.31,164,238,41,60,41,60,0,0
37,0,13.4,1044,2473,261,618,261,618,0,0
37,1,7.05,300,566,75,142,75,142,0,0
37,2,5,450,836,113,209,113,209,0,0
37,6,0.05,10,19,0,0,10,19,0,0
37,16,0.15,30,60,7,15,7,15,0,0
37,72,2,148,281,37,70,37,70,0,0
37,87,2,128,257,32,64,32,64,0,0
37,88,1,59,59,15,15,15,15,0,0
37,89,7.94,578,1052,145,263,145,263,0,0
37,90,7.75,644,1121,161,280,161,280,0,0
37,98,0.17,8,8,2,2,2,2,0,0
37,117,0.73,152,304,38,76,38,76,0,0
37,118,2.08,131,263,33,66,33,66,0,0
38,0,14.19,1205,2655,301,664,301,664,0,0
38,1,5.06,346,605,86,151,86,151,0,0
38,2,5.31,485,857,121,214,121,214,0,0
38,3,1.08,56,69,14,17,14,17,0,0
38,11,2.47,271,494,68,124,68,124,0,0
38,14,8,610,1218,152,305,152,305,0,0
38,25,2,44,80,11,20,11,20,0,0
38,32,1,221,443,0,0,221,443,0,0
38,71,0.4,29,59,7,15,7,15,0,0
38,72,2.6,285,559,71,140,71,140,0,0
38,86,1,115,115,29,29,29,29,0,0
38,89,5.67,451,685,113,171,113,171,0,0
38,90,7.74,472,837,118,209,118,209,0,0
38,99,1,15,15,4,4,4,4,0,0
38,100,9,283,283,71,71,71,71,0,0
38,102,4,208,339,52,85,52,85,0,0
38,103,0.02,2,2,0,0,0,0,0,0
38,104,1.98,195,195,49,49,49,49,0,0
39,0,4.05,226,291,57,73,57,73,0,0
39,1,0.66,78,157,20,39,20,39,0,0
39,2,2.99,118,186,30,46,30,46,0,0
39,3,4.74,317,525,79,131,79,131,0,0
39,11,6.53,441,677,110,169,110,169,0,0
39,22,3.08,339,678,85,169,85,169,0,0
39,23,0.92,85,170,21,43,21,43,0,0
39,37,0.59,89,178,22,44,22,44,0,0
39,38,1.41,235,470,59,117,59,117,0,0
39,76,1.79,159,317,40,79,40,79,0,0
39,77,7.06,3223,9170,41,82,3100,8924,0,0
39,85,0.45,31,56,8,14,8,14,0,0
39,86,4.55,233,323,58,81,58,81,0,0
39,89,0.15,23,46,6,11,6,11,0,0
39,90,1.75,175,286,44,72,44,72,0,0
39,96,0.82,86,255,21,64,21,64,0,0
39,106,1.02,148,295,37,74,37,74,0,0
39,107,1.54,82,163,20,41,20,41,0,0
39,118,1,31,31,8,8,8,8,0,0
40,0,4,249,485,62,121,62,121,0,0
40,1,1,46,91,11,23,11,23,0,0
40,3,0.89,79,157,20,39,20,39,0,0
40,7,1.12,79,159,20,40,20,40,0,0
40,8,1.88,251,503,63,126,63,126,0,0
40,15,0.72,72,92,13,13,33,53,0,0
40,16,3.96,860,1472,6,6,841,1454,0,0
40,57,1,67,134,17,34,17,34,0,0
40,73,1,21,42,0,0,21,42,0,0
40,76,1.2,111,223,28,56,28,56,0,0
40,77,0.95,2060,6179,0,0,2060,6178,0,0
40,90,1.93,175,350,44,87,44,87,0,0
40,91,3.07,383,766,96,191,96,191,0,0
40,92,4.01,288,577,72,144,72,144,0,0
40,95,4,259,390,65,98,65,98,0,0
40,96,2.18,108,265,27,66,27,66,0,0
40,105,1.88,134,247,33,62,33,62,0,0
40,106,0.44,70,141,18,35,18,35,0,0
40,115,3,272,436,68,109,68,109,0,0
40,116,3,251,629,63,157,63,157,0,0
41,0,1,25,25,6,6,6,6,0,0
41,1,2.11,154,307,38,77,38,77,0,0
41,2,1,84,167,21,42,21,42,0,0
41,6,2.62,312,550,78,137,78,137,0,0
41,7,3,149,261,37,65,37,65,0,0
41,12,3.35,190,353,48,88,48,88,0,0
41,16,8.32,907,2114,222,519,241,556,0,0
41,27,1.58,127,283,32,71,32,71,0,0
41,57,5,148,283,37,71,37,71,0,0
41,73,0.5,97,193,24,48,24,48,0,0
41,74,8.5,520,995,130,249,130,249,0,0
41,89,1,36,36,9,9,9,9,0,0
41,92,0.99,32,45,8,11,8,11,0,0
41,95,5.09,653,1596,163,399,163,399,0,0
41,96,7.93,747,1123,187,281,187,281,0,0
41,105,0.12,15,30,4,8,4,8,0,0
41,115,3.86,295,521,74,130,74,130,0,0
42,0,6.03,478,1001,119,250,119,250,0,0
42,1,2.68,392,740,98,185,98,185,0,0
42,2,2.94,224,538,56,134,56,134,0,0
42,3,3.58,208,299,52,75,52,75,0,0
42,4,2.04,68,136,17,34,17,34,0,0
42,5,1.01,189,379,47,95,47,95,0,0
42,6,13.55,989,1398,247,350,247,350,0,0
42,7,0.82,48,96,12,24,12,24,0,0
42,8,1,40,40,10,10,10,10,0,0
42,12,5.65,810,2241,165,447,316,901,0,0
42,23,1,53,53,13,13,13,13,0,0
42,27,1.42,200,399,50,100,50,100,0,0
42,29,1,35,69,9,17,9,17,0,0
42,32,2.87,222,415,55,104,55,104,0,0
42,79,2,67,120,17,30,17,30,0,0
42,95,0.91,97,194,24,49,24,49,0,0
42,96,3.07,213,316,53,79,53,79,0,0
42,106,0.03,52,156,0,0,52,156,0,0
42,115,0.81,98,196,24,49,24,49,0,0
42,116,0.33,35,71,9,18,9,18,0,0
43,0,25.24,2058,4737,515,1184,515,1184,0,0
43,1,10.68,807,1646,202,412,202,412,0,0
43,2,8.1,578,1114,144,278,144,278,0,0
43,3,10.18,890,1351,222,338,222,338,0,0
43,4,11.98,1483,2540,232,357,788,1469,0,0
43,5,8.53,1017,1914,199,368,419,809,0,0
43,6,4.58,382,697,96,174,96,174,0,0
43,23,3,235,402,59,101,59,101,0,0
43,32,0.13,27,54,7,13,7,13,0,0
43,78,4.3,535,1071,134,268,134,268,0,0
43,96,2.96,64,64,16,16,16,16,0,0
43,97,2.85,483,1106,121,277,121,277,0,0
43,98,0.15,45,91,11,23,11,23,0,0
43,105,2.64,2045,4420,1,2,2042,4413,0,0
43,106,0.99,1482,4401,0,0,1482,4401,0,0
43,109,1,38,75,9,19,9,19,0,0
44,0,2.53,168,357,42,89,42,89,0,0
44,1,2.47,388,701,97,175,97,175,0,0
44,3,1,129,258,32,64,32,64,0,0
44,4,8.13,1468,2917,91,173,1194,2397,0,0
44,5,7.12,1272,2488,80,146,1031,2049,0,0
44,6,3.43,338,653,84,163,84,163,0,0
44,7,3.57,275,478,69,119,69,119,0,0
44,24,2,312,638,78,160,78,160,0,0
44,78,3.7,368,812,92,203,92,203,0,0
44,95,4,393,787,98,197,98,197,0,0
44,96,1.04,184,367,46,92,46,92,0,0
44,97,8.66,435,685,109,171,109,171,0,0
44,98,3.35,306,613,77,153,77,153,0,0
44,105,3.06,625,1499,135,341,220,477,0,0
44,106,0.28,63,189,16,47,16,47,0,0
45,1,0.51,99,198,25,50,25,50,0,0
45,2,4.49,735,1432,184,358,184,358,0,0
45,3,0.15,15,30,4,8,4,8,0,0
45,4,2.86,298,503,74,126,74,126,0,0
45,6,0.75,135,270,34,68,34,68,0,0
45,7,5.26,1096,1791,129,278,710,956,0,0
45,9,1,237,475,59,119,59,119,0,0
45,74,1,104,104,26,26,26,26,0,0
45,97,1.99,125,125,31,31,31,31,0,0
45,98,5.59,714,1676,53,66,556,1478,0,0
45,99,1,75,150,19,38,19,38,0,0
45,115,2.95,163,304,41,76,41,76,0,0
45,119,1,99,99,25,25,25,25,0,0
46,0,2.17,287,574,72,143,72,143,0,0
46,2,2.03,550,1101,138,275,138,275,0,0
46,3,6.68,2274,4549,569,1137,569,1137,0,0
46,4,6,1087,1470,166,261,590,686,0,0
46,7,1.99,3218,9641,0,0,3218,9641,0,0
46,9,1,43,43,11,11,11,11,0,0
46,23,1,146,292,37,73,37,73,0,0
46,58,0.89,130,390,33,98,33,98,0,0
46,59,3.54,446,908,4,12,435,873,0,0
46,98,7.41,764,1562,183,366,216,465,0,0
46,99,7.47,665,1183,166,296,166,296,0,0
46,100,0.4,58,117,15,29,15,29,0,0
46,104,3,180,360,45,90,45,90,0,0
46,115,12.45,1318,2845,114,216,976,2196,0,0
46,116,9.57,659,1286,165,322,165,322,0,0
46,118,1,83,167,21,42,21,42,0,0
46,119,4,632,1402,158,351,158,351,0,0
47,0,0.83,142,285,36,71,36,71,0,0
47,1,2,85,193,21,48,21,48,0,0
47,2,1.95,1146,3183,286,796,286,796,0,0
47,3,2.11,1206,3225,302,806,302,806,0,0
47,4,3.44,457,718,114,179,114,179,0,0
47,58,0.01,0,0,0,0,0,0,0,0
47,59,2.56,475,883,17,17,425,833,0,0
47,99,3.53,615,1111,52,75,458,887,0,0
47,100,15,1504,2964,376,741,376,741,0,0
47,101,3.62,265,573,66,143,66,143,0,0
47,104,2,227,454,57,113,57,113,0,0
47,115,4.19,433,753,51,74,279,530,0,0
47,116,2.12,205,409,2,5,197,395,0,0
47,117,1.2,135,255,34,64,34,64,0,0
48,2,0.58,251,668,63,167,63,167,0,0
48,3,0.07,147,440,37,110,37,110,0,0
48,5,8.69,485,815,121,204,121,204,0,0
48,18,0.35,6,6,1,1,1,1,0,0
48,19,0.65,11,11,3,3,3,3,0,0
48,72,0.94,82,82,20,20,20,20,0,0
48,98,1,74,149,19,37,19,37,0,0
48,100,2.14,238,468,60,117,60,117,0,0
48,101,9.38,468,920,117,230,117,230,0,0
48,102,1.64,114,195,28,49,28,49,0,0
48,103,3,322,643,80,161,80,161,0,0
48,104,1,30,30,7,8,7,8,0,0
48,114,0.35,45,45,11,11,11,11,0,0
48,115,2.38,292,535,73,134,73,134,0,0
48,116,0.2,22,65,5,16,5,16,0,0
48,117,4.6,425,850,106,212,106,212,0,0
49,1,5,353,493,53,53,193,333,0,0
49,2,3,941,2129,0,0,941,2129,0,0
49,5,7.31,402,546,100,137,100,137,0,0
49,6,4.25,284,462,71,116,71,116,0,0
49,7,0.64,149,298,37,74,37,74,0,0
49,16,0.94,239,477,0,0,239,477,0,0
49,17,1.38,104,191,26,48,26,48,0,0
49,72,0.06,5,5,1,1,1,1,0,0
49,90,2.1,99,162,25,41,25,41,0,0
49,100,0.46,39,41,10,10,10,10,0,0
49,101,13.83,1502,3392,238,534,789,1791,0,0
49,102,2.23,191,421,48,105,48,105,0,0
49,103,8,237,337,59,84,59,84,0,0
49,104,4,148,280,37,70,37,70,0,0
49,105,1.48,693,2161,0,0,693,2161,0,0
49,106,1.09,810,3241,0,0,810,3241,0,0
49,111,5.15,366,718,91,180,91,180,0,0
49,112,1.85,55,55,14,14,14,14,0,0
49,119,2.74,51,51,13,13,13,13,0,0
50,2,2,118,227,30,57,30,57,0,0
50,5,3.13,241,309,60,77,60,77,0,0
50,6,4.62,306,599,77,150,77,150,0,0
50,7,0.36,84,168,21,42,21,42,0,0
50,8,1.01,194,388,49,97,49,97,0,0
50,9,0.99,25,25,6,6,6,6,0,0
50,16,2.06,805,1611,30,60,716,1431,0,0
50,17,2.62,118,145,30,36,30,36,0,0
50,90,4.9,441,800,110,200,110,200,0,0
50,91,6,487,861,122,215,122,215,0,0
50,100,1.59,47,47,12,12,12,12,0,0
50,101,7.08,424,910,106,227,106,227,0,0
50,102,40.6,2737,5803,651,1350,651,1350,134,401
50,103,27.21,2890,6261,660,1406,780,1648,131,394
50,104,12.32,1100,2127,275,532,275,532,0,0
50,105,9.9,1677,4016,252,496,920,2528,0,0
50,106,6.87,930,2935,93,177,650,2404,0,0
50,107,1,305,609,0,0,305,609,0,0
50,110,1,891,2673,0,0,891,2673,0,0
50,119,0.95,128,247,32,62,32,62,0,0
50,120,2.63,283,467,71,117,71,117,0,0
51,14,0.96,17,52,4,13,4,13,0,0
51,55,2,198,396,50,99,50,99,0,0
51,96,0.82,60,119,15,30,15,30,0,0
51,99,0.11,9,19,2,5,2,5,0,0
51,100,8.26,742,1408,186,352,186,352,0,0
51,101,6.11,373,902,93,226,93,226,0,0
51,102,6.1,283,554,57,98,57,98,54,162
51,103,8.55,609,1291,117,219,117,219,139,417
51,104,3.8,180,322,45,81,45,81,0,0
51,105,3.42,460,1124,63,177,271,592,0,0
51,106,1.78,367,734,28,56,283,565,0,0
51,109,4,256,387,64,97,64,97,0,0
51,119,2.17,53,53,13,13,13,13,0,0
51,120,0.5,13,13,3,3,3,3,0,0
52,12,4,166,276,42,69,42,69,0,0
52,13,1,126,253,32,63,32,63,0,0
52,14,1.04,74,222,19,56,19,56,0,0
52,65,1,21,21,5,5,5,5,0,0
52,90,2,36,36,9,9,9,9,0,0
52,91,2.92,307,615,77,154,77,154,0,0
52,94,4,229,238,33,35,131,134,0,0
52,95,3,451,902,113,226,113,226,0,0
52,96,2.18,130,259,32,65,32,65,0,0
52,98,2.57,224,414,56,104,56,104,0,0
52,99,4.43,142,246,35,62,35,62,0,0
52,100,0.04,2,2,1,1,1,1,0,0
52,104,2,47,47,12,12,12,12,0,0
52,105,1,102,203,0,0,102,203,0,0
53,91,2.08,383,765,55,110,217,434,0,0
53,93,2,178,356,44,89,44,89,0,0
53,95,7.14,831,1497,208,374,208,374,0,0
53,96,5.1,333,573,83,143,83,143,0,0
53,99,1,76,76,19,19,19,19,0,0
53,102,2,243,487,61,122,61,122,0,0
53,103,0.86,70,209,17,52,17,52,0,0
53,120,0.82,145,290,36,73,36,73,0,0
53,122,0.06,6,12,0,0,6,12,0,0
53,123,3.69,330,660,0,0,330,660,0,0
54,9,0.69,23,45,6,11,6,11,0,0
54,10,3.28,177,311,44,78,44,78,0,0
54,91,4,271,448,24,24,200,376,0,0
54,92,0.64,78,156,19,39,19,39,0,0
54,95,1.25,119,239,30,60,30,60,0,0
54,96,0.5,29,57,7,14,7,14,0,0
54,99,0.05,16,31,0,0,16,31,0,0
54,100,4.48,1769,3538,23,46,1700,3401,0,0
54,103,3.14,226,428,57,107,57,107,0,0
54,119,2.78,229,618,12,23,194,548,0,0
54,120,9.96,1450,3385,305,676,534,1358,0,0
54,123,1.25,48,111,0,0,48,111,0,0
55,10,2.31,150,273,38,68,38,68,0,0
55,11,0.72,8,17,2,4,2,4,0,0
55,31,1,136,407,34,102,34,102,0,0
55,32,0.52,85,169,0,0,85,169,0,0
55,33,0.48,79,158,0,0,79,158,0,0
55,92,7.54,635,1468,159,367,159,367,0,0
55,93,0.17,8,17,2,4,2,4,0,0
55,100,0.48,699,1397,0,0,699,1397,0,0
55,105,3,146,264,37,66,37,66,0,0
55,119,3.12,2183,5659,6,12,2165,5623,0,0
55,120,2.32,1246,3426,67,134,1045,3025,0,0
56,92,1.53,96,166,24,42,24,42,0,0
56,93,1.11,32,32,8,8,8,8,0,0
56,106,0.73,159,317,40,79,40,79,0,0
57,14,2.95,554,1109,139,277,139,277,0,0
57,94,1,7,7,2,2,2,2,0,0
57,106,3.27,254,515,64,129,64,129,0,0
58,14,2.89,444,889,111,222,111,222,0,0
58,15,5.04,353,706,62,124,166,332,0,0
58,16,5.57,1952,3713,61,74,1769,3491,0,0
58,94,2,157,254,39,63,39,63,0,0
58,95,3,216,373,54,93,54,93,0,0
58,106,2.4,65,106,16,27,16,27,0,0
58,113,0.45,126,252,0,0,126,252,0,0
59,13,0.23,158,167,0,0,158,167,0,0
59,14,4.15,1649,3297,92,183,1374,2747,0,0
59,15,2.21,593,1169,106,207,276,548,0,0
59,16,2.18,434,868,31,62,341,682,0,0
59,105,2,112,289,28,72,28,72,0,0
59,106,3.6,429,1070,107,267,107,267,0,0
59,112,4,505,988,126,247,126,247,0,0
59,113,0.55,154,307,0,0,154,307,0,0
60,7,2,86,86,22,22,22,22,0,0
60,8,1,82,165,21,41,21,41,0,0
60,13,0.78,511,511,0,0,511,511,0,0
60,94,1,359,717,0,0,359,717,0,0
61,11,1.12,210,421,35,71,105,209,0,0
61,12,0.88,317,634,3,5,309,618,0,0
61,14,1,125,250,31,62,31,62,0,0
61,20,1,571,1141,0,0,571,1141,0,0
61,98,5.62,643,1261,40,74,523,1040,0,0
61,99,2.22,1689,3377,10,21,1658,3315,0,0
62,20,1.38,1186,3068,0,0,1186,3068,0,0
62,21,3.62,1067,2135,66,133,868,1736,0,0
62,94,2,142,285,36,71,36,71,0,0
62,98,0.01,1,2,0,0,0,0,0,0
62,99,0.15,210,420,1,1,208,416,0,0
63,94,1.01,148,149,37,37,37,37,0,0
63,95,3.99,498,997,125,249,125,249,0,0
63,103,0.56,31,31,8,8,8,8,0,0
63,104,15.41,886,1555,222,389,222,389,0,0
63,115,1,17,17,4,4,4,4,0,0
64,94,5,352,684,88,171,88,171,0,0
64,95,3.94,438,857,109,214,109,214,0,0
64,104,0.03,4,12,1,3,1,3,0,0
64,109,4,250,591,62,148,62,148,0,0
65,3,4,398,660,34,34,296,558,0,0
65,89,2,133,299,33,75,33,75,0,0
65,90,2,144,288,36,72,36,72,0,0
65,94,2.87,228,372,57,93,57,93,0,0
65,95,1.19,29,46,7,12,7,12,0,0
66,3,2,150,150,37,37,37,37,0,0
66,8,1.76,138,276,0,0,138,276,0,0
66,9,0.07,11,33,0,0,11,33,0,0
66,88,3.42,157,314,31,63,63,126,0,0
66,89,0.58,43,86,0,0,43,86,0,0
66,93,5,201,360,50,90,50,90,0,0
66,94,0.68,34,34,9,9,9,9,0,0
66,95,5.32,153,153,38,38,38,38,0,0
66,106,0.96,315,703,60,120,134,342,0,0
66,107,2.15,326,651,32,63,231,461,0,0
67,3,3,221,410,55,102,55,102,0,0
67,8,4.88,510,968,80,123,270,598,0,0
67,9,4.29,776,2110,19,37,720,1998,0,0
67,88,6,445,1046,111,262,111,262,0,0
67,91,2.55,114,250,29,63,29,63,0,0
67,95,2,84,84,21,21,21,21,0,0
67,97,0.73,121,241,30,60,30,60,0,0
67,98,3.04,676,1578,117,290,326,709,0,0
67,106,5.53,791,2102,108,257,467,1332,0,0
67,107,0.01,2,4,0,1,0,1,0,0
67,111,8.84,791,1665,198,416,198,416,0,0
67,112,0.16,25,50,6,12,6,12,0,0
68,11,2.47,504,1145,126,286,126,286,0,0
68,12,0.21,37,112,9,28,9,28,0,0
68,88,3,152,285,38,71,38,71,0,0
68,89,2.18,140,252,35,63,35,63,0,0
68,90,1.82,209,419,52,105,52,105,0,0
68,91,0.45,49,99,12,25,12,25,0,0
68,97,1.93,192,384,48,96,48,96,0,0
68,98,0.3,92,183,0,0,92,183,0,0
68,106,0.47,56,157,14,39,14,39,0,0
68,111,1,49,49,12,12,12,12,0,0
68,117,0.33,81,164,0,0,81,164,0,0
68,126,0.76,221,553,137,301,28,84,0,0
68,127,2.24,518,1251,244,543,91,236,0,0
69,4,0.67,98,197,25,49,25,49,0,0
69,8,5,461,922,115,230,115,230,0,0
69,11,0.32,66,132,17,33,17,33,0,0
69,33,3.34,674,994,168,249,168,249,0,0
69,86,2,202,328,51,82,51,82,0,0
69,87,1,244,489,0,0,244,489,0,0
69,88,4.17,158,286,39,71,39,71,0,0
69,89,2.04,43,60,11,15,11,15,0,0
69,90,1,122,244,30,61,30,61,0,0
69,91,4.83,188,397,47,99,47,99,0,0
69,102,10.9,742,1382,156,287,273,520,0,0
69,103,1.03,73,78,17,17,22,26,0,0
69,104,3.36,239,386,60,96,60,96,0,0
69,105,2.64,292,583,73,146,73,146,0,0
69,106,2.91,196,393,49,98,49,98,0,0
69,117,5.95,1521,3441,205,409,907,2213,0,0
69,118,0.72,152,304,30,60,62,125,0,0
70,4,2.33,470,940,12,25,433,866,0,0
70,32,0.04,11,11,0,0,11,11,0,0
70,33,4.62,1433,2849,20,20,1373,2789,0,0
70,85,1,120,241,30,60,30,60,0,0
70,86,1,40,40,10,10,10,10,0,0
70,89,1.78,98,181,24,45,24,45,0,0
70,91,5.37,329,610,82,153,82,153,0,0
70,92,1.8,117,212,29,53,29,53,0,0
70,95,1,143,286,36,72,36,72,0,0
70,96,3,221,425,55,106,55,106,0,0
70,97,4.1,385,769,58,115,212,424,0,0
70,102,3.07,172,293,43,73,43,73,0,0
70,103,0.64,74,74,18,18,18,18,0,0
70,104,5.42,160,222,40,55,40,55,0,0
70,105,0.32,46,91,11,23,11,23,0,0
70,117,1,564,1128,0,0,564,1128,0,0
71,4,10.22,481,752,120,188,120,188,0,0
71,5,1.42,190,355,48,89,48,89,0,0
71,18,1,5,19,1,5,1,5,0,0
71,57,6.46,381,948,95,237,95,237,0,0
71,58,1.07,112,207,28,52,28,52,0,0
71,94,2,70,120,18,30,18,30,0,0
71,95,6,342,560,86,140,86,140,0,0
71,96,4,286,455,71,114,71,114,0,0
71,97,1.9,124,227,31,57,31,57,0,0
71,104,0.58,12,12,3,3,3,3,0,0
71,111,2,196,391,49,98,49,98,0,0
72,4,0.36,29,58,7,14,7,14,0,0
72,8,1.05,956,2853,0,0,956,2853,0,0
72,9,0.95,222,455,0,0,222,455,0,0
72,22,2,395,789,99,197,99,197,0,0
72,42,2.52,858,1716,0,0,858,1716,0,0
72,43,1.49,325,825,19,19,269,769,0,0
72,56,0.88,86,171,21,43,21,43,0,0
72,57,0.12,12,24,3,6,3,6,0,0
72,58,5.45,453,875,113,219,113,219,0,0
72,82,1,32,32,8,8,8,8,0,0
72,86,4,142,254,35,63,35,63,0,0
72,96,4,280,382,44,44,147,250,0,0
72,109,2.51,277,498,69,124,69,124,0,0
72,110,2.25,316,828,79,207,79,207,0,0
72,111,2,299,598,75,149,75,149,0,0
73,4,0.04,8,15,2,4,2,4,0,0
73,5,0.94,201,403,50,101,50,101,0,0
73,42,1.08,573,1146,20,41,512,1024,0,0
73,43,1.9,474,1209,13,26,435,1130,0,0
73,56,8.59,542,1033,438,863,35,57,0,0
73,58,8.02,515,939,129,235,129,235,0,0
73,59,3.56,275,620,69,155,69,155,0,0
73,60,7.44,342,612,85,153,85,153,0,0
73,61,2,125,125,31,31,31,31,0,0
73,83,1.43,149,432,37,108,37,108,0,0
73,84,5.57,302,492,75,123,75,123,0,0
73,98,1.87,193,351,48,88,48,88,0,0
73,99,2.13,78,102,20,25,20,25,0,0
73,103,0.01,2,4,0,0,2,4,0,0
73,104,5.47,1065,2249,27,52,984,2093,0,0
73,109,3.14,251,340,4,4,241,329,0,0
73,110,0.11,14,32,3,8,3,8,0,0
73,111,2,91,119,23,30,23,30,0,0
73,116,0.21,38,76,38,76,0,0,0,0
73,117,2.79,192,335,155,298,12,12,0,0
74,5,0.02,5,10,1,3,1,3,0,0
74,55,1,61,122,15,30,15,30,0,0
74,56,1.41,222,444,222,444,0,0,0,0
74,57,3,135,225,102,193,11,11,0,0
74,58,2,111,222,111,222,0,0,0,0
74,60,4.49,449,824,112,206,112,206,0,0
74,61,6.22,1268,2537,317,634,317,634,0,0
74,62,4.86,368,684,92,171,92,171,0,0
74,63,0.2,22,43,5,11,5,11,0,0
74,64,8.41,829,1063,152,156,374,595,0,0
74,65,7.05,368,727,91,181,95,185,0,0
74,66,1.25,70,70,17,17,17,17,0,0
74,76,8.29,1216,2369,250,484,466,916,0,0
74,77,3.78,3774,7548,0,0,3774,7548,0,0
74,78,0.55,586,1172,0,0,586,1172,0,0
74,84,7,316,592,79,148,79,148,0,0
74,100,1,37,37,9,9,9,9,0,0
74,101,1,72,144,18,36,18,36,0,0
74,104,3.52,408,830,45,79,273,593,0,0
74,117,1,333,998,83,250,83,250,0,0
75,46,0.2,323,969,0,0,323,969,0,0
75,55,0.01,0,0,0,0,0,0,0,0
75,56,4.87,296,592,74,148,74,148,0,0
75,57,3,232,463,196,392,12,24,0,0
75,60,1,257,771,64,193,64,193,0,0
75,61,1.43,139,278,35,70,35,70,0,0
75,62,14,874,1386,219,346,219,346,0,0
75,63,2.68,292,380,73,95,73,95,0,0
75,64,4.31,356,622,88,155,91,158,0,0
75,65,0.11,1,1,0,0,1,1,0,0
75,76,2.65,392,716,33,66,293,519,0,0
75,77,2.71,1097,1860,0,0,1097,1860,0,0
75,83,1,23,23,6,6,6,6,0,0
75,97,5.03,378,756,94,189,94,189,0,0
76,10,1,264,528,0,0,264,528,0,0
76,45,1.19,383,767,0,0,383,767,0,0
76,46,1.09,1474,4422,0,0,1474,4422,0,0
76,55,0.87,13,26,3,6,3,6,0,0
76,56,2.26,142,285,36,71,36,71,0,0
76,62,4.15,372,744,93,186,93,186,0,0
76,63,4.35,184,246,46,62,46,62,0,0
76,64,5,434,704,109,176,109,176,0,0
76,77,2.24,229,568,26,50,150,420,0,0
76,81,0.53,36,36,5,5,21,21,0,0
76,82,2.79,255,430,64,108,64,108,0,0
76,97,1.97,125,197,31,49,31,49,0,0
76,113,4,289,695,182,393,36,100,0,0
76,119,1,283,566,71,142,71,142,0,0
77,45,2.33,1449,2898,41,83,1325,2650,0,0
77,46,1.19,887,2270,0,0,887,2270,0,0
77,61,2,233,465,58,116,58,116,0,0
77,62,0.5,33,66,8,17,8,17,0,0
77,63,2.39,232,455,38,74,117,231,0,0
77,64,1.61,129,255,32,64,32,64,0,0
77,77,2.76,520,1231,82,162,275,744,0,0
77,81,1.68,61,61,0,0,61,61,0,0
77,86,0.03,11,33,3,8,3,8,0,0
77,87,2.97,447,1232,112,308,112,308,0,0
77,97,3.85,215,429,54,107,54,107,0,0
77,113,1,26,78,0,0,0,0,0,0
77,119,2,198,396,180,360,6,12,0,0
78,10,2.3,605,1308,37,98,495,1014,0,0
78,37,1.95,85,85,21,21,21,21,0,0
78,60,1,107,214,0,0,107,214,0,0
78,61,7.88,695,1465,174,366,174,366,0,0
78,62,1.56,209,418,52,105,52,105,0,0
78,64,0.98,23,25,6,6,6,6,0,0
78,65,2,161,323,40,81,40,81,0,0
78,66,3.15,329,478,82,120,82,120,0,0
78,70,0.27,310,620,0,0,310,620,0,0
78,97,1.15,28,67,7,17,7,17,0,0
78,127,2.96,583,1166,0,0,583,1166,0,0
79,10,5.49,2713,5283,222,409,2046,4056,0,0
79,36,0.53,69,135,17,34,17,34,0,0
79,37,5.52,556,1113,139,278,139,278,0,0
79,61,7.68,387,712,97,178,97,178,0,0
79,64,0.63,116,231,29,58,29,58,0,0
79,65,1.39,121,242,30,61,30,61,0,0
79,66,4.85,212,312,53,78,53,78,0,0
79,69,1.89,3961,9441,0,0,3961,9441,0,0
79,70,0.73,836,1672,0,0,836,1672,0,0
79,79,3,154,295,39,74,39,74,0,0
79,83,2,258,436,65,109,65,109,0,0
79,127,11.04,2466,5485,189,377,2214,4981,0,0
80,10,0.21,111,221,28,55,28,55,0,0
80,33,0.07,3,5,1,1,1,1,0,0
80,52,1.55,1323,2785,0,0,1323,2785,0,0
80,53,6.13,1476,3197,75,118,1251,2843,0,0
80,61,11.28,1193,2508,253,490,435,1038,0,0
80,69,8.11,1648,3296,199,398,1051,2102,0,0
80,72,1.21,27,47,7,12,7,12,0,0
80,73,5.96,456,702,114,175,114,175,0,0
80,84,4,200,292,50,73,50,73,0,0
81,2,2,107,196,27,49,27,49,0,0
81,3,0.2,47,94,12,23,12,23,0,0
81,33,2.93,113,180,28,45,28,45,0,0
81,36,0.89,134,269,34,67,34,67,0,0
81,52,0.35,310,619,0,0,310,619,0,0
81,53,0.97,1244,2483,1,1,1240,2480,0,0
81,61,0.59,101,303,0,0,101,303,0,0
81,72,0.82,23,23,6,6,6,6,0,0
81,73,1,7,7,2,2,2,2,0,0
81,85,0.71,106,213,27,53,27,53,0,0
81,86,4.29,201,289,50,72,50,72,0,0
81,89,5,307,329,77,82,77,82,0,0
81,100,1.73,221,298,55,74,55,74,0,0
81,101,0.46,28,46,7,11,7,11,0,0
82,2,0.48,112,223,28,56,28,56,0,0
82,3,0.32,76,153,19,38,19,38,0,0
82,17,7,587,1417,100,260,288,636,219,657
82,20,1,22,22,6,6,6,6,0,0
82,36,6.11,1056,2113,188,376,492,984,0,0
82,66,0.14,19,39,5,10,5,10,0,0
82,85,1,104,209,26,52,26,52,0,0
82,86,3,156,311,39,78,39,78,0,0
82,88,4,211,409,53,102,53,102,0,0
82,100,0.1,10,20,3,5,3,5,0,0
82,101,2.71,163,302,41,76,41,76,0,0
82,114,1.94,237,416,194,373,14,14,0,0
83,1,2.05,125,154,5,5,112,140,0,0
83,24,0.39,852,1645,0,0,852,1645,0,0
83,25,0.9,543,543,0,0,543,543,0,0
83,60,5.49,450,738,112,184,112,184,0,0
83,61,4.51,187,336,47,84,47,84,0,0
83,66,1.43,188,376,47,94,47,94,0,0
83,67,6.46,876,1567,143,239,448,850,0,0
83,68,0.06,15,29,3,7,5,9,0,0
83,79,1,172,343,43,86,43,86,0,0
83,85,1,181,362,45,90,45,90,0,0
83,99,0.03,1,1,0,0,0,0,0,0
83,100,3.97,385,385,96,96,96,96,0,0
83,114,2,107,145,36,54,24,30,0,0
83,115,1.07,89,269,22,67,22,67,0,0
84,1,1.95,1641,1851,0,0,1641,1851,0,0
84,17,1.97,708,1695,177,424,177,424,0,0
84,18,3.69,752,1664,76,192,524,1088,0,0
84,24,7.26,2473,4819,170,308,1963,3895,0,0
84,25,0.44,160,307,7,12,138,271,0,0
84,67,1.65,248,477,62,119,62,119,0,0
84,68,0.26,59,118,15,30,15,30,0,0
84,75,3,111,201,28,50,28,50,0,0
84,85,5.15,581,1096,60,104,401,784,0,0
84,86,0.85,326,653,0,0,326,653,0,0
84,91,4.94,301,594,75,149,75,149,0,0
84,92,1.06,198,209,50,52,50,52,0,0
85,17,0.32,177,353,44,88,44,88,0,0
85,18,0.02,12,23,3,6,3,6,0,0
85,68,1,146,293,37,73,37,73,0,0
85,69,1,71,141,18,35,18,35,0,0
85,85,1.36,1290,2580,0,0,1290,2580,0,0
85,86,1.58,1610,3219,0,0,1610,3219,0,0
86,68,1.42,109,109,27,27,27,27,0,0
86,69,1.58,147,202,37,51,37,51,0,0
86,82,0.65,664,1328,0,0,664,1328,0,0
86,83,2,476,1190,0,0,476,1190,0,0
86,85,0.06,50,100,0,0,50,100,0,0
86,101,2.03,195,248,49,62,49,62,0,0
86,102,3.09,313,443,78,111,78,111,0,0
86,103,0.8,47,47,12,12,12,12,0,0
87,32,1,71,71,18,18,18,18,0,0
87,33,1,41,82,10,20,10,20,0,0
87,38,1.68,180,180,45,45,45,45,0,0
87,43,1,38,38,9,9,9,9,0,0
87,51,4,402,910,100,227,100,227,0,0
87,77,3,348,644,87,161,87,161,0,0
87,82,0.26,259,519,0,0,259,519,0,0
87,83,1.68,236,429,37,63,126,241,0,0
87,84,0.41,72,145,18,36,18,36,0,0
87,102,0.01,0,0,0,0,0,0,0,0
87,103,3.07,140,306,35,76,35,76,0,0
88,6,1,14,14,3,3,3,3,0,0
88,34,2,252,471,63,118,63,118,0,0
88,38,2.32,143,143,36,36,36,36,0,0
88,77,0.69,14,27,3,7,3,7,0,0
88,78,2.93,163,275,41,69,41,69,0,0
89,13,5,484,794,121,198,121,198,0,0
89,14,1.99,1500,3001,0,0,1500,3001,0,0
89,15,0.01,20,40,0,0,20,40,0,0
89,78,0.38,65,129,16,32,16,32,0,0
89,86,1,59,59,15,15,15,15,0,0
90,1,0.38,18,18,5,5,5,5,0,0
90,2,2.69,189,367,43,78,61,134,0,0
90,22,1.16,708,1415,0,0,708,1415,0,0
90,40,1.96,134,268,34,67,34,67,0,0
90,41,1,85,171,21,43,21,43,0,0
90,43,1,85,85,21,21,21,21,0,0
90,49,2,210,419,52,105,52,105,0,0
90,73,0.45,43,129,11,32,11,32,0,0
90,76,3,173,305,43,76,43,76,0,0
90,87,4,411,544,103,136,103,136,0,0
90,96,0.6,618,618,0,0,618,618,0,0
90,98,0.35,60,60,15,15,15,15,0,0
90,113,4,278,452,200,375,26,26,0,0
90,114,1,79,79,20,20,20,20,0,0
91,2,3.93,346,943,5,5,331,928,0,0
91,21,1,109,219,27,55,27,55,0,0
91,22,1.84,1069,2139,0,0,1069,2139,0,0
91,40,2.04,93,98,23,24,23,24,0,0
91,41,2,156,243,39,61,39,61,0,0
91,49,1,77,153,19,38,19,38,0,0
91,73,6.55,1454,3573,364,893,364,893,0,0
91,84,2,309,617,77,154,77,154,0,0
91,87,2,120,302,30,75,30,75,0,0
91,96,0.53,498,589,7,13,478,549,0,0
91,97,0.42,663,1326,0,0,663,1326,0,0
91,98,0.65,113,113,28,28,28,28,0,0
91,100,1,94,94,23,23,23,23,0,0
91,112,6,270,398,92,148,35,35,0,0
92,36,0.87,529,1586,132,397,132,397,0,0
92,37,1.13,241,559,19,57,184,387,0,0
92,41,1,137,137,34,34,34,34,0,0
92,42,5,495,905,124,226,124,226,0,0
92,46,2,206,412,52,103,52,103,0,0
92,48,5.08,419,419,105,105,105,105,0,0
92,49,3.89,300,300,75,75,75,75,0,0
92,76,1,105,211,26,53,26,53,0,0
92,96,4.9,1102,2204,153,305,644,1288,0,0
92,97,0.54,845,1689,0,0,845,1689,0,0
92,100,2.14,140,280,35,70,35,70,0,0
92,101,2.76,150,254,37,63,37,63,0,0
92,114,1,143,287,143,287,0,0,0,0
93,37,1.78,1309,3926,0,0,1309,3926,0,0
93,38,0.22,163,489,0,0,163,489,0,0
93,44,2,254,451,64,113,64,113,0,0
93,46,0.7,33,56,8,14,8,14,0,0
93,47,3.3,280,471,70,118,70,118,0,0
93,48,4.03,169,184,42,46,42,46,0,0
93,56,3,954,2300,238,575,238,575,0,0
93,76,0.28,30,60,7,15,7,15,0,0
93,100,1.86,93,177,23,44,23,44,0,0
93,101,2.24,166,277,22,31,100,186,0,0
93,120,2.01,298,595,207,413,30,61,0,0
94,38,1,254,509,0,0,254,509,0,0
94,41,0.75,65,130,16,33,16,33,0,0
94,42,1,205,410,51,103,51,103,0,0
94,46,1,51,102,13,26,13,26,0,0
94,48,1,151,303,38,76,38,76,0,0
94,59,1,146,293,37,73,37,73,0,0
94,62,0.53,60,119,15,30,15,30,0,0
94,63,1.47,247,493,62,123,62,123,0,0
94,76,4.72,456,1013,114,253,114,253,0,0
94,120,1.99,344,689,86,172,86,172,0,0
95,36,3,88,175,22,44,22,44,0,0
95,37,2,145,145,36,36,36,36,0,0
95,40,3,205,205,51,51,51,51,0,0
95,41,2.25,146,383,37,96,37,96,0,0
95,47,4.81,357,581,89,145,89,145,0,0
95,48,3.19,333,585,83,146,83,146,0,0
95,64,1,1349,2698,0,0,1349,2698,0,0
95,65,0.44,1162,3486,0,0,1162,3486,0,0
95,104,0.03,87,261,0,0,87,261,0,0
95,105,5.93,1744,4341,527,1482,1018,2461,0,0
96,36,6.88,1022,1964,255,491,255,491,0,0
96,38,5.01,458,628,114,157,114,157,0,0
96,49,3.06,1290,2581,0,1,1289,2578,0,0
96,50,2.15,392,785,52,104,236,472,0,0
96,51,0.26,13,13,3,3,3,3,0,0
96,59,0.55,55,110,14,28,14,28,0,0
96,65,2.56,2156,5805,163,324,1666,4832,0,0
96,66,3,306,612,76,153,76,153,0,0
96,81,3,346,669,56,107,177,348,0,0
96,92,1.19,309,466,38,38,195,351,0,0
96,93,1,174,347,43,87,43,87,0,0
96,104,0.45,1455,4364,0,0,1455,4364,0,0
96,105,2.08,4206,10017,0,0,4206,10017,0,0
96,106,0.6,386,723,49,49,337,674,0,0
96,112,1.17,116,116,93,93,8,8,0,0
96,113,2.83,95,95,51,51,15,15,0,0
97,36,2.12,232,465,58,116,58,116,0,0
97,38,2.99,172,231,127,142,15,30,0,0
97,50,5.79,534,940,134,235,134,235,0,0
97,51,1.74,70,70,18,18,18,18,0,0
97,59,0.45,45,89,11,22,11,22,0,0
97,60,1,17,17,4,4,4,4,0,0
97,81,3,306,602,24,45,235,467,0,0
97,92,1.49,2278,4556,0,0,2278,4556,0,0
97,93,0.32,136,272,0,0,136,272,0,0
97,99,3,153,307,38,77,38,77,0,0
97,105,1.41,1305,3406,2,4,1300,3394,0,0
97,106,0.62,108,144,72,72,36,72,0,0
97,109,2.6,267,534,161,321,0,0,0,0
97,110,2.97,210,471,146,291,5,10,0,0
97,112,1.41,181,363,84,169,32,65,0,0
97,113,4.59,391,783,338,675,18,36,0,0
97,115,4.47,1077,2640,426,1191,507,1191,0,0
97,116,2.81,668,1396,96,284,565,1100,0,0
98,14,6.16,1185,2671,296,668,296,668,0,0
98,15,1.84,240,580,60,145,60,145,0,0
98,35,4,389,653,97,163,97,163,0,0
98,41,6.37,558,818,140,205,140,205,0,0
98,48,1,8,16,2,4,2,4,0,0
98,49,3.36,233,344,58,86,58,86,0,0
98,52,0.19,48,96,12,24,12,24,0,0
98,81,1.53,1321,3169,0,0,1321,3169,0,0
98,82,4.8,1919,3838,75,150,1694,3389,0,0
98,99,1,27,82,7,20,7,20,0,0
98,102,4,268,434,191,357,26,26,0,0
98,103,2.46,211,421,53,105,53,105,0,0
98,104,2.8,431,862,181,362,22,44,0,0
98,105,2.11,218,399,55,100,55,100,0,0
98,106,0.77,129,129,32,32,32,32,0,0
98,108,0.64,209,487,17,52,157,331,0,0
98,109,7.79,1670,3691,259,606,1067,2222,0,0
98,110,2.01,104,147,59,102,15,15,0,0
98,112,7,494,1055,66,103,341,836,0,0
98,114,1.08,43,82,1,1,40,78,0,0
98,115,5.15,1173,2869,195,519,847,2088,0,0
98,116,4.19,767,1764,117,235,603,1435,0,0
98,117,1.31,66,132,48,95,6,12,0,0
99,24,1,10,40,2,10,2,10,0,0
99,37,5.05,668,1173,96,150,381,722,0,0
99,41,2.71,458,663,64,115,266,317,0,0
99,42,3.67,215,378,54,94,54,94,0,0
99,43,0.02,9,19,0,0,9,19,0,0
99,49,0.64,38,38,10,10,10,10,0,0
99,52,9.67,1103,1870,132,237,708,1159,0,0
99,53,1.13,38,38,1,1,36,36,0,0
99,58,3,296,592,74,148,74,148,0,0
99,63,2.99,841,1682,62,123,656,1312,0,0
99,81,0.04,59,118,0,0,59,118,0,0
99,82,1.63,587,1175,37,74,476,952,0,0
99,98,4.29,270,541,73,145,66,132,0,0
99,99,8.74,624,1072,201,387,101,188,0,0
99,103,0.18,37,75,37,75,0,0,0,0
99,104,5.56,574,1021,330,628,81,130,0,0
99,106,1.85,35,99,9,25,9,25,0,0
99,107,3.15,298,559,216,423,27,45,0,0
99,108,4,265,522,147,293,39,76,0,0
99,109,0.48,77,154,77,154,0,0,0,0
99,110,1.52,173,346,106,212,22,45,0,0
99,112,1,38,75,38,75,0,0,0,0
99,113,2.24,186,373,47,93,47,93,0,0
99,116,0.8,321,964,80,241,80,241,0,0
99,117,1.2,149,377,20,59,20,59,0,0
100,37,0.95,84,168,21,42,21,42,0,0
100,40,4,381,590,95,147,95,147,0,0
100,41,4.93,211,364,53,91,53,91,0,0
100,42,2.62,299,545,75,136,75,136,0,0
100,43,7.31,1253,2612,142,273,827,1792,0,0
100,44,2.67,467,1217,42,80,341,978,0,0
100,50,1,251,502,63,125,63,125,0,0
100,55,0.08,202,405,0,0,202,405,0,0
100,56,0.24,622,1243,0,0,622,1243,0,0
100,57,1.19,997,1392,151,151,546,941,0,0
100,58,3.9,1996,3769,79,103,1758,3460,0,0
100,59,0.97,148,296,37,74,37,74,0,0
100,63,1.01,119,237,14,28,76,152,0,0
100,75,1.1,120,239,30,60,30,60,0,0
100,91,1.3,48,68,12,17,12,17,0,0
100,92,3.7,401,775,66,124,204,402,0,0
100,99,1.97,148,296,140,281,0,0,0,0
100,103,0.94,289,578,72,145,72,145,0,0
100,106,0.55,17,35,4,9,4,9,0,0
100,107,0.45,15,29,4,8,4,7,0,0
100,111,1.13,77,155,57,115,7,13,0,0
100,113,6.76,474,920,324,642,36,64,0,0
101,41,0.67,7,7,2,2,2,2,0,0
101,42,5.04,473,815,118,204,118,204,0,0
101,49,4,278,475,69,119,69,119,0,0
101,55,0.17,443,887,0,0,443,887,0,0
101,56,1.34,2146,5087,0,0,2146,5087,0,0
101,57,0.18,181,526,0,0,180,525,0,0
101,58,2.71,921,1843,34,67,821,1641,0,0
101,59,0.01,2,5,1,1,1,1,0,0
101,74,0.91,1061,2122,0,0,1061,2122,0,0
101,75,1.91,189,378,44,89,56,113,0,0
101,97,4.08,508,1015,105,209,178,355,0,0
101,98,6.92,1342,3319,184,367,1089,2812,0,0
101,101,2.39,576,1132,15,29,512,1023,0,0
101,102,7.93,633,1204,282,557,106,205,0,0
101,103,1.69,434,869,109,217,109,217,0,0
101,111,3.87,460,986,256,529,68,152,0,0
101,112,1.03,111,222,111,222,0,0,0,0
101,113,6.4,479,909,329,647,84,160,0,0
101,115,6,457,900,283,562,58,113,0,0
101,120,5.27,431,898,246,607,61,97,0,0
101,121,5.75,219,341,141,263,19,19,0,0
101,122,0.2,81,162,20,41,20,41,0,0
102,58,6.14,285,538,71,134,71,134,0,0
102,59,0.07,11,22,3,6,3,6,0,0
102,74,1.06,239,477,43,86,110,220,0,0
102,75,3.74,733,1719,177,418,201,465,0,0
102,102,4.05,154,276,75,142,26,44,0,0
102,104,1.2,270,540,73,145,145,289,0,0
102,105,0.07,12,24,3,6,3,6,0,0
102,113,4.31,192,320,14,20,14,20,0,0
102,114,0.27,7,12,2,3,2,3,0,0
102,121,6.16,638,1164,394,760,81,135,0,0
102,122,3.96,645,1288,161,322,161,322,0,0
102,123,1.08,36,37,9,9,9,9,0,0
103,28,2,40,141,10,35,10,35,0,0
103,49,1.44,359,687,10,12,330,651,0,0
103,60,1,101,203,25,51,25,51,0,0
103,75,0.28,24,48,6,12,6,12,0,0
103,76,1,172,345,43,86,43,86,0,0
103,86,3.89,766,1532,192,383,192,383,0,0
103,87,0.11,59,118,15,30,15,30,0,0
103,104,0.73,262,524,79,157,261,521,0,0
103,121,1.48,137,273,34,68,34,68,0,0
103,122,0.1,6,11,1,3,1,3,0,0
104,27,0.89,183,366,46,92,46,92,0,0
104,28,3.1,503,729,126,182,126,182,0,0
104,32,0.26,38,76,9,19,9,19,0,0
104,49,3.56,199,286,50,72,50,72,0,0
104,52,1,134,134,33,33,33,33,0,0
104,57,0.51,53,106,13,26,13,26,0,0
104,58,3.49,230,461,58,115,58,115,0,0
104,61,2,256,513,64,128,64,128,0,0
104,76,1,163,327,41,82,41,82,0,0
105,29,0.16,747,2240,0,0,747,2240,0,0
105,32,9.69,786,1394,90,180,517,855,0,0
105,33,0.05,5,5,0,0,5,5,0,0
105,40,1,129,259,32,65,32,65,0,0
105,50,2.04,138,276,0,0,138,276,0,0
105,51,1.88,224,449,56,112,56,112,0,0
105,53,1.28,95,189,24,47,24,47,0,0
105,54,0.4,28,55,7,14,7,14,0,0
105,56,1.44,165,325,41,81,41,81,0,0
105,57,3,290,505,72,126,72,126,0,0
105,59,2,140,164,35,41,35,41,0,0
105,67,3.99,324,648,81,162,81,162,0,0
105,82,2.62,367,741,92,185,92,185,0,0
105,83,0.38,150,300,38,75,38,75,0,0
105,119,5,476,1115,241,645,78,157,0,0
106,29,0.78,3647,10940,0,0,3647,10940,0,0
106,40,2,653,1680,163,420,163,420,0,0
106,48,3,1652,3304,0,0,1652,3304,0,0
106,49,3,277,473,69,118,69,118,0,0
106,50,9.96,1340,2367,161,244,856,1634,0,0
106,51,8.08,593,1448,148,362,148,362,0,0
106,52,6.98,516,1008,129,252,129,252,0,0
106,53,6.06,507,964,127,241,127,241,0,0
106,54,1,155,310,0,0,155,310,0,0
106,56,0.56,57,112,14,28,14,28,0,0
106,66,1.25,222,444,56,111,56,111,0,0
106,67,2.76,216,432,54,108,54,108,0,0
106,81,2.43,481,961,36,73,372,744,0,0
106,82,0.04,6,12,1,3,1,3,0,0
106,83,1,114,229,29,57,29,57,0,0
106,117,0.73,72,217,72,217,0,0,0,0
106,118,0.27,26,78,26,78,0,0,0,0
107,29,2.06,1052,2367,198,395,460,1182,0,0
107,30,0.26,34,68,8,17,8,17,0,0
107,48,2,923,1846,0,0,923,1846,0,0
107,49,1.92,35,53,9,13,9,13,0,0
107,50,1,104,208,26,52,26,52,0,0
107,51,2.04,168,291,42,73,42,73,0,0
107,53,3.28,293,618,73,154,73,154,0,0
107,63,4,443,861,287,569,52,97,0,0
107,80,1.79,509,1017,0,0,509,1017,0,0
107,81,3.74,2452,4904,0,0,2452,4904,0,0
107,118,0.75,23,23,6,6,6,6,0,0
107,127,0.48,244,488,0,0,244,488,0,0
108,30,0.74,96,192,24,48,24,48,0,0
108,31,4.92,1763,4060,65,131,1567,3668,0,0
108,32,0.08,58,117,0,0,58,117,0,0
108,48,0.45,54,108,0,0,54,108,0,0
108,49,6.13,567,822,139,200,150,222,0,0
108,50,0.04,1,1,0,0,0,0,0,0
108,53,1,30,30,8,8,8,8,0,0
108,89,0.79,651,1302,0,0,651,1302,0,0
108,90,0.43,263,622,0,0,263,622,0,0
108,118,0.25,8,8,2,2,2,2,0,0
109,30,3,341,626,85,157,85,157,0,0
109,48,1.96,227,449,0,0,227,449,0,0
109,49,6.49,515,1015,38,75,403,790,0,0
109,50,2,124,306,31,76,31,76,0,0
109,55,1.8,495,495,21,21,431,431,0,0
109,56,3.16,203,346,51,87,51,87,0,0
109,89,0.56,19,23,3,3,8,13,0,0
109,90,4.22,1215,2741,47,89,1072,2475,0,0
110,30,3,169,339,42,85,42,85,0,0
110,33,1.61,159,318,40,80,40,80,0,0
110,34,0.39,27,54,7,14,7,14,0,0
110,36,1,154,461,0,0,154,461,0,0
110,49,4.66,378,516,95,129,95,129,0,0
110,50,2.34,258,517,65,129,65,129,0,0
110,55,2.04,155,259,34,61,51,77,0,0
110,113,2.77,217,385,181,349,12,12,0,0
110,114,5.86,1452,3212,19,37,1394,3101,0,0
111,18,1,35,71,35,71,0,0,0,0
111,36,8,1029,2036,257,509,257,509,0,0
111,37,3,159,285,39,70,42,75,0,0
111,50,1,4,4,1,1,1,1,0,0
111,52,2,26,26,6,6,6,6,0,0
111,53,3,110,110,28,28,28,28,0,0
111,61,0.42,46,93,12,23,12,23,0,0
111,62,3.58,206,327,52,82,52,82,0,0
111,91,1.53,263,757,66,189,66,189,0,0
111,113,0.97,136,273,0,0,136,273,0,0
111,114,0.4,47,94,11,21,15,29,0,0
112,18,0.12,149,298,0,0,149,298,0,0
112,19,0.04,49,98,0,0,49,98,0,0
112,20,1.14,969,1938,0,0,969,1938,0,0
112,37,4.67,3047,6533,192,493,2472,5054,0,0
112,38,0.1,17,35,4,9,4,9,0,0
112,50,0.77,68,136,17,34,17,34,0,0
112,51,11.24,965,1894,241,473,241,473,0,0
112,52,7,383,724,96,181,96,181,0,0
112,54,9.49,611,1340,153,335,153,335,0,0
112,55,0.42,53,106,13,27,13,27,0,0
112,91,2.47,219,440,55,110,55,110,0,0
112,100,1,101,101,25,25,25,25,0,0
113,18,0.52,651,1302,0,0,651,1302,0,0
113,19,3.12,1365,2583,0,0,1365,2583,0,0
113,20,5.07,1029,2286,229,686,800,1601,0,0
113,37,2.23,1323,2646,0,0,1323,2646,0,0
113,50,7.03,491,1122,123,280,123,280,0,0
113,51,20.96,1789,3813,447,953,447,953,0,0
113,52,0.5,11,21,3,5,3,5,0,0
113,53,11.69,788,1444,197,361,197,361,0,0
113,54,16.52,1311,3020,320,739,352,803,0,0
113,55,2.17,434,1026,54,148,271,581,0,0
113,108,0.09,94,187,0,0,94,187,0,0
113,127,2,196,487,95,284,0,0,0,0
114,50,11.79,507,1167,127,292,127,292,0,0
114,51,39.04,3610,11198,627,1756,986,2961,742,2968
114,52,36.42,2023,4389,506,1097,506,1097,0,0
114,53,13.38,1289,3013,322,753,322,753,0,0
114,54,7.28,1150,2451,74,186,927,1892,0,0
114,55,0.63,783,1567,0,0,783,1567,0,0
114,72,3.43,705,1409,176,352,176,352,0,0
114,108,5.28,2379,4759,163,326,2121,4241,0,0
114,109,1.62,685,1823,14,28,643,1739,0,0
115,50,9.43,531,1407,133,352,133,352,0,0
115,51,31.08,2047,5712,465,1310,652,1781,0,0
115,52,12.11,1176,2837,284,690,323,767,0,0
115,53,2.41,141,280,13,25,65,130,0,0
115,72,3.57,824,2100,206,525,206,525,0,0
115,97,1.03,95,190,93,186,1,1,0,0
115,98,4.77,572,1389,311,684,87,235,0,0
115,121,1,301,601,0,0,301,601,0,0
116,9,0.02,4,7,4,7,0,0,0,0
116,14,1,120,239,30,60,30,60,0,0
116,15,4.74,1713,3372,166,319,1214,2415,0,0
116,16,0.26,378,755,0,0,378,755,0,0
116,50,3.82,642,1601,160,400,160,400,0,0
116,51,4,371,956,93,239,93,239,0,0
116,52,4.56,294,719,27,54,213,558,0,0
116,53,8.52,870,1654,124,226,472,922,0,0
116,54,0.75,133,266,5,10,119,237,0,0
116,56,0.47,9,9,2,2,2,2,0,0
116,58,1.06,106,124,22,22,40,58,0,0
116,59,2.94,405,802,32,62,309,616,0,0
116,61,2,147,295,37,74,37,74,0,0
116,91,7.93,1120,2239,105,210,873,1746,0,0
116,98,1.2,77,214,19,54,19,54,0,0
116,120,0.17,44,89,0,0,44,89,0,0
116,121,6.83,859,1603,279,529,506,983,0,0
117,9,2.22,189,377,116,232,4,8,0,0
117,10,1.76,115,231,55,110,3,7,0,0
117,15,1,84,251,84,251,0,0,0,0
117,50,1,107,215,27,54,27,54,0,0
117,51,0.35,62,123,15,31,15,31,0,0
117,53,3.83,651,1095,163,274,163,274,0,0
117,54,4.2,1963,7166,115,288,1619,6303,0,0
117,55,1.19,756,3022,0,0,756,3022,0,0
117,56,0.53,10,10,2,2,2,2,0,0
117,88,2,44,88,11,22,11,22,0,0
117,91,3.07,547,1094,59,118,488,976,0,0
117,100,2.03,118,221,29,55,29,55,0,0
117,101,0.97,126,248,31,62,31,62,0,0
117,107,0.53,230,505,0,0,230,505,0,0
117,108,2.82,750,1500,9,17,724,1448,0,0
117,114,0.11,44,131,44,131,0,0,0,0
117,115,0.89,340,1019,340,1019,0,0,0,0
118,7,1,126,251,31,63,31,63,0,0
118,14,3.53,332,627,52,95,52,95,0,0
118,15,6.01,357,625,266,514,23,28,0,0
118,25,0.32,56,112,14,28,14,28,0,0
118,26,0.2,35,70,9,17,9,17,0,0
118,49,2.39,118,235,29,59,29,59,0,0
118,50,1.28,125,317,15,29,81,228,0,0
118,54,2.15,808,2457,30,30,719,2368,0,0
118,55,1.25,1551,6203,0,0,1551,6203,0,0
118,56,4,462,956,116,239,116,239,0,0
118,57,1,70,70,17,17,17,17,0,0
118,63,5.92,2829,5446,192,286,2252,4586,0,0
118,64,1.04,1117,2235,0,0,1117,2235,0,0
118,93,0.09,101,302,0,0,101,302,0,0
118,94,0.46,505,1515,0,0,505,1515,0,0
118,107,3.71,3039,7308,0,0,3039,7308,0,0
118,108,4,304,304,239,239,22,22,0,0
118,114,4.2,548,1232,2,2,541,1225,0,0
118,115,1.8,243,450,61,113,61,113,0,0
119,11,2.17,182,363,163,326,6,12,0,0
119,12,4.01,271,386,187,302,21,21,0,0
119,13,1.74,127,227,119,219,2,2,0,0
119,14,1.29,244,628,139,418,0,0,0,0
119,15,0.17,30,86,27,81,0,0,0,0
119,25,0.17,29,58,7,15,7,15,0,0
119,26,0.32,56,112,14,28,14,28,0,0
119,33,1,73,145,18,36,18,36,0,0
119,49,2.58,1182,2364,67,134,981,1962,0,0
119,50,1.75,463,1362,0,0,463,1362,0,0
119,64,0.04,49,98,0,0,49,98,0,0
119,93,1.81,1352,2705,0,0,1352,2705,0,0
119,94,8.38,2887,6983,210,419,2526,6260,0,0
119,107,0.94,835,1671,0,0,835,1671,0,0
120,0,0.41,177,177,0,0,177,177,0,0
120,9,1.91,157,313,134,268,0,0,0,0
120,10,1,7,7,2,2,2,2,0,0
120,11,2.91,279,497,194,372,26,39,0,0
120,12,9.1,695,1240,572,1117,27,27,0,0
120,22,0.23,402,1608,0,0,402,1608,0,0
120,33,4.46,658,1684,108,260,335,904,0,0
120,34,4.12,1206,2416,96,192,918,1841,0,0
120,54,0.09,43,86,0,0,43,86,0,0
120,55,0.45,209,418,0,0,209,418,0,0
120,93,0.02,40,79,0,0,40,79,0,0
120,94,2.23,787,1574,119,237,660,1320,0,0
121,0,1,436,873,0,0,436,873,0,0
121,1,1,265,530,0,0,265,530,0,0
121,6,1,130,260,130,260,0,0,0,0
121,9,0.09,13,27,13,27,0,0,0,0
121,10,7.44,458,759,83,128,50,60,0,0
121,11,6.08,508,581,292,365,10,10,0,0
121,12,0.15,14,26,12,24,1,1,0,0
121,22,2.77,1667,6023,81,161,1425,5539,0,0
121,33,0.34,113,340,0,0,113,340,0,0
121,34,0.09,29,86,0,0,29,86,0,0
121,54,0.03,16,31,0,0,16,31,0,0
121,55,8.43,1126,2216,232,454,431,853,0,0
121,73,1.23,151,301,38,75,38,75,0,0
121,74,1,532,1597,133,399,133,399,0,0
121,95,2,188,377,161,321,9,19,0,0
122,6,3.78,347,677,87,169,87,169,0,0
122,8,1.28,124,249,86,173,13,25,0,0
122,9,0.72,186,371,186,371,0,0,0,0
122,10,9.54,564,1110,231,457,76,146,0,0
122,11,8.86,539,965,427,837,18,19,0,0
122,34,2.53,217,360,54,90,54,90,0,0
122,35,0.92,140,281,35,70,35,70,0,0
122,48,1.97,198,338,50,84,50,84,0,0
122,49,0.98,97,194,0,0,97,194,0,0
122,50,6.28,2086,4080,114,206,1743,3463,0,0
122,56,3,190,324,47,81,47,81,0,0
122,72,0.65,197,394,0,0,197,394,0,0
122,73,1.12,237,474,33,66,138,276,0,0
123,6,1.22,164,329,41,82,41,82,0,0
123,7,1.1,106,123,17,33,90,90,0,0
123,8,1.9,204,409,144,287,0,0,0,0
123,9,4,364,728,152,305,71,141,0,0
123,11,2,166,332,113,226,0,0,0,0
123,34,0.52,10,10,3,3,3,3,0,0
123,35,0.03,5,10,1,2,1,2,0,0
123,47,0.17,21,45,5,11,5,11,0,0
123,48,1.86,519,1462,130,365,130,365,0,0
123,50,0.74,162,324,40,81,40,81,0,0
123,59,3.04,214,367,54,92,54,92,0,0
123,60,1.96,62,125,16,31,16,31,0,0
124,1,5,596,1145,225,439,124,235,0,0
124,10,3.51,305,620,275,553,1,5,0,0
124,11,0.49,25,50,0,0,0,0,0,0
124,65,4.07,676,1392,69,148,469,948,0,0
125,9,3.36,278,541,229,454,16,29,0,0
125,10,4.44,430,838,413,821,6,6,0,0
125,32,2,171,292,43,73,43,73,0,0
125,42,3.65,360,699,90,175,90,175,0,0
125,43,0.01,1,2,0,1,0,1,0,0
125,65,1.93,921,2421,230,605,230,605,0,0
125,67,1,24,24,6,6,6,6,0,0
125,114,0.59,19,19,5,5,5,5,0,0
126,10,6.3,548,1076,483,966,1,1,0,0
126,11,6.81,461,857,297,577,16,16,0,0
126,12,4.87,383,527,204,348,60,60,0,0
126,15,1.22,186,311,125,250,0,0,0,0
126,16,4.54,1853,4314,455,910,1398,3404,0,0
126,31,5.16,329,478,82,120,82,120,0,0
126,32,0.88,78,96,20,24,20,24,0,0
126,42,0.34,27,27,7,7,7,7,0,0
126,66,1,140,279,35,70,35,70,0,0
126,97,1.19,635,1269,7,14,614,1228,0,0
126,98,2.52,578,1619,492,1446,29,58,0,0
126,114,1.41,108,203,98,193,3,3,0,0
126,115,1,74,148,74,148,0,0,0,0
126,116,1,106,211,26,53,26,53,0,0
126,117,1,111,221,111,221,0,0,0,0
126,124,3,230,380,170,319,20,20,0,0
127,7,4.68,1195,2351,75,140,839,1668,0,0
127,8,6.32,676,1352,142,283,407,815,0,0
127,10,4.66,379,707,239,475,34,64,0,0
127,11,2.98,170,244,96,170,0,0,0,0
127,12,4.34,311,514,225,398,29,39,0,0
127,13,1,95,189,95,189,0,0,0,0
127,14,1.51,160,248,106,195,18,18,0,0
127,16,0.24,179,357,0,0,179,357,0,0
127,31,1.96,138,262,34,65,34,65,0,0
127,34,1,12,12,3,3,3,3,0,0
127,36,2.07,115,225,29,56,29,56,0,0
127,43,3,151,257,38,64,38,64,0,0
127,84,0.23,12,12,3,3,3,3,0,0
127,85,2.66,863,2288,91,181,772,2107,0,0
127,86,0.32,100,201,0,0,100,201,0,0
127,97,0.29,245,489,0,0,245,489,0,0
127,98,1,144,288,36,72,36,72,0,0
127,104,2,600,1673,128,257,472,1416,0,0
127,114,1,51,51,13,13,13,13,0,0
127,118,1,260,520,65,130,65,130,0,0
127,124,4,408,805,227,451,61,118,0,0
