x,y,number,ground_area,floor_area,residential_ground_area,residential_floor_area,economic_activity_ground_area,economic_activity_floor_area,cultural_ground_area,cultural_floor_area
0,70,1,96,96,96,96,0,0,0,0
0,71,19,1580,1580,1580,1580,0,0,0,0
0,72,15,1509,1509,1509,1509,0,0,0,0
0,76,20,2117,2117,2117,2117,0,0,0,0
0,78,7,626,626,626,626,0,0,0,0
0,79,5,645,645,645,645,0,0,0,0
0,82,10,1755,1755,1755,1755,0,0,0,0
0,88,2,246,246,246,246,0,0,0,0
0,91,1,626,626,626,626,0,0,0,0
0,92,2,249,249,249,249,0,0,0,0
0,93,1,484,484,484,484,0,0,0,0
0,94,3,645,645,645,645,0,0,0,0
0,95,7,1639,1639,1639,1639,0,0,0,0
0,96,10,2295,2295,1097,1097,1198,1198,0,0
0,107,2,468,468,468,468,0,0,0,0
0,117,4,600,600,162,162,438,438,0,0
0,120,1,75,75,75,75,0,0,0,0
0,83,1,341,341,341,341,0,0,0,0
0,84,5,1549,1549,1549,1549,0,0,0,0
0,87,4,740,740,740,740,0,0,0,0
0,97,3,555,555,555,555,0,0,0,0
0,98,1,266,266,266,266,0,0,0,0
0,99,11,1811,1811,1811,1811,0,0,0,0
0,100,1,191,191,191,191,0,0,0,0
0,101,4,518,518,394,394,123,123,0,0
1,82,9,977,977,977,977,0,0,0,0
1,84,6,1325,1325,1325,1325,0,0,0,0
1,86,8,1176,1176,1176,1176,0,0,0,0
1,92,3,598,598,598,598,0,0,0,0
1,93,11,1449,1449,1449,1449,0,0,0,0
1,95,2,75,75,75,75,0,0,0,0
1,99,7,1849,1849,1849,1849,0,0,0,0
1,100,5,969,969,969,969,0,0,0,0
1,101,17,2117,2117,1843,1843,273,273,0,0
1,102,8,3212,3212,1160,1160,2052,2052,0,0
1,113,4,1036,1036,512,512,524,524,0,0
1,78,7,1002,1002,1002,1002,0,0,0,0
1,81,2,416,416,416,416,0,0,0,0
1,85,7,1528,1528,1528,1528,0,0,0,0
1,89,12,1329,1329,1329,1329,0,0,0,0
1,96,1,1004,1004,1004,1004,0,0,0,0
1,117,1,89,89,89,89,0,0,0,0
1,120,4,223,223,223,223,0,0,0,0
2,85,2,911,911,0,0,911,911,0,0
2,86,6,814,814,814,814,0,0,0,0
2,87,5,338,338,338,338,0,0,0,0
2,89,10,2449,2449,2449,2449,0,0,0,0
2,98,9,998,998,998,998,0,0,0,0
2,103,9,1886,1886,1886,1886,0,0,0,0
2,116,2,236,236,236,236,0,0,0,0
2,118,1,81,81,81,81,0,0,0,0
2,119,3,251,251,251,251,0,0,0,0
2,120,4,220,220,220,220,0,0,0,0
3,70,2,55,55,55,55,0,0,0,0
3,79,6,843,843,843,843,0,0,0,0
3,87,10,1457,1457,1457,1457,0,0,0,0
3,88,10,1149,1149,1149,1149,0,0,0,0
3,99,2,331,331,331,331,0,0,0,0
3,100,12,1570,1570,1570,1570,0,0,0,0
3,101,4,1182,1182,1182,1182,0,0,0,0
3,104,11,1694,1694,1694,1694,0,0,0,0
3,112,1,177,177,177,177,0,0,0,0
3,120,2,131,131,131,131,0,0,0,0
3,81,2,559,559,559,559,0,0,0,0
3,83,1,184,184,184,184,0,0,0,0
3,84,1,192,192,166,166,27,27,0,0
3,85,6,901,901,560,560,341,341,0,0
3,105,2,657,657,73,73,584,584,0,0
4,81,1,293,293,293,293,0,0,0,0
4,83,3,337,337,337,337,0,0,0,0
4,84,7,877,877,877,877,0,0,0,0
4,89,4,255,255,255,255,0,0,0,0
4,91,8,1190,1190,1190,1190,0,0,0,0
4,94,2,656,656,656,656,0,0,0,0
4,95,7,2739,2739,2739,2739,0,0,0,0
4,101,8,1554,1554,1053,1053,501,501,0,0
4,102,2,200,200,200,200,0,0,0,0
4,106,10,2693,2693,1068,1068,1626,1626,0,0
4,121,4,290,290,290,290,0,0,0,0
4,108,2,377,377,377,377,0,0,0,0
4,109,1,291,291,291,291,0,0,0,0
4,122,1,23,23,6,6,6,6,0,0
5,88,11,5808,5808,1855,1855,3953,3953,0,0
5,89,5,950,950,950,950,0,0,0,0
5,90,3,1163,1163,1163,1163,0,0,0,0
5,106,2,693,693,693,693,0,0,0,0
5,107,8,1423,1423,1423,1423,0,0,0,0
5,109,7,1505,1505,510,510,994,994,0,0
5,77,1,1037,1037,0,0,1037,1037,0,0
5,91,2,719,719,719,719,0,0,0,0
5,92,2,677,677,677,677,0,0,0,0
5,108,5,1049,1049,1049,1049,0,0,0,0
5,110,6,972,972,972,972,0,0,0,0
5,111,3,782,782,782,782,0,0,0,0
5,112,9,2291,2291,2291,2291,0,0,0,0
5,121,1,84,84,84,84,0,0,0,0
6,77,10,5558,5558,303,303,5255,5255,0,0
6,78,3,408,408,408,408,0,0,0,0
6,83,2,253,253,253,253,0,0,0,0
6,88,3,481,481,481,481,0,0,0,0
6,90,2,545,545,545,545,0,0,0,0
6,91,10,2492,2492,2492,2492,0,0,0,0
6,110,1,288,288,288,288,0,0,0,0
6,111,5,844,844,844,844,0,0,0,0
6,112,2,312,312,312,312,0,0,0,0
6,84,4,429,429,429,429,0,0,0,0
6,86,1,191,191,191,191,0,0,0,0
6,89,2,736,736,736,736,0,0,0,0
6,108,2,389,389,389,389,0,0,0,0
6,124,1,364,364,0,0,364,364,0,0
7,69,1,78,78,78,78,0,0,0,0
7,78,2,857,857,0,0,857,857,0,0
7,85,2,326,326,326,326,0,0,0,0
7,89,2,317,317,317,317,0,0,0,0
7,94,1,281,281,281,281,0,0,0,0
7,100,19,6571,6571,2414,2414,4156,4156,0,0
7,101,1,3117,3117,0,0,3117,3117,0,0
7,107,16,1331,1331,1331,1331,0,0,0,0
7,113,11,1531,1531,1531,1531,0,0,0,0
7,123,4,513,513,202,202,310,310,0,0
7,70,2,2463,2463,0,0,2463,2463,0,0
7,71,1,195,195,0,0,195,195,0,0
7,92,2,424,424,424,424,0,0,0,0
7,108,1,310,310,310,310,0,0,0,0
7,110,8,1144,1144,1144,1144,0,0,0,0
7,111,2,367,367,367,367,0,0,0,0
8,72,5,1033,1033,0,0,1033,1033,0,0
8,87,1,162,162,162,162,0,0,0,0
8,88,9,3129,3129,939,939,2191,2191,0,0
8,90,3,504,504,504,504,0,0,0,0
8,93,2,267,267,267,267,0,0,0,0
8,102,8,2025,2025,844,844,1181,1181,0,0
8,109,3,402,402,402,402,0,0,0,0
8,110,4,495,495,495,495,0,0,0,0
8,111,10,974,974,974,974,0,0,0,0
8,114,2,209,209,209,209,0,0,0,0
8,71,1,5417,5417,0,0,5417,5417,0,0
8,92,1,97,97,97,97,0,0,0,0
8,96,4,395,395,395,395,0,0,0,0
8,103,6,1447,1447,736,736,711,711,0,0
8,112,2,429,429,429,429,0,0,0,0
9,69,13,8247,8247,0,0,8247,8247,0,0
9,70,23,16919,16919,0,0,16919,16919,0,0
9,71,6,41380,41380,0,0,41380,41380,0,0
9,72,3,17288,17288,0,0,17288,17288,0,0
9,88,1,401,401,0,0,401,401,0,0
9,94,14,2515,2515,2515,2515,0,0,0,0
9,95,7,1398,1398,1398,1398,0,0,0,0
9,108,3,653,653,653,653,0,0,0,0
9,113,3,2478,2478,2478,2478,0,0,0,0
9,68,5,1799,1799,0,0,1799,1799,0,0
9,73,4,2111,2111,0,0,2111,2111,0,0
9,89,3,683,683,683,683,0,0,0,0
9,96,8,1551,1551,1551,1551,0,0,0,0
9,114,4,272,272,272,272,0,0,0,0
10,68,12,3640,3640,0,0,3640,3640,0,0
10,69,20,6422,6422,0,0,6422,6422,0,0
10,70,74,17610,17610,0,0,17610,17610,0,0
10,71,43,17403,17403,0,0,17403,17403,0,0
10,72,6,17953,17953,0,0,17953,17953,0,0
10,73,4,7383,7383,0,0,7383,7383,0,0
10,94,1,271,271,271,271,0,0,0,0
10,95,8,965,965,965,965,0,0,0,0
10,97,9,1555,1555,1555,1555,0,0,0,0
10,107,6,605,605,605,605,0,0,0,0
10,109,9,2603,2603,2603,2603,0,0,0,0
10,110,6,763,763,763,763,0,0,0,0
10,85,1,486,486,486,486,0,0,0,0
10,89,4,475,475,475,475,0,0,0,0
10,90,9,1357,1357,973,973,384,384,0,0
10,96,8,738,738,738,738,0,0,0,0
10,112,1,572,572,572,572,0,0,0,0
10,119,2,417,417,242,242,174,174,0,0
10,120,3,399,399,97,97,302,302,0,0
11,68,2,157,157,0,0,157,157,0,0
11,71,8,5282,5282,0,0,5282,5282,0,0
11,72,2,13241,13241,0,0,13241,13241,0,0
11,84,8,1466,1466,600,600,866,866,0,0
11,85,9,720,720,720,720,0,0,0,0
11,89,11,1700,1700,463,463,1237,1237,0,0
11,90,2,532,532,532,532,0,0,0,0
11,92,25,3682,3682,1975,1975,1706,1706,0,0
11,96,3,348,348,348,348,0,0,0,0
11,108,2,776,776,776,776,0,0,0,0
11,109,2,601,601,601,601,0,0,0,0
11,110,4,742,742,742,742,0,0,0,0
11,119,1,754,754,4,4,750,750,0,0
11,70,7,11744,11744,0,0,11744,11744,0,0
11,73,2,2112,2112,0,0,2112,2112,0,0
11,91,3,605,605,605,605,0,0,0,0
11,97,2,323,323,323,323,0,0,0,0
11,99,4,389,389,389,389,0,0,0,0
11,100,4,582,582,582,582,0,0,0,0
11,101,1,292,292,292,292,0,0,0,0
11,111,2,84,84,84,84,0,0,0,0
11,112,2,270,270,270,270,0,0,0,0
12,68,2,580,580,0,0,580,580,0,0
12,69,8,3854,3854,0,0,3854,3854,0,0
12,70,11,38536,38536,0,0,38536,38536,0,0
12,71,13,13606,13606,0,0,13606,13606,0,0
12,72,6,5213,5213,0,0,5213,5213,0,0
12,90,8,1262,1262,1262,1262,0,0,0,0
12,94,16,2660,2660,1696,1696,964,964,0,0
12,97,4,752,752,752,752,0,0,0,0
12,98,6,1173,1173,1173,1173,0,0,0,0
12,99,2,345,345,345,345,0,0,0,0
12,101,1,285,285,285,285,0,0,0,0
12,108,4,329,329,329,329,0,0,0,0
12,109,6,742,742,742,742,0,0,0,0
12,111,2,595,595,595,595,0,0,0,0
12,113,5,748,748,748,748,0,0,0,0
12,115,12,2370,2370,2370,2370,0,0,0,0
12,123,2,413,413,413,413,0,0,0,0
12,73,4,2411,2411,0,0,2411,2411,0,0
12,85,1,334,334,334,334,0,0,0,0
12,92,6,862,862,862,862,0,0,0,0
12,93,8,1209,1209,522,522,687,687,0,0
12,100,2,455,455,455,455,0,0,0,0
12,114,3,1088,1088,1088,1088,0,0,0,0
13,70,2,8646,8646,0,0,8646,8646,0,0
13,71,12,9962,9962,0,0,9962,9962,0,0
13,73,7,5043,5043,0,0,5043,5043,0,0
13,90,3,426,426,426,426,0,0,0,0
13,100,3,329,329,329,329,0,0,0,0
13,112,2,261,261,261,261,0,0,0,0
13,113,4,890,890,890,890,0,0,0,0
13,114,6,924,924,924,924,0,0,0,0
13,115,9,982,982,982,982,0,0,0,0
13,72,6,1499,1499,0,0,1499,1499,0,0
13,74,2,198,198,198,198,0,0,0,0
13,88,4,2957,2957,0,0,2957,2957,0,0
13,111,3,1378,1378,348,348,1030,1030,0,0
14,71,19,13457,13457,219,219,13238,13238,0,0
14,72,5,2238,2238,0,0,2238,2238,0,0
14,75,1,470,470,470,470,0,0,0,0
14,79,2,468,468,468,468,0,0,0,0
14,87,2,244,244,244,244,0,0,0,0
14,88,12,7377,7377,3717,3717,3660,3660,0,0
14,103,3,1448,1448,0,0,1448,1448,0,0
14,104,7,2621,2621,2027,2027,594,594,0,0
14,113,4,629,629,629,629,0,0,0,0
14,73,3,682,682,682,682,0,0,0,0
14,116,2,196,196,196,196,0,0,0,0
15,73,1,236,236,236,236,0,0,0,0
15,106,2,486,486,486,486,0,0,0,0
15,116,2,198,198,198,198,0,0,0,0
15,121,6,876,876,42,42,834,834,0,0
15,120,5,924,924,258,258,666,666,0,0
16,112,1,382,382,382,382,0,0,0,0
16,81,5,1402,1402,1402,1402,0,0,0,0
16,91,2,1197,1197,0,0,1197,1197,0,0
16,92,5,1201,1201,337,337,865,865,0,0
16,111,1,389,389,389,389,0,0,0,0
17,75,5,1018,1018,1018,1018,0,0,0,0
17,92,5,2003,2003,290,290,1712,1712,0,0
17,84,2,55,55,55,55,0,0,0,0
17,119,1,21,21,21,21,0,0,0,0
18,72,1,619,619,619,619,0,0,0,0
18,73,7,242,242,242,242,0,0,0,0
18,74,2,603,603,603,603,0,0,0,0
18,61,2,571,571,571,571,0,0,0,0
18,62,3,3346,3346,3346,3346,0,0,0,0
18,77,7,2190,2190,2190,2190,0,0,0,0
18,78,4,1409,1409,1409,1409,0,0,0,0
18,84,5,1774,1774,121,121,1653,1653,0,0
18,97,2,435,435,435,435,0,0,0,0
18,119,5,1565,1565,405,405,1160,1160,0,0
19,61,1,392,392,392,392,0,0,0,0
19,67,8,4956,4956,4310,4310,646,646,0,0
19,71,2,130,130,130,130,0,0,0,0
19,74,2,105,105,105,105,0,0,0,0
19,63,1,250,250,250,250,0,0,0,0
19,72,1,239,239,239,239,0,0,0,0
19,73,1,103,103,103,103,0,0,0,0
19,75,4,310,310,310,310,0,0,0,0
19,76,4,153,153,153,153,0,0,0,0
20,70,2,217,217,217,217,0,0,0,0
20,104,6,1259,1259,324,324,935,935,0,0
21,64,7,559,559,559,559,0,0,0,0
21,65,7,2977,2977,579,579,2398,2398,0,0
21,70,1,192,192,192,192,0,0,0,0
21,71,4,378,378,378,378,0,0,0,0
21,81,5,2119,2119,1441,1441,679,679,0,0
21,72,9,686,686,686,686,0,0,0,0
21,75,2,130,130,130,130,0,0,0,0
21,76,2,211,211,211,211,0,0,0,0
21,83,1,777,777,0,0,777,777,0,0
21,84,2,272,272,272,272,0,0,0,0
22,65,1,2165,2165,0,0,2165,2165,0,0
22,66,2,279,279,279,279,0,0,0,0
22,69,12,5514,5514,5514,5514,0,0,0,0
22,72,2,54,54,54,54,0,0,0,0
22,73,4,258,258,258,258,0,0,0,0
22,74,4,114,114,114,114,0,0,0,0
22,71,6,365,365,365,365,0,0,0,0
22,112,2,3529,3529,3529,3529,0,0,0,0
23,85,8,2991,2991,1129,1129,1862,1862,0,0
23,94,1,761,761,0,0,761,761,0,0
23,99,2,69,69,69,69,0,0,0,0
23,67,2,1982,1982,1693,1693,290,290,0,0
23,68,15,4583,4583,0,0,4583,4583,0,0
23,71,5,461,461,461,461,0,0,0,0
23,75,2,59,59,59,59,0,0,0,0
24,67,3,1000,1000,515,515,485,485,0,0
24,70,6,1472,1472,1472,1472,0,0,0,0
24,71,1,200,200,200,200,0,0,0,0
24,72,3,276,276,276,276,0,0,0,0
24,76,2,1580,1580,1580,1580,0,0,0,0
24,73,1,561,561,561,561,0,0,0,0
24,74,2,457,457,457,457,0,0,0,0
24,77,4,220,220,220,220,0,0,0,0
24,101,5,1066,1066,1066,1066,0,0,0,0
25,73,2,219,219,219,219,0,0,0,0
25,74,10,1090,1090,1090,1090,0,0,0,0
25,77,8,2259,2259,1567,1567,692,692,0,0
25,101,2,113,113,113,113,0,0,0,0
25,104,1,296,296,296,296,0,0,0,0
25,71,2,170,170,170,170,0,0,0,0
25,76,1,151,151,151,151,0,0,0,0
25,79,1,2147,2147,0,0,2147,2147,0,0
25,106,3,764,764,764,764,0,0,0,0
26,69,1,360,360,360,360,0,0,0,0
26,70,4,522,522,522,522,0,0,0,0
26,71,3,871,871,871,871,0,0,0,0
26,76,2,925,925,132,132,793,793,0,0
26,79,6,9576,9576,574,574,9002,9002,0,0
26,80,1,886,886,0,0,886,886,0,0
26,86,2,66,66,66,66,0,0,0,0
26,87,2,74,74,74,74,0,0,0,0
26,93,4,915,915,73,73,842,842,0,0
26,105,3,259,259,259,259,0,0,0,0
26,110,2,124,124,124,124,0,0,0,0
26,94,4,3162,3162,0,0,3162,3162,0,0
26,99,2,297,297,297,297,0,0,0,0
26,101,9,721,721,721,721,0,0,0,0
26,120,3,725,725,27,27,698,698,0,0
27,79,24,12520,12520,738,738,11782,11782,0,0
27,80,6,1224,1224,787,787,437,437,0,0
27,91,1,543,543,0,0,543,543,0,0
27,93,6,2652,2652,203,203,2449,2449,0,0
27,94,9,3049,3049,666,666,2383,2383,0,0
27,96,2,681,681,681,681,0,0,0,0
27,101,3,576,576,576,576,0,0,0,0
27,70,6,913,913,913,913,0,0,0,0
27,78,2,428,428,0,0,428,428,0,0
27,87,2,150,150,150,150,0,0,0,0
27,95,1,336,336,336,336,0,0,0,0
28,54,28,6437,6437,6437,6437,0,0,0,0
28,79,24,14643,14643,41,41,14602,14602,0,0
28,80,9,6091,6091,431,431,5660,5660,0,0
28,87,2,187,187,187,187,0,0,0,0
28,55,14,2036,2036,2036,2036,0,0,0,0
28,63,2,3487,3487,0,0,3487,3487,0,0
28,64,7,7082,7082,1459,1459,5623,5623,0,0
28,81,2,487,487,487,487,0,0,0,0
28,82,2,41,41,41,41,0,0,0,0
28,86,2,60,60,60,60,0,0,0,0
28,95,1,857,857,857,857,0,0,0,0
28,125,1,286,286,286,286,0,0,0,0
29,53,9,2128,2128,2128,2128,0,0,0,0
29,54,24,7453,7453,7453,7453,0,0,0,0
29,55,13,4907,4907,4051,4051,856,856,0,0
29,56,17,5021,5021,5021,5021,0,0,0,0
29,64,4,841,841,841,841,0,0,0,0
29,70,1,203,203,203,203,0,0,0,0
29,74,10,794,794,776,776,6,6,0,0
29,76,1,148,148,148,148,0,0,0,0
29,80,16,5345,5345,0,0,5345,5345,0,0
29,71,5,1698,1698,1698,1698,0,0,0,0
29,72,4,85,85,85,85,0,0,0,0
29,75,4,443,443,443,443,0,0,0,0
30,53,51,9819,9819,9819,9819,0,0,0,0
30,55,38,6514,6514,3478,3478,3036,3036,0,0
30,74,2,1022,1022,0,0,1022,1022,0,0
30,76,9,856,856,856,856,0,0,0,0
30,115,2,140,140,140,140,0,0,0,0
30,52,6,3001,3001,3001,3001,0,0,0,0
30,54,1,543,543,543,543,0,0,0,0
30,72,1,230,230,230,230,0,0,0,0
30,96,3,551,551,551,551,0,0,0,0
30,97,3,707,707,707,707,0,0,0,0
31,52,58,17435,17435,17435,17435,0,0,0,0
31,53,16,4161,4161,2350,2350,1811,1811,0,0
31,54,22,7658,7658,7658,7658,0,0,0,0
31,55,10,3157,3157,3157,3157,0,0,0,0
31,56,4,276,276,276,276,0,0,0,0
31,73,1,267,267,267,267,0,0,0,0
31,96,4,998,998,889,889,109,109,0,0
31,97,5,2640,2640,0,0,2640,2640,0,0
31,71,2,246,246,246,246,0,0,0,0
32,51,48,18492,18492,18492,18492,0,0,0,0
32,52,43,10492,10492,10492,10492,0,0,0,0
32,53,9,2916,2916,2916,2916,0,0,0,0
32,54,54,12243,12243,12243,12243,0,0,0,0
32,55,2,659,659,659,659,0,0,0,0
32,69,15,7913,7913,687,687,7226,7226,0,0
32,71,4,661,661,661,661,0,0,0,0
32,82,2,168,168,168,168,0,0,0,0
32,83,2,21,21,21,21,0,0,0,0
32,101,2,542,542,0,0,542,542,0,0
32,50,1,621,621,621,621,0,0,0,0
32,60,2,54,54,54,54,0,0,0,0
32,61,2,183,183,183,183,0,0,0,0
32,84,3,280,280,280,280,0,0,0,0
33,50,9,836,836,836,836,0,0,0,0
33,51,28,7795,7795,7795,7795,0,0,0,0
33,52,56,16976,16976,16976,16976,0,0,0,0
33,53,50,10061,10061,10061,10061,0,0,0,0
33,54,38,12709,12709,12709,12709,0,0,0,0
33,55,19,6155,6155,6155,6155,0,0,0,0
33,56,11,2760,2760,2760,2760,0,0,0,0
33,64,6,515,515,515,515,0,0,0,0
33,67,2,55,55,55,55,0,0,0,0
33,93,26,3313,3313,3313,3313,0,0,0,0
33,94,2,274,274,274,274,0,0,0,0
33,107,10,4434,4434,3044,3044,1391,1391,0,0
33,122,4,643,643,36,36,608,608,0,0
33,57,3,921,921,921,921,0,0,0,0
33,58,2,1107,1107,1107,1107,0,0,0,0
33,62,2,229,229,229,229,0,0,0,0
33,63,2,60,60,60,60,0,0,0,0
33,80,1,61,61,61,61,0,0,0,0
33,81,2,110,110,110,110,0,0,0,0
33,106,2,892,892,0,0,892,892,0,0
33,108,5,1593,1593,309,309,1284,1284,0,0
34,51,50,17600,17600,17600,17600,0,0,0,0
34,52,19,7257,7257,7257,7257,0,0,0,0
34,53,22,5658,5658,5658,5658,0,0,0,0
34,54,34,10838,10838,10838,10838,0,0,0,0
34,55,38,8786,8786,8786,8786,0,0,0,0
34,56,27,5641,5641,5641,5641,0,0,0,0
34,58,3,929,929,929,929,0,0,0,0
34,62,6,759,759,759,759,0,0,0,0
34,76,2,198,198,198,198,0,0,0,0
34,82,2,116,116,116,116,0,0,0,0
34,85,10,2291,2291,2291,2291,0,0,0,0
34,87,2,1811,1811,422,422,1389,1389,0,0
34,93,2,228,228,228,228,0,0,0,0
34,107,4,1472,1472,861,861,612,612,0,0
34,108,1,499,499,474,474,25,25,0,0
34,50,4,1407,1407,1407,1407,0,0,0,0
34,57,1,176,176,176,176,0,0,0,0
34,60,7,2217,2217,2217,2217,0,0,0,0
34,61,1,56,56,56,56,0,0,0,0
34,63,2,494,494,494,494,0,0,0,0
34,64,4,612,612,612,612,0,0,0,0
34,70,8,1256,1256,1256,1256,0,0,0,0
34,74,5,1048,1048,1048,1048,0,0,0,0
34,79,2,70,70,70,70,0,0,0,0
34,84,1,295,295,295,295,0,0,0,0
34,88,7,3028,3028,541,541,2487,2487,0,0
35,50,4,1620,1620,1620,1620,0,0,0,0
35,51,26,10368,10368,10368,10368,0,0,0,0
35,52,7,1957,1957,1957,1957,0,0,0,0
35,53,12,3062,3062,3062,3062,0,0,0,0
35,54,7,2613,2613,2613,2613,0,0,0,0
35,55,11,2880,2880,2880,2880,0,0,0,0
35,56,15,3622,3622,3622,3622,0,0,0,0
35,57,14,1743,1743,1743,1743,0,0,0,0
35,60,9,1244,1244,1244,1244,0,0,0,0
35,62,4,151,151,151,151,0,0,0,0
35,63,8,897,897,897,897,0,0,0,0
35,64,5,1001,1001,1001,1001,0,0,0,0
35,66,4,400,400,400,400,0,0,0,0
35,67,2,239,239,239,239,0,0,0,0
35,70,5,2030,2030,2030,2030,0,0,0,0
35,71,1,890,890,890,890,0,0,0,0
35,72,4,138,138,138,138,0,0,0,0
35,80,2,114,114,114,114,0,0,0,0
35,82,2,159,159,159,159,0,0,0,0
35,86,10,812,812,812,812,0,0,0,0
35,97,3,361,361,361,361,0,0,0,0
35,98,4,608,608,608,608,0,0,0,0
35,106,3,1346,1346,287,287,1058,1058,0,0
35,74,2,36,36,36,36,0,0,0,0
35,79,6,287,287,287,287,0,0,0,0
35,83,2,119,119,119,119,0,0,0,0
35,84,4,579,579,579,579,0,0,0,0
35,85,2,261,261,261,261,0,0,0,0
35,105,5,982,982,314,314,668,668,0,0
36,48,1,196,196,0,0,196,196,0,0
36,51,19,6478,6478,6478,6478,0,0,0,0
36,54,1,172,172,172,172,0,0,0,0
36,56,10,1302,1302,1302,1302,0,0,0,0
36,57,34,6314,6314,3749,3749,2565,2565,0,0
36,58,23,4635,4635,2910,2910,1725,1725,0,0
36,63,9,530,530,530,530,0,0,0,0
36,65,9,2295,2295,2295,2295,0,0,0,0
36,66,5,1145,1145,1145,1145,0,0,0,0
36,70,3,1671,1671,344,344,1327,1327,0,0
36,73,3,989,989,489,489,500,500,0,0
36,74,3,485,485,485,485,0,0,0,0
36,79,2,73,73,73,73,0,0,0,0
36,80,2,71,71,71,71,0,0,0,0
36,82,9,768,768,768,768,0,0,0,0
36,105,4,2141,2141,4,4,2137,2137,0,0
36,111,5,1617,1617,133,133,1484,1484,0,0
36,115,1,83,83,21,21,21,21,0,0
36,125,1,173,173,173,173,0,0,0,0
36,59,8,989,989,989,989,0,0,0,0
36,60,4,42,42,42,42,0,0,0,0
36,64,4,287,287,287,287,0,0,0,0
36,72,2,953,953,497,497,456,456,0,0
36,83,2,506,506,506,506,0,0,0,0
36,122,2,445,445,126,126,228,228,0,0
36,123,3,403,403,84,84,296,296,0,0
37,51,8,9763,9763,9763,9763,0,0,0,0
37,56,4,347,347,347,347,0,0,0,0
37,57,15,6203,6203,2054,2054,4149,4149,0,0
37,59,7,1603,1603,908,908,695,695,0,0
37,66,5,610,610,610,610,0,0,0,0
37,87,6,381,381,381,381,0,0,0,0
37,122,8,2213,2213,704,704,1446,1446,0,0
37,123,1,46,46,46,46,0,0,0,0
37,52,4,2267,2267,2267,2267,0,0,0,0
37,60,1,117,117,117,117,0,0,0,0
37,64,17,4182,4182,4182,4182,0,0,0,0
37,65,5,988,988,988,988,0,0,0,0
37,74,11,1544,1544,1544,1544,0,0,0,0
38,51,5,4029,4029,4029,4029,0,0,0,0
38,52,7,2115,2115,2115,2115,0,0,0,0
38,59,1,451,451,451,451,0,0,0,0
38,63,2,861,861,861,861,0,0,0,0
38,64,57,13263,13263,13263,13263,0,0,0,0
38,65,54,12280,12280,12280,12280,0,0,0,0
38,67,25,7940,7940,7940,7940,0,0,0,0
38,73,2,734,734,734,734,0,0,0,0
38,74,2,493,493,493,493,0,0,0,0
38,81,2,299,299,0,0,299,299,0,0
38,87,8,1260,1260,1260,1260,0,0,0,0
38,66,10,3094,3094,3094,3094,0,0,0,0
38,75,2,612,612,612,612,0,0,0,0
38,83,6,1561,1561,356,356,1205,1205,0,0
38,88,4,553,553,553,553,0,0,0,0
38,89,4,413,413,413,413,0,0,0,0
39,53,17,7294,7294,7294,7294,0,0,0,0
39,64,2,3607,3607,3607,3607,0,0,0,0
39,65,2,575,575,575,575,0,0,0,0
39,66,16,5019,5019,5019,5019,0,0,0,0
39,67,56,17807,17807,17807,17807,0,0,0,0
39,68,23,8801,8801,8269,8269,532,532,0,0
39,83,7,1108,1108,1108,1108,0,0,0,0
39,86,5,2513,2513,1616,1616,897,897,0,0
39,87,1,50,50,50,50,0,0,0,0
39,88,6,1024,1024,1024,1024,0,0,0,0
39,89,6,909,909,909,909,0,0,0,0
39,44,2,1178,1178,1178,1178,0,0,0,0
39,48,2,163,163,163,163,0,0,0,0
39,69,5,1398,1398,1398,1398,0,0,0,0
39,74,5,803,803,803,803,0,0,0,0
39,84,2,363,363,363,363,0,0,0,0
40,47,4,357,357,357,357,0,0,0,0
40,51,3,468,468,0,0,468,468,0,0
40,64,16,2569,2569,2569,2569,0,0,0,0
40,66,9,3937,3937,3937,3937,0,0,0,0
40,67,67,26667,26667,26667,26667,0,0,0,0
40,68,69,32702,32702,28390,28390,0,0,4311,4311
40,69,15,9903,9903,8416,8416,0,0,1487,1487
40,73,1,212,212,212,212,0,0,0,0
40,74,5,1013,1013,1013,1013,0,0,0,0
40,63,2,269,269,269,269,0,0,0,0
40,65,2,143,143,143,143,0,0,0,0
40,78,4,557,557,557,557,0,0,0,0
40,84,1,547,547,547,547,0,0,0,0
40,85,5,881,881,881,881,0,0,0,0
40,87,4,90,90,90,90,0,0,0,0
40,89,1,783,783,783,783,0,0,0,0
40,97,6,611,611,611,611,0,0,0,0
41,46,1,361,361,361,361,0,0,0,0
41,48,6,1171,1171,1171,1171,0,0,0,0
41,50,5,501,501,501,501,0,0,0,0
41,51,2,223,223,223,223,0,0,0,0
41,53,5,1034,1034,1034,1034,0,0,0,0
41,54,4,703,703,703,703,0,0,0,0
41,66,50,12553,12553,12553,12553,0,0,0,0
41,67,77,23000,23000,23000,23000,0,0,0,0
41,68,54,21473,21473,21473,21473,0,0,0,0
41,69,16,971,971,971,971,0,0,0,0
41,78,10,1449,1449,1449,1449,0,0,0,0
41,81,4,1515,1515,412,412,1104,1104,0,0
41,84,2,573,573,0,0,573,573,0,0
41,89,7,2237,2237,291,291,1946,1946,0,0
41,97,2,373,373,373,373,0,0,0,0
41,49,1,156,156,156,156,0,0,0,0
41,64,2,85,85,85,85,0,0,0,0
41,65,5,2079,2079,2079,2079,0,0,0,0
41,79,8,1043,1043,1043,1043,0,0,0,0
41,80,10,2616,2616,2200,2200,415,415,0,0
41,85,2,559,559,559,559,0,0,0,0
41,113,4,773,773,192,192,581,581,0,0
42,51,11,1354,1354,1354,1354,0,0,0,0
42,55,4,807,807,807,807,0,0,0,0
42,61,3,589,589,589,589,0,0,0,0
42,63,15,1917,1917,1917,1917,0,0,0,0
42,64,4,361,361,361,361,0,0,0,0
42,65,31,9748,9748,7654,7654,2093,2093,0,0
42,66,36,11140,11140,8858,8858,2282,2282,0,0
42,67,104,25107,25107,24361,24361,746,746,0,0
42,68,56,15374,15374,15374,15374,0,0,0,0
42,69,4,379,379,379,379,0,0,0,0
42,76,6,2857,2857,1172,1172,1687,1687,0,0
42,79,3,1972,1972,155,155,1817,1817,0,0
42,80,2,908,908,908,908,0,0,0,0
42,81,1,214,214,214,214,0,0,0,0
42,96,1,378,378,378,378,0,0,0,0
42,99,9,1297,1297,1297,1297,0,0,0,0
42,101,13,2755,2755,1809,1809,946,946,0,0
42,46,4,311,311,311,311,0,0,0,0
42,54,2,429,429,429,429,0,0,0,0
42,57,5,1262,1262,1262,1262,0,0,0,0
42,62,3,1075,1075,1075,1075,0,0,0,0
42,70,6,137,137,137,137,0,0,0,0
42,82,5,1262,1262,1262,1262,0,0,0,0
42,85,4,1028,1028,313,313,715,715,0,0
42,91,3,1234,1234,102,102,1132,1132,0,0
42,98,1,154,154,154,154,0,0,0,0
43,46,4,711,711,711,711,0,0,0,0
43,47,7,1111,1111,1111,1111,0,0,0,0
43,49,1,212,212,212,212,0,0,0,0
43,55,5,429,429,429,429,0,0,0,0
43,58,3,835,835,835,835,0,0,0,0
43,60,2,194,194,194,194,0,0,0,0
43,63,11,1667,1667,1667,1667,0,0,0,0
43,65,25,6978,6978,6974,6974,4,4,0,0
43,66,3,1810,1810,864,864,946,946,0,0
43,67,32,13073,13073,10387,10387,2686,2686,0,0
43,68,20,6509,6509,6509,6509,0,0,0,0
43,86,15,3675,3675,3675,3675,0,0,0,0
43,87,8,1639,1639,1639,1639,0,0,0,0
43,88,2,897,897,0,0,897,897,0,0
43,91,5,4569,4569,2,2,4567,4567,0,0
43,92,5,2733,2733,204,204,2529,2529,0,0
43,96,4,1591,1591,431,431,1160,1160,0,0
43,99,2,177,177,177,177,0,0,0,0
43,100,2,540,540,0,0,540,540,0,0
43,104,2,209,209,209,209,0,0,0,0
43,50,4,859,859,859,859,0,0,0,0
43,59,3,533,533,533,533,0,0,0,0
43,64,2,260,260,260,260,0,0,0,0
43,85,1,594,594,594,594,0,0,0,0
43,109,8,2387,2387,440,440,1947,1947,0,0
44,50,13,1834,1834,1834,1834,0,0,0,0
44,51,4,209,209,209,209,0,0,0,0
44,52,10,3498,3498,3498,3498,0,0,0,0
44,53,35,12477,12477,12477,12477,0,0,0,0
44,59,6,1210,1210,1210,1210,0,0,0,0
44,63,12,5280,5280,3906,3906,1374,1374,0,0
44,64,19,3736,3736,3736,3736,0,0,0,0
44,65,30,14486,14486,11924,11924,2562,2562,0,0
44,66,25,9914,9914,9914,9914,0,0,0,0
44,92,7,1094,1094,1094,1094,0,0,0,0
44,46,5,1338,1338,182,182,1157,1157,0,0
44,60,4,225,225,225,225,0,0,0,0
44,62,4,1860,1860,1860,1860,0,0,0,0
44,67,1,1484,1484,1484,1484,0,0,0,0
44,68,4,833,833,833,833,0,0,0,0
44,77,1,459,459,459,459,0,0,0,0
44,93,2,272,272,272,272,0,0,0,0
44,94,9,1989,1989,836,836,1153,1153,0,0
44,95,4,971,971,0,0,971,971,0,0
44,96,2,399,399,399,399,0,0,0,0
44,97,1,239,239,239,239,0,0,0,0
45,45,8,684,684,684,684,0,0,0,0
45,49,9,709,709,709,709,0,0,0,0
45,50,12,1965,1965,1965,1965,0,0,0,0
45,52,29,10233,10233,10233,10233,0,0,0,0
45,53,29,18724,18724,18724,18724,0,0,0,0
45,54,7,4106,4106,4106,4106,0,0,0,0
45,57,1,214,214,214,214,0,0,0,0
45,59,5,1691,1691,1691,1691,0,0,0,0
45,60,1,473,473,0,0,473,473,0,0
45,61,5,9525,9525,1331,1331,8194,8194,0,0
45,62,13,4988,4988,2920,2920,2068,2068,0,0
45,63,8,10185,10185,845,845,9341,9341,0,0
45,64,14,11781,11781,11781,11781,0,0,0,0
45,65,15,9288,9288,9288,9288,0,0,0,0
45,66,10,1873,1873,1873,1873,0,0,0,0
45,67,2,276,276,276,276,0,0,0,0
45,76,2,454,454,454,454,0,0,0,0
45,91,4,397,397,397,397,0,0,0,0
45,94,2,373,373,373,373,0,0,0,0
45,51,1,251,251,251,251,0,0,0,0
45,55,4,2582,2582,2582,2582,0,0,0,0
45,58,4,921,921,921,921,0,0,0,0
45,96,11,1912,1912,1277,1277,635,635,0,0
46,49,8,3078,3078,2388,2388,690,690,0,0
46,50,12,2219,2219,1404,1404,815,815,0,0
46,51,6,450,450,450,450,0,0,0,0
46,52,23,2448,2448,2448,2448,0,0,0,0
46,53,8,3999,3999,3999,3999,0,0,0,0
46,54,39,18842,18842,18842,18842,0,0,0,0
46,55,9,2763,2763,2763,2763,0,0,0,0
46,58,13,6118,6118,1720,1720,4398,4398,0,0
46,59,7,3751,3751,110,110,3641,3641,0,0
46,60,7,395,395,395,395,0,0,0,0
46,61,14,2868,2868,2868,2868,0,0,0,0
46,62,18,4316,4316,3437,3437,879,879,0,0
46,63,13,803,803,558,558,244,244,0,0
46,64,8,1586,1586,1423,1423,163,163,0,0
46,65,5,340,340,340,340,0,0,0,0
46,70,6,1497,1497,1497,1497,0,0,0,0
46,91,4,1024,1024,1024,1024,0,0,0,0
46,94,6,775,775,775,775,0,0,0,0
46,118,2,86,86,86,86,0,0,0,0
46,44,1,436,436,436,436,0,0,0,0
46,48,5,421,421,421,421,0,0,0,0
46,66,6,188,188,188,188,0,0,0,0
46,89,1,1753,1753,0,0,1753,1753,0,0
46,90,2,669,669,440,440,229,229,0,0
46,127,2,91,91,91,91,0,0,0,0
47,41,60,5227,5227,1363,1363,3863,3863,0,0
47,42,5,2281,2281,2281,2281,0,0,0,0
47,44,2,577,577,577,577,0,0,0,0
47,46,2,152,152,152,152,0,0,0,0
47,49,1,143,143,143,143,0,0,0,0
47,50,1,581,581,0,0,581,581,0,0
47,51,19,2126,2126,2126,2126,0,0,0,0
47,53,12,2394,2394,2394,2394,0,0,0,0
47,54,49,15217,15217,15217,15217,0,0,0,0
47,55,47,12593,12593,12593,12593,0,0,0,0
47,59,3,1010,1010,1010,1010,0,0,0,0
47,61,6,1139,1139,1139,1139,0,0,0,0
47,62,8,1349,1349,1349,1349,0,0,0,0
47,63,4,892,892,892,892,0,0,0,0
47,81,3,2606,2606,0,0,2606,2606,0,0
47,89,3,1996,1996,190,190,1806,1806,0,0
47,40,6,259,259,161,161,98,98,0,0
47,48,4,131,131,131,131,0,0,0,0
47,64,5,695,695,695,695,0,0,0,0
47,66,4,1512,1512,0,0,1512,1512,0,0
47,67,10,5790,5790,0,0,5790,5790,0,0
47,82,3,1860,1860,506,506,1355,1355,0,0
47,85,4,208,208,208,208,0,0,0,0
47,86,2,184,184,184,184,0,0,0,0
47,90,1,718,718,477,477,241,241,0,0
47,107,2,157,157,157,157,0,0,0,0
47,108,4,604,604,604,604,0,0,0,0
47,124,2,273,273,273,273,0,0,0,0
47,125,2,413,413,413,413,0,0,0,0
48,40,5,266,266,266,266,0,0,0,0
48,41,41,5895,5895,5895,5895,0,0,0,0
48,42,2,157,157,157,157,0,0,0,0
48,49,4,339,339,339,339,0,0,0,0
48,50,6,691,691,691,691,0,0,0,0
48,51,2,242,242,242,242,0,0,0,0
48,52,16,1336,1336,1336,1336,0,0,0,0
48,53,15,1716,1716,1716,1716,0,0,0,0
48,54,17,6255,6255,6255,6255,0,0,0,0
48,55,28,10133,10133,10133,10133,0,0,0,0
48,59,2,495,495,495,495,0,0,0,0
48,60,12,1131,1131,1131,1131,0,0,0,0
48,66,19,13146,13146,1864,1864,11281,11281,0,0
48,67,5,3208,3208,0,0,3208,3208,0,0
48,68,1,1021,1021,0,0,1021,1021,0,0
48,85,6,3170,3170,546,546,2624,2624,0,0
48,88,2,129,129,129,129,0,0,0,0
48,90,6,2818,2818,2818,2818,0,0,0,0
48,117,4,445,445,445,445,0,0,0,0
48,122,13,2714,2714,1555,1555,1159,1159,0,0
48,39,1,75,75,75,75,0,0,0,0
48,47,6,273,273,273,273,0,0,0,0
48,65,3,1126,1126,1126,1126,0,0,0,0
48,107,2,72,72,72,72,0,0,0,0
48,108,8,1341,1341,1341,1341,0,0,0,0
48,123,1,534,534,0,0,534,534,0,0
49,40,32,3840,3840,3840,3840,0,0,0,0
49,41,34,5234,5234,5234,5234,0,0,0,0
49,53,25,1930,1930,1930,1930,0,0,0,0
49,54,26,3165,3165,3165,3165,0,0,0,0
49,55,2,775,775,775,775,0,0,0,0
49,66,17,11889,11889,1737,1737,10152,10152,0,0
49,82,2,752,752,0,0,752,752,0,0
49,83,1,3177,3177,0,0,3177,3177,0,0
49,105,1,1145,1145,1145,1145,0,0,0,0
49,106,2,180,180,180,180,0,0,0,0
49,114,2,81,81,81,81,0,0,0,0
49,121,16,2963,2963,1483,1483,1480,1480,0,0
49,122,7,1446,1446,692,692,754,754,0,0
49,51,2,267,267,267,267,0,0,0,0
49,57,5,1559,1559,1355,1355,204,204,0,0
49,58,1,3618,3618,0,0,3618,3618,0,0
49,59,2,78,78,78,78,0,0,0,0
49,68,1,1098,1098,0,0,1098,1098,0,0
49,90,1,171,171,171,171,0,0,0,0
49,107,2,101,101,101,101,0,0,0,0
49,123,2,747,747,747,747,0,0,0,0
50,46,3,600,600,600,600,0,0,0,0
50,53,4,1802,1802,1802,1802,0,0,0,0
50,57,1,276,276,276,276,0,0,0,0
50,67,1,372,372,372,372,0,0,0,0
50,95,1,202,202,202,202,0,0,0,0
50,111,5,1425,1425,311,311,1114,1114,1114,1114
50,121,2,67,67,67,67,0,0,0,0
50,123,1,695,695,695,695,0,0,0,0
50,50,2,133,133,133,133,0,0,0,0
50,56,2,529,529,529,529,0,0,0,0
50,60,4,297,297,297,297,0,0,0,0
50,84,1,218,218,218,218,0,0,0,0
51,54,2,1133,1133,1133,1133,0,0,0,0
51,56,9,1519,1519,1519,1519,0,0,0,0
51,58,3,75,75,75,75,0,0,0,0
51,60,1,226,226,226,226,0,0,0,0
51,83,2,661,661,661,661,0,0,0,0
51,84,3,321,321,321,321,0,0,0,0
51,103,2,985,985,985,985,0,0,0,0
51,112,2,123,123,123,123,0,0,0,0
51,126,1,46,46,46,46,0,0,0,0
51,43,1,470,470,470,470,0,0,0,0
51,45,4,220,220,220,220,0,0,0,0
51,59,4,80,80,80,80,0,0,0,0
51,72,2,1378,1378,1378,1378,0,0,0,0
51,122,4,1007,1007,1007,1007,0,0,0,0
51,127,2,74,74,74,74,0,0,0,0
52,44,1,180,180,180,180,0,0,0,0
52,45,24,1107,1107,1107,1107,0,0,0,0
52,46,2,30,30,30,30,0,0,0,0
52,54,11,1838,1838,1838,1838,0,0,0,0
52,57,10,2916,2916,2500,2500,417,417,0,0
52,59,2,63,63,63,63,0,0,0,0
52,67,6,180,180,180,180,0,0,0,0
52,100,2,633,633,195,195,438,438,0,0
52,101,3,914,914,91,91,823,823,0,0
52,118,4,124,124,124,124,0,0,0,0
52,119,4,172,172,172,172,0,0,0,0
52,122,3,149,149,149,149,0,0,0,0
52,125,4,160,160,160,160,0,0,0,0
52,126,4,155,155,155,155,0,0,0,0
52,36,4,1356,1356,1356,1356,0,0,0,0
52,49,2,165,165,165,165,0,0,0,0
52,50,2,328,328,328,328,0,0,0,0
52,53,1,347,347,347,347,0,0,0,0
52,55,2,175,175,175,175,0,0,0,0
52,56,2,184,184,184,184,0,0,0,0
52,72,2,542,542,542,542,0,0,0,0
52,73,2,612,612,0,0,612,612,0,0
53,36,2,1746,1746,1746,1746,0,0,0,0
53,37,79,4559,4559,1707,1707,2851,2851,0,0
53,39,1,1313,1313,1313,1313,0,0,0,0
53,49,4,812,812,812,812,0,0,0,0
53,50,14,3273,3273,3273,3273,0,0,0,0
53,53,6,517,517,517,517,0,0,0,0
53,56,2,871,871,871,871,0,0,0,0
53,101,1,299,299,0,0,299,299,0,0
53,104,4,286,286,286,286,0,0,0,0
53,109,2,423,423,423,423,0,0,0,0
53,111,3,830,830,830,830,0,0,0,0
53,116,4,380,380,380,380,0,0,0,0
53,118,3,261,261,261,261,0,0,0,0
53,35,1,435,435,435,435,0,0,0,0
53,38,2,222,222,222,222,0,0,0,0
53,51,3,782,782,782,782,0,0,0,0
53,55,1,102,102,102,102,0,0,0,0
53,57,2,83,83,83,83,0,0,0,0
53,64,1,92,92,92,92,0,0,0,0
53,94,2,183,183,183,183,0,0,0,0
53,99,4,983,983,983,983,0,0,0,0
53,100,2,394,394,394,394,0,0,0,0
53,114,1,147,147,147,147,0,0,0,0
53,119,4,268,268,268,268,0,0,0,0
53,121,2,32,32,32,32,0,0,0,0
53,123,1,135,135,135,135,0,0,0,0
54,35,4,191,191,191,191,0,0,0,0
54,36,1,55,55,0,0,55,55,0,0
54,37,4,193,193,9,9,183,183,0,0
54,38,11,1353,1353,1353,1353,0,0,0,0
54,43,6,1093,1093,1093,1093,0,0,0,0
54,48,6,1324,1324,1324,1324,0,0,0,0
54,49,14,2021,2021,2021,2021,0,0,0,0
54,50,3,126,126,126,126,0,0,0,0
54,54,5,482,482,482,482,0,0,0,0
54,55,8,1302,1302,1302,1302,0,0,0,0
54,63,3,1612,1612,746,746,866,866,0,0
54,64,4,359,359,359,359,0,0,0,0
54,73,2,601,601,0,0,601,601,0,0
54,74,3,1145,1145,260,260,885,885,0,0
54,95,2,129,129,129,129,0,0,0,0
54,112,2,181,181,181,181,0,0,0,0
54,113,2,216,216,216,216,0,0,0,0
54,114,1,89,89,89,89,0,0,0,0
54,123,4,154,154,154,154,0,0,0,0
54,62,4,475,475,475,475,0,0,0,0
54,81,1,405,405,0,0,405,405,0,0
54,116,4,500,500,500,500,0,0,0,0
54,125,2,41,41,41,41,0,0,0,0
54,127,2,265,265,265,265,0,0,0,0
55,38,4,575,575,575,575,0,0,0,0
55,56,3,630,630,630,630,0,0,0,0
55,62,5,761,761,761,761,0,0,0,0
55,105,4,249,249,249,249,0,0,0,0
55,121,2,417,417,417,417,0,0,0,0
55,122,1,587,587,587,587,0,0,0,0
55,34,4,849,849,723,723,127,127,0,0
55,35,2,248,248,248,248,0,0,0,0
55,50,9,2371,2371,1144,1144,1227,1227,0,0
55,70,2,32,32,32,32,0,0,0,0
55,92,2,203,203,203,203,0,0,0,0
55,96,1,201,201,201,201,0,0,0,0
55,107,2,38,38,38,38,0,0,0,0
55,113,2,98,98,98,98,0,0,0,0
56,34,15,2494,2494,1660,1660,834,834,0,0
56,41,4,304,304,304,304,0,0,0,0
56,70,4,406,406,406,406,0,0,0,0
56,83,2,889,889,0,0,889,889,0,0
56,96,3,1211,1211,583,583,628,628,0,0
56,104,3,598,598,598,598,0,0,0,0
56,105,2,862,862,0,0,862,862,0,0
56,116,5,714,714,714,714,0,0,0,0
56,123,2,59,59,59,59,0,0,0,0
56,125,2,108,108,108,108,0,0,0,0
56,127,7,1351,1351,1351,1351,0,0,0,0
56,33,3,153,153,82,82,71,71,0,0
56,117,2,35,35,35,35,0,0,0,0
57,32,48,3742,3742,3241,3241,501,501,0,0
57,33,15,805,805,308,308,497,497,0,0
57,34,7,699,699,448,448,252,252,0,0
57,39,4,1101,1101,1101,1101,0,0,0,0
57,41,2,305,305,305,305,0,0,0,0
57,42,12,2987,2987,2987,2987,0,0,0,0
57,52,5,794,794,794,794,0,0,0,0
57,74,7,1546,1546,1546,1546,0,0,0,0
57,75,8,847,847,847,847,0,0,0,0
57,82,2,76,76,76,76,0,0,0,0
57,101,4,703,703,703,703,0,0,0,0
57,105,2,152,152,152,152,0,0,0,0
57,111,2,381,381,381,381,0,0,0,0
57,113,2,631,631,631,631,0,0,0,0
57,114,9,979,979,979,979,0,0,0,0
57,115,1,318,318,318,318,0,0,0,0
57,117,4,433,433,433,433,0,0,0,0
57,31,1,99,99,99,99,0,0,0,0
57,36,5,423,423,423,423,0,0,0,0
57,37,3,629,629,629,629,0,0,0,0
57,51,3,574,574,574,574,0,0,0,0
57,96,2,1085,1085,0,0,1085,1085,0,0
57,99,2,23,23,23,23,0,0,0,0
57,110,2,134,134,134,134,0,0,0,0
57,116,3,377,377,377,377,0,0,0,0
57,127,6,1739,1739,1570,1570,170,170,0,0
58,31,62,5642,5642,3697,3697,1945,1945,0,0
58,32,99,6990,6990,3091,3091,3899,3899,0,0
58,33,43,4031,4031,1345,1345,2686,2686,0,0
58,36,27,4482,4482,4482,4482,0,0,0,0
58,37,20,4763,4763,4763,4763,0,0,0,0
58,50,5,642,642,642,642,0,0,0,0
58,52,6,876,876,876,876,0,0,0,0
58,65,1,747,747,0,0,747,747,0,0
58,66,11,2447,2447,1362,1362,1085,1085,0,0
58,69,13,5458,5458,1029,1029,4429,4429,0,0
58,80,10,1362,1362,1362,1362,0,0,0,0
58,82,11,1489,1489,1489,1489,0,0,0,0
58,96,5,755,755,175,175,580,580,0,0
58,103,2,34,34,34,34,0,0,0,0
58,107,4,514,514,514,514,0,0,0,0
58,111,3,955,955,0,0,955,955,0,0
58,112,6,378,378,339,339,39,39,0,0
58,115,4,697,697,697,697,0,0,0,0
58,125,3,988,988,988,988,0,0,0,0
58,127,8,1846,1846,1398,1398,448,448,0,0
58,34,1,249,249,249,249,0,0,0,0
58,38,6,832,832,832,832,0,0,0,0
58,39,6,586,586,586,586,0,0,0,0
58,41,1,186,186,186,186,0,0,0,0
58,51,7,2220,2220,488,488,1732,1732,0,0
58,88,2,283,283,283,283,0,0,0,0
58,110,2,198,198,198,198,0,0,0,0
58,114,2,271,271,271,271,0,0,0,0
59,31,21,1377,1377,551,551,827,827,0,0
59,32,49,4153,4153,2871,2871,1283,1283,0,0
59,36,11,1501,1501,1501,1501,0,0,0,0
59,39,8,1156,1156,1156,1156,0,0,0,0
59,40,5,610,610,610,610,0,0,0,0
59,41,11,1904,1904,1904,1904,0,0,0,0
59,80,1,1326,1326,0,0,1326,1326,0,0
59,81,2,687,687,365,365,322,322,0,0
59,88,5,1223,1223,1223,1223,0,0,0,0
59,89,1,711,711,0,0,711,711,0,0
59,96,5,4835,4835,830,830,4005,4005,0,0
59,98,2,81,81,81,81,0,0,0,0
59,100,5,1274,1274,793,793,481,481,0,0
59,103,4,136,136,136,136,0,0,0,0
59,127,5,1138,1138,1138,1138,0,0,0,0
59,33,2,151,151,0,0,151,151,0,0
59,37,14,3326,3326,3009,3009,317,317,0,0
59,42,2,38,38,38,38,0,0,0,0
59,62,4,1188,1188,1188,1188,0,0,0,0
59,72,2,462,462,462,462,0,0,0,0
59,93,4,903,903,340,340,563,563,0,0
59,101,4,195,195,195,195,0,0,0,0
59,116,5,2533,2533,1331,1331,1203,1203,0,0
59,117,2,664,664,0,0,664,664,0,0
59,118,3,829,829,829,829,0,0,0,0
60,37,5,607,607,607,607,0,0,0,0
60,48,5,912,912,912,912,0,0,0,0
60,64,3,596,596,596,596,0,0,0,0
60,73,11,3449,3449,941,941,2508,2508,0,0
60,74,17,3727,3727,3083,3083,645,645,0,0
60,84,2,317,317,0,0,317,317,0,0
60,85,3,601,601,601,601,0,0,0,0
60,86,9,1267,1267,1267,1267,0,0,0,0
60,87,8,1103,1103,1103,1103,0,0,0,0
60,89,2,148,148,148,148,0,0,0,0
60,90,2,45,45,45,45,0,0,0,0
60,94,3,1392,1392,1392,1392,0,0,0,0
60,96,2,66,66,66,66,0,0,0,0
60,97,2,145,145,145,145,0,0,0,0
60,98,1,181,181,181,181,0,0,0,0
60,100,6,620,620,620,620,0,0,0,0
60,103,4,121,121,121,121,0,0,0,0
60,109,10,2549,2549,936,936,1613,1613,0,0
60,126,2,394,394,394,394,0,0,0,0
60,127,3,973,973,973,973,0,0,0,0
60,45,4,587,587,587,587,0,0,0,0
60,105,4,114,114,114,114,0,0,0,0
60,107,2,90,90,90,90,0,0,0,0
60,116,2,140,140,140,140,0,0,0,0
60,125,2,439,439,439,439,0,0,0,0
61,33,1,306,306,0,0,306,306,0,0
61,40,4,692,692,692,692,0,0,0,0
61,44,2,271,271,271,271,0,0,0,0
61,47,5,634,634,634,634,0,0,0,0
61,74,3,563,563,563,563,0,0,0,0
61,78,11,2125,2125,1509,1509,616,616,0,0
61,89,4,123,123,123,123,0,0,0,0
61,96,5,666,666,666,666,0,0,0,0
61,99,2,20,20,20,20,0,0,0,0
61,126,6,1293,1293,1293,1293,0,0,0,0
61,32,5,1498,1498,294,294,1204,1204,0,0
61,34,2,106,106,106,106,0,0,0,0
61,35,7,601,601,601,601,0,0,0,0
61,38,2,129,129,129,129,0,0,0,0
61,45,1,686,686,686,686,0,0,0,0
61,109,2,74,74,74,74,0,0,0,0
61,116,2,61,61,61,61,0,0,0,0
61,118,2,770,770,770,770,0,0,0,0
61,119,1,397,397,397,397,0,0,0,0
61,127,2,310,310,310,310,0,0,0,0
62,27,1,337,337,337,337,0,0,0,0
62,32,6,1081,1081,1081,1081,0,0,0,0
62,43,8,2053,2053,2053,2053,0,0,0,0
62,47,2,460,460,460,460,0,0,0,0
62,73,5,1341,1341,1341,1341,0,0,0,0
62,77,4,322,322,322,322,0,0,0,0
62,80,7,2669,2669,1755,1755,914,914,0,0
62,96,2,99,99,99,99,0,0,0,0
62,104,7,833,833,833,833,0,0,0,0
62,108,1,230,230,230,230,0,0,0,0
62,113,4,374,374,374,374,0,0,0,0
62,117,1,123,123,123,123,0,0,0,0
62,118,7,1362,1362,1362,1362,0,0,0,0
62,125,1,334,334,334,334,0,0,0,0
62,34,4,433,433,433,433,0,0,0,0
62,38,3,316,316,316,316,0,0,0,0
62,48,2,86,86,86,86,0,0,0,0
62,62,1,388,388,388,388,0,0,0,0
62,63,7,2287,2287,2287,2287,0,0,0,0
62,71,2,253,253,253,253,0,0,0,0
62,72,1,277,277,277,277,0,0,0,0
62,76,2,73,73,73,73,0,0,0,0
62,78,4,127,127,127,127,0,0,0,0
62,88,1,82,82,82,82,0,0,0,0
62,97,2,470,470,470,470,0,0,0,0
62,99,4,312,312,312,312,0,0,0,0
62,106,2,75,75,75,75,0,0,0,0
62,110,4,311,311,311,311,0,0,0,0
62,114,2,192,192,192,192,0,0,0,0
62,115,2,127,127,127,127,0,0,0,0
62,122,2,337,337,337,337,0,0,0,0
62,124,2,300,300,300,300,0,0,0,0
63,33,9,2274,2274,485,485,1789,1789,0,0
63,42,4,780,780,780,780,0,0,0,0
63,45,2,475,475,475,475,0,0,0,0
63,62,4,2915,2915,2915,2915,0,0,0,0
63,96,2,124,124,124,124,0,0,0,0
63,101,2,239,239,239,239,0,0,0,0
63,103,6,759,759,759,759,0,0,0,0
63,109,2,514,514,514,514,0,0,0,0
63,112,8,4655,4655,111,111,4544,4544,0,0
63,123,2,1047,1047,1047,1047,0,0,0,0
63,41,2,427,427,427,427,0,0,0,0
63,74,4,335,335,335,335,0,0,0,0
63,76,4,287,287,225,225,62,62,0,0
63,86,3,3510,3510,0,0,3510,3510,0,0
63,121,4,142,142,142,142,0,0,0,0
64,29,1,404,404,0,0,404,404,0,0
64,33,4,269,269,269,269,0,0,0,0
64,34,1,70,70,70,70,0,0,0,0
64,86,3,765,765,765,765,0,0,0,0
64,101,5,1929,1929,698,698,1231,1231,0,0
64,102,6,549,549,549,549,0,0,0,0
64,106,2,173,173,173,173,0,0,0,0
64,110,2,94,94,94,94,0,0,0,0
64,111,2,59,59,59,59,0,0,0,0
64,112,9,11619,11619,0,0,11619,11619,0,0
64,41,1,327,327,327,327,0,0,0,0
64,46,2,133,133,133,133,0,0,0,0
64,76,3,841,841,841,841,0,0,0,0
64,100,2,55,55,55,55,0,0,0,0
64,103,1,132,132,132,132,0,0,0,0
64,109,2,65,65,65,65,0,0,0,0
64,117,2,198,198,198,198,0,0,0,0
64,120,1,80,80,80,80,0,0,0,0
65,34,2,237,237,237,237,0,0,0,0
65,37,1,137,137,137,137,0,0,0,0
65,41,1,408,408,408,408,0,0,0,0
65,73,2,89,89,89,89,0,0,0,0
65,74,7,1258,1258,1258,1258,0,0,0,0
65,75,2,531,531,531,531,0,0,0,0
65,76,1,531,531,531,531,0,0,0,0
65,96,2,151,151,151,151,0,0,0,0
65,98,1,186,186,186,186,0,0,0,0
65,116,2,231,231,231,231,0,0,0,0
65,31,1,608,608,608,608,0,0,0,0
65,32,6,983,983,983,983,0,0,0,0
65,46,4,685,685,685,685,0,0,0,0
65,50,2,556,556,0,0,556,556,0,0
65,51,11,1128,1128,783,783,345,345,0,0
65,79,1,592,592,592,592,0,0,0,0
65,86,2,328,328,328,328,0,0,0,0
65,104,3,255,255,255,255,0,0,0,0
65,107,6,490,490,490,490,0,0,0,0
65,119,2,174,174,174,174,0,0,0,0
66,32,6,1612,1612,1612,1612,0,0,0,0
66,35,2,57,57,57,57,0,0,0,0
66,39,4,654,654,654,654,0,0,0,0
66,40,2,346,346,346,346,0,0,0,0
66,49,2,97,97,97,97,0,0,0,0
66,51,3,2209,2209,0,0,2209,2209,0,0
66,62,2,1018,1018,0,0,1018,1018,0,0
66,67,2,365,365,365,365,0,0,0,0
66,75,7,1102,1102,1102,1102,0,0,0,0
66,97,4,1567,1567,247,247,1320,1320,0,0
66,103,5,346,346,346,346,0,0,0,0
66,105,15,1945,1945,1320,1320,625,625,0,0
66,111,2,71,71,71,71,0,0,0,0
66,117,3,283,283,283,283,0,0,0,0
66,122,2,195,195,195,195,0,0,0,0
66,31,2,694,694,694,694,0,0,0,0
66,38,1,129,129,129,129,0,0,0,0
66,52,2,1295,1295,0,0,1295,1295,0,0
66,55,4,1110,1110,1110,1110,0,0,0,0
66,56,1,534,534,534,534,0,0,0,0
66,68,2,47,47,47,47,0,0,0,0
66,74,4,393,393,393,393,0,0,0,0
66,93,1,441,441,29,29,412,412,0,0
66,94,1,478,478,249,249,229,229,0,0
66,98,2,188,188,188,188,0,0,0,0
66,104,1,1660,1660,0,0,1660,1660,0,0
66,119,2,2768,2768,0,0,2768,2768,0,0
66,120,2,4868,4868,0,0,4868,4868,0,0
66,125,1,21,21,21,21,0,0,0,0
67,39,2,84,84,84,84,0,0,0,0
67,56,2,559,559,559,559,0,0,0,0
67,74,4,647,647,647,647,0,0,0,0
67,83,3,372,372,372,372,0,0,0,0
67,84,2,700,700,0,0,700,700,0,0
67,91,1,399,399,0,0,399,399,0,0
67,93,1,651,651,651,651,0,0,0,0
67,94,6,2805,2805,2805,2805,0,0,0,0
67,97,2,196,196,196,196,0,0,0,0
67,100,3,76,76,76,76,0,0,0,0
67,105,6,560,560,560,560,0,0,0,0
67,114,6,190,190,190,190,0,0,0,0
67,119,6,5726,5726,0,0,5726,5726,0,0
67,122,4,426,426,426,426,0,0,0,0
67,36,2,226,226,226,226,0,0,0,0
67,38,2,345,345,345,345,0,0,0,0
67,44,2,60,60,60,60,0,0,0,0
67,49,2,115,115,115,115,0,0,0,0
67,79,12,1768,1768,1325,1325,442,442,0,0
67,109,2,210,210,210,210,0,0,0,0
67,127,2,48,48,48,48,0,0,0,0
68,29,4,1010,1010,1010,1010,0,0,0,0
68,36,1,158,158,158,158,0,0,0,0
68,37,7,262,262,262,262,0,0,0,0
68,72,2,82,82,82,82,0,0,0,0
68,74,4,200,200,200,200,0,0,0,0
68,78,1,352,352,352,352,0,0,0,0
68,79,2,262,262,262,262,0,0,0,0
68,92,2,473,473,473,473,0,0,0,0
68,94,2,236,236,236,236,0,0,0,0
68,101,2,199,199,199,199,0,0,0,0
68,106,1,105,105,105,105,0,0,0,0
68,109,2,377,377,377,377,0,0,0,0
68,124,5,71,71,71,71,0,0,0,0
68,30,1,443,443,443,443,0,0,0,0
68,96,2,189,189,189,189,0,0,0,0
68,99,4,201,201,201,201,0,0,0,0
68,102,3,694,694,694,694,0,0,0,0
68,110,1,172,172,172,172,0,0,0,0
69,29,2,316,316,316,316,0,0,0,0
69,30,2,648,648,648,648,0,0,0,0
69,57,3,921,921,921,921,0,0,0,0
69,58,4,1423,1423,518,518,905,905,0,0
69,81,8,1783,1783,985,985,798,798,0,0
69,92,2,464,464,0,0,464,464,0,0
69,97,4,242,242,242,242,0,0,0,0
69,101,2,1122,1122,0,0,1122,1122,0,0
69,105,3,167,167,167,167,0,0,0,0
69,110,4,880,880,880,880,0,0,0,0
69,125,2,285,285,285,285,0,0,0,0
69,28,6,3161,3161,1298,1298,1863,1863,0,0
69,34,2,239,239,239,239,0,0,0,0
69,46,5,182,182,182,182,0,0,0,0
69,72,1,391,391,391,391,0,0,0,0
69,73,2,112,112,112,112,0,0,0,0
69,75,5,1341,1341,1341,1341,0,0,0,0
69,93,2,478,478,0,0,478,478,0,0
69,99,5,270,270,270,270,0,0,0,0
69,120,2,1366,1366,0,0,1366,1366,0,0
69,127,7,2212,2212,711,711,1502,1502,0,0
70,30,4,265,265,265,265,0,0,0,0
70,34,5,1161,1161,1161,1161,0,0,0,0
70,38,6,1091,1091,769,769,322,322,0,0
70,40,4,549,549,549,549,0,0,0,0
70,42,5,1744,1744,847,847,897,897,0,0
70,51,3,216,216,216,216,0,0,0,0
70,57,2,1353,1353,0,0,1353,1353,0,0
70,75,2,350,350,350,350,0,0,0,0
70,79,7,1116,1116,1116,1116,0,0,0,0
70,80,5,1018,1018,296,296,722,722,0,0
70,81,2,278,278,278,278,0,0,0,0
70,93,4,1921,1921,844,844,1078,1078,0,0
70,97,2,210,210,210,210,0,0,0,0
70,100,2,182,182,182,182,0,0,0,0
70,106,4,640,640,117,117,523,523,0,0
70,108,2,236,236,236,236,0,0,0,0
70,119,4,269,269,269,269,0,0,0,0
70,125,4,136,136,136,136,0,0,0,0
70,127,3,291,291,177,177,114,114,0,0
70,26,3,975,975,975,975,0,0,0,0
70,92,4,1606,1606,1606,1606,0,0,0,0
70,94,1,218,218,218,218,0,0,0,0
70,103,2,392,392,392,392,0,0,0,0
70,109,1,305,305,305,305,0,0,0,0
71,26,3,724,724,724,724,0,0,0,0
71,28,7,2286,2286,2286,2286,0,0,0,0
71,35,2,285,285,285,285,0,0,0,0
71,42,1,491,491,0,0,491,491,0,0
71,59,3,882,882,882,882,0,0,0,0
71,60,2,346,346,346,346,0,0,0,0
71,72,2,87,87,87,87,0,0,0,0
71,75,4,780,780,780,780,0,0,0,0
71,92,3,1087,1087,1087,1087,0,0,0,0
71,100,3,135,135,135,135,0,0,0,0
71,103,1,287,287,287,287,0,0,0,0
71,25,6,1233,1233,1233,1233,0,0,0,0
71,27,2,195,195,195,195,0,0,0,0
71,34,2,1086,1086,0,0,1086,1086,0,0
71,93,3,553,553,553,553,0,0,0,0
71,98,2,175,175,175,175,0,0,0,0
71,101,2,214,214,214,214,0,0,0,0
71,104,2,307,307,307,307,0,0,0,0
71,119,2,244,244,244,244,0,0,0,0
71,124,6,220,220,220,220,0,0,0,0
72,25,2,367,367,367,367,0,0,0,0
72,27,4,1113,1113,735,735,377,377,0,0
72,33,3,1190,1190,335,335,854,854,0,0
72,34,9,2378,2378,1826,1826,552,552,0,0
72,76,2,344,344,344,344,0,0,0,0
72,79,4,469,469,469,469,0,0,0,0
72,80,7,927,927,927,927,0,0,0,0
72,118,2,272,272,272,272,0,0,0,0
72,123,8,674,674,662,662,12,12,0,0
72,124,1,410,410,0,0,410,410,0,0
72,14,5,876,876,798,798,78,78,0,0
72,16,2,60,60,60,60,0,0,0,0
72,32,4,1026,1026,1026,1026,0,0,0,0
72,37,4,1472,1472,1472,1472,0,0,0,0
72,45,1,15,15,15,15,0,0,0,0
72,94,2,353,353,353,353,0,0,0,0
72,102,2,73,73,73,73,0,0,0,0
72,104,2,279,279,279,279,0,0,0,0
72,117,1,582,582,582,582,0,0,0,0
73,14,2,494,494,0,0,494,494,0,0
73,18,4,835,835,835,835,0,0,0,0
73,49,1,298,298,298,298,0,0,0,0
73,69,3,2080,2080,0,0,2080,2080,0,0
73,75,2,73,73,73,73,0,0,0,0
73,76,4,620,620,620,620,0,0,0,0
73,91,1,491,491,0,0,491,491,0,0
73,95,2,98,98,98,98,0,0,0,0
73,101,2,680,680,680,680,0,0,0,0
73,107,2,389,389,389,389,0,0,0,0
73,110,2,337,337,337,337,0,0,0,0
73,112,2,133,133,133,133,0,0,0,0
73,116,2,485,485,485,485,0,0,0,0
73,121,2,824,824,824,824,0,0,0,0
73,122,4,224,224,224,224,0,0,0,0
73,8,2,64,64,64,64,0,0,0,0
73,13,2,193,193,193,193,0,0,0,0
73,16,2,669,669,669,669,0,0,0,0
73,32,4,609,609,609,609,0,0,0,0
73,42,2,422,422,422,422,0,0,0,0
73,77,2,414,414,414,414,0,0,0,0
73,109,2,69,69,69,69,0,0,0,0
74,8,13,3447,3447,3447,3447,0,0,0,0
74,9,18,4452,4452,4452,4452,0,0,0,0
74,11,2,154,154,154,154,0,0,0,0
74,13,7,897,897,897,897,0,0,0,0
74,27,2,198,198,198,198,0,0,0,0
74,75,4,153,153,153,153,0,0,0,0
74,76,2,266,266,266,266,0,0,0,0
74,77,4,430,430,430,430,0,0,0,0
74,78,5,1205,1205,723,723,482,482,0,0
74,87,6,1640,1640,259,259,1381,1381,0,0
74,92,1,473,473,0,0,473,473,0,0
74,95,2,20,20,20,20,0,0,0,0
74,106,6,484,484,484,484,0,0,0,0
74,108,2,186,186,186,186,0,0,0,0
74,109,2,166,166,166,166,0,0,0,0
74,122,6,269,269,269,269,0,0,0,0
74,12,3,1029,1029,1029,1029,0,0,0,0
74,14,2,336,336,336,336,0,0,0,0
74,17,2,83,83,83,83,0,0,0,0
74,19,2,205,205,205,205,0,0,0,0
74,20,3,607,607,607,607,0,0,0,0
74,31,2,38,38,38,38,0,0,0,0
74,39,1,292,292,292,292,0,0,0,0
74,44,3,1345,1345,310,310,1035,1035,0,0
74,48,6,922,922,362,362,561,561,0,0
74,62,2,260,260,260,260,0,0,0,0
74,66,5,782,782,782,782,0,0,0,0
74,74,1,91,91,91,91,0,0,0,0
74,89,2,79,79,79,79,0,0,0,0
74,94,1,396,396,396,396,0,0,0,0
74,96,2,621,621,621,621,0,0,0,0
74,107,1,269,269,269,269,0,0,0,0
74,110,2,244,244,244,244,0,0,0,0
74,113,2,539,539,539,539,0,0,0,0
74,115,2,137,137,137,137,0,0,0,0
75,8,40,14766,14766,14766,14766,0,0,0,0
75,9,1,643,643,643,643,0,0,0,0
75,12,8,1052,1052,1052,1052,0,0,0,0
75,13,2,35,35,35,35,0,0,0,0
75,20,11,3004,3004,1114,1114,1890,1890,0,0
75,21,5,825,825,825,825,0,0,0,0
75,25,2,80,80,80,80,0,0,0,0
75,29,10,4611,4611,3289,3289,1322,1322,0,0
75,30,3,549,549,549,549,0,0,0,0
75,34,7,3176,3176,2445,2445,731,731,0,0
75,36,6,627,627,627,627,0,0,0,0
75,44,5,1925,1925,444,444,1480,1480,0,0
75,64,9,3990,3990,1742,1742,2249,2249,0,0
75,75,1,232,232,232,232,0,0,0,0
75,95,4,326,326,326,326,0,0,0,0
75,109,6,585,585,585,585,0,0,0,0
75,7,7,2887,2887,2887,2887,0,0,0,0
75,17,4,547,547,547,547,0,0,0,0
75,18,4,623,623,623,623,0,0,0,0
75,19,3,543,543,543,543,0,0,0,0
75,61,2,46,46,46,46,0,0,0,0
75,74,2,741,741,0,0,741,741,0,0
75,81,2,390,390,390,390,0,0,0,0
75,82,1,484,484,484,484,0,0,0,0
75,88,7,1946,1946,307,307,1639,1639,0,0
75,106,2,145,145,145,145,0,0,0,0
75,108,2,138,138,138,138,0,0,0,0
75,110,2,447,447,447,447,0,0,0,0
76,7,32,9393,9393,9393,9393,0,0,0,0
76,8,15,4602,4602,4602,4602,0,0,0,0
76,12,4,1056,1056,1056,1056,0,0,0,0
76,14,2,66,66,66,66,0,0,0,0
76,15,28,8203,8203,8203,8203,0,0,0,0
76,16,35,9364,9364,9364,9364,0,0,0,0
76,17,3,441,441,441,441,0,0,0,0
76,24,3,426,426,426,426,0,0,0,0
76,61,6,682,682,682,682,0,0,0,0
76,74,4,792,792,792,792,0,0,0,0
76,95,3,626,626,626,626,0,0,0,0
76,96,17,1959,1959,1959,1959,0,0,0,0
76,106,1,43,43,43,43,0,0,0,0
76,107,4,936,936,399,399,537,537,0,0
76,108,2,175,175,175,175,0,0,0,0
76,110,1,155,155,155,155,0,0,0,0
76,115,2,72,72,72,72,0,0,0,0
76,10,2,203,203,203,203,0,0,0,0
76,13,2,707,707,0,0,707,707,0,0
76,31,2,509,509,509,509,0,0,0,0
76,32,2,98,98,98,98,0,0,0,0
76,47,2,219,219,219,219,0,0,0,0
76,64,2,213,213,213,213,0,0,0,0
76,65,9,1476,1476,1476,1476,0,0,0,0
76,117,2,377,377,377,377,0,0,0,0
76,118,2,385,385,385,385,0,0,0,0
77,7,30,14310,14310,14146,14146,164,164,0,0
77,9,5,798,798,798,798,0,0,0,0
77,11,4,247,247,247,247,0,0,0,0
77,13,16,4986,4986,4556,4556,429,429,0,0
77,14,58,12588,12588,12588,12588,0,0,0,0
77,15,40,11705,11705,11705,11705,0,0,0,0
77,16,35,10954,10954,10954,10954,0,0,0,0
77,61,3,293,293,293,293,0,0,0,0
77,77,2,412,412,412,412,0,0,0,0
77,95,2,122,122,122,122,0,0,0,0
77,96,2,122,122,122,122,0,0,0,0
77,97,5,485,485,485,485,0,0,0,0
77,118,2,53,53,53,53,0,0,0,0
77,6,9,2693,2693,2693,2693,0,0,0,0
77,8,1,511,511,511,511,0,0,0,0
77,17,4,1120,1120,1120,1120,0,0,0,0
77,32,2,235,235,235,235,0,0,0,0
77,59,3,613,613,613,613,0,0,0,0
77,109,3,667,667,667,667,0,0,0,0
77,112,2,278,278,278,278,0,0,0,0
77,115,2,33,33,33,33,0,0,0,0
78,5,22,8712,8712,8712,8712,0,0,0,0
78,6,63,14208,14208,14208,14208,0,0,0,0
78,7,28,12767,12767,12767,12767,0,0,0,0
78,8,11,2357,2357,2357,2357,0,0,0,0
78,9,6,1281,1281,1281,1281,0,0,0,0
78,13,42,9561,9561,9561,9561,0,0,0,0
78,14,55,14104,14104,14104,14104,0,0,0,0
78,15,42,15217,15217,15217,15217,0,0,0,0
78,16,45,10586,10586,10586,10586,0,0,0,0
78,17,18,5547,5547,5547,5547,0,0,0,0
78,18,13,2149,2149,2149,2149,0,0,0,0
78,20,1,442,442,442,442,0,0,0,0
78,28,15,3770,3770,2146,2146,1624,1624,0,0
78,32,2,33,33,33,33,0,0,0,0
78,43,2,78,78,78,78,0,0,0,0
78,59,2,82,82,82,82,0,0,0,0
78,63,7,1489,1489,306,306,1184,1184,0,0
78,97,1,241,241,241,241,0,0,0,0
78,102,4,225,225,225,225,0,0,0,0
78,110,7,2343,2343,446,446,1897,1897,0,0
78,114,8,743,743,697,697,46,46,0,0
78,117,3,651,651,651,651,0,0,0,0
78,11,2,203,203,203,203,0,0,0,0
78,30,1,73,73,73,73,0,0,0,0
78,39,2,195,195,195,195,0,0,0,0
78,50,2,487,487,487,487,0,0,0,0
78,58,4,434,434,434,434,0,0,0,0
78,61,2,443,443,443,443,0,0,0,0
78,96,2,25,25,25,25,0,0,0,0
78,112,5,497,497,497,497,0,0,0,0
78,116,1,722,722,722,722,0,0,0,0
79,4,24,8209,8209,8209,8209,0,0,0,0
79,5,52,14402,14402,14402,14402,0,0,0,0
79,6,31,6925,6925,6925,6925,0,0,0,0
79,9,4,725,725,725,725,0,0,0,0
79,13,37,7325,7325,7325,7325,0,0,0,0
79,14,29,3402,3402,3402,3402,0,0,0,0
79,15,29,7467,7467,6367,6367,0,0,1101,1101
79,16,44,12277,12277,12277,12277,0,0,0,0
79,17,44,8814,8814,8814,8814,0,0,0,0
79,60,5,793,793,793,793,0,0,0,0
79,61,4,409,409,409,409,0,0,0,0
79,63,4,789,789,286,286,503,503,0,0
79,66,4,364,364,364,364,0,0,0,0
79,84,1,401,401,401,401,0,0,0,0
79,101,4,732,732,732,732,0,0,0,0
79,102,16,3598,3598,3598,3598,0,0,0,0
79,3,1,659,659,659,659,0,0,0,0
79,12,2,2257,2257,2257,2257,0,0,0,0
79,33,2,608,608,608,608,0,0,0,0
79,53,2,190,190,190,190,0,0,0,0
79,59,2,257,257,257,257,0,0,0,0
79,100,6,1027,1027,1027,1027,0,0,0,0
79,103,1,104,104,104,104,0,0,0,0
79,104,2,205,205,205,205,0,0,0,0
79,113,5,693,693,693,693,0,0,0,0
79,115,4,493,493,493,493,0,0,0,0
79,117,2,167,167,167,167,0,0,0,0
80,2,164,9487,9487,1341,1341,8146,8146,0,0
80,4,29,6282,6282,6282,6282,0,0,0,0
80,5,39,9300,9300,9300,9300,0,0,0,0
80,9,3,825,825,825,825,0,0,0,0
80,12,13,379,379,379,379,0,0,0,0
80,13,4,151,151,151,151,0,0,0,0
80,16,8,2277,2277,2277,2277,0,0,0,0
80,17,49,11711,11711,11711,11711,0,0,0,0
80,19,2,269,269,269,269,0,0,0,0
80,36,10,1589,1589,1589,1589,0,0,0,0
80,37,3,1991,1991,79,79,1912,1912,0,0
80,39,2,194,194,194,194,0,0,0,0
80,42,3,228,228,228,228,0,0,0,0
80,57,4,465,465,465,465,0,0,0,0
80,59,5,910,910,910,910,0,0,0,0
80,99,5,662,662,662,662,0,0,0,0
80,104,14,3365,3365,3365,3365,0,0,0,0
80,105,12,1436,1436,1436,1436,0,0,0,0
80,107,2,227,227,227,227,0,0,0,0
80,108,2,601,601,601,601,0,0,0,0
80,109,2,225,225,225,225,0,0,0,0
80,112,2,26,26,26,26,0,0,0,0
80,115,2,297,297,297,297,0,0,0,0
80,116,6,1312,1312,1312,1312,0,0,0,0
80,1,19,1545,1545,698,698,848,848,0,0
80,3,5,666,666,436,436,230,230,0,0
80,32,2,265,265,265,265,0,0,0,0
80,45,1,127,127,127,127,0,0,0,0
80,49,2,198,198,198,198,0,0,0,0
80,58,7,733,733,733,733,0,0,0,0
80,65,12,1521,1521,1521,1521,0,0,0,0
80,66,1,490,490,323,323,167,167,0,0
80,101,4,474,474,474,474,0,0,0,0
80,114,4,646,646,646,646,0,0,0,0
81,0,44,8007,8007,7765,7765,242,242,0,0
81,1,135,12110,12110,5553,5553,6556,6556,0,0
81,2,56,3439,3439,1632,1632,1807,1807,0,0
81,3,5,264,264,0,0,264,264,0,0
81,4,5,380,380,380,380,0,0,0,0
81,9,5,1179,1179,1179,1179,0,0,0,0
81,13,10,400,400,400,400,0,0,0,0
81,17,47,12316,12316,12316,12316,0,0,0,0
81,18,41,9225,9225,9225,9225,0,0,0,0
81,19,6,587,587,587,587,0,0,0,0
81,30,9,3108,3108,648,648,2460,2460,0,0
81,32,6,730,730,730,730,0,0,0,0
81,48,6,1228,1228,1228,1228,0,0,0,0
81,49,8,966,966,424,424,542,542,0,0
81,60,6,940,940,940,940,0,0,0,0
81,65,3,153,153,132,132,22,22,0,0
81,66,1,682,682,0,0,682,682,0,0
81,101,2,170,170,170,170,0,0,0,0
81,105,2,52,52,52,52,0,0,0,0
81,109,2,126,126,126,126,0,0,0,0
81,112,2,66,66,66,66,0,0,0,0
81,25,3,836,836,836,836,0,0,0,0
81,37,2,73,73,73,73,0,0,0,0
81,38,1,30,30,30,30,0,0,0,0
81,47,2,251,251,251,251,0,0,0,0
81,53,4,353,353,353,353,0,0,0,0
81,55,3,338,338,338,338,0,0,0,0
81,73,1,254,254,254,254,0,0,0,0
81,74,1,1292,1292,97,97,1194,1194,0,0
81,89,1,44,44,44,44,0,0,0,0
81,106,5,777,777,777,777,0,0,0,0
81,107,4,134,134,134,134,0,0,0,0
81,108,2,246,246,246,246,0,0,0,0
81,114,1,176,176,176,176,0,0,0,0
82,0,22,6650,6650,6650,6650,0,0,0,0
82,1,53,8894,8894,8894,8894,0,0,0,0
82,8,3,770,770,770,770,0,0,0,0
82,13,2,78,78,78,78,0,0,0,0
82,15,3,1039,1039,1039,1039,0,0,0,0
82,17,19,4360,4360,4360,4360,0,0,0,0
82,18,18,3911,3911,3911,3911,0,0,0,0
82,25,3,2408,2408,2408,2408,0,0,0,0
82,28,2,125,125,125,125,0,0,0,0
82,38,4,118,118,118,118,0,0,0,0
82,42,5,1588,1588,1588,1588,0,0,0,0
82,45,5,376,376,376,376,0,0,0,0
82,47,10,760,760,760,760,0,0,0,0
82,53,4,427,427,427,427,0,0,0,0
82,61,11,1054,1054,1054,1054,0,0,0,0
82,65,14,2987,2987,1727,1727,1260,1260,0,0
82,73,4,933,933,404,404,529,529,0,0
82,74,3,3783,3783,0,0,3783,3783,0,0
82,78,2,220,220,220,220,0,0,0,0
82,90,2,95,95,95,95,0,0,0,0
82,91,1,63,63,63,63,0,0,0,0
82,102,2,422,422,422,422,0,0,0,0
82,107,4,1017,1017,1017,1017,0,0,0,0
82,108,6,816,816,816,816,0,0,0,0
82,116,5,989,989,989,989,0,0,0,0
82,117,2,290,290,290,290,0,0,0,0
82,118,4,489,489,489,489,0,0,0,0
82,26,1,2810,2810,0,0,2810,2810,0,0
82,33,2,136,136,136,136,0,0,0,0
82,35,1,171,171,171,171,0,0,0,0
82,55,8,688,688,688,688,0,0,0,0
82,87,1,927,927,927,927,0,0,0,0
82,101,7,538,538,538,538,0,0,0,0
82,103,2,327,327,327,327,0,0,0,0
82,105,2,218,218,218,218,0,0,0,0
82,110,2,166,166,166,166,0,0,0,0
83,0,25,11916,11916,11916,11916,0,0,0,0
83,1,9,1013,1013,1013,1013,0,0,0,0
83,12,2,67,67,67,67,0,0,0,0
83,23,3,428,428,428,428,0,0,0,0
83,35,1,225,225,225,225,0,0,0,0
83,38,3,713,713,713,713,0,0,0,0
83,55,4,419,419,419,419,0,0,0,0
83,62,2,212,212,212,212,0,0,0,0
83,64,10,1117,1117,1117,1117,0,0,0,0
83,65,4,396,396,396,396,0,0,0,0
83,88,6,199,199,199,199,0,0,0,0
83,89,2,77,77,77,77,0,0,0,0
83,90,2,83,83,83,83,0,0,0,0
83,102,6,1100,1100,1100,1100,0,0,0,0
83,105,2,138,138,138,138,0,0,0,0
83,113,1,129,129,129,129,0,0,0,0
83,114,4,619,619,619,619,0,0,0,0
83,9,2,975,975,16,16,959,959,0,0
83,14,4,481,481,481,481,0,0,0,0
83,24,1,668,668,0,0,668,668,0,0
83,39,5,1198,1198,1198,1198,0,0,0,0
83,43,2,471,471,471,471,0,0,0,0
83,44,4,703,703,703,703,0,0,0,0
83,73,2,175,175,175,175,0,0,0,0
83,80,1,219,219,219,219,0,0,0,0
83,91,2,87,87,87,87,0,0,0,0
83,92,2,79,79,79,79,0,0,0,0
83,104,10,938,938,938,938,0,0,0,0
83,109,1,43,43,43,43,0,0,0,0
83,110,2,384,384,384,384,0,0,0,0
83,112,1,277,277,277,277,0,0,0,0
83,115,2,190,190,190,190,0,0,0,0
83,117,2,67,67,67,67,0,0,0,0
83,118,4,620,620,620,620,0,0,0,0
84,3,5,659,659,659,659,0,0,0,0
84,9,1,611,611,611,611,0,0,0,0
84,10,1,400,400,400,400,0,0,0,0
84,24,14,2999,2999,2999,2999,0,0,0,0
84,25,4,913,913,913,913,0,0,0,0
84,38,3,481,481,481,481,0,0,0,0
84,39,3,633,633,633,633,0,0,0,0
84,44,2,277,277,277,277,0,0,0,0
84,56,16,2292,2292,2292,2292,0,0,0,0
84,62,6,341,341,341,341,0,0,0,0
84,88,2,54,54,54,54,0,0,0,0
84,89,2,81,81,81,81,0,0,0,0
84,92,2,55,55,55,55,0,0,0,0
84,102,2,283,283,283,283,0,0,0,0
84,104,2,456,456,456,456,0,0,0,0
84,108,2,205,205,205,205,0,0,0,0
84,110,3,275,275,275,275,0,0,0,0
84,112,8,1570,1570,1570,1570,0,0,0,0
84,116,2,117,117,117,117,0,0,0,0
84,7,2,155,155,155,155,0,0,0,0
84,11,3,494,494,494,494,0,0,0,0
84,12,4,629,629,629,629,0,0,0,0
84,14,1,14,14,14,14,0,0,0,0
84,20,2,431,431,431,431,0,0,0,0
84,34,2,91,91,91,91,0,0,0,0
84,37,2,115,115,115,115,0,0,0,0
84,40,6,1149,1149,1149,1149,0,0,0,0
84,49,4,602,602,602,602,0,0,0,0
84,59,5,325,325,325,325,0,0,0,0
84,93,2,89,89,89,89,0,0,0,0
84,94,2,52,52,52,52,0,0,0,0
84,105,2,22,22,22,22,0,0,0,0
84,109,2,47,47,47,47,0,0,0,0
84,113,4,149,149,149,149,0,0,0,0
84,114,1,75,75,75,75,0,0,0,0
84,118,2,286,286,286,286,0,0,0,0
85,20,6,1862,1862,1862,1862,0,0,0,0
85,21,12,2470,2470,2470,2470,0,0,0,0
85,24,1,1328,1328,0,0,1328,1328,0,0
85,25,1,175,175,175,175,0,0,0,0
85,57,14,2160,2160,2160,2160,0,0,0,0
85,75,1,307,307,307,307,0,0,0,0
85,91,6,334,334,334,334,0,0,0,0
85,93,3,107,107,107,107,0,0,0,0
85,103,4,270,270,270,270,0,0,0,0
85,106,6,490,490,490,490,0,0,0,0
85,113,6,1287,1287,293,293,994,994,0,0
85,9,2,112,112,112,112,0,0,0,0
85,16,10,1437,1437,1437,1437,0,0,0,0
85,37,6,634,634,634,634,0,0,0,0
85,40,2,610,610,610,610,0,0,0,0
85,50,3,513,513,73,73,440,440,0,0
85,51,1,564,564,0,0,564,564,0,0
85,104,2,27,27,27,27,0,0,0,0
85,108,2,97,97,97,97,0,0,0,0
85,110,2,18,18,18,18,0,0,0,0
86,8,13,1515,1515,1515,1515,0,0,0,0
86,14,11,2042,2042,2042,2042,0,0,0,0
86,16,2,287,287,287,287,0,0,0,0
86,21,6,739,739,739,739,0,0,0,0
86,36,2,72,72,72,72,0,0,0,0
86,39,11,9798,9798,961,961,8837,8837,0,0
86,61,10,1144,1144,1144,1144,0,0,0,0
86,110,4,582,582,582,582,0,0,0,0
86,113,21,7119,7119,4449,4449,2669,2669,0,0
86,0,2,2108,2108,0,0,2108,2108,0,0
86,40,2,1526,1526,0,0,1526,1526,0,0
86,58,6,424,424,424,424,0,0,0,0
86,66,6,2382,2382,1661,1661,721,721,0,0
86,105,4,235,235,235,235,0,0,0,0
86,109,2,73,73,73,73,0,0,0,0
86,114,2,133,133,133,133,0,0,0,0
86,127,1,20,20,20,20,0,0,0,0
87,0,4,3195,3195,1720,1720,1475,1475,0,0
87,14,10,1023,1023,1023,1023,0,0,0,0
87,24,6,1555,1555,1555,1555,0,0,0,0
87,26,11,1447,1447,1447,1447,0,0,0,0
87,31,3,1358,1358,371,371,987,987,0,0
87,35,7,601,601,601,601,0,0,0,0
87,36,4,377,377,377,377,0,0,0,0
87,59,6,1716,1716,720,720,996,996,0,0
87,66,3,2328,2328,0,0,2328,2328,0,0
87,98,3,417,417,417,417,0,0,0,0
87,111,4,74,74,74,74,0,0,0,0
87,119,2,154,154,154,154,0,0,0,0
87,9,2,94,94,94,94,0,0,0,0
87,21,6,694,694,694,694,0,0,0,0
87,23,1,336,336,336,336,0,0,0,0
87,25,1,418,418,418,418,0,0,0,0
87,27,6,1203,1203,1203,1203,0,0,0,0
87,28,4,1897,1897,629,629,1268,1268,0,0
87,29,4,211,211,211,211,0,0,0,0
87,32,6,827,827,827,827,0,0,0,0
87,97,1,1090,1090,0,0,1090,1090,0,0
87,108,2,108,108,108,108,0,0,0,0
87,113,3,317,317,273,273,0,0,44,44
87,114,1,1524,1524,0,0,0,0,1524,1524
87,116,2,67,67,67,67,0,0,0,0
88,3,6,1371,1371,1371,1371,0,0,0,0
88,4,2,423,423,423,423,0,0,0,0
88,5,12,1714,1714,1714,1714,0,0,0,0
88,6,2,180,180,180,180,0,0,0,0
88,7,13,2365,2365,2365,2365,0,0,0,0
88,9,5,282,282,282,282,0,0,0,0
88,21,6,765,765,765,765,0,0,0,0
88,23,4,1771,1771,1771,1771,0,0,0,0
88,29,2,198,198,198,198,0,0,0,0
88,31,6,1144,1144,659,659,485,485,0,0
88,32,4,972,972,429,429,543,543,0,0
88,46,4,1008,1008,1008,1008,0,0,0,0
88,79,3,1064,1064,1064,1064,0,0,0,0
88,97,5,1234,1234,1234,1234,0,0,0,0
88,109,4,635,635,635,635,0,0,0,0
88,111,2,346,346,346,346,0,0,0,0
88,113,7,6550,6550,573,573,5977,5977,0,0
88,121,2,33,33,33,33,0,0,0,0
88,15,3,691,691,691,691,0,0,0,0
88,24,2,451,451,451,451,0,0,0,0
88,30,2,53,53,53,53,0,0,0,0
88,33,6,211,211,211,211,0,0,0,0
88,37,1,171,171,171,171,0,0,0,0
88,54,6,829,829,829,829,0,0,0,0
88,58,7,1415,1415,859,859,557,557,0,0
88,104,1,343,343,343,343,0,0,0,0
88,110,3,297,297,297,297,0,0,0,0
88,112,2,307,307,307,307,0,0,0,0
88,114,4,962,962,962,962,0,0,0,0
89,3,2,389,389,389,389,0,0,0,0
89,14,4,606,606,606,606,0,0,0,0
89,22,1,514,514,514,514,0,0,0,0
89,25,6,1921,1921,1921,1921,0,0,0,0
89,27,5,960,960,960,960,0,0,0,0
89,30,6,515,515,515,515,0,0,0,0
89,31,2,76,76,76,76,0,0,0,0
89,33,2,440,440,440,440,0,0,0,0
89,49,6,1598,1598,948,948,651,651,0,0
89,55,2,120,120,120,120,0,0,0,0
89,64,5,1536,1536,1536,1536,0,0,0,0
89,76,5,1803,1803,209,209,1593,1593,0,0
89,110,2,476,476,476,476,0,0,0,0
89,115,6,950,950,950,950,0,0,0,0
89,117,3,459,459,459,459,0,0,0,0
89,1,3,3326,3326,364,364,2962,2962,0,0
89,4,2,295,295,295,295,0,0,0,0
89,23,9,1187,1187,1187,1187,0,0,0,0
89,24,1,46,46,46,46,0,0,0,0
89,29,3,764,764,764,764,0,0,0,0
89,35,7,961,961,920,920,41,41,0,0
89,36,2,844,844,37,37,806,806,0,0
89,37,1,123,123,123,123,0,0,0,0
89,51,3,254,254,254,254,0,0,0,0
89,52,2,232,232,232,232,0,0,0,0
89,53,5,1288,1288,441,441,847,847,0,0
89,63,1,277,277,277,277,0,0,0,0
89,65,2,100,100,100,100,0,0,0,0
89,66,4,842,842,519,519,323,323,0,0
89,104,1,166,166,166,166,0,0,0,0
89,111,4,563,563,563,563,0,0,0,0
89,116,2,29,29,29,29,0,0,0,0
90,2,10,745,745,629,629,115,115,0,0
90,3,5,1067,1067,1067,1067,0,0,0,0
90,4,1,188,188,188,188,0,0,0,0
90,5,13,3040,3040,1219,1219,1821,1821,0,0
90,6,3,398,398,398,398,0,0,0,0
90,21,6,1679,1679,1679,1679,0,0,0,0
90,22,3,724,724,724,724,0,0,0,0
90,25,4,584,584,584,584,0,0,0,0
90,36,4,828,828,828,828,0,0,0,0
90,37,8,1600,1600,1600,1600,0,0,0,0
90,45,14,5423,5423,1926,1926,3497,3497,0,0
90,50,10,899,899,899,899,0,0,0,0
90,52,2,216,216,216,216,0,0,0,0
90,53,6,774,774,774,774,0,0,0,0
90,54,6,1388,1388,1388,1388,0,0,0,0
90,66,1,395,395,0,0,395,395,0,0
90,82,3,196,196,196,196,0,0,0,0
90,83,1,60,60,60,60,0,0,0,0
90,109,2,676,676,676,676,0,0,0,0
90,112,4,291,291,291,291,0,0,0,0
90,7,4,445,445,445,445,0,0,0,0
90,13,3,2074,2074,2074,2074,0,0,0,0
90,23,2,118,118,118,118,0,0,0,0
90,24,2,164,164,164,164,0,0,0,0
90,49,4,636,636,636,636,0,0,0,0
90,59,2,351,351,351,351,0,0,0,0
90,97,5,1063,1063,446,446,617,617,0,0
90,98,4,6678,6678,128,128,6549,6549,0,0
90,108,2,570,570,0,0,570,570,0,0
90,113,3,1154,1154,1154,1154,0,0,0,0
90,116,4,780,780,780,780,0,0,0,0
90,120,2,16,16,16,16,0,0,0,0
91,1,3,2104,2104,507,507,1597,1597,0,0
91,5,2,87,87,87,87,0,0,0,0
91,22,6,351,351,351,351,0,0,0,0
91,23,6,494,494,494,494,0,0,0,0
91,24,2,379,379,379,379,0,0,0,0
91,27,4,112,112,112,112,0,0,0,0
91,37,7,1555,1555,575,575,980,980,0,0
91,42,3,827,827,827,827,0,0,0,0
91,48,3,339,339,339,339,0,0,0,0
91,66,1,96,96,96,96,0,0,0,0
91,97,14,8521,8521,3515,3515,5006,5006,0,0
91,98,2,2015,2015,441,441,1574,1574,0,0
91,104,2,83,83,83,83,0,0,0,0
91,107,7,1227,1227,527,527,701,701,0,0
91,108,1,88,88,88,88,0,0,0,0
91,110,1,36,36,36,36,0,0,0,0
91,113,11,1400,1400,1400,1400,0,0,0,0
91,114,6,504,504,504,504,0,0,0,0
91,117,2,467,467,467,467,0,0,0,0
91,119,10,1977,1977,1977,1977,0,0,0,0
91,120,8,1309,1309,1309,1309,0,0,0,0
91,127,4,1280,1280,0,0,1280,1280,0,0
91,3,11,1666,1666,1405,1405,261,261,0,0
91,4,1,464,464,464,464,0,0,0,0
91,6,3,697,697,0,0,697,697,0,0
91,7,2,82,82,0,0,82,82,0,0
91,18,3,1106,1106,1106,1106,0,0,0,0
91,36,2,893,893,893,893,0,0,0,0
91,43,4,386,386,386,386,0,0,0,0
91,55,2,203,203,203,203,0,0,0,0
91,105,1,60,60,60,60,0,0,0,0
91,109,2,208,208,208,208,0,0,0,0
91,118,2,932,932,932,932,0,0,0,0
91,124,1,49,49,49,49,0,0,0,0
92,4,8,1609,1609,75,75,1534,1534,0,0
92,5,21,3832,3832,2390,2390,1441,1441,0,0
92,6,18,4215,4215,2973,2973,1242,1242,0,0
92,16,5,1005,1005,1005,1005,0,0,0,0
92,18,6,1250,1250,1250,1250,0,0,0,0
92,19,2,695,695,695,695,0,0,0,0
92,21,3,508,508,508,508,0,0,0,0
92,22,1,185,185,185,185,0,0,0,0
92,23,8,728,728,728,728,0,0,0,0
92,26,13,1902,1902,1902,1902,0,0,0,0
92,30,2,137,137,137,137,0,0,0,0
92,37,8,1082,1082,1082,1082,0,0,0,0
92,45,2,561,561,561,561,0,0,0,0
92,84,3,238,238,238,238,0,0,0,0
92,85,1,98,98,98,98,0,0,0,0
92,91,3,2116,2116,0,0,2116,2116,0,0
92,97,4,586,586,586,586,0,0,0,0
92,108,3,162,162,162,162,0,0,0,0
92,114,6,1324,1324,1324,1324,0,0,0,0
92,115,4,587,587,587,587,0,0,0,0
92,118,4,704,704,704,704,0,0,0,0
92,122,6,650,650,650,650,0,0,0,0
92,126,4,468,468,468,468,0,0,0,0
92,12,2,110,110,110,110,0,0,0,0
92,13,1,354,354,354,354,0,0,0,0
92,14,2,415,415,415,415,0,0,0,0
92,31,2,43,43,43,43,0,0,0,0
92,38,3,1375,1375,674,674,0,0,701,701
92,55,1,25,25,25,25,0,0,0,0
92,98,2,64,64,64,64,0,0,0,0
92,100,1,853,853,853,853,0,0,0,0
92,112,1,628,628,628,628,0,0,0,0
92,116,2,245,245,245,245,0,0,0,0
92,119,2,223,223,223,223,0,0,0,0
92,121,3,1491,1491,464,464,1027,1027,0,0
93,5,8,2655,2655,2655,2655,0,0,0,0
93,6,8,2150,2150,2150,2150,0,0,0,0
93,7,14,9268,9268,2223,2223,7045,7045,0,0
93,8,8,2152,2152,1691,1691,461,461,0,0
93,9,3,910,910,910,910,0,0,0,0
93,21,4,648,648,648,648,0,0,0,0
93,23,3,458,458,458,458,0,0,0,0
93,24,6,1023,1023,1023,1023,0,0,0,0
93,28,3,1220,1220,1220,1220,0,0,0,0
93,33,5,1096,1096,692,692,404,404,0,0
93,34,6,1143,1143,1143,1143,0,0,0,0
93,38,11,2332,2332,1911,1911,0,0,421,421
93,43,2,461,461,461,461,0,0,0,0
93,80,2,65,65,65,65,0,0,0,0
93,93,2,49,49,49,49,0,0,0,0
93,103,2,195,195,195,195,0,0,0,0
93,104,4,134,134,134,134,0,0,0,0
93,116,2,357,357,357,357,0,0,0,0
93,118,3,437,437,437,437,0,0,0,0
93,120,4,566,566,566,566,0,0,0,0
93,121,2,2005,2005,0,0,2005,2005,0,0
93,122,26,14508,14508,3267,3267,11240,11240,0,0
93,123,21,5355,5355,1745,1745,3611,3611,0,0
93,124,8,462,462,462,462,0,0,0,0
93,127,6,483,483,483,483,0,0,0,0
93,11,4,995,995,995,995,0,0,0,0
93,19,1,148,148,148,148,0,0,0,0
93,25,4,289,289,289,289,0,0,0,0
93,26,5,709,709,709,709,0,0,0,0
93,29,8,903,903,903,903,0,0,0,0
93,35,2,223,223,223,223,0,0,0,0
93,44,3,429,429,429,429,0,0,0,0
93,45,2,202,202,202,202,0,0,0,0
93,98,3,653,653,653,653,0,0,0,0
93,102,2,82,82,82,82,0,0,0,0
93,109,3,311,311,311,311,0,0,0,0
93,125,1,334,334,334,334,0,0,0,0
94,5,4,365,365,365,365,0,0,0,0
94,6,5,7897,7897,668,668,7229,7229,0,0
94,7,18,15688,15688,2452,2452,13237,13237,0,0
94,8,6,11782,11782,0,0,11782,11782,0,0
94,10,6,1784,1784,1784,1784,0,0,0,0
94,18,10,1886,1886,1886,1886,0,0,0,0
94,19,11,1733,1733,1733,1733,0,0,0,0
94,20,3,861,861,861,861,0,0,0,0
94,22,7,1610,1610,1610,1610,0,0,0,0
94,24,6,635,635,635,635,0,0,0,0
94,25,6,1892,1892,1892,1892,0,0,0,0
94,28,1,178,178,178,178,0,0,0,0
94,35,4,556,556,556,556,0,0,0,0
94,42,3,669,669,669,669,0,0,0,0
94,43,6,2026,2026,1425,1425,601,601,0,0
94,44,5,1625,1625,621,621,1004,1004,0,0
94,46,5,1520,1520,652,652,868,868,0,0
94,71,6,674,674,674,674,0,0,0,0
94,87,4,378,378,378,378,0,0,0,0
94,88,5,693,693,693,693,0,0,0,0
94,99,2,268,268,268,268,0,0,0,0
94,104,7,792,792,792,792,0,0,0,0
94,110,4,223,223,223,223,0,0,0,0
94,112,2,97,97,97,97,0,0,0,0
94,119,2,598,598,598,598,0,0,0,0
94,120,6,573,573,573,573,0,0,0,0
94,121,3,1569,1569,1031,1031,538,538,0,0
94,122,11,4063,4063,2116,2116,1947,1947,0,0
94,123,15,2333,2333,2333,2333,0,0,0,0
94,124,2,179,179,179,179,0,0,0,0
94,127,7,5695,5695,761,761,4934,4934,0,0
94,9,6,1254,1254,1254,1254,0,0,0,0
94,13,4,356,356,356,356,0,0,0,0
94,21,1,789,789,789,789,0,0,0,0
94,45,3,533,533,533,533,0,0,0,0
94,105,2,28,28,28,28,0,0,0,0
94,107,2,25,25,0,0,25,25,0,0
94,113,2,194,194,194,194,0,0,0,0
94,118,4,434,434,434,434,0,0,0,0
94,125,2,160,160,160,160,0,0,0,0
94,126,8,2305,2305,182,182,2123,2123,0,0
95,2,3,1216,1216,1216,1216,0,0,0,0
95,6,19,13450,13450,170,170,13279,13279,0,0
95,7,22,13160,13160,902,902,12258,12258,0,0
95,8,7,18245,18245,0,0,18245,18245,0,0
95,10,2,3627,3627,436,436,3191,3191,0,0
95,13,2,83,83,83,83,0,0,0,0
95,17,11,2743,2743,2743,2743,0,0,0,0
95,18,3,576,576,576,576,0,0,0,0
95,19,2,217,217,217,217,0,0,0,0
95,20,3,1571,1571,1571,1571,0,0,0,0
95,21,2,730,730,730,730,0,0,0,0
95,24,4,630,630,630,630,0,0,0,0
95,25,4,248,248,248,248,0,0,0,0
95,44,7,1436,1436,1436,1436,0,0,0,0
95,45,4,453,453,453,453,0,0,0,0
95,87,2,123,123,123,123,0,0,0,0
95,88,3,349,349,349,349,0,0,0,0
95,108,4,354,354,354,354,0,0,0,0
95,119,1,81,81,81,81,0,0,0,0
95,121,2,445,445,445,445,0,0,0,0
95,122,5,753,753,753,753,0,0,0,0
95,124,9,707,707,707,707,0,0,0,0
95,125,4,221,221,191,191,30,30,0,0
95,126,9,1473,1473,982,982,491,491,0,0
95,127,13,1525,1525,871,871,653,653,0,0
95,5,4,3000,3000,894,894,2106,2106,0,0
95,9,3,8012,8012,0,0,8012,8012,0,0
95,12,1,185,185,0,0,185,185,0,0
95,14,2,302,302,302,302,0,0,0,0
95,15,3,1082,1082,1082,1082,0,0,0,0
95,22,3,592,592,592,592,0,0,0,0
95,23,1,162,162,162,162,0,0,0,0
95,36,2,277,277,277,277,0,0,0,0
95,38,7,1063,1063,1063,1063,0,0,0,0
95,39,12,1358,1358,1358,1358,0,0,0,0
95,70,6,653,653,653,653,0,0,0,0
95,99,2,42,42,42,42,0,0,0,0
95,100,2,27,27,27,27,0,0,0,0
95,109,2,375,375,375,375,0,0,0,0
95,111,6,644,644,644,644,0,0,0,0
95,117,3,270,270,270,270,0,0,0,0
95,120,2,313,313,313,313,0,0,0,0
95,123,5,1238,1238,1238,1238,0,0,0,0
96,5,10,7122,7122,1169,1169,5953,5953,0,0
96,6,18,18825,18825,69,69,18756,18756,0,0
96,7,26,12296,12296,617,617,11679,11679,0,0
96,8,17,10017,10017,0,0,10017,10017,0,0
96,9,8,8345,8345,418,418,7926,7926,0,0
96,10,10,15313,15313,0,0,15313,15313,0,0
96,11,6,2348,2348,2348,2348,0,0,0,0
96,12,1,281,281,0,0,281,281,0,0
96,13,4,537,537,537,537,0,0,0,0
96,17,6,1204,1204,1204,1204,0,0,0,0
96,19,6,1419,1419,1419,1419,0,0,0,0
96,25,10,1409,1409,1409,1409,0,0,0,0
96,38,5,1155,1155,1155,1155,0,0,0,0
96,39,5,1178,1178,1178,1178,0,0,0,0
96,45,9,1249,1249,1249,1249,0,0,0,0
96,46,4,886,886,886,886,0,0,0,0
96,47,6,386,386,386,386,0,0,0,0
96,100,5,256,256,256,256,0,0,0,0
96,102,4,50,50,50,50,0,0,0,0
96,109,5,472,472,472,472,0,0,0,0
96,111,1,87,87,87,87,0,0,0,0
96,113,6,222,222,222,222,0,0,0,0
96,114,6,604,604,604,604,0,0,0,0
96,117,3,194,194,194,194,0,0,0,0
96,118,4,333,333,333,333,0,0,0,0
96,121,3,737,737,737,737,0,0,0,0
96,122,7,1655,1655,1655,1655,0,0,0,0
96,123,4,1402,1402,1402,1402,0,0,0,0
96,124,8,1544,1544,1544,1544,0,0,0,0
96,125,4,773,773,773,773,0,0,0,0
96,126,14,2375,2375,2375,2375,0,0,0,0
96,3,2,119,119,119,119,0,0,0,0
96,4,4,709,709,709,709,0,0,0,0
96,18,3,1105,1105,1105,1105,0,0,0,0
96,23,1,187,187,187,187,0,0,0,0
96,36,12,486,486,486,486,0,0,0,0
96,41,2,282,282,249,249,33,33,0,0
96,89,3,830,830,830,830,0,0,0,0
96,90,2,1035,1035,106,106,929,929,0,0
96,99,6,873,873,873,873,0,0,0,0
96,101,6,69,69,69,69,0,0,0,0
96,104,2,37,37,37,37,0,0,0,0
96,108,1,128,128,128,128,0,0,0,0
96,110,5,556,556,556,556,0,0,0,0
96,112,2,168,168,168,168,0,0,0,0
96,119,2,173,173,173,173,0,0,0,0
96,127,4,1059,1059,1059,1059,0,0,0,0
97,3,2,37,37,37,37,0,0,0,0
97,5,20,14329,14329,1550,1550,12781,12781,0,0
97,6,34,18357,18357,9622,9622,8735,8735,0,0
97,7,28,14518,14518,2649,2649,11870,11870,0,0
97,8,14,7615,7615,0,0,7615,7615,0,0
97,9,7,5101,5101,163,163,4938,4938,0,0
97,12,1,209,209,209,209,0,0,0,0
97,18,1,436,436,436,436,0,0,0,0
97,19,7,1624,1624,1624,1624,0,0,0,0
97,21,2,432,432,432,432,0,0,0,0
97,27,2,974,974,974,974,0,0,0,0
97,28,2,1614,1614,1614,1614,0,0,0,0
97,35,1,267,267,267,267,0,0,0,0
97,36,8,1385,1385,1385,1385,0,0,0,0
97,41,9,2220,2220,1281,1281,939,939,0,0
97,43,4,430,430,430,430,0,0,0,0
97,46,2,448,448,448,448,0,0,0,0
97,66,1,44,44,44,44,0,0,0,0
97,90,4,657,657,657,657,0,0,0,0
97,101,2,104,104,104,104,0,0,0,0
97,105,4,42,42,42,42,0,0,0,0
97,108,4,130,130,130,130,0,0,0,0
97,113,3,613,613,613,613,0,0,0,0
97,114,6,928,928,928,928,0,0,0,0
97,122,1,251,251,251,251,0,0,0,0
97,125,14,1465,1465,1465,1465,0,0,0,0
97,126,11,1771,1771,1771,1771,0,0,0,0
97,0,6,174,174,174,174,0,0,0,0
97,1,2,207,207,207,207,0,0,0,0
97,4,2,893,893,397,397,496,496,0,0
97,14,1,92,92,92,92,0,0,0,0
97,16,2,239,239,239,239,0,0,0,0
97,20,6,1115,1115,1115,1115,0,0,0,0
97,22,1,366,366,366,366,0,0,0,0
97,37,2,536,536,536,536,0,0,0,0
97,45,2,241,241,241,241,0,0,0,0
97,104,2,26,26,26,26,0,0,0,0
97,106,2,30,30,30,30,0,0,0,0
97,107,1,49,49,49,49,0,0,0,0
97,109,2,33,33,33,33,0,0,0,0
97,112,4,313,313,313,313,0,0,0,0
97,116,3,445,445,445,445,0,0,0,0
97,123,5,1579,1579,1579,1579,0,0,0,0
97,124,1,39,39,39,39,0,0,0,0
98,0,14,2978,2978,1899,1899,1079,1079,0,0
98,3,2,402,402,402,402,0,0,0,0
98,4,3,1728,1728,513,513,1215,1215,0,0
98,5,27,18550,18550,9996,9996,8554,8554,0,0
98,6,33,20356,20356,5147,5147,15208,15208,0,0
98,7,23,16503,16503,5973,5973,10530,10530,0,0
98,8,2,938,938,938,938,0,0,0,0
98,9,6,2497,2497,2497,2497,0,0,0,0
98,10,4,907,907,907,907,0,0,0,0
98,11,2,398,398,398,398,0,0,0,0
98,12,1,265,265,265,265,0,0,0,0
98,14,13,1769,1769,1769,1769,0,0,0,0
98,15,7,2730,2730,2730,2730,0,0,0,0
98,19,2,845,845,845,845,0,0,0,0
98,27,4,644,644,644,644,0,0,0,0
98,37,6,416,416,416,416,0,0,0,0
98,41,2,452,452,452,452,0,0,0,0
98,44,8,681,681,681,681,0,0,0,0
98,45,7,1339,1339,1339,1339,0,0,0,0
98,80,2,83,83,83,83,0,0,0,0
98,110,2,104,104,104,104,0,0,0,0
98,114,2,853,853,853,853,0,0,0,0
98,116,7,820,820,820,820,0,0,0,0
98,117,6,1067,1067,1067,1067,0,0,0,0
98,123,1,146,146,146,146,0,0,0,0
98,125,2,353,353,353,353,0,0,0,0
98,126,13,1309,1309,1309,1309,0,0,0,0
98,127,7,1586,1586,1586,1586,0,0,0,0
98,20,2,438,438,438,438,0,0,0,0
98,43,2,303,303,303,303,0,0,0,0
98,82,2,38,38,38,38,0,0,0,0
98,84,2,391,391,391,391,0,0,0,0
98,108,1,17,17,17,17,0,0,0,0
98,111,1,438,438,438,438,0,0,0,0
98,120,2,80,80,80,80,0,0,0,0
98,124,2,394,394,394,394,0,0,0,0
99,5,4,7746,7746,0,0,7746,7746,0,0
99,6,11,13058,13058,1223,1223,11836,11836,0,0
99,7,8,14445,14445,0,0,14445,14445,0,0
99,9,2,9843,9843,0,0,9843,9843,0,0
99,10,14,4349,4349,4349,4349,0,0,0,0
99,14,2,366,366,366,366,0,0,0,0
99,15,4,752,752,752,752,0,0,0,0
99,17,3,5140,5140,43,43,5097,5097,0,0
99,19,15,2894,2894,2894,2894,0,0,0,0
99,20,2,984,984,984,984,0,0,0,0
99,29,4,612,612,612,612,0,0,0,0
99,44,4,692,692,692,692,0,0,0,0
99,76,7,1398,1398,1398,1398,0,0,0,0
99,108,2,39,39,39,39,0,0,0,0
99,109,5,444,444,444,444,0,0,0,0
99,111,1,177,177,177,177,0,0,0,0
99,115,9,1204,1204,1204,1204,0,0,0,0
99,118,6,2038,2038,451,451,1587,1587,0,0
99,120,12,873,873,873,873,0,0,0,0
99,121,4,648,648,648,648,0,0,0,0
99,122,3,546,546,88,88,458,458,0,0
99,123,6,709,709,709,709,0,0,0,0
99,124,6,624,624,624,624,0,0,0,0
99,126,1,86,86,86,86,0,0,0,0
99,22,1,772,772,772,772,0,0,0,0
99,31,2,214,214,214,214,0,0,0,0
99,32,7,942,942,937,937,4,4,0,0
99,33,1,457,457,0,0,457,457,0,0
99,40,3,915,915,915,915,0,0,0,0
99,43,4,404,404,404,404,0,0,0,0
99,62,12,3244,3244,3244,3244,0,0,0,0
99,63,5,1418,1418,1418,1418,0,0,0,0
99,72,4,97,97,97,97,0,0,0,0
99,73,4,382,382,62,62,320,320,0,0
99,77,2,262,262,262,262,0,0,0,0
99,86,7,748,748,748,748,0,0,0,0
99,107,1,115,115,115,115,0,0,0,0
99,112,2,478,478,0,0,478,478,0,0
99,116,3,624,624,624,624,0,0,0,0
99,125,2,290,290,290,290,0,0,0,0
99,127,3,1373,1373,1373,1373,0,0,0,0
100,7,3,1700,1700,181,181,1519,1519,0,0
100,8,7,1719,1719,1719,1719,0,0,0,0
100,10,8,2701,2701,2701,2701,0,0,0,0
100,11,13,5015,5015,5015,5015,0,0,0,0
100,13,3,305,305,305,305,0,0,0,0
100,14,23,3690,3690,3690,3690,0,0,0,0
100,17,16,9164,9164,2130,2130,7033,7033,0,0
100,31,2,122,122,122,122,0,0,0,0
100,33,8,2025,2025,840,840,1185,1185,0,0
100,34,1,336,336,336,336,0,0,0,0
100,38,2,88,88,88,88,0,0,0,0
100,62,1,362,362,362,362,0,0,0,0
100,72,2,1078,1078,0,0,1078,1078,0,0
100,84,2,361,361,361,361,0,0,0,0
100,86,3,417,417,417,417,0,0,0,0
100,106,6,424,424,424,424,0,0,0,0
100,110,2,380,380,380,380,0,0,0,0
100,112,2,864,864,864,864,0,0,0,0
100,117,4,212,212,212,212,0,0,0,0
100,119,4,431,431,431,431,0,0,0,0
100,120,13,1484,1484,1484,1484,0,0,0,0
100,123,3,330,330,330,330,0,0,0,0
100,126,23,2775,2775,2775,2775,0,0,0,0
100,5,6,1786,1786,1786,1786,0,0,0,0
100,9,1,3705,3705,0,0,3705,3705,0,0
100,12,3,369,369,369,369,0,0,0,0
100,15,2,511,511,511,511,0,0,0,0
100,25,3,63,63,63,63,0,0,0,0
100,26,4,254,254,254,254,0,0,0,0
100,40,5,521,521,521,521,0,0,0,0
100,42,5,1500,1500,1500,1500,0,0,0,0
100,93,2,173,173,173,173,0,0,0,0
100,107,2,63,63,63,63,0,0,0,0
100,108,3,94,94,94,94,0,0,0,0
100,121,3,503,503,503,503,0,0,0,0
100,122,4,705,705,705,705,0,0,0,0
100,127,21,2639,2639,2639,2639,0,0,0,0
101,6,2,385,385,385,385,0,0,0,0
101,7,10,1600,1600,1600,1600,0,0,0,0
101,10,17,13717,13717,13717,13717,0,0,0,0
101,11,41,10755,10755,10755,10755,0,0,0,0
101,12,41,13151,13151,13151,13151,0,0,0,0
101,13,7,1578,1578,1578,1578,0,0,0,0
101,14,4,423,423,423,423,0,0,0,0
101,15,28,8420,8420,6775,6775,0,0,1645,1645
101,16,7,1494,1494,1475,1475,0,0,19,19
101,17,2,298,298,298,298,0,0,0,0
101,20,3,730,730,730,730,0,0,0,0
101,23,2,49,49,49,49,0,0,0,0
101,29,4,239,239,239,239,0,0,0,0
101,31,2,558,558,558,558,0,0,0,0
101,32,10,1524,1524,1111,1111,413,413,0,0
101,36,5,577,577,577,577,0,0,0,0
101,40,6,927,927,927,927,0,0,0,0
101,43,10,853,853,853,853,0,0,0,0
101,87,13,2132,2132,1836,1836,297,297,0,0
101,96,11,2517,2517,1131,1131,1386,1386,0,0
101,108,2,54,54,54,54,0,0,0,0
101,109,4,175,175,175,175,0,0,0,0
101,110,2,295,295,295,295,0,0,0,0
101,112,2,223,223,223,223,0,0,0,0
101,122,3,613,613,613,613,0,0,0,0
101,123,6,251,251,251,251,0,0,0,0
101,124,3,305,305,305,305,0,0,0,0
101,125,2,159,159,159,159,0,0,0,0
101,1,2,875,875,0,0,875,875,0,0
101,4,3,232,232,232,232,0,0,0,0
101,8,7,3134,3134,2053,2053,1081,1081,0,0
101,9,10,5350,5350,5350,5350,0,0,0,0
101,30,4,564,564,564,564,0,0,0,0
101,42,2,277,277,277,277,0,0,0,0
101,64,2,538,538,538,538,0,0,0,0
101,76,2,837,837,19,19,819,819,0,0
102,1,8,2492,2492,1012,1012,1480,1480,0,0
102,2,2,341,341,341,341,0,0,0,0
102,7,2,118,118,118,118,0,0,0,0
102,8,19,5927,5927,4720,4720,1207,1207,0,0
102,9,15,9970,9970,9970,9970,0,0,0,0
102,10,17,13820,13820,12028,12028,0,0,1790,1790
102,11,55,23905,23905,23905,23905,0,0,0,0
102,12,56,11077,11077,11077,11077,0,0,0,0
102,13,49,14973,14973,13381,13381,1592,1592,0,0
102,14,16,2630,2630,2630,2630,0,0,0,0
102,15,33,11401,11401,7117,7117,0,0,4285,4285
102,16,13,2303,2303,2303,2303,0,0,0,0
102,17,3,174,174,174,174,0,0,0,0
102,18,4,470,470,470,470,0,0,0,0
102,20,3,726,726,726,726,0,0,0,0
102,30,3,417,417,417,417,0,0,0,0
102,32,4,1329,1329,938,938,391,391,0,0
102,33,2,66,66,66,66,0,0,0,0
102,43,4,450,450,450,450,0,0,0,0
102,45,5,1405,1405,1405,1405,0,0,0,0
102,76,3,305,305,286,286,18,18,0,0
102,85,2,257,257,257,257,0,0,0,0
102,86,1,77,77,77,77,0,0,0,0
102,87,4,292,292,292,292,0,0,0,0
102,0,4,549,549,549,549,0,0,0,0
102,6,2,498,498,498,498,0,0,0,0
102,21,7,1271,1271,1271,1271,0,0,0,0
102,92,8,2719,2719,686,686,2033,2033,0,0
102,103,2,169,169,169,169,0,0,0,0
102,126,4,515,515,515,515,0,0,0,0
103,0,11,1208,1208,726,726,482,482,0,0
103,3,2,142,142,142,142,0,0,0,0
103,6,2,565,565,565,565,0,0,0,0
103,7,7,2528,2528,1162,1162,1366,1366,0,0
103,8,14,14083,14083,14083,14083,0,0,0,0
103,9,7,16861,16861,4105,4105,12756,12756,0,0
103,10,11,10544,10544,10544,10544,0,0,0,0
103,11,47,15567,15567,15567,15567,0,0,0,0
103,12,69,18517,18517,18517,18517,0,0,0,0
103,13,41,25322,25322,23559,23559,504,504,1260,1260
103,14,28,23694,23694,12257,12257,11438,11438,0,0
103,15,65,42929,42929,36754,36754,3646,3646,2529,2529
103,16,30,7381,7381,7326,7326,1,1,55,55
103,17,7,846,846,846,846,0,0,0,0
103,31,3,355,355,355,355,0,0,0,0
103,32,1,104,104,104,104,0,0,0,0
103,51,4,412,412,412,412,0,0,0,0
103,81,2,39,39,39,39,0,0,0,0
103,92,3,1285,1285,256,256,1029,1029,0,0
103,93,5,1901,1901,780,780,1121,1121,0,0
103,98,2,155,155,155,155,0,0,0,0
103,99,5,2696,2696,186,186,2510,2510,0,0
103,109,2,236,236,236,236,0,0,0,0
103,110,3,829,829,829,829,0,0,0,0
103,112,2,87,87,87,87,0,0,0,0
103,5,2,636,636,636,636,0,0,0,0
103,22,5,675,675,675,675,0,0,0,0
103,48,1,104,104,104,104,0,0,0,0
103,61,2,69,69,69,69,0,0,0,0
103,89,6,486,486,486,486,0,0,0,0
103,107,2,71,71,71,71,0,0,0,0
103,124,3,589,589,589,589,0,0,0,0
104,5,4,917,917,917,917,0,0,0,0
104,6,4,895,895,895,895,0,0,0,0
104,7,3,1179,1179,1179,1179,0,0,0,0
104,8,5,7176,7176,3655,3655,3521,3521,0,0
104,9,5,4820,4820,4172,4172,649,649,0,0
104,10,12,2909,2909,2909,2909,0,0,0,0
104,11,64,18839,18839,18839,18839,0,0,0,0
104,12,85,24592,24592,24592,24592,0,0,0,0
104,13,49,29663,29663,29290,29290,0,0,374,374
104,14,46,55654,55654,27895,27895,21168,21168,6592,6592
104,15,66,47050,47050,36281,36281,8317,8317,2253,2253
104,16,51,15249,15249,13463,13463,0,0,1787,1787
104,17,2,113,113,113,113,0,0,0,0
104,22,4,865,865,865,865,0,0,0,0
104,23,9,1651,1651,1651,1651,0,0,0,0
104,47,1,143,143,143,143,0,0,0,0
104,89,4,322,322,322,322,0,0,0,0
104,114,2,459,459,0,0,459,459,0,0
104,1,4,764,764,764,764,0,0,0,0
104,18,7,1162,1162,1162,1162,0,0,0,0
104,19,5,288,288,288,288,0,0,0,0
104,48,2,389,389,389,389,0,0,0,0
104,83,1,109,109,109,109,0,0,0,0
104,107,2,379,379,379,379,0,0,0,0
104,113,2,101,101,101,101,0,0,0,0
105,0,6,1305,1305,1305,1305,0,0,0,0
105,4,5,1383,1383,1383,1383,0,0,0,0
105,7,9,2022,2022,2022,2022,0,0,0,0
105,8,7,1196,1196,1196,1196,0,0,0,0
105,9,7,3954,3954,3954,3954,0,0,0,0
105,10,29,7287,7287,6287,6287,1000,1000,0,0
105,11,80,23620,23620,22341,22341,205,205,1073,1073
105,12,58,27847,27847,17712,17712,9767,9767,0,0
105,13,67,28309,28309,28309,28309,0,0,0,0
105,14,30,34325,34325,31959,31959,0,0,2367,2367
105,15,66,30457,30457,25459,25459,1776,1776,3221,3221
105,16,29,4824,4824,4812,4812,0,0,12,12
105,17,3,221,221,221,221,0,0,0,0
105,19,1,751,751,0,0,751,751,0,0
105,22,16,2644,2644,2644,2644,0,0,0,0
105,62,2,97,97,97,97,0,0,0,0
105,86,3,403,403,403,403,0,0,0,0
105,87,1,184,184,184,184,0,0,0,0
105,88,7,1600,1600,916,916,683,683,0,0
105,114,2,118,118,118,118,0,0,0,0
105,119,6,662,662,662,662,0,0,0,0
105,1,9,2389,2389,2389,2389,0,0,0,0
105,3,2,628,628,628,628,0,0,0,0
105,18,1,492,492,492,492,0,0,0,0
105,23,1,272,272,272,272,0,0,0,0
105,39,2,97,97,97,97,0,0,0,0
105,48,3,491,491,491,491,0,0,0,0
105,77,2,25,25,25,25,0,0,0,0
105,82,2,187,187,187,187,0,0,0,0
105,84,2,208,208,208,208,0,0,0,0
105,85,2,351,351,351,351,0,0,0,0
105,116,2,85,85,85,85,0,0,0,0
105,120,2,380,380,380,380,0,0,0,0
106,1,2,54,54,54,54,0,0,0,0
106,2,7,1234,1234,1234,1234,0,0,0,0
106,3,3,786,786,786,786,0,0,0,0
106,5,4,316,316,316,316,0,0,0,0
106,6,4,1153,1153,1153,1153,0,0,0,0
106,8,6,781,781,781,781,0,0,0,0
106,9,37,10185,10185,10185,10185,0,0,0,0
106,10,73,18397,18397,18397,18397,0,0,0,0
106,11,52,14111,14111,14111,14111,0,0,0,0
106,12,37,8453,8453,8453,8453,0,0,0,0
106,13,66,22748,22748,22748,22748,0,0,0,0
106,14,44,12550,12550,11642,11642,0,0,908,908
106,15,1,2560,2560,503,503,0,0,2057,2057
106,17,6,1295,1295,1295,1295,0,0,0,0
106,18,3,675,675,675,675,0,0,0,0
106,26,6,1625,1625,1625,1625,0,0,0,0
106,53,4,281,281,281,281,0,0,0,0
106,113,4,463,463,463,463,0,0,0,0
106,114,5,395,395,395,395,0,0,0,0
106,117,4,2104,2104,0,0,2104,2104,0,0
106,121,1,335,335,335,335,0,0,0,0
106,122,4,217,217,217,217,0,0,0,0
106,7,8,828,828,828,828,0,0,0,0
106,23,1,322,322,322,322,0,0,0,0
106,24,4,541,541,541,541,0,0,0,0
106,25,4,522,522,522,522,0,0,0,0
106,27,2,183,183,183,183,0,0,0,0
106,80,3,705,705,705,705,0,0,0,0
106,94,4,927,927,927,927,0,0,0,0
106,109,2,70,70,70,70,0,0,0,0
106,116,2,41,41,41,41,0,0,0,0
106,118,2,360,360,360,360,0,0,0,0
106,120,1,149,149,149,149,0,0,0,0
107,5,3,524,524,524,524,0,0,0,0
107,6,4,693,693,693,693,0,0,0,0
107,7,7,3311,3311,3055,3055,256,256,0,0
107,9,35,8231,8231,8231,8231,0,0,0,0
107,10,39,12222,12222,12222,12222,0,0,0,0
107,11,28,17020,17020,14644,14644,2376,2376,0,0
107,12,65,17603,17603,16716,16716,887,887,0,0
107,13,90,21835,21835,21835,21835,0,0,0,0
107,14,38,8951,8951,8951,8951,0,0,0,0
107,15,6,1017,1017,1017,1017,0,0,0,0
107,16,4,410,410,410,410,0,0,0,0
107,18,11,6526,6526,5687,5687,839,839,0,0
107,23,1,161,161,161,161,0,0,0,0
107,25,2,129,129,129,129,0,0,0,0
107,27,7,1066,1066,1066,1066,0,0,0,0
107,57,4,1027,1027,293,293,734,734,0,0
107,87,7,1276,1276,809,809,467,467,0,0
107,102,12,4955,4955,3255,3255,1700,1700,0,0
107,115,3,464,464,464,464,0,0,0,0
107,117,4,1307,1307,741,741,566,566,0,0
107,118,7,1647,1647,1647,1647,0,0,0,0
107,2,7,1878,1878,1010,1010,868,868,0,0
107,17,7,1270,1270,1270,1270,0,0,0,0
107,60,2,57,57,57,57,0,0,0,0
107,73,2,71,71,71,71,0,0,0,0
107,103,6,2354,2354,2354,2354,0,0,0,0
107,106,2,70,70,70,70,0,0,0,0
107,111,1,53,53,53,53,0,0,0,0
107,120,2,99,99,99,99,0,0,0,0
107,122,3,246,246,246,246,0,0,0,0
107,125,2,37,37,37,37,0,0,0,0
108,1,1,454,454,454,454,0,0,0,0
108,3,2,119,119,119,119,0,0,0,0
108,5,5,532,532,532,532,0,0,0,0
108,6,11,1355,1355,1355,1355,0,0,0,0
108,9,10,3117,3117,2124,2124,992,992,0,0
108,11,10,3511,3511,3511,3511,0,0,0,0
108,12,18,3820,3820,3820,3820,0,0,0,0
108,13,61,12605,12605,12605,12605,0,0,0,0
108,14,2,300,300,300,300,0,0,0,0
108,17,4,1409,1409,872,872,537,537,0,0
108,18,11,5225,5225,2467,2467,2758,2758,0,0
108,23,1,221,221,221,221,0,0,0,0
108,29,6,953,953,953,953,0,0,0,0
108,30,24,4125,4125,4125,4125,0,0,0,0
108,73,3,522,522,522,522,0,0,0,0
108,112,3,2215,2215,0,0,2215,2215,0,0
108,118,2,24,24,24,24,0,0,0,0
108,119,3,160,160,160,160,0,0,0,0
108,124,2,34,34,34,34,0,0,0,0
108,127,6,99,99,99,99,0,0,0,0
108,0,2,433,433,0,0,433,433,0,0
108,8,1,180,180,180,180,0,0,0,0
108,10,5,1695,1695,1695,1695,0,0,0,0
108,26,2,269,269,269,269,0,0,0,0
108,44,2,319,319,319,319,0,0,0,0
108,58,2,235,235,235,235,0,0,0,0
108,64,2,70,70,70,70,0,0,0,0
108,102,7,3346,3346,744,744,2602,2602,0,0
108,120,2,78,78,78,78,0,0,0,0
108,123,2,145,145,145,145,0,0,0,0
108,125,2,123,123,123,123,0,0,0,0
109,8,2,190,190,190,190,0,0,0,0
109,11,14,2134,2134,2134,2134,0,0,0,0
109,12,24,639,639,639,639,0,0,0,0
109,13,9,269,269,269,269,0,0,0,0
109,17,12,6703,6703,2279,2279,4424,4424,0,0
109,30,1,249,249,249,249,0,0,0,0
109,32,3,1843,1843,1843,1843,0,0,0,0
109,57,2,69,69,69,69,0,0,0,0
109,102,1,630,630,0,0,630,630,0,0
109,114,4,58,58,58,58,0,0,0,0
109,120,7,521,521,521,521,0,0,0,0
109,4,2,561,561,561,561,0,0,0,0
109,5,2,77,77,77,77,0,0,0,0
109,6,2,260,260,260,260,0,0,0,0
109,21,1,1297,1297,0,0,1297,1297,0,0
109,22,2,57,57,57,57,0,0,0,0
109,96,2,40,40,40,40,0,0,0,0
109,111,1,35,35,35,35,0,0,0,0
109,117,2,39,39,39,39,0,0,0,0
109,122,2,50,50,50,50,0,0,0,0
109,127,2,158,158,158,158,0,0,0,0
110,1,2,843,843,0,0,843,843,0,0
110,4,7,1386,1386,1386,1386,0,0,0,0
110,6,2,135,135,135,135,0,0,0,0
110,8,6,539,539,539,539,0,0,0,0
110,10,1,118,118,118,118,0,0,0,0
110,11,5,2253,2253,519,519,1734,1734,0,0
110,12,16,318,318,311,311,7,7,0,0
110,15,2,185,185,185,185,0,0,0,0
110,30,2,512,512,512,512,0,0,0,0
110,33,7,2718,2718,2156,2156,561,561,0,0
110,34,4,692,692,218,218,474,474,0,0
110,35,4,1163,1163,1163,1163,0,0,0,0
110,50,1,112,112,112,112,0,0,0,0
110,73,1,228,228,228,228,0,0,0,0
110,105,5,1776,1776,623,623,1154,1154,0,0
110,3,1,46,46,46,46,0,0,0,0
110,5,6,1357,1357,1357,1357,0,0,0,0
110,9,3,765,765,765,765,0,0,0,0
110,22,4,2499,2499,0,0,2499,2499,0,0
110,31,5,438,438,438,438,0,0,0,0
110,32,1,226,226,226,226,0,0,0,0
110,111,2,60,60,60,60,0,0,0,0
110,126,1,49,49,49,49,0,0,0,0
111,2,2,436,436,436,436,0,0,0,0
111,3,4,964,964,964,964,0,0,0,0
111,6,2,256,256,256,256,0,0,0,0
111,8,8,2757,2757,2757,2757,0,0,0,0
111,11,28,10519,10519,9622,9622,897,897,0,0
111,21,3,1774,1774,0,0,1774,1774,0,0
111,22,10,10245,10245,0,0,10245,10245,0,0
111,23,10,4204,4204,0,0,4204,4204,0,0
111,24,15,8485,8485,0,0,8485,8485,0,0
111,25,14,4503,4503,0,0,4503,4503,0,0
111,32,8,975,975,975,975,0,0,0,0
111,33,12,3158,3158,2277,2277,881,881,0,0
111,34,13,3422,3422,2731,2731,691,691,0,0
111,107,3,439,439,439,439,0,0,0,0
111,111,2,67,67,67,67,0,0,0,0
111,116,2,44,44,44,44,0,0,0,0
111,9,1,445,445,445,445,0,0,0,0
111,10,12,4569,4569,4569,4569,0,0,0,0
111,12,2,493,493,493,493,0,0,0,0
111,26,9,2634,2634,0,0,2634,2634,0,0
111,35,7,1864,1864,1864,1864,0,0,0,0
111,70,2,110,110,110,110,0,0,0,0
111,88,12,2274,2274,1448,1448,826,826,0,0
111,104,3,1488,1488,0,0,1488,1488,0,0
111,105,2,275,275,275,275,0,0,0,0
112,6,4,183,183,183,183,0,0,0,0
112,7,2,51,51,51,51,0,0,0,0
112,10,7,1936,1936,855,855,1081,1081,0,0
112,11,25,9173,9173,2987,2987,6187,6187,0,0
112,14,2,400,400,400,400,0,0,0,0
112,22,7,3788,3788,0,0,3788,3788,0,0
112,23,8,2240,2240,0,0,2240,2240,0,0
112,24,7,1768,1768,0,0,1768,1768,0,0
112,25,12,4309,4309,0,0,4309,4309,0,0
112,26,8,2292,2292,0,0,2292,2292,0,0
112,27,1,1072,1072,1072,1072,0,0,0,0
112,37,5,1248,1248,1248,1248,0,0,0,0
112,70,2,180,180,180,180,0,0,0,0
112,88,1,451,451,93,93,358,358,0,0
112,103,3,4043,4043,487,487,3556,3556,0,0
112,104,6,4581,4581,814,814,3766,3766,0,0
112,113,2,33,33,33,33,0,0,0,0
112,117,2,54,54,54,54,0,0,0,0
112,2,2,525,525,525,525,0,0,0,0
112,9,2,46,46,46,46,0,0,0,0
112,12,1,704,704,48,48,656,656,0,0
112,16,1,735,735,735,735,0,0,0,0
112,28,2,1059,1059,1059,1059,0,0,0,0
112,35,2,248,248,248,248,0,0,0,0
112,47,2,711,711,711,711,0,0,0,0
112,71,2,567,567,567,567,0,0,0,0
112,89,2,373,373,373,373,0,0,0,0
113,2,11,1707,1707,1707,1707,0,0,0,0
113,10,12,1824,1824,1824,1824,0,0,0,0
113,12,16,4143,4143,4143,4143,0,0,0,0
113,16,8,1499,1499,481,481,1017,1017,0,0
113,17,8,3044,3044,328,328,2716,2716,0,0
113,22,9,4131,4131,0,0,4131,4131,0,0
113,37,2,45,45,45,45,0,0,0,0
113,40,4,385,385,385,385,0,0,0,0
113,44,1,769,769,0,0,769,769,0,0
113,48,2,463,463,463,463,0,0,0,0
113,49,1,427,427,427,427,0,0,0,0
113,69,8,741,741,741,741,0,0,0,0
113,72,4,1166,1166,0,0,1166,1166,0,0
113,84,2,843,843,0,0,843,843,0,0
113,89,9,1578,1578,1578,1578,0,0,0,0
113,99,5,1261,1261,1261,1261,0,0,0,0
113,104,7,1741,1741,1741,1741,0,0,0,0
113,110,1,129,129,129,129,0,0,0,0
113,115,7,803,803,803,803,0,0,0,0
113,0,1,416,416,416,416,0,0,0,0
113,1,1,397,397,397,397,0,0,0,0
113,5,5,498,498,498,498,0,0,0,0
113,7,2,272,272,272,272,0,0,0,0
113,9,1,325,325,325,325,0,0,0,0
113,11,2,98,98,98,98,0,0,0,0
113,18,2,544,544,0,0,544,544,0,0
113,23,9,8921,8921,0,0,8921,8921,0,0
113,30,8,1795,1795,1311,1311,484,484,0,0
113,35,4,624,624,624,624,0,0,0,0
113,61,5,802,802,802,802,0,0,0,0
113,63,2,117,117,117,117,0,0,0,0
113,71,1,294,294,294,294,0,0,0,0
113,105,1,114,114,114,114,0,0,0,0
113,106,10,1703,1703,1703,1703,0,0,0,0
113,116,2,2401,2401,2401,2401,0,0,0,0
113,118,2,570,570,570,570,0,0,0,0
114,1,2,477,477,477,477,0,0,0,0
114,7,1,210,210,210,210,0,0,0,0
114,8,2,158,158,158,158,0,0,0,0
114,9,33,4362,4362,4362,4362,0,0,0,0
114,10,3,1042,1042,1042,1042,0,0,0,0
114,15,6,690,690,690,690,0,0,0,0
114,18,2,79,79,79,79,0,0,0,0
114,22,2,492,492,0,0,492,492,0,0
114,23,10,2061,2061,0,0,2061,2061,0,0
114,30,8,1064,1064,591,591,473,473,0,0
114,45,6,723,723,723,723,0,0,0,0
114,54,2,634,634,634,634,0,0,0,0
114,62,10,739,739,739,739,0,0,0,0
114,63,5,489,489,489,489,0,0,0,0
114,64,3,680,680,680,680,0,0,0,0
114,65,5,1231,1231,410,410,821,821,0,0
114,78,3,1775,1775,273,273,1502,1502,0,0
114,100,4,380,380,380,380,0,0,0,0
114,110,9,3316,3316,209,209,3107,3107,0,0
114,118,6,648,648,648,648,0,0,0,0
114,126,2,584,584,0,0,584,584,0,0
114,34,2,196,196,196,196,0,0,0,0
114,59,2,445,445,445,445,0,0,0,0
114,77,6,1879,1879,888,888,991,991,0,0
114,89,8,1068,1068,164,164,904,904,0,0
114,90,3,871,871,0,0,871,871,0,0
114,107,2,597,597,597,597,0,0,0,0
115,0,2,262,262,262,262,0,0,0,0
115,5,12,2635,2635,2125,2125,510,510,0,0
115,8,4,701,701,701,701,0,0,0,0
115,11,11,3721,3721,1969,1969,1752,1752,0,0
115,22,10,5620,5620,3705,3705,1914,1914,0,0
115,36,2,560,560,0,0,560,560,0,0
115,59,6,671,671,671,671,0,0,0,0
115,63,12,1609,1609,1609,1609,0,0,0,0
115,77,3,1109,1109,0,0,1109,1109,0,0
115,85,10,4057,4057,803,803,3254,3254,0,0
115,107,4,776,776,776,776,0,0,0,0
115,111,1,1409,1409,0,0,1409,1409,0,0
115,4,1,161,161,161,161,0,0,0,0
115,6,2,402,402,402,402,0,0,0,0
115,7,2,105,105,105,105,0,0,0,0
115,23,6,1033,1033,1033,1033,0,0,0,0
115,31,2,379,379,379,379,0,0,0,0
115,38,1,703,703,0,0,703,703,0,0
115,56,1,432,432,432,432,0,0,0,0
115,58,2,485,485,485,485,0,0,0,0
115,66,2,714,714,714,714,0,0,0,0
115,69,4,372,372,294,294,78,78,0,0
115,71,1,289,289,289,289,0,0,0,0
115,84,1,544,544,544,544,0,0,0,0
115,86,2,1440,1440,72,72,1368,1368,0,0
115,101,1,260,260,260,260,0,0,0,0
115,126,2,56,56,56,56,0,0,0,0
116,1,2,63,63,63,63,0,0,0,0
116,5,2,38,38,38,38,0,0,0,0
116,7,4,661,661,661,661,0,0,0,0
116,37,3,1079,1079,0,0,1079,1079,0,0
116,51,3,617,617,617,617,0,0,0,0
116,56,2,333,333,333,333,0,0,0,0
116,58,2,320,320,320,320,0,0,0,0
116,64,4,477,477,477,477,0,0,0,0
116,65,12,2942,2942,2942,2942,0,0,0,0
116,69,1,507,507,0,0,507,507,0,0
116,70,5,1380,1380,1380,1380,0,0,0,0
116,71,4,1575,1575,1575,1575,0,0,0,0
116,85,5,1691,1691,595,595,1097,1097,0,0
116,89,7,1387,1387,652,652,735,735,0,0
116,101,2,648,648,648,648,0,0,0,0
116,115,4,191,191,191,191,0,0,0,0
116,8,2,331,331,331,331,0,0,0,0
116,21,6,333,333,333,333,0,0,0,0
116,30,4,383,383,383,383,0,0,0,0
116,61,2,322,322,322,322,0,0,0,0
116,66,7,796,796,796,796,0,0,0,0
116,80,2,54,54,54,54,0,0,0,0
116,110,3,798,798,798,798,0,0,0,0
116,114,2,295,295,295,295,0,0,0,0
116,118,2,88,88,88,88,0,0,0,0
116,126,2,1163,1163,0,0,1163,1163,0,0
117,1,3,658,658,658,658,0,0,0,0
117,3,10,3158,3158,775,775,2383,2383,0,0
117,4,4,1133,1133,1133,1133,0,0,0,0
117,8,4,537,537,537,537,0,0,0,0
117,21,2,87,87,87,87,0,0,0,0
117,47,3,838,838,838,838,0,0,0,0
117,48,2,601,601,601,601,0,0,0,0
117,55,2,381,381,381,381,0,0,0,0
117,56,7,1542,1542,705,705,837,837,0,0
117,59,5,686,686,686,686,0,0,0,0
117,61,2,136,136,136,136,0,0,0,0
117,66,3,773,773,773,773,0,0,0,0
117,67,5,1116,1116,1116,1116,0,0,0,0
117,83,6,617,617,617,617,0,0,0,0
117,108,7,843,843,843,843,0,0,0,0
117,109,2,152,152,152,152,0,0,0,0
117,110,6,2800,2800,2800,2800,0,0,0,0
117,115,6,1006,1006,131,131,875,875,0,0
117,118,3,1300,1300,461,461,839,839,0,0
117,120,2,99,99,99,99,0,0,0,0
117,5,2,58,58,58,58,0,0,0,0
117,6,2,56,56,56,56,0,0,0,0
117,52,4,762,762,762,762,0,0,0,0
117,53,3,920,920,920,920,0,0,0,0
117,57,2,472,472,472,472,0,0,0,0
117,69,3,544,544,544,544,0,0,0,0
117,121,2,112,112,112,112,0,0,0,0
117,122,2,172,172,172,172,0,0,0,0
118,3,2,187,187,83,83,104,104,0,0
118,9,4,70,70,70,70,0,0,0,0
118,49,3,666,666,666,666,0,0,0,0
118,70,3,336,336,336,336,0,0,0,0
118,113,3,161,161,161,161,0,0,0,0
118,114,2,244,244,244,244,0,0,0,0
118,6,5,414,414,414,414,0,0,0,0
118,7,2,40,40,40,40,0,0,0,0
118,8,2,839,839,839,839,0,0,0,0
118,27,2,43,43,43,43,0,0,0,0
118,29,1,274,274,274,274,0,0,0,0
118,39,1,161,161,161,161,0,0,0,0
118,58,2,511,511,511,511,0,0,0,0
118,67,4,916,916,916,916,0,0,0,0
118,83,1,198,198,0,0,198,198,0,0
118,94,4,972,972,972,972,0,0,0,0
118,110,2,319,319,319,319,0,0,0,0
118,111,2,250,250,250,250,0,0,0,0
118,112,2,286,286,286,286,0,0,0,0
118,122,1,33,33,33,33,0,0,0,0
118,123,2,124,124,124,124,0,0,0,0
119,1,1,507,507,507,507,0,0,0,0
119,2,4,150,150,150,150,0,0,0,0
119,5,6,657,657,657,657,0,0,0,0
119,7,2,36,36,36,36,0,0,0,0
119,8,6,124,124,124,124,0,0,0,0
119,10,2,42,42,42,42,0,0,0,0
119,15,2,276,276,276,276,0,0,0,0
119,19,2,449,449,449,449,0,0,0,0
119,40,5,1721,1721,440,440,1282,1282,0,0
119,51,3,734,734,734,734,0,0,0,0
119,57,5,661,661,661,661,0,0,0,0
119,62,6,878,878,878,878,0,0,0,0
119,84,4,1558,1558,464,464,1094,1094,0,0
119,91,6,1059,1059,1059,1059,0,0,0,0
119,92,1,242,242,242,242,0,0,0,0
119,93,3,1548,1548,817,817,731,731,0,0
119,94,1,316,316,316,316,0,0,0,0
119,100,7,2482,2482,142,142,2341,2341,0,0
119,111,2,197,197,197,197,0,0,0,0
119,112,2,44,44,44,44,0,0,0,0
119,124,2,117,117,117,117,0,0,0,0
119,6,1,185,185,185,185,0,0,0,0
119,63,4,723,723,723,723,0,0,0,0
119,77,1,503,503,0,0,503,503,0,0
119,78,2,628,628,0,0,628,628,0,0
119,80,2,38,38,38,38,0,0,0,0
119,88,2,77,77,77,77,0,0,0,0
119,108,2,526,526,526,526,0,0,0,0
119,113,2,186,186,186,186,0,0,0,0
119,115,1,68,68,68,68,0,0,0,0
120,4,2,251,251,251,251,0,0,0,0
120,6,2,31,31,31,31,0,0,0,0
120,7,9,208,208,208,208,0,0,0,0
120,8,2,33,33,33,33,0,0,0,0
120,13,2,69,69,69,69,0,0,0,0
120,47,6,1712,1712,797,797,915,915,0,0
120,53,2,329,329,329,329,0,0,0,0
120,63,5,720,720,720,720,0,0,0,0
120,81,1,231,231,231,231,0,0,0,0
120,100,2,252,252,252,252,0,0,0,0
120,115,2,140,140,140,140,0,0,0,0
120,0,1,250,250,250,250,0,0,0,0
120,1,1,449,449,449,449,0,0,0,0
120,2,2,830,830,830,830,0,0,0,0
120,5,2,22,22,22,22,0,0,0,0
120,49,1,336,336,336,336,0,0,0,0
120,50,4,553,553,553,553,0,0,0,0
120,55,2,320,320,0,0,320,320,0,0
120,60,1,339,339,339,339,0,0,0,0
120,62,4,570,570,570,570,0,0,0,0
120,73,3,331,331,331,331,0,0,0,0
120,84,1,516,516,516,516,0,0,0,0
120,95,7,1206,1206,288,288,917,917,0,0
120,116,3,782,782,297,297,485,485,0,0
121,1,1,302,302,302,302,0,0,0,0
121,6,10,1505,1505,1505,1505,0,0,0,0
121,7,2,145,145,145,145,0,0,0,0
121,18,7,1430,1430,1430,1430,0,0,0,0
121,49,2,823,823,823,823,0,0,0,0
121,50,2,30,30,30,30,0,0,0,0
121,58,1,353,353,353,353,0,0,0,0
121,59,2,171,171,171,171,0,0,0,0
121,62,1,346,346,346,346,0,0,0,0
121,69,9,2201,2201,1114,1114,1088,1088,0,0
121,81,1,59,59,59,59,0,0,0,0
121,83,4,219,219,219,219,0,0,0,0
121,92,3,820,820,820,820,0,0,0,0
121,94,4,505,505,505,505,0,0,0,0
121,95,2,225,225,225,225,0,0,0,0
121,109,18,6096,6096,3104,3104,2992,2992,0,0
121,110,1,278,278,0,0,278,278,0,0
121,116,3,1703,1703,345,345,1358,1358,0,0
121,119,7,1776,1776,350,350,1426,1426,0,0
121,126,1,179,179,179,179,0,0,0,0
121,10,2,38,38,38,38,0,0,0,0
121,26,2,742,742,742,742,0,0,0,0
121,55,9,1143,1143,1143,1143,0,0,0,0
121,61,2,1037,1037,0,0,1037,1037,0,0
121,68,4,1431,1431,0,0,1431,1431,0,0
121,72,3,1390,1390,1390,1390,0,0,0,0
121,79,2,100,100,100,100,0,0,0,0
121,88,2,2499,2499,2499,2499,0,0,0,0
121,89,1,29,29,29,29,0,0,0,0
121,104,5,3665,3665,2563,2563,1101,1101,0,0
121,117,1,58,58,58,58,0,0,0,0
121,118,10,1894,1894,915,915,978,978,0,0
121,125,2,61,61,61,61,0,0,0,0
122,3,2,490,490,490,490,0,0,0,0
122,6,11,1869,1869,727,727,1143,1143,0,0
122,46,2,130,130,130,130,0,0,0,0
122,51,11,946,946,946,946,0,0,0,0
122,54,15,1373,1373,1373,1373,0,0,0,0
122,55,3,718,718,718,718,0,0,0,0
122,59,13,5341,5341,4463,4463,458,458,419,419
122,60,6,650,650,650,650,0,0,0,0
122,61,13,3156,3156,1663,1663,1493,1493,0,0
122,73,5,2445,2445,60,60,2385,2385,0,0
122,79,2,245,245,245,245,0,0,0,0
122,93,5,294,294,294,294,0,0,0,0
122,97,2,379,379,379,379,0,0,0,0
122,98,8,1947,1947,1087,1087,860,860,0,0
122,104,6,1486,1486,1486,1486,0,0,0,0
122,118,4,133,133,133,133,0,0,0,0
122,2,3,910,910,910,910,0,0,0,0
122,18,2,60,60,60,60,0,0,0,0
122,41,2,1374,1374,0,0,1374,1374,0,0
122,58,2,294,294,294,294,0,0,0,0
122,62,2,182,182,182,182,0,0,0,0
122,68,6,1156,1156,1156,1156,0,0,0,0
122,94,1,812,812,0,0,812,812,0,0
122,105,2,97,97,97,97,0,0,0,0
123,2,5,1385,1385,1385,1385,0,0,0,0
123,10,2,32,32,32,32,0,0,0,0
123,17,2,198,198,198,198,0,0,0,0
123,58,6,2408,2408,2408,2408,0,0,0,0
123,59,11,2182,2182,1429,1429,753,753,0,0
123,61,6,1237,1237,1237,1237,0,0,0,0
123,73,4,1148,1148,58,58,1090,1090,0,0
123,88,1,1842,1842,0,0,1842,1842,0,0
123,92,1,37,37,37,37,0,0,0,0
123,103,2,80,80,80,80,0,0,0,0
123,3,1,476,476,476,476,0,0,0,0
123,6,4,487,487,487,487,0,0,0,0
123,21,1,111,111,111,111,0,0,0,0
123,34,2,64,64,64,64,0,0,0,0
123,50,2,72,72,72,72,0,0,0,0
123,56,1,176,176,176,176,0,0,0,0
123,57,12,2229,2229,1138,1138,1091,1091,0,0
123,64,7,1179,1179,1179,1179,0,0,0,0
123,66,2,201,201,201,201,0,0,0,0
123,85,2,1514,1514,381,381,1132,1132,0,0
123,115,2,403,403,403,403,0,0,0,0
123,117,1,2795,2795,0,0,2795,2795,0,0
123,119,2,105,105,105,105,0,0,0,0
124,0,5,770,770,770,770,0,0,0,0
124,49,9,1951,1951,647,647,1305,1305,0,0
124,50,8,1190,1190,1190,1190,0,0,0,0
124,51,3,401,401,401,401,0,0,0,0
124,52,18,3519,3519,1618,1618,1902,1902,0,0
124,56,14,1373,1373,1373,1373,0,0,0,0
124,57,6,1363,1363,609,609,754,754,0,0
124,85,1,602,602,602,602,0,0,0,0
124,89,1,354,354,354,354,0,0,0,0
124,92,4,455,455,455,455,0,0,0,0
124,96,10,2674,2674,1559,1559,1115,1115,0,0
124,127,4,258,258,258,258,0,0,0,0
124,19,2,50,50,50,50,0,0,0,0
124,41,2,1052,1052,0,0,1052,1052,0,0
124,42,7,2368,2368,299,299,2069,2069,0,0
124,79,6,1622,1622,0,0,1622,1622,0,0
124,80,1,281,281,281,281,0,0,0,0
124,90,3,974,974,974,974,0,0,0,0
124,95,4,470,470,470,470,0,0,0,0
124,119,3,2904,2904,520,520,2384,2384,0,0
124,120,2,103,103,103,103,0,0,0,0
125,20,2,33,33,33,33,0,0,0,0
125,32,1,103,103,103,103,0,0,0,0
125,33,4,534,534,534,534,0,0,0,0
125,49,4,286,286,286,286,0,0,0,0
125,52,1,41,41,41,41,0,0,0,0
125,54,7,1244,1244,784,784,460,460,0,0
125,55,7,765,765,765,765,0,0,0,0
125,65,6,977,977,977,977,0,0,0,0
125,72,1,343,343,0,0,343,343,0,0
125,76,2,34,34,34,34,0,0,0,0
125,80,7,3279,3279,434,434,2845,2845,0,0
125,96,2,42,42,42,42,0,0,0,0
125,119,1,3793,3793,0,0,3793,3793,0,0
125,121,4,658,658,61,61,597,597,0,0
125,123,5,1801,1801,263,263,1538,1538,0,0
125,125,1,100,100,100,100,0,0,0,0
125,5,1,46,46,46,46,0,0,0,0
125,41,4,388,388,388,388,0,0,0,0
125,51,5,633,633,633,633,0,0,0,0
125,53,2,298,298,298,298,0,0,0,0
125,64,6,1402,1402,447,447,955,955,0,0
125,75,2,95,95,95,95,0,0,0,0
125,82,4,1006,1006,1006,1006,0,0,0,0
125,90,4,1388,1388,95,95,1292,1292,0,0
125,91,2,1085,1085,0,0,1085,1085,0,0
125,102,7,964,964,964,964,0,0,0,0
125,105,2,462,462,0,0,462,462,0,0
125,124,1,41,41,41,41,0,0,0,0
126,9,4,90,90,90,90,0,0,0,0
126,50,4,356,356,356,356,0,0,0,0
126,51,4,203,203,203,203,0,0,0,0
126,54,2,1082,1082,0,0,1082,1082,0,0
126,64,6,1545,1545,0,0,1545,1545,0,0
126,74,4,1413,1413,0,0,1413,1413,0,0
126,75,23,5568,5568,3488,3488,2083,2083,0,0
126,82,1,533,533,533,533,0,0,0,0
126,91,2,646,646,646,646,0,0,0,0
126,94,2,211,211,211,211,0,0,0,0
126,95,5,988,988,349,349,639,639,0,0
126,106,4,1823,1823,0,0,1823,1823,0,0
126,125,6,1558,1558,759,759,800,800,0,0
126,12,2,28,28,28,28,0,0,0,0
126,13,2,25,25,25,25,0,0,0,0
126,41,8,783,783,783,783,0,0,0,0
126,42,1,204,204,204,204,0,0,0,0
126,44,3,266,266,266,266,0,0,0,0
126,88,2,69,69,69,69,0,0,0,0
126,96,1,275,275,275,275,0,0,0,0
126,127,2,743,743,55,55,688,688,0,0
127,42,1,73,73,73,73,0,0,0,0
127,56,1,103,103,103,103,0,0,0,0
127,75,2,508,508,0,0,508,508,0,0
127,84,2,866,866,866,866,0,0,0,0
127,88,4,822,822,316,316,506,506,0,0
127,92,1,263,263,263,263,0,0,0,0
127,127,1,235,235,235,235,0,0,0,0
127,40,2,215,215,215,215,0,0,0,0
127,52,2,239,239,239,239,0,0,0,0
127,85,7,3872,3872,653,653,3219,3219,0,0
127,97,1,303,303,303,303,0,0,0,0
127,116,6,1145,1145,1145,1145,0,0,0,0
0,70,1,96,96,96,96,0,0,0,0
0,71,19,1580,1580,1580,1580,0,0,0,0
0,72,15,1509,1509,1509,1509,0,0,0,0
0,76,20,2117,2117,2117,2117,0,0,0,0
0,78,7,626,626,626,626,0,0,0,0
0,79,5,645,645,645,645,0,0,0,0
0,82,10,1755,1755,1755,1755,0,0,0,0
0,88,2,246,246,246,246,0,0,0,0
0,91,1,626,626,626,626,0,0,0,0
0,92,2,249,249,249,249,0,0,0,0
0,93,1,484,484,484,484,0,0,0,0
0,94,3,645,645,645,645,0,0,0,0
0,95,7,1639,1639,1639,1639,0,0,0,0
0,96,10,2295,2295,1097,1097,1198,1198,0,0
0,107,2,468,468,468,468,0,0,0,0
0,117,4,600,600,162,162,438,438,0,0
0,120,1,75,75,75,75,0,0,0,0
0,83,1,341,341,341,341,0,0,0,0
0,84,5,1549,1549,1549,1549,0,0,0,0
0,87,4,740,740,740,740,0,0,0,0
0,97,3,555,555,555,555,0,0,0,0
0,98,1,266,266,266,266,0,0,0,0
0,99,11,1811,1811,1811,1811,0,0,0,0
0,100,1,191,191,191,191,0,0,0,0
0,101,4,518,518,394,394,123,123,0,0
1,82,9,977,977,977,977,0,0,0,0
1,84,6,1325,1325,1325,1325,0,0,0,0
1,86,8,1176,1176,1176,1176,0,0,0,0
1,92,3,598,598,598,598,0,0,0,0
1,93,11,1449,1449,1449,1449,0,0,0,0
1,95,2,75,75,75,75,0,0,0,0
1,99,7,1849,1849,1849,1849,0,0,0,0
1,100,5,969,969,969,969,0,0,0,0
1,101,17,2117,2117,1843,1843,273,273,0,0
1,102,8,3212,3212,1160,1160,2052,2052,0,0
1,113,4,1036,1036,512,512,524,524,0,0
1,78,7,1002,1002,1002,1002,0,0,0,0
1,81,2,416,416,416,416,0,0,0,0
1,85,7,1528,1528,1528,1528,0,0,0,0
1,89,12,1329,1329,1329,1329,0,0,0,0
1,96,1,1004,1004,1004,1004,0,0,0,0
1,117,1,89,89,89,89,0,0,0,0
1,120,4,223,223,223,223,0,0,0,0
2,85,2,911,911,0,0,911,911,0,0
2,86,6,814,814,814,814,0,0,0,0
2,87,5,338,338,338,338,0,0,0,0
2,89,10,2449,2449,2449,2449,0,0,0,0
2,98,9,998,998,998,998,0,0,0,0
2,103,9,1886,1886,1886,1886,0,0,0,0
2,116,2,236,236,236,236,0,0,0,0
2,118,1,81,81,81,81,0,0,0,0
2,119,3,251,251,251,251,0,0,0,0
2,120,4,220,220,220,220,0,0,0,0
3,70,2,55,55,55,55,0,0,0,0
3,79,6,843,843,843,843,0,0,0,0
3,87,10,1457,1457,1457,1457,0,0,0,0
3,88,10,1149,1149,1149,1149,0,0,0,0
3,99,2,331,331,331,331,0,0,0,0
3,100,12,1570,1570,1570,1570,0,0,0,0
3,101,4,1182,1182,1182,1182,0,0,0,0
3,104,11,1694,1694,1694,1694,0,0,0,0
3,112,1,177,177,177,177,0,0,0,0
3,120,2,131,131,131,131,0,0,0,0
3,81,2,559,559,559,559,0,0,0,0
3,83,1,184,184,184,184,0,0,0,0
3,84,1,192,192,166,166,27,27,0,0
3,85,6,901,901,560,560,341,341,0,0
3,105,2,657,657,73,73,584,584,0,0
4,81,1,293,293,293,293,0,0,0,0
4,83,3,337,337,337,337,0,0,0,0
4,84,7,877,877,877,877,0,0,0,0
4,89,4,255,255,255,255,0,0,0,0
4,91,8,1190,1190,1190,1190,0,0,0,0
4,94,2,656,656,656,656,0,0,0,0
4,95,7,2739,2739,2739,2739,0,0,0,0
4,101,8,1554,1554,1053,1053,501,501,0,0
4,102,2,200,200,200,200,0,0,0,0
4,106,10,2693,2693,1068,1068,1626,1626,0,0
4,121,4,290,290,290,290,0,0,0,0
4,108,2,377,377,377,377,0,0,0,0
4,109,1,291,291,291,291,0,0,0,0
4,122,1,23,23,6,6,6,6,0,0
5,88,11,5808,5808,1855,1855,3953,3953,0,0
5,89,5,950,950,950,950,0,0,0,0
5,90,3,1163,1163,1163,1163,0,0,0,0
5,106,2,693,693,693,693,0,0,0,0
5,107,8,1423,1423,1423,1423,0,0,0,0
5,109,7,1505,1505,510,510,994,994,0,0
5,77,1,1037,1037,0,0,1037,1037,0,0
5,91,2,719,719,719,719,0,0,0,0
5,92,2,677,677,677,677,0,0,0,0
5,108,5,1049,1049,1049,1049,0,0,0,0
5,110,6,972,972,972,972,0,0,0,0
5,111,3,782,782,782,782,0,0,0,0
5,112,9,2291,2291,2291,2291,0,0,0,0
5,121,1,84,84,84,84,0,0,0,0
6,77,10,5558,5558,303,303,5255,5255,0,0
6,78,3,408,408,408,408,0,0,0,0
6,83,2,253,253,253,253,0,0,0,0
6,88,3,481,481,481,481,0,0,0,0
6,90,2,545,545,545,545,0,0,0,0
6,91,10,2492,2492,2492,2492,0,0,0,0
6,110,1,288,288,288,288,0,0,0,0
6,111,5,844,844,844,844,0,0,0,0
6,112,2,312,312,312,312,0,0,0,0
6,84,4,429,429,429,429,0,0,0,0
6,86,1,191,191,191,191,0,0,0,0
6,89,2,736,736,736,736,0,0,0,0
6,108,2,389,389,389,389,0,0,0,0
6,124,1,364,364,0,0,364,364,0,0
7,69,1,78,78,78,78,0,0,0,0
7,78,2,857,857,0,0,857,857,0,0
7,85,2,326,326,326,326,0,0,0,0
7,89,2,317,317,317,317,0,0,0,0
7,94,1,281,281,281,281,0,0,0,0
7,100,19,6571,6571,2414,2414,4156,4156,0,0
7,101,1,3117,3117,0,0,3117,3117,0,0
7,107,16,1331,1331,1331,1331,0,0,0,0
7,113,11,1531,1531,1531,1531,0,0,0,0
7,123,4,513,513,202,202,310,310,0,0
7,70,2,2463,2463,0,0,2463,2463,0,0
7,71,1,195,195,0,0,195,195,0,0
7,92,2,424,424,424,424,0,0,0,0
7,108,1,310,310,310,310,0,0,0,0
7,110,8,1144,1144,1144,1144,0,0,0,0
7,111,2,367,367,367,367,0,0,0,0
8,72,5,1033,1033,0,0,1033,1033,0,0
8,87,1,162,162,162,162,0,0,0,0
8,88,9,3129,3129,939,939,2191,2191,0,0
8,90,3,504,504,504,504,0,0,0,0
8,93,2,267,267,267,267,0,0,0,0
8,102,8,2025,2025,844,844,1181,1181,0,0
8,109,3,402,402,402,402,0,0,0,0
8,110,4,495,495,495,495,0,0,0,0
8,111,10,974,974,974,974,0,0,0,0
8,114,2,209,209,209,209,0,0,0,0
8,71,1,5417,5417,0,0,5417,5417,0,0
8,92,1,97,97,97,97,0,0,0,0
8,96,4,395,395,395,395,0,0,0,0
8,103,6,1447,1447,736,736,711,711,0,0
8,112,2,429,429,429,429,0,0,0,0
9,69,13,8247,8247,0,0,8247,8247,0,0
9,70,23,16919,16919,0,0,16919,16919,0,0
9,71,6,41380,41380,0,0,41380,41380,0,0
9,72,3,17288,17288,0,0,17288,17288,0,0
9,88,1,401,401,0,0,401,401,0,0
9,94,14,2515,2515,2515,2515,0,0,0,0
9,95,7,1398,1398,1398,1398,0,0,0,0
9,108,3,653,653,653,653,0,0,0,0
9,113,3,2478,2478,2478,2478,0,0,0,0
9,68,5,1799,1799,0,0,1799,1799,0,0
9,73,4,2111,2111,0,0,2111,2111,0,0
9,89,3,683,683,683,683,0,0,0,0
9,96,8,1551,1551,1551,1551,0,0,0,0
9,114,4,272,272,272,272,0,0,0,0
10,68,12,3640,3640,0,0,3640,3640,0,0
10,69,20,6422,6422,0,0,6422,6422,0,0
10,70,74,17610,17610,0,0,17610,17610,0,0
10,71,43,17403,17403,0,0,17403,17403,0,0
10,72,6,17953,17953,0,0,17953,17953,0,0
10,73,4,7383,7383,0,0,7383,7383,0,0
10,94,1,271,271,271,271,0,0,0,0
10,95,8,965,965,965,965,0,0,0,0
10,97,9,1555,1555,1555,1555,0,0,0,0
10,107,6,605,605,605,605,0,0,0,0
10,109,9,2603,2603,2603,2603,0,0,0,0
10,110,6,763,763,763,763,0,0,0,0
10,85,1,486,486,486,486,0,0,0,0
10,89,4,475,475,475,475,0,0,0,0
10,90,9,1357,1357,973,973,384,384,0,0
10,96,8,738,738,738,738,0,0,0,0
10,112,1,572,572,572,572,0,0,0,0
10,119,2,417,417,242,242,174,174,0,0
10,120,3,399,399,97,97,302,302,0,0
11,68,2,157,157,0,0,157,157,0,0
11,71,8,5282,5282,0,0,5282,5282,0,0
11,72,2,13241,13241,0,0,13241,13241,0,0
11,84,8,1466,1466,600,600,866,866,0,0
11,85,9,720,720,720,720,0,0,0,0
11,89,11,1700,1700,463,463,1237,1237,0,0
11,90,2,532,532,532,532,0,0,0,0
11,92,25,3682,3682,1975,1975,1706,1706,0,0
11,96,3,348,348,348,348,0,0,0,0
11,108,2,776,776,776,776,0,0,0,0
11,109,2,601,601,601,601,0,0,0,0
11,110,4,742,742,742,742,0,0,0,0
11,119,1,754,754,4,4,750,750,0,0
11,70,7,11744,11744,0,0,11744,11744,0,0
11,73,2,2112,2112,0,0,2112,2112,0,0
11,91,3,605,605,605,605,0,0,0,0
11,97,2,323,323,323,323,0,0,0,0
11,99,4,389,389,389,389,0,0,0,0
11,100,4,582,582,582,582,0,0,0,0
11,101,1,292,292,292,292,0,0,0,0
11,111,2,84,84,84,84,0,0,0,0
11,112,2,270,270,270,270,0,0,0,0
12,68,2,580,580,0,0,580,580,0,0
12,69,8,3854,3854,0,0,3854,3854,0,0
12,70,11,38536,38536,0,0,38536,38536,0,0
12,71,13,13606,13606,0,0,13606,13606,0,0
12,72,6,5213,5213,0,0,5213,5213,0,0
12,90,8,1262,1262,1262,1262,0,0,0,0
12,94,16,2660,2660,1696,1696,964,964,0,0
12,97,4,752,752,752,752,0,0,0,0
12,98,6,1173,1173,1173,1173,0,0,0,0
12,99,2,345,345,345,345,0,0,0,0
12,101,1,285,285,285,285,0,0,0,0
12,108,4,329,329,329,329,0,0,0,0
12,109,6,742,742,742,742,0,0,0,0
12,111,2,595,595,595,595,0,0,0,0
12,113,5,748,748,748,748,0,0,0,0
12,115,12,2370,2370,2370,2370,0,0,0,0
12,123,2,413,413,413,413,0,0,0,0
12,73,4,2411,2411,0,0,2411,2411,0,0
12,85,1,334,334,334,334,0,0,0,0
12,92,6,862,862,862,862,0,0,0,0
12,93,8,1209,1209,522,522,687,687,0,0
12,100,2,455,455,455,455,0,0,0,0
12,114,3,1088,1088,1088,1088,0,0,0,0
13,70,2,8646,8646,0,0,8646,8646,0,0
13,71,12,9962,9962,0,0,9962,9962,0,0
13,73,7,5043,5043,0,0,5043,5043,0,0
13,90,3,426,426,426,426,0,0,0,0
13,100,3,329,329,329,329,0,0,0,0
13,112,2,261,261,261,261,0,0,0,0
13,113,4,890,890,890,890,0,0,0,0
13,114,6,924,924,924,924,0,0,0,0
13,115,9,982,982,982,982,0,0,0,0
13,72,6,1499,1499,0,0,1499,1499,0,0
13,74,2,198,198,198,198,0,0,0,0
13,88,4,2957,2957,0,0,2957,2957,0,0
13,111,3,1378,1378,348,348,1030,1030,0,0
14,71,19,13457,13457,219,219,13238,13238,0,0
14,72,5,2238,2238,0,0,2238,2238,0,0
14,75,1,470,470,470,470,0,0,0,0
14,79,2,468,468,468,468,0,0,0,0
14,87,2,244,244,244,244,0,0,0,0
14,88,12,7377,7377,3717,3717,3660,3660,0,0
14,103,3,1448,1448,0,0,1448,1448,0,0
14,104,7,2621,2621,2027,2027,594,594,0,0
14,113,4,629,629,629,629,0,0,0,0
14,73,3,682,682,682,682,0,0,0,0
14,116,2,196,196,196,196,0,0,0,0
15,73,1,236,236,236,236,0,0,0,0
15,106,2,486,486,486,486,0,0,0,0
15,116,2,198,198,198,198,0,0,0,0
15,121,6,876,876,42,42,834,834,0,0
15,120,5,924,924,258,258,666,666,0,0
16,112,1,382,382,382,382,0,0,0,0
16,81,5,1402,1402,1402,1402,0,0,0,0
16,91,2,1197,1197,0,0,1197,1197,0,0
16,92,5,1201,1201,337,337,865,865,0,0
16,111,1,389,389,389,389,0,0,0,0
17,75,5,1018,1018,1018,1018,0,0,0,0
17,92,5,2003,2003,290,290,1712,1712,0,0
17,84,2,55,55,55,55,0,0,0,0
17,119,1,21,21,21,21,0,0,0,0
18,72,1,619,619,619,619,0,0,0,0
18,73,7,242,242,242,242,0,0,0,0
18,74,2,603,603,603,603,0,0,0,0
18,61,2,571,571,571,571,0,0,0,0
18,62,3,3346,3346,3346,3346,0,0,0,0
18,77,7,2190,2190,2190,2190,0,0,0,0
18,78,4,1409,1409,1409,1409,0,0,0,0
18,84,5,1774,1774,121,121,1653,1653,0,0
18,97,2,435,435,435,435,0,0,0,0
18,119,5,1565,1565,405,405,1160,1160,0,0
19,61,1,392,392,392,392,0,0,0,0
19,67,8,4956,4956,4310,4310,646,646,0,0
19,71,2,130,130,130,130,0,0,0,0
19,74,2,105,105,105,105,0,0,0,0
19,63,1,250,250,250,250,0,0,0,0
19,72,1,239,239,239,239,0,0,0,0
19,73,1,103,103,103,103,0,0,0,0
19,75,4,310,310,310,310,0,0,0,0
19,76,4,153,153,153,153,0,0,0,0
20,70,2,217,217,217,217,0,0,0,0
20,104,6,1259,1259,324,324,935,935,0,0
21,64,7,559,559,559,559,0,0,0,0
21,65,7,2977,2977,579,579,2398,2398,0,0
21,70,1,192,192,192,192,0,0,0,0
21,71,4,378,378,378,378,0,0,0,0
21,81,5,2119,2119,1441,1441,679,679,0,0
21,72,9,686,686,686,686,0,0,0,0
21,75,2,130,130,130,130,0,0,0,0
21,76,2,211,211,211,211,0,0,0,0
21,83,1,777,777,0,0,777,777,0,0
21,84,2,272,272,272,272,0,0,0,0
22,65,1,2165,2165,0,0,2165,2165,0,0
22,66,2,279,279,279,279,0,0,0,0
22,69,12,5514,5514,5514,5514,0,0,0,0
22,72,2,54,54,54,54,0,0,0,0
22,73,4,258,258,258,258,0,0,0,0
22,74,4,114,114,114,114,0,0,0,0
22,71,6,365,365,365,365,0,0,0,0
22,112,2,3529,3529,3529,3529,0,0,0,0
23,85,8,2991,2991,1129,1129,1862,1862,0,0
23,94,1,761,761,0,0,761,761,0,0
23,99,2,69,69,69,69,0,0,0,0
23,67,2,1982,1982,1693,1693,290,290,0,0
23,68,15,4583,4583,0,0,4583,4583,0,0
23,71,5,461,461,461,461,0,0,0,0
23,75,2,59,59,59,59,0,0,0,0
24,67,3,1000,1000,515,515,485,485,0,0
24,70,6,1472,1472,1472,1472,0,0,0,0
24,71,1,200,200,200,200,0,0,0,0
24,72,3,276,276,276,276,0,0,0,0
24,76,2,1580,1580,1580,1580,0,0,0,0
24,73,1,561,561,561,561,0,0,0,0
24,74,2,457,457,457,457,0,0,0,0
24,77,4,220,220,220,220,0,0,0,0
24,101,5,1066,1066,1066,1066,0,0,0,0
25,73,2,219,219,219,219,0,0,0,0
25,74,10,1090,1090,1090,1090,0,0,0,0
25,77,8,2259,2259,1567,1567,692,692,0,0
25,101,2,113,113,113,113,0,0,0,0
25,104,1,296,296,296,296,0,0,0,0
25,71,2,170,170,170,170,0,0,0,0
25,76,1,151,151,151,151,0,0,0,0
25,79,1,2147,2147,0,0,2147,2147,0,0
25,106,3,764,764,764,764,0,0,0,0
26,69,1,360,360,360,360,0,0,0,0
26,70,4,522,522,522,522,0,0,0,0
26,71,3,871,871,871,871,0,0,0,0
26,76,2,925,925,132,132,793,793,0,0
26,79,6,9576,9576,574,574,9002,9002,0,0
26,80,1,886,886,0,0,886,886,0,0
26,86,2,66,66,66,66,0,0,0,0
26,87,2,74,74,74,74,0,0,0,0
26,93,4,915,915,73,73,842,842,0,0
26,105,3,259,259,259,259,0,0,0,0
26,110,2,124,124,124,124,0,0,0,0
26,94,4,3162,3162,0,0,3162,3162,0,0
26,99,2,297,297,297,297,0,0,0,0
26,101,9,721,721,721,721,0,0,0,0
26,120,3,725,725,27,27,698,698,0,0
27,79,24,12520,12520,738,738,11782,11782,0,0
27,80,6,1224,1224,787,787,437,437,0,0
27,91,1,543,543,0,0,543,543,0,0
27,93,6,2652,2652,203,203,2449,2449,0,0
27,94,9,3049,3049,666,666,2383,2383,0,0
27,96,2,681,681,681,681,0,0,0,0
27,101,3,576,576,576,576,0,0,0,0
27,70,6,913,913,913,913,0,0,0,0
27,78,2,428,428,0,0,428,428,0,0
27,87,2,150,150,150,150,0,0,0,0
27,95,1,336,336,336,336,0,0,0,0
28,54,28,6437,6437,6437,6437,0,0,0,0
28,79,24,14643,14643,41,41,14602,14602,0,0
28,80,9,6091,6091,431,431,5660,5660,0,0
28,87,2,187,187,187,187,0,0,0,0
28,55,14,2036,2036,2036,2036,0,0,0,0
28,63,2,3487,3487,0,0,3487,3487,0,0
28,64,7,7082,7082,1459,1459,5623,5623,0,0
28,81,2,487,487,487,487,0,0,0,0
28,82,2,41,41,41,41,0,0,0,0
28,86,2,60,60,60,60,0,0,0,0
28,95,1,857,857,857,857,0,0,0,0
28,125,1,286,286,286,286,0,0,0,0
29,53,9,2128,2128,2128,2128,0,0,0,0
29,54,24,7453,7453,7453,7453,0,0,0,0
29,55,13,4907,4907,4051,4051,856,856,0,0
29,56,17,5021,5021,5021,5021,0,0,0,0
29,64,4,841,841,841,841,0,0,0,0
29,70,1,203,203,203,203,0,0,0,0
29,74,10,794,794,776,776,6,6,0,0
29,76,1,148,148,148,148,0,0,0,0
29,80,16,5345,5345,0,0,5345,5345,0,0
29,71,5,1698,1698,1698,1698,0,0,0,0
29,72,4,85,85,85,85,0,0,0,0
29,75,4,443,443,443,443,0,0,0,0
30,53,51,9819,9819,9819,9819,0,0,0,0
30,55,38,6514,6514,3478,3478,3036,3036,0,0
30,74,2,1022,1022,0,0,1022,1022,0,0
30,76,9,856,856,856,856,0,0,0,0
30,115,2,140,140,140,140,0,0,0,0
30,52,6,3001,3001,3001,3001,0,0,0,0
30,54,1,543,543,543,543,0,0,0,0
30,72,1,230,230,230,230,0,0,0,0
30,96,3,551,551,551,551,0,0,0,0
30,97,3,707,707,707,707,0,0,0,0
31,52,58,17435,17435,17435,17435,0,0,0,0
31,53,16,4161,4161,2350,2350,1811,1811,0,0
31,54,22,7658,7658,7658,7658,0,0,0,0
31,55,10,3157,3157,3157,3157,0,0,0,0
31,56,4,276,276,276,276,0,0,0,0
31,73,1,267,267,267,267,0,0,0,0
31,96,4,998,998,889,889,109,109,0,0
31,97,5,2640,2640,0,0,2640,2640,0,0
31,71,2,246,246,246,246,0,0,0,0
32,51,48,18492,18492,18492,18492,0,0,0,0
32,52,43,10492,10492,10492,10492,0,0,0,0
32,53,9,2916,2916,2916,2916,0,0,0,0
32,54,54,12243,12243,12243,12243,0,0,0,0
32,55,2,659,659,659,659,0,0,0,0
32,69,15,7913,7913,687,687,7226,7226,0,0
32,71,4,661,661,661,661,0,0,0,0
32,82,2,168,168,168,168,0,0,0,0
32,83,2,21,21,21,21,0,0,0,0
32,101,2,542,542,0,0,542,542,0,0
32,50,1,621,621,621,621,0,0,0,0
32,60,2,54,54,54,54,0,0,0,0
32,61,2,183,183,183,183,0,0,0,0
32,84,3,280,280,280,280,0,0,0,0
33,50,9,836,836,836,836,0,0,0,0
33,51,28,7795,7795,7795,7795,0,0,0,0
33,52,56,16976,16976,16976,16976,0,0,0,0
33,53,50,10061,10061,10061,10061,0,0,0,0
33,54,38,12709,12709,12709,12709,0,0,0,0
33,55,19,6155,6155,6155,6155,0,0,0,0
33,56,11,2760,2760,2760,2760,0,0,0,0
33,64,6,515,515,515,515,0,0,0,0
33,67,2,55,55,55,55,0,0,0,0
33,93,26,3313,3313,3313,3313,0,0,0,0
33,94,2,274,274,274,274,0,0,0,0
33,107,10,4434,4434,3044,3044,1391,1391,0,0
33,122,4,643,643,36,36,608,608,0,0
33,57,3,921,921,921,921,0,0,0,0
33,58,2,1107,1107,1107,1107,0,0,0,0
33,62,2,229,229,229,229,0,0,0,0
33,63,2,60,60,60,60,0,0,0,0
33,80,1,61,61,61,61,0,0,0,0
33,81,2,110,110,110,110,0,0,0,0
33,106,2,892,892,0,0,892,892,0,0
33,108,5,1593,1593,309,309,1284,1284,0,0
34,51,50,17600,17600,17600,17600,0,0,0,0
34,52,19,7257,7257,7257,7257,0,0,0,0
34,53,22,5658,5658,5658,5658,0,0,0,0
34,54,34,10838,10838,10838,10838,0,0,0,0
34,55,38,8786,8786,8786,8786,0,0,0,0
34,56,27,5641,5641,5641,5641,0,0,0,0
34,58,3,929,929,929,929,0,0,0,0
34,62,6,759,759,759,759,0,0,0,0
34,76,2,198,198,198,198,0,0,0,0
34,82,2,116,116,116,116,0,0,0,0
34,85,10,2291,2291,2291,2291,0,0,0,0
34,87,2,1811,1811,422,422,1389,1389,0,0
34,93,2,228,228,228,228,0,0,0,0
34,107,4,1472,1472,861,861,612,612,0,0
34,108,1,499,499,474,474,25,25,0,0
34,50,4,1407,1407,1407,1407,0,0,0,0
34,57,1,176,176,176,176,0,0,0,0
34,60,7,2217,2217,2217,2217,0,0,0,0
34,61,1,56,56,56,56,0,0,0,0
34,63,2,494,494,494,494,0,0,0,0
34,64,4,612,612,612,612,0,0,0,0
34,70,8,1256,1256,1256,1256,0,0,0,0
34,74,5,1048,1048,1048,1048,0,0,0,0
34,79,2,70,70,70,70,0,0,0,0
34,84,1,295,295,295,295,0,0,0,0
34,88,7,3028,3028,541,541,2487,2487,0,0
35,50,4,1620,1620,1620,1620,0,0,0,0
35,51,26,10368,10368,10368,10368,0,0,0,0
35,52,7,1957,1957,1957,1957,0,0,0,0
35,53,12,3062,3062,3062,3062,0,0,0,0
35,54,7,2613,2613,2613,2613,0,0,0,0
35,55,11,2880,2880,2880,2880,0,0,0,0
35,56,15,3622,3622,3622,3622,0,0,0,0
35,57,14,1743,1743,1743,1743,0,0,0,0
35,60,9,1244,1244,1244,1244,0,0,0,0
35,62,4,151,151,151,151,0,0,0,0
35,63,8,897,897,897,897,0,0,0,0
35,64,5,1001,1001,1001,1001,0,0,0,0
35,66,4,400,400,400,400,0,0,0,0
35,67,2,239,239,239,239,0,0,0,0
35,70,5,2030,2030,2030,2030,0,0,0,0
35,71,1,890,890,890,890,0,0,0,0
35,72,4,138,138,138,138,0,0,0,0
35,80,2,114,114,114,114,0,0,0,0
35,82,2,159,159,159,159,0,0,0,0
35,86,10,812,812,812,812,0,0,0,0
35,97,3,361,361,361,361,0,0,0,0
35,98,4,608,608,608,608,0,0,0,0
35,106,3,1346,1346,287,287,1058,1058,0,0
35,74,2,36,36,36,36,0,0,0,0
35,79,6,287,287,287,287,0,0,0,0
35,83,2,119,119,119,119,0,0,0,0
35,84,4,579,579,579,579,0,0,0,0
35,85,2,261,261,261,261,0,0,0,0
35,105,5,982,982,314,314,668,668,0,0
36,48,1,196,196,0,0,196,196,0,0
36,51,19,6478,6478,6478,6478,0,0,0,0
36,54,1,172,172,172,172,0,0,0,0
36,56,10,1302,1302,1302,1302,0,0,0,0
36,57,34,6314,6314,3749,3749,2565,2565,0,0
36,58,23,4635,4635,2910,2910,1725,1725,0,0
36,63,9,530,530,530,530,0,0,0,0
36,65,9,2295,2295,2295,2295,0,0,0,0
36,66,5,1145,1145,1145,1145,0,0,0,0
36,70,3,1671,1671,344,344,1327,1327,0,0
36,73,3,989,989,489,489,500,500,0,0
36,74,3,485,485,485,485,0,0,0,0
36,79,2,73,73,73,73,0,0,0,0
36,80,2,71,71,71,71,0,0,0,0
36,82,9,768,768,768,768,0,0,0,0
36,105,4,2141,2141,4,4,2137,2137,0,0
36,111,5,1617,1617,133,133,1484,1484,0,0
36,115,1,83,83,21,21,21,21,0,0
36,125,1,173,173,173,173,0,0,0,0
36,59,8,989,989,989,989,0,0,0,0
36,60,4,42,42,42,42,0,0,0,0
36,64,4,287,287,287,287,0,0,0,0
36,72,2,953,953,497,497,456,456,0,0
36,83,2,506,506,506,506,0,0,0,0
36,122,2,445,445,126,126,228,228,0,0
36,123,3,403,403,84,84,296,296,0,0
37,51,8,9763,9763,9763,9763,0,0,0,0
37,56,4,347,347,347,347,0,0,0,0
37,57,15,6203,6203,2054,2054,4149,4149,0,0
37,59,7,1603,1603,908,908,695,695,0,0
37,66,5,610,610,610,610,0,0,0,0
37,87,6,381,381,381,381,0,0,0,0
37,122,8,2213,2213,704,704,1446,1446,0,0
37,123,1,46,46,46,46,0,0,0,0
37,52,4,2267,2267,2267,2267,0,0,0,0
37,60,1,117,117,117,117,0,0,0,0
37,64,17,4182,4182,4182,4182,0,0,0,0
37,65,5,988,988,988,988,0,0,0,0
37,74,11,1544,1544,1544,1544,0,0,0,0
38,51,5,4029,4029,4029,4029,0,0,0,0
38,52,7,2115,2115,2115,2115,0,0,0,0
38,59,1,451,451,451,451,0,0,0,0
38,63,2,861,861,861,861,0,0,0,0
38,64,57,13263,13263,13263,13263,0,0,0,0
38,65,54,12280,12280,12280,12280,0,0,0,0
38,67,25,7940,7940,7940,7940,0,0,0,0
38,73,2,734,734,734,734,0,0,0,0
38,74,2,493,493,493,493,0,0,0,0
38,81,2,299,299,0,0,299,299,0,0
38,87,8,1260,1260,1260,1260,0,0,0,0
38,66,10,3094,3094,3094,3094,0,0,0,0
38,75,2,612,612,612,612,0,0,0,0
38,83,6,1561,1561,356,356,1205,1205,0,0
38,88,4,553,553,553,553,0,0,0,0
38,89,4,413,413,413,413,0,0,0,0
39,53,17,7294,7294,7294,7294,0,0,0,0
39,64,2,3607,3607,3607,3607,0,0,0,0
39,65,2,575,575,575,575,0,0,0,0
39,66,16,5019,5019,5019,5019,0,0,0,0
39,67,56,17807,17807,17807,17807,0,0,0,0
39,68,23,8801,8801,8269,8269,532,532,0,0
39,83,7,1108,1108,1108,1108,0,0,0,0
39,86,5,2513,2513,1616,1616,897,897,0,0
39,87,1,50,50,50,50,0,0,0,0
39,88,6,1024,1024,1024,1024,0,0,0,0
39,89,6,909,909,909,909,0,0,0,0
39,44,2,1178,1178,1178,1178,0,0,0,0
39,48,2,163,163,163,163,0,0,0,0
39,69,5,1398,1398,1398,1398,0,0,0,0
39,74,5,803,803,803,803,0,0,0,0
39,84,2,363,363,363,363,0,0,0,0
40,47,4,357,357,357,357,0,0,0,0
40,51,3,468,468,0,0,468,468,0,0
40,64,16,2569,2569,2569,2569,0,0,0,0
40,66,9,3937,3937,3937,3937,0,0,0,0
40,67,67,26667,26667,26667,26667,0,0,0,0
40,68,69,32702,32702,28390,28390,0,0,4311,4311
40,69,15,9903,9903,8416,8416,0,0,1487,1487
40,73,1,212,212,212,212,0,0,0,0
40,74,5,1013,1013,1013,1013,0,0,0,0
40,63,2,269,269,269,269,0,0,0,0
40,65,2,143,143,143,143,0,0,0,0
40,78,4,557,557,557,557,0,0,0,0
40,84,1,547,547,547,547,0,0,0,0
40,85,5,881,881,881,881,0,0,0,0
40,87,4,90,90,90,90,0,0,0,0
40,89,1,783,783,783,783,0,0,0,0
40,97,6,611,611,611,611,0,0,0,0
41,46,1,361,361,361,361,0,0,0,0
41,48,6,1171,1171,1171,1171,0,0,0,0
41,50,5,501,501,501,501,0,0,0,0
41,51,2,223,223,223,223,0,0,0,0
41,53,5,1034,1034,1034,1034,0,0,0,0
41,54,4,703,703,703,703,0,0,0,0
41,66,50,12553,12553,12553,12553,0,0,0,0
41,67,77,23000,23000,23000,23000,0,0,0,0
41,68,54,21473,21473,21473,21473,0,0,0,0
41,69,16,971,971,971,971,0,0,0,0
41,78,10,1449,1449,1449,1449,0,0,0,0
41,81,4,1515,1515,412,412,1104,1104,0,0
41,84,2,573,573,0,0,573,573,0,0
41,89,7,2237,2237,291,291,1946,1946,0,0
41,97,2,373,373,373,373,0,0,0,0
41,49,1,156,156,156,156,0,0,0,0
41,64,2,85,85,85,85,0,0,0,0
41,65,5,2079,2079,2079,2079,0,0,0,0
41,79,8,1043,1043,1043,1043,0,0,0,0
41,80,10,2616,2616,2200,2200,415,415,0,0
41,85,2,559,559,559,559,0,0,0,0
41,113,4,773,773,192,192,581,581,0,0
42,51,11,1354,1354,1354,1354,0,0,0,0
42,55,4,807,807,807,807,0,0,0,0
42,61,3,589,589,589,589,0,0,0,0
42,63,15,1917,1917,1917,1917,0,0,0,0
42,64,4,361,361,361,361,0,0,0,0
42,65,31,9748,9748,7654,7654,2093,2093,0,0
42,66,36,11140,11140,8858,8858,2282,2282,0,0
42,67,104,25107,25107,24361,24361,746,746,0,0
42,68,56,15374,15374,15374,15374,0,0,0,0
42,69,4,379,379,379,379,0,0,0,0
42,76,6,2857,2857,1172,1172,1687,1687,0,0
42,79,3,1972,1972,155,155,1817,1817,0,0
42,80,2,908,908,908,908,0,0,0,0
42,81,1,214,214,214,214,0,0,0,0
42,96,1,378,378,378,378,0,0,0,0
42,99,9,1297,1297,1297,1297,0,0,0,0
42,101,13,2755,2755,1809,1809,946,946,0,0
42,46,4,311,311,311,311,0,0,0,0
42,54,2,429,429,429,429,0,0,0,0
42,57,5,1262,1262,1262,1262,0,0,0,0
42,62,3,1075,1075,1075,1075,0,0,0,0
42,70,6,137,137,137,137,0,0,0,0
42,82,5,1262,1262,1262,1262,0,0,0,0
42,85,4,1028,1028,313,313,715,715,0,0
42,91,3,1234,1234,102,102,1132,1132,0,0
42,98,1,154,154,154,154,0,0,0,0
43,46,4,711,711,711,711,0,0,0,0
43,47,7,1111,1111,1111,1111,0,0,0,0
43,49,1,212,212,212,212,0,0,0,0
43,55,5,429,429,429,429,0,0,0,0
43,58,3,835,835,835,835,0,0,0,0
43,60,2,194,194,194,194,0,0,0,0
43,63,11,1667,1667,1667,1667,0,0,0,0
43,65,25,6978,6978,6974,6974,4,4,0,0
43,66,3,1810,1810,864,864,946,946,0,0
43,67,32,13073,13073,10387,10387,2686,2686,0,0
43,68,20,6509,6509,6509,6509,0,0,0,0
43,86,15,3675,3675,3675,3675,0,0,0,0
43,87,8,1639,1639,1639,1639,0,0,0,0
43,88,2,897,897,0,0,897,897,0,0
43,91,5,4569,4569,2,2,4567,4567,0,0
43,92,5,2733,2733,204,204,2529,2529,0,0
43,96,4,1591,1591,431,431,1160,1160,0,0
43,99,2,177,177,177,177,0,0,0,0
43,100,2,540,540,0,0,540,540,0,0
43,104,2,209,209,209,209,0,0,0,0
43,50,4,859,859,859,859,0,0,0,0
43,59,3,533,533,533,533,0,0,0,0
43,64,2,260,260,260,260,0,0,0,0
43,85,1,594,594,594,594,0,0,0,0
43,109,8,2387,2387,440,440,1947,1947,0,0
44,50,13,1834,1834,1834,1834,0,0,0,0
44,51,4,209,209,209,209,0,0,0,0
44,52,10,3498,3498,3498,3498,0,0,0,0
44,53,35,12477,12477,12477,12477,0,0,0,0
44,59,6,1210,1210,1210,1210,0,0,0,0
44,63,12,5280,5280,3906,3906,1374,1374,0,0
44,64,19,3736,3736,3736,3736,0,0,0,0
44,65,30,14486,14486,11924,11924,2562,2562,0,0
44,66,25,9914,9914,9914,9914,0,0,0,0
44,92,7,1094,1094,1094,1094,0,0,0,0
44,46,5,1338,1338,182,182,1157,1157,0,0
44,60,4,225,225,225,225,0,0,0,0
44,62,4,1860,1860,1860,1860,0,0,0,0
44,67,1,1484,1484,1484,1484,0,0,0,0
44,68,4,833,833,833,833,0,0,0,0
44,77,1,459,459,459,459,0,0,0,0
44,93,2,272,272,272,272,0,0,0,0
44,94,9,1989,1989,836,836,1153,1153,0,0
44,95,4,971,971,0,0,971,971,0,0
44,96,2,399,399,399,399,0,0,0,0
44,97,1,239,239,239,239,0,0,0,0
45,45,8,684,684,684,684,0,0,0,0
45,49,9,709,709,709,709,0,0,0,0
45,50,12,1965,1965,1965,1965,0,0,0,0
45,52,29,10233,10233,10233,10233,0,0,0,0
45,53,29,18724,18724,18724,18724,0,0,0,0
45,54,7,4106,4106,4106,4106,0,0,0,0
45,57,1,214,214,214,214,0,0,0,0
45,59,5,1691,1691,1691,1691,0,0,0,0
45,60,1,473,473,0,0,473,473,0,0
45,61,5,9525,9525,1331,1331,8194,8194,0,0
45,62,13,4988,4988,2920,2920,2068,2068,0,0
45,63,8,10185,10185,845,845,9341,9341,0,0
45,64,14,11781,11781,11781,11781,0,0,0,0
45,65,15,9288,9288,9288,9288,0,0,0,0
45,66,10,1873,1873,1873,1873,0,0,0,0
45,67,2,276,276,276,276,0,0,0,0
45,76,2,454,454,454,454,0,0,0,0
45,91,4,397,397,397,397,0,0,0,0
45,94,2,373,373,373,373,0,0,0,0
45,51,1,251,251,251,251,0,0,0,0
45,55,4,2582,2582,2582,2582,0,0,0,0
45,58,4,921,921,921,921,0,0,0,0
45,96,11,1912,1912,1277,1277,635,635,0,0
46,49,8,3078,3078,2388,2388,690,690,0,0
46,50,12,2219,2219,1404,1404,815,815,0,0
46,51,6,450,450,450,450,0,0,0,0
46,52,23,2448,2448,2448,2448,0,0,0,0
46,53,8,3999,3999,3999,3999,0,0,0,0
46,54,39,18842,18842,18842,18842,0,0,0,0
46,55,9,2763,2763,2763,2763,0,0,0,0
46,58,13,6118,6118,1720,1720,4398,4398,0,0
46,59,7,3751,3751,110,110,3641,3641,0,0
46,60,7,395,395,395,395,0,0,0,0
46,61,14,2868,2868,2868,2868,0,0,0,0
46,62,18,4316,4316,3437,3437,879,879,0,0
46,63,13,803,803,558,558,244,244,0,0
46,64,8,1586,1586,1423,1423,163,163,0,0
46,65,5,340,340,340,340,0,0,0,0
46,70,6,1497,1497,1497,1497,0,0,0,0
46,91,4,1024,1024,1024,1024,0,0,0,0
46,94,6,775,775,775,775,0,0,0,0
46,118,2,86,86,86,86,0,0,0,0
46,44,1,436,436,436,436,0,0,0,0
46,48,5,421,421,421,421,0,0,0,0
46,66,6,188,188,188,188,0,0,0,0
46,89,1,1753,1753,0,0,1753,1753,0,0
46,90,2,669,669,440,440,229,229,0,0
46,127,2,91,91,91,91,0,0,0,0
47,41,60,5227,5227,1363,1363,3863,3863,0,0
47,42,5,2281,2281,2281,2281,0,0,0,0
47,44,2,577,577,577,577,0,0,0,0
47,46,2,152,152,152,152,0,0,0,0
47,49,1,143,143,143,143,0,0,0,0
47,50,1,581,581,0,0,581,581,0,0
47,51,19,2126,2126,2126,2126,0,0,0,0
47,53,12,2394,2394,2394,2394,0,0,0,0
47,54,49,15217,15217,15217,15217,0,0,0,0
47,55,47,12593,12593,12593,12593,0,0,0,0
47,59,3,1010,1010,1010,1010,0,0,0,0
47,61,6,1139,1139,1139,1139,0,0,0,0
47,62,8,1349,1349,1349,1349,0,0,0,0
47,63,4,892,892,892,892,0,0,0,0
47,81,3,2606,2606,0,0,2606,2606,0,0
47,89,3,1996,1996,190,190,1806,1806,0,0
47,40,6,259,259,161,161,98,98,0,0
47,48,4,131,131,131,131,0,0,0,0
47,64,5,695,695,695,695,0,0,0,0
47,66,4,1512,1512,0,0,1512,1512,0,0
47,67,10,5790,5790,0,0,5790,5790,0,0
47,82,3,1860,1860,506,506,1355,1355,0,0
47,85,4,208,208,208,208,0,0,0,0
47,86,2,184,184,184,184,0,0,0,0
47,90,1,718,718,477,477,241,241,0,0
47,107,2,157,157,157,157,0,0,0,0
47,108,4,604,604,604,604,0,0,0,0
47,124,2,273,273,273,273,0,0,0,0
47,125,2,413,413,413,413,0,0,0,0
48,40,5,266,266,266,266,0,0,0,0
48,41,41,5895,5895,5895,5895,0,0,0,0
48,42,2,157,157,157,157,0,0,0,0
48,49,4,339,339,339,339,0,0,0,0
48,50,6,691,691,691,691,0,0,0,0
48,51,2,242,242,242,242,0,0,0,0
48,52,16,1336,1336,1336,1336,0,0,0,0
48,53,15,1716,1716,1716,1716,0,0,0,0
48,54,17,6255,6255,6255,6255,0,0,0,0
48,55,28,10133,10133,10133,10133,0,0,0,0
48,59,2,495,495,495,495,0,0,0,0
48,60,12,1131,1131,1131,1131,0,0,0,0
48,66,19,13146,13146,1864,1864,11281,11281,0,0
48,67,5,3208,3208,0,0,3208,3208,0,0
48,68,1,1021,1021,0,0,1021,1021,0,0
48,85,6,3170,3170,546,546,2624,2624,0,0
48,88,2,129,129,129,129,0,0,0,0
48,90,6,2818,2818,2818,2818,0,0,0,0
48,117,4,445,445,445,445,0,0,0,0
48,122,13,2714,2714,1555,1555,1159,1159,0,0
48,39,1,75,75,75,75,0,0,0,0
48,47,6,273,273,273,273,0,0,0,0
48,65,3,1126,1126,1126,1126,0,0,0,0
48,107,2,72,72,72,72,0,0,0,0
48,108,8,1341,1341,1341,1341,0,0,0,0
48,123,1,534,534,0,0,534,534,0,0
49,40,32,3840,3840,3840,3840,0,0,0,0
49,41,34,5234,5234,5234,5234,0,0,0,0
49,53,25,1930,1930,1930,1930,0,0,0,0
49,54,26,3165,3165,3165,3165,0,0,0,0
49,55,2,775,775,775,775,0,0,0,0
49,66,17,11889,11889,1737,1737,10152,10152,0,0
49,82,2,752,752,0,0,752,752,0,0
49,83,1,3177,3177,0,0,3177,3177,0,0
49,105,1,1145,1145,1145,1145,0,0,0,0
49,106,2,180,180,180,180,0,0,0,0
49,114,2,81,81,81,81,0,0,0,0
49,121,16,2963,2963,1483,1483,1480,1480,0,0
49,122,7,1446,1446,692,692,754,754,0,0
49,51,2,267,267,267,267,0,0,0,0
49,57,5,1559,1559,1355,1355,204,204,0,0
49,58,1,3618,3618,0,0,3618,3618,0,0
49,59,2,78,78,78,78,0,0,0,0
49,68,1,1098,1098,0,0,1098,1098,0,0
49,90,1,171,171,171,171,0,0,0,0
49,107,2,101,101,101,101,0,0,0,0
49,123,2,747,747,747,747,0,0,0,0
50,46,3,600,600,600,600,0,0,0,0
50,53,4,1802,1802,1802,1802,0,0,0,0
50,57,1,276,276,276,276,0,0,0,0
50,67,1,372,372,372,372,0,0,0,0
50,95,1,202,202,202,202,0,0,0,0
50,111,5,1425,1425,311,311,1114,1114,1114,1114
50,121,2,67,67,67,67,0,0,0,0
50,123,1,695,695,695,695,0,0,0,0
50,50,2,133,133,133,133,0,0,0,0
50,56,2,529,529,529,529,0,0,0,0
50,60,4,297,297,297,297,0,0,0,0
50,84,1,218,218,218,218,0,0,0,0
51,54,2,1133,1133,1133,1133,0,0,0,0
51,56,9,1519,1519,1519,1519,0,0,0,0
51,58,3,75,75,75,75,0,0,0,0
51,60,1,226,226,226,226,0,0,0,0
51,83,2,661,661,661,661,0,0,0,0
51,84,3,321,321,321,321,0,0,0,0
51,103,2,985,985,985,985,0,0,0,0
51,112,2,123,123,123,123,0,0,0,0
51,126,1,46,46,46,46,0,0,0,0
51,43,1,470,470,470,470,0,0,0,0
51,45,4,220,220,220,220,0,0,0,0
51,59,4,80,80,80,80,0,0,0,0
51,72,2,1378,1378,1378,1378,0,0,0,0
51,122,4,1007,1007,1007,1007,0,0,0,0
51,127,2,74,74,74,74,0,0,0,0
52,44,1,180,180,180,180,0,0,0,0
52,45,24,1107,1107,1107,1107,0,0,0,0
52,46,2,30,30,30,30,0,0,0,0
52,54,11,1838,1838,1838,1838,0,0,0,0
52,57,10,2916,2916,2500,2500,417,417,0,0
52,59,2,63,63,63,63,0,0,0,0
52,67,6,180,180,180,180,0,0,0,0
52,100,2,633,633,195,195,438,438,0,0
52,101,3,914,914,91,91,823,823,0,0
52,118,4,124,124,124,124,0,0,0,0
52,119,4,172,172,172,172,0,0,0,0
52,122,3,149,149,149,149,0,0,0,0
52,125,4,160,160,160,160,0,0,0,0
52,126,4,155,155,155,155,0,0,0,0
52,36,4,1356,1356,1356,1356,0,0,0,0
52,49,2,165,165,165,165,0,0,0,0
52,50,2,328,328,328,328,0,0,0,0
52,53,1,347,347,347,347,0,0,0,0
52,55,2,175,175,175,175,0,0,0,0
52,56,2,184,184,184,184,0,0,0,0
52,72,2,542,542,542,542,0,0,0,0
52,73,2,612,612,0,0,612,612,0,0
53,36,2,1746,1746,1746,1746,0,0,0,0
53,37,79,4559,4559,1707,1707,2851,2851,0,0
53,39,1,1313,1313,1313,1313,0,0,0,0
53,49,4,812,812,812,812,0,0,0,0
53,50,14,3273,3273,3273,3273,0,0,0,0
53,53,6,517,517,517,517,0,0,0,0
53,56,2,871,871,871,871,0,0,0,0
53,101,1,299,299,0,0,299,299,0,0
53,104,4,286,286,286,286,0,0,0,0
53,109,2,423,423,423,423,0,0,0,0
53,111,3,830,830,830,830,0,0,0,0
53,116,4,380,380,380,380,0,0,0,0
53,118,3,261,261,261,261,0,0,0,0
53,35,1,435,435,435,435,0,0,0,0
53,38,2,222,222,222,222,0,0,0,0
53,51,3,782,782,782,782,0,0,0,0
53,55,1,102,102,102,102,0,0,0,0
53,57,2,83,83,83,83,0,0,0,0
53,64,1,92,92,92,92,0,0,0,0
53,94,2,183,183,183,183,0,0,0,0
53,99,4,983,983,983,983,0,0,0,0
53,100,2,394,394,394,394,0,0,0,0
53,114,1,147,147,147,147,0,0,0,0
53,119,4,268,268,268,268,0,0,0,0
53,121,2,32,32,32,32,0,0,0,0
53,123,1,135,135,135,135,0,0,0,0
54,35,4,191,191,191,191,0,0,0,0
54,36,1,55,55,0,0,55,55,0,0
54,37,4,193,193,9,9,183,183,0,0
54,38,11,1353,1353,1353,1353,0,0,0,0
54,43,6,1093,1093,1093,1093,0,0,0,0
54,48,6,1324,1324,1324,1324,0,0,0,0
54,49,14,2021,2021,2021,2021,0,0,0,0
54,50,3,126,126,126,126,0,0,0,0
54,54,5,482,482,482,482,0,0,0,0
54,55,8,1302,1302,1302,1302,0,0,0,0
54,63,3,1612,1612,746,746,866,866,0,0
54,64,4,359,359,359,359,0,0,0,0
54,73,2,601,601,0,0,601,601,0,0
54,74,3,1145,1145,260,260,885,885,0,0
54,95,2,129,129,129,129,0,0,0,0
54,112,2,181,181,181,181,0,0,0,0
54,113,2,216,216,216,216,0,0,0,0
54,114,1,89,89,89,89,0,0,0,0
54,123,4,154,154,154,154,0,0,0,0
54,62,4,475,475,475,475,0,0,0,0
54,81,1,405,405,0,0,405,405,0,0
54,116,4,500,500,500,500,0,0,0,0
54,125,2,41,41,41,41,0,0,0,0
54,127,2,265,265,265,265,0,0,0,0
55,38,4,575,575,575,575,0,0,0,0
55,56,3,630,630,630,630,0,0,0,0
55,62,5,761,761,761,761,0,0,0,0
55,105,4,249,249,249,249,0,0,0,0
55,121,2,417,417,417,417,0,0,0,0
55,122,1,587,587,587,587,0,0,0,0
55,34,4,849,849,723,723,127,127,0,0
55,35,2,248,248,248,248,0,0,0,0
55,50,9,2371,2371,1144,1144,1227,1227,0,0
55,70,2,32,32,32,32,0,0,0,0
55,92,2,203,203,203,203,0,0,0,0
55,96,1,201,201,201,201,0,0,0,0
55,107,2,38,38,38,38,0,0,0,0
55,113,2,98,98,98,98,0,0,0,0
56,34,15,2494,2494,1660,1660,834,834,0,0
56,41,4,304,304,304,304,0,0,0,0
56,70,4,406,406,406,406,0,0,0,0
56,83,2,889,889,0,0,889,889,0,0
56,96,3,1211,1211,583,583,628,628,0,0
56,104,3,598,598,598,598,0,0,0,0
56,105,2,862,862,0,0,862,862,0,0
56,116,5,714,714,714,714,0,0,0,0
56,123,2,59,59,59,59,0,0,0,0
56,125,2,108,108,108,108,0,0,0,0
56,127,7,1351,1351,1351,1351,0,0,0,0
56,33,3,153,153,82,82,71,71,0,0
56,117,2,35,35,35,35,0,0,0,0
57,32,48,3742,3742,3241,3241,501,501,0,0
57,33,15,805,805,308,308,497,497,0,0
57,34,7,699,699,448,448,252,252,0,0
57,39,4,1101,1101,1101,1101,0,0,0,0
57,41,2,305,305,305,305,0,0,0,0
57,42,12,2987,2987,2987,2987,0,0,0,0
57,52,5,794,794,794,794,0,0,0,0
57,74,7,1546,1546,1546,1546,0,0,0,0
57,75,8,847,847,847,847,0,0,0,0
57,82,2,76,76,76,76,0,0,0,0
57,101,4,703,703,703,703,0,0,0,0
57,105,2,152,152,152,152,0,0,0,0
57,111,2,381,381,381,381,0,0,0,0
57,113,2,631,631,631,631,0,0,0,0
57,114,9,979,979,979,979,0,0,0,0
57,115,1,318,318,318,318,0,0,0,0
57,117,4,433,433,433,433,0,0,0,0
57,31,1,99,99,99,99,0,0,0,0
57,36,5,423,423,423,423,0,0,0,0
57,37,3,629,629,629,629,0,0,0,0
57,51,3,574,574,574,574,0,0,0,0
57,96,2,1085,1085,0,0,1085,1085,0,0
57,99,2,23,23,23,23,0,0,0,0
57,110,2,134,134,134,134,0,0,0,0
57,116,3,377,377,377,377,0,0,0,0
57,127,6,1739,1739,1570,1570,170,170,0,0
58,31,62,5642,5642,3697,3697,1945,1945,0,0
58,32,99,6990,6990,3091,3091,3899,3899,0,0
58,33,43,4031,4031,1345,1345,2686,2686,0,0
58,36,27,4482,4482,4482,4482,0,0,0,0
58,37,20,4763,4763,4763,4763,0,0,0,0
58,50,5,642,642,642,642,0,0,0,0
58,52,6,876,876,876,876,0,0,0,0
58,65,1,747,747,0,0,747,747,0,0
58,66,11,2447,2447,1362,1362,1085,1085,0,0
58,69,13,5458,5458,1029,1029,4429,4429,0,0
58,80,10,1362,1362,1362,1362,0,0,0,0
58,82,11,1489,1489,1489,1489,0,0,0,0
58,96,5,755,755,175,175,580,580,0,0
58,103,2,34,34,34,34,0,0,0,0
58,107,4,514,514,514,514,0,0,0,0
58,111,3,955,955,0,0,955,955,0,0
58,112,6,378,378,339,339,39,39,0,0
58,115,4,697,697,697,697,0,0,0,0
58,125,3,988,988,988,988,0,0,0,0
58,127,8,1846,1846,1398,1398,448,448,0,0
58,34,1,249,249,249,249,0,0,0,0
58,38,6,832,832,832,832,0,0,0,0
58,39,6,586,586,586,586,0,0,0,0
58,41,1,186,186,186,186,0,0,0,0
58,51,7,2220,2220,488,488,1732,1732,0,0
58,88,2,283,283,283,283,0,0,0,0
58,110,2,198,198,198,198,0,0,0,0
58,114,2,271,271,271,271,0,0,0,0
59,31,21,1377,1377,551,551,827,827,0,0
59,32,49,4153,4153,2871,2871,1283,1283,0,0
59,36,11,1501,1501,1501,1501,0,0,0,0
59,39,8,1156,1156,1156,1156,0,0,0,0
59,40,5,610,610,610,610,0,0,0,0
59,41,11,1904,1904,1904,1904,0,0,0,0
59,80,1,1326,1326,0,0,1326,1326,0,0
59,81,2,687,687,365,365,322,322,0,0
59,88,5,1223,1223,1223,1223,0,0,0,0
59,89,1,711,711,0,0,711,711,0,0
59,96,5,4835,4835,830,830,4005,4005,0,0
59,98,2,81,81,81,81,0,0,0,0
59,100,5,1274,1274,793,793,481,481,0,0
59,103,4,136,136,136,136,0,0,0,0
59,127,5,1138,1138,1138,1138,0,0,0,0
59,33,2,151,151,0,0,151,151,0,0
59,37,14,3326,3326,3009,3009,317,317,0,0
59,42,2,38,38,38,38,0,0,0,0
59,62,4,1188,1188,1188,1188,0,0,0,0
59,72,2,462,462,462,462,0,0,0,0
59,93,4,903,903,340,340,563,563,0,0
59,101,4,195,195,195,195,0,0,0,0
59,116,5,2533,2533,1331,1331,1203,1203,0,0
59,117,2,664,664,0,0,664,664,0,0
59,118,3,829,829,829,829,0,0,0,0
60,37,5,607,607,607,607,0,0,0,0
60,48,5,912,912,912,912,0,0,0,0
60,64,3,596,596,596,596,0,0,0,0
60,73,11,3449,3449,941,941,2508,2508,0,0
60,74,17,3727,3727,3083,3083,645,645,0,0
60,84,2,317,317,0,0,317,317,0,0
60,85,3,601,601,601,601,0,0,0,0
60,86,9,1267,1267,1267,1267,0,0,0,0
60,87,8,1103,1103,1103,1103,0,0,0,0
60,89,2,148,148,148,148,0,0,0,0
60,90,2,45,45,45,45,0,0,0,0
60,94,3,1392,1392,1392,1392,0,0,0,0
60,96,2,66,66,66,66,0,0,0,0
60,97,2,145,145,145,145,0,0,0,0
60,98,1,181,181,181,181,0,0,0,0
60,100,6,620,620,620,620,0,0,0,0
60,103,4,121,121,121,121,0,0,0,0
60,109,10,2549,2549,936,936,1613,1613,0,0
60,126,2,394,394,394,394,0,0,0,0
60,127,3,973,973,973,973,0,0,0,0
60,45,4,587,587,587,587,0,0,0,0
60,105,4,114,114,114,114,0,0,0,0
60,107,2,90,90,90,90,0,0,0,0
60,116,2,140,140,140,140,0,0,0,0
60,125,2,439,439,439,439,0,0,0,0
61,33,1,306,306,0,0,306,306,0,0
61,40,4,692,692,692,692,0,0,0,0
61,44,2,271,271,271,271,0,0,0,0
61,47,5,634,634,634,634,0,0,0,0
61,74,3,563,563,563,563,0,0,0,0
61,78,11,2125,2125,1509,1509,616,616,0,0
61,89,4,123,123,123,123,0,0,0,0
61,96,5,666,666,666,666,0,0,0,0
61,99,2,20,20,20,20,0,0,0,0
61,126,6,1293,1293,1293,1293,0,0,0,0
61,32,5,1498,1498,294,294,1204,1204,0,0
61,34,2,106,106,106,106,0,0,0,0
61,35,7,601,601,601,601,0,0,0,0
61,38,2,129,129,129,129,0,0,0,0
61,45,1,686,686,686,686,0,0,0,0
61,109,2,74,74,74,74,0,0,0,0
61,116,2,61,61,61,61,0,0,0,0
61,118,2,770,770,770,770,0,0,0,0
61,119,1,397,397,397,397,0,0,0,0
61,127,2,310,310,310,310,0,0,0,0
62,27,1,337,337,337,337,0,0,0,0
62,32,6,1081,1081,1081,1081,0,0,0,0
62,43,8,2053,2053,2053,2053,0,0,0,0
62,47,2,460,460,460,460,0,0,0,0
62,73,5,1341,1341,1341,1341,0,0,0,0
62,77,4,322,322,322,322,0,0,0,0
62,80,7,2669,2669,1755,1755,914,914,0,0
62,96,2,99,99,99,99,0,0,0,0
62,104,7,833,833,833,833,0,0,0,0
62,108,1,230,230,230,230,0,0,0,0
62,113,4,374,374,374,374,0,0,0,0
62,117,1,123,123,123,123,0,0,0,0
62,118,7,1362,1362,1362,1362,0,0,0,0
62,125,1,334,334,334,334,0,0,0,0
62,34,4,433,433,433,433,0,0,0,0
62,38,3,316,316,316,316,0,0,0,0
62,48,2,86,86,86,86,0,0,0,0
62,62,1,388,388,388,388,0,0,0,0
62,63,7,2287,2287,2287,2287,0,0,0,0
62,71,2,253,253,253,253,0,0,0,0
62,72,1,277,277,277,277,0,0,0,0
62,76,2,73,73,73,73,0,0,0,0
62,78,4,127,127,127,127,0,0,0,0
62,88,1,82,82,82,82,0,0,0,0
62,97,2,470,470,470,470,0,0,0,0
62,99,4,312,312,312,312,0,0,0,0
62,106,2,75,75,75,75,0,0,0,0
62,110,4,311,311,311,311,0,0,0,0
62,114,2,192,192,192,192,0,0,0,0
62,115,2,127,127,127,127,0,0,0,0
62,122,2,337,337,337,337,0,0,0,0
62,124,2,300,300,300,300,0,0,0,0
63,33,9,2274,2274,485,485,1789,1789,0,0
63,42,4,780,780,780,780,0,0,0,0
63,45,2,475,475,475,475,0,0,0,0
63,62,4,2915,2915,2915,2915,0,0,0,0
63,96,2,124,124,124,124,0,0,0,0
63,101,2,239,239,239,239,0,0,0,0
63,103,6,759,759,759,759,0,0,0,0
63,109,2,514,514,514,514,0,0,0,0
63,112,8,4655,4655,111,111,4544,4544,0,0
63,123,2,1047,1047,1047,1047,0,0,0,0
63,41,2,427,427,427,427,0,0,0,0
63,74,4,335,335,335,335,0,0,0,0
63,76,4,287,287,225,225,62,62,0,0
63,86,3,3510,3510,0,0,3510,3510,0,0
63,121,4,142,142,142,142,0,0,0,0
64,29,1,404,404,0,0,404,404,0,0
64,33,4,269,269,269,269,0,0,0,0
64,34,1,70,70,70,70,0,0,0,0
64,86,3,765,765,765,765,0,0,0,0
64,101,5,1929,1929,698,698,1231,1231,0,0
64,102,6,549,549,549,549,0,0,0,0
64,106,2,173,173,173,173,0,0,0,0
64,110,2,94,94,94,94,0,0,0,0
64,111,2,59,59,59,59,0,0,0,0
64,112,9,11619,11619,0,0,11619,11619,0,0
64,41,1,327,327,327,327,0,0,0,0
64,46,2,133,133,133,133,0,0,0,0
64,76,3,841,841,841,841,0,0,0,0
64,100,2,55,55,55,55,0,0,0,0
64,103,1,132,132,132,132,0,0,0,0
64,109,2,65,65,65,65,0,0,0,0
64,117,2,198,198,198,198,0,0,0,0
64,120,1,80,80,80,80,0,0,0,0
65,34,2,237,237,237,237,0,0,0,0
65,37,1,137,137,137,137,0,0,0,0
65,41,1,408,408,408,408,0,0,0,0
65,73,2,89,89,89,89,0,0,0,0
65,74,7,1258,1258,1258,1258,0,0,0,0
65,75,2,531,531,531,531,0,0,0,0
65,76,1,531,531,531,531,0,0,0,0
65,96,2,151,151,151,151,0,0,0,0
65,98,1,186,186,186,186,0,0,0,0
65,116,2,231,231,231,231,0,0,0,0
65,31,1,608,608,608,608,0,0,0,0
65,32,6,983,983,983,983,0,0,0,0
65,46,4,685,685,685,685,0,0,0,0
65,50,2,556,556,0,0,556,556,0,0
65,51,11,1128,1128,783,783,345,345,0,0
65,79,1,592,592,592,592,0,0,0,0
65,86,2,328,328,328,328,0,0,0,0
65,104,3,255,255,255,255,0,0,0,0
65,107,6,490,490,490,490,0,0,0,0
65,119,2,174,174,174,174,0,0,0,0
66,32,6,1612,1612,1612,1612,0,0,0,0
66,35,2,57,57,57,57,0,0,0,0
66,39,4,654,654,654,654,0,0,0,0
66,40,2,346,346,346,346,0,0,0,0
66,49,2,97,97,97,97,0,0,0,0
66,51,3,2209,2209,0,0,2209,2209,0,0
66,62,2,1018,1018,0,0,1018,1018,0,0
66,67,2,365,365,365,365,0,0,0,0
66,75,7,1102,1102,1102,1102,0,0,0,0
66,97,4,1567,1567,247,247,1320,1320,0,0
66,103,5,346,346,346,346,0,0,0,0
66,105,15,1945,1945,1320,1320,625,625,0,0
66,111,2,71,71,71,71,0,0,0,0
66,117,3,283,283,283,283,0,0,0,0
66,122,2,195,195,195,195,0,0,0,0
66,31,2,694,694,694,694,0,0,0,0
66,38,1,129,129,129,129,0,0,0,0
66,52,2,1295,1295,0,0,1295,1295,0,0
66,55,4,1110,1110,1110,1110,0,0,0,0
66,56,1,534,534,534,534,0,0,0,0
66,68,2,47,47,47,47,0,0,0,0
66,74,4,393,393,393,393,0,0,0,0
66,93,1,441,441,29,29,412,412,0,0
66,94,1,478,478,249,249,229,229,0,0
66,98,2,188,188,188,188,0,0,0,0
66,104,1,1660,1660,0,0,1660,1660,0,0
66,119,2,2768,2768,0,0,2768,2768,0,0
66,120,2,4868,4868,0,0,4868,4868,0,0
66,125,1,21,21,21,21,0,0,0,0
67,39,2,84,84,84,84,0,0,0,0
67,56,2,559,559,559,559,0,0,0,0
67,74,4,647,647,647,647,0,0,0,0
67,83,3,372,372,372,372,0,0,0,0
67,84,2,700,700,0,0,700,700,0,0
67,91,1,399,399,0,0,399,399,0,0
67,93,1,651,651,651,651,0,0,0,0
67,94,6,2805,2805,2805,2805,0,0,0,0
67,97,2,196,196,196,196,0,0,0,0
67,100,3,76,76,76,76,0,0,0,0
67,105,6,560,560,560,560,0,0,0,0
67,114,6,190,190,190,190,0,0,0,0
67,119,6,5726,5726,0,0,5726,5726,0,0
67,122,4,426,426,426,426,0,0,0,0
67,36,2,226,226,226,226,0,0,0,0
67,38,2,345,345,345,345,0,0,0,0
67,44,2,60,60,60,60,0,0,0,0
67,49,2,115,115,115,115,0,0,0,0
67,79,12,1768,1768,1325,1325,442,442,0,0
67,109,2,210,210,210,210,0,0,0,0
67,127,2,48,48,48,48,0,0,0,0
68,29,4,1010,1010,1010,1010,0,0,0,0
68,36,1,158,158,158,158,0,0,0,0
68,37,7,262,262,262,262,0,0,0,0
68,72,2,82,82,82,82,0,0,0,0
68,74,4,200,200,200,200,0,0,0,0
68,78,1,352,352,352,352,0,0,0,0
68,79,2,262,262,262,262,0,0,0,0
68,92,2,473,473,473,473,0,0,0,0
68,94,2,236,236,236,236,0,0,0,0
68,101,2,199,199,199,199,0,0,0,0
68,106,1,105,105,105,105,0,0,0,0
68,109,2,377,377,377,377,0,0,0,0
68,124,5,71,71,71,71,0,0,0,0
68,30,1,443,443,443,443,0,0,0,0
68,96,2,189,189,189,189,0,0,0,0
68,99,4,201,201,201,201,0,0,0,0
68,102,3,694,694,694,694,0,0,0,0
68,110,1,172,172,172,172,0,0,0,0
69,29,2,316,316,316,316,0,0,0,0
69,30,2,648,648,648,648,0,0,0,0
69,57,3,921,921,921,921,0,0,0,0
69,58,4,1423,1423,518,518,905,905,0,0
69,81,8,1783,1783,985,985,798,798,0,0
69,92,2,464,464,0,0,464,464,0,0
69,97,4,242,242,242,242,0,0,0,0
69,101,2,1122,1122,0,0,1122,1122,0,0
69,105,3,167,167,167,167,0,0,0,0
69,110,4,880,880,880,880,0,0,0,0
69,125,2,285,285,285,285,0,0,0,0
69,28,6,3161,3161,1298,1298,1863,1863,0,0
69,34,2,239,239,239,239,0,0,0,0
69,46,5,182,182,182,182,0,0,0,0
69,72,1,391,391,391,391,0,0,0,0
69,73,2,112,112,112,112,0,0,0,0
69,75,5,1341,1341,1341,1341,0,0,0,0
69,93,2,478,478,0,0,478,478,0,0
69,99,5,270,270,270,270,0,0,0,0
69,120,2,1366,1366,0,0,1366,1366,0,0
69,127,7,2212,2212,711,711,1502,1502,0,0
70,30,4,265,265,265,265,0,0,0,0
70,34,5,1161,1161,1161,1161,0,0,0,0
70,38,6,1091,1091,769,769,322,322,0,0
70,40,4,549,549,549,549,0,0,0,0
70,42,5,1744,1744,847,847,897,897,0,0
70,51,3,216,216,216,216,0,0,0,0
70,57,2,1353,1353,0,0,1353,1353,0,0
70,75,2,350,350,350,350,0,0,0,0
70,79,7,1116,1116,1116,1116,0,0,0,0
70,80,5,1018,1018,296,296,722,722,0,0
70,81,2,278,278,278,278,0,0,0,0
70,93,4,1921,1921,844,844,1078,1078,0,0
70,97,2,210,210,210,210,0,0,0,0
70,100,2,182,182,182,182,0,0,0,0
70,106,4,640,640,117,117,523,523,0,0
70,108,2,236,236,236,236,0,0,0,0
70,119,4,269,269,269,269,0,0,0,0
70,125,4,136,136,136,136,0,0,0,0
70,127,3,291,291,177,177,114,114,0,0
70,26,3,975,975,975,975,0,0,0,0
70,92,4,1606,1606,1606,1606,0,0,0,0
70,94,1,218,218,218,218,0,0,0,0
70,103,2,392,392,392,392,0,0,0,0
70,109,1,305,305,305,305,0,0,0,0
71,26,3,724,724,724,724,0,0,0,0
71,28,7,2286,2286,2286,2286,0,0,0,0
71,35,2,285,285,285,285,0,0,0,0
71,42,1,491,491,0,0,491,491,0,0
71,59,3,882,882,882,882,0,0,0,0
71,60,2,346,346,346,346,0,0,0,0
71,72,2,87,87,87,87,0,0,0,0
71,75,4,780,780,780,780,0,0,0,0
71,92,3,1087,1087,1087,1087,0,0,0,0
71,100,3,135,135,135,135,0,0,0,0
71,103,1,287,287,287,287,0,0,0,0
71,25,6,1233,1233,1233,1233,0,0,0,0
71,27,2,195,195,195,195,0,0,0,0
71,34,2,1086,1086,0,0,1086,1086,0,0
71,93,3,553,553,553,553,0,0,0,0
71,98,2,175,175,175,175,0,0,0,0
71,101,2,214,214,214,214,0,0,0,0
71,104,2,307,307,307,307,0,0,0,0
71,119,2,244,244,244,244,0,0,0,0
71,124,6,220,220,220,220,0,0,0,0
72,25,2,367,367,367,367,0,0,0,0
72,27,4,1113,1113,735,735,377,377,0,0
72,33,3,1190,1190,335,335,854,854,0,0
72,34,9,2378,2378,1826,1826,552,552,0,0
72,76,2,344,344,344,344,0,0,0,0
72,79,4,469,469,469,469,0,0,0,0
72,80,7,927,927,927,927,0,0,0,0
72,118,2,272,272,272,272,0,0,0,0
72,123,8,674,674,662,662,12,12,0,0
72,124,1,410,410,0,0,410,410,0,0
72,14,5,876,876,798,798,78,78,0,0
72,16,2,60,60,60,60,0,0,0,0
72,32,4,1026,1026,1026,1026,0,0,0,0
72,37,4,1472,1472,1472,1472,0,0,0,0
72,45,1,15,15,15,15,0,0,0,0
72,94,2,353,353,353,353,0,0,0,0
72,102,2,73,73,73,73,0,0,0,0
72,104,2,279,279,279,279,0,0,0,0
72,117,1,582,582,582,582,0,0,0,0
73,14,2,494,494,0,0,494,494,0,0
73,18,4,835,835,835,835,0,0,0,0
73,49,1,298,298,298,298,0,0,0,0
73,69,3,2080,2080,0,0,2080,2080,0,0
73,75,2,73,73,73,73,0,0,0,0
73,76,4,620,620,620,620,0,0,0,0
73,91,1,491,491,0,0,491,491,0,0
73,95,2,98,98,98,98,0,0,0,0
73,101,2,680,680,680,680,0,0,0,0
73,107,2,389,389,389,389,0,0,0,0
73,110,2,337,337,337,337,0,0,0,0
73,112,2,133,133,133,133,0,0,0,0
73,116,2,485,485,485,485,0,0,0,0
73,121,2,824,824,824,824,0,0,0,0
73,122,4,224,224,224,224,0,0,0,0
73,8,2,64,64,64,64,0,0,0,0
73,13,2,193,193,193,193,0,0,0,0
73,16,2,669,669,669,669,0,0,0,0
73,32,4,609,609,609,609,0,0,0,0
73,42,2,422,422,422,422,0,0,0,0
73,77,2,414,414,414,414,0,0,0,0
73,109,2,69,69,69,69,0,0,0,0
74,8,13,3447,3447,3447,3447,0,0,0,0
74,9,18,4452,4452,4452,4452,0,0,0,0
74,11,2,154,154,154,154,0,0,0,0
74,13,7,897,897,897,897,0,0,0,0
74,27,2,198,198,198,198,0,0,0,0
74,75,4,153,153,153,153,0,0,0,0
74,76,2,266,266,266,266,0,0,0,0
74,77,4,430,430,430,430,0,0,0,0
74,78,5,1205,1205,723,723,482,482,0,0
74,87,6,1640,1640,259,259,1381,1381,0,0
74,92,1,473,473,0,0,473,473,0,0
74,95,2,20,20,20,20,0,0,0,0
74,106,6,484,484,484,484,0,0,0,0
74,108,2,186,186,186,186,0,0,0,0
74,109,2,166,166,166,166,0,0,0,0
74,122,6,269,269,269,269,0,0,0,0
74,12,3,1029,1029,1029,1029,0,0,0,0
74,14,2,336,336,336,336,0,0,0,0
74,17,2,83,83,83,83,0,0,0,0
74,19,2,205,205,205,205,0,0,0,0
74,20,3,607,607,607,607,0,0,0,0
74,31,2,38,38,38,38,0,0,0,0
74,39,1,292,292,292,292,0,0,0,0
74,44,3,1345,1345,310,310,1035,1035,0,0
74,48,6,922,922,362,362,561,561,0,0
74,62,2,260,260,260,260,0,0,0,0
74,66,5,782,782,782,782,0,0,0,0
74,74,1,91,91,91,91,0,0,0,0
74,89,2,79,79,79,79,0,0,0,0
74,94,1,396,396,396,396,0,0,0,0
74,96,2,621,621,621,621,0,0,0,0
74,107,1,269,269,269,269,0,0,0,0
74,110,2,244,244,244,244,0,0,0,0
74,113,2,539,539,539,539,0,0,0,0
74,115,2,137,137,137,137,0,0,0,0
75,8,40,14766,14766,14766,14766,0,0,0,0
75,9,1,643,643,643,643,0,0,0,0
75,12,8,1052,1052,1052,1052,0,0,0,0
75,13,2,35,35,35,35,0,0,0,0
75,20,11,3004,3004,1114,1114,1890,1890,0,0
75,21,5,825,825,825,825,0,0,0,0
75,25,2,80,80,80,80,0,0,0,0
75,29,10,4611,4611,3289,3289,1322,1322,0,0
75,30,3,549,549,549,549,0,0,0,0
75,34,7,3176,3176,2445,2445,731,731,0,0
75,36,6,627,627,627,627,0,0,0,0
75,44,5,1925,1925,444,444,1480,1480,0,0
75,64,9,3990,3990,1742,1742,2249,2249,0,0
75,75,1,232,232,232,232,0,0,0,0
75,95,4,326,326,326,326,0,0,0,0
75,109,6,585,585,585,585,0,0,0,0
75,7,7,2887,2887,2887,2887,0,0,0,0
75,17,4,547,547,547,547,0,0,0,0
75,18,4,623,623,623,623,0,0,0,0
75,19,3,543,543,543,543,0,0,0,0
75,61,2,46,46,46,46,0,0,0,0
75,74,2,741,741,0,0,741,741,0,0
75,81,2,390,390,390,390,0,0,0,0
75,82,1,484,484,484,484,0,0,0,0
75,88,7,1946,1946,307,307,1639,1639,0,0
75,106,2,145,145,145,145,0,0,0,0
75,108,2,138,138,138,138,0,0,0,0
75,110,2,447,447,447,447,0,0,0,0
76,7,32,9393,9393,9393,9393,0,0,0,0
76,8,15,4602,4602,4602,4602,0,0,0,0
76,12,4,1056,1056,1056,1056,0,0,0,0
76,14,2,66,66,66,66,0,0,0,0
76,15,28,8203,8203,8203,8203,0,0,0,0
76,16,35,9364,9364,9364,9364,0,0,0,0
76,17,3,441,441,441,441,0,0,0,0
76,24,3,426,426,426,426,0,0,0,0
76,61,6,682,682,682,682,0,0,0,0
76,74,4,792,792,792,792,0,0,0,0
76,95,3,626,626,626,626,0,0,0,0
76,96,17,1959,1959,1959,1959,0,0,0,0
76,106,1,43,43,43,43,0,0,0,0
76,107,4,936,936,399,399,537,537,0,0
76,108,2,175,175,175,175,0,0,0,0
76,110,1,155,155,155,155,0,0,0,0
76,115,2,72,72,72,72,0,0,0,0
76,10,2,203,203,203,203,0,0,0,0
76,13,2,707,707,0,0,707,707,0,0
76,31,2,509,509,509,509,0,0,0,0
76,32,2,98,98,98,98,0,0,0,0
76,47,2,219,219,219,219,0,0,0,0
76,64,2,213,213,213,213,0,0,0,0
76,65,9,1476,1476,1476,1476,0,0,0,0
76,117,2,377,377,377,377,0,0,0,0
76,118,2,385,385,385,385,0,0,0,0
77,7,30,14310,14310,14146,14146,164,164,0,0
77,9,5,798,798,798,798,0,0,0,0
77,11,4,247,247,247,247,0,0,0,0
77,13,16,4986,4986,4556,4556,429,429,0,0
77,14,58,12588,12588,12588,12588,0,0,0,0
77,15,40,11705,11705,11705,11705,0,0,0,0
77,16,35,10954,10954,10954,10954,0,0,0,0
77,61,3,293,293,293,293,0,0,0,0
77,77,2,412,412,412,412,0,0,0,0
77,95,2,122,122,122,122,0,0,0,0
77,96,2,122,122,122,122,0,0,0,0
77,97,5,485,485,485,485,0,0,0,0
77,118,2,53,53,53,53,0,0,0,0
77,6,9,2693,2693,2693,2693,0,0,0,0
77,8,1,511,511,511,511,0,0,0,0
77,17,4,1120,1120,1120,1120,0,0,0,0
77,32,2,235,235,235,235,0,0,0,0
77,59,3,613,613,613,613,0,0,0,0
77,109,3,667,667,667,667,0,0,0,0
77,112,2,278,278,278,278,0,0,0,0
77,115,2,33,33,33,33,0,0,0,0
78,5,22,8712,8712,8712,8712,0,0,0,0
78,6,63,14208,14208,14208,14208,0,0,0,0
78,7,28,12767,12767,12767,12767,0,0,0,0
78,8,11,2357,2357,2357,2357,0,0,0,0
78,9,6,1281,1281,1281,1281,0,0,0,0
78,13,42,9561,9561,9561,9561,0,0,0,0
78,14,55,14104,14104,14104,14104,0,0,0,0
78,15,42,15217,15217,15217,15217,0,0,0,0
78,16,45,10586,10586,10586,10586,0,0,0,0
78,17,18,5547,5547,5547,5547,0,0,0,0
78,18,13,2149,2149,2149,2149,0,0,0,0
78,20,1,442,442,442,442,0,0,0,0
78,28,15,3770,3770,2146,2146,1624,1624,0,0
78,32,2,33,33,33,33,0,0,0,0
78,43,2,78,78,78,78,0,0,0,0
78,59,2,82,82,82,82,0,0,0,0
78,63,7,1489,1489,306,306,1184,1184,0,0
78,97,1,241,241,241,241,0,0,0,0
78,102,4,225,225,225,225,0,0,0,0
78,110,7,2343,2343,446,446,1897,1897,0,0
78,114,8,743,743,697,697,46,46,0,0
78,117,3,651,651,651,651,0,0,0,0
78,11,2,203,203,203,203,0,0,0,0
78,30,1,73,73,73,73,0,0,0,0
78,39,2,195,195,195,195,0,0,0,0
78,50,2,487,487,487,487,0,0,0,0
78,58,4,434,434,434,434,0,0,0,0
78,61,2,443,443,443,443,0,0,0,0
78,96,2,25,25,25,25,0,0,0,0
78,112,5,497,497,497,497,0,0,0,0
78,116,1,722,722,722,722,0,0,0,0
79,4,24,8209,8209,8209,8209,0,0,0,0
79,5,52,14402,14402,14402,14402,0,0,0,0
79,6,31,6925,6925,6925,6925,0,0,0,0
79,9,4,725,725,725,725,0,0,0,0
79,13,37,7325,7325,7325,7325,0,0,0,0
79,14,29,3402,3402,3402,3402,0,0,0,0
79,15,29,7467,7467,6367,6367,0,0,1101,1101
79,16,44,12277,12277,12277,12277,0,0,0,0
79,17,44,8814,8814,8814,8814,0,0,0,0
79,60,5,793,793,793,793,0,0,0,0
79,61,4,409,409,409,409,0,0,0,0
79,63,4,789,789,286,286,503,503,0,0
79,66,4,364,364,364,364,0,0,0,0
79,84,1,401,401,401,401,0,0,0,0
79,101,4,732,732,732,732,0,0,0,0
79,102,16,3598,3598,3598,3598,0,0,0,0
79,3,1,659,659,659,659,0,0,0,0
79,12,2,2257,2257,2257,2257,0,0,0,0
79,33,2,608,608,608,608,0,0,0,0
79,53,2,190,190,190,190,0,0,0,0
79,59,2,257,257,257,257,0,0,0,0
79,100,6,1027,1027,1027,1027,0,0,0,0
79,103,1,104,104,104,104,0,0,0,0
79,104,2,205,205,205,205,0,0,0,0
79,113,5,693,693,693,693,0,0,0,0
79,115,4,493,493,493,493,0,0,0,0
79,117,2,167,167,167,167,0,0,0,0
80,2,164,9487,9487,1341,1341,8146,8146,0,0
80,4,29,6282,6282,6282,6282,0,0,0,0
80,5,39,9300,9300,9300,9300,0,0,0,0
80,9,3,825,825,825,825,0,0,0,0
80,12,13,379,379,379,379,0,0,0,0
80,13,4,151,151,151,151,0,0,0,0
80,16,8,2277,2277,2277,2277,0,0,0,0
80,17,49,11711,11711,11711,11711,0,0,0,0
80,19,2,269,269,269,269,0,0,0,0
80,36,10,1589,1589,1589,1589,0,0,0,0
80,37,3,1991,1991,79,79,1912,1912,0,0
80,39,2,194,194,194,194,0,0,0,0
80,42,3,228,228,228,228,0,0,0,0
80,57,4,465,465,465,465,0,0,0,0
80,59,5,910,910,910,910,0,0,0,0
80,99,5,662,662,662,662,0,0,0,0
80,104,14,3365,3365,3365,3365,0,0,0,0
80,105,12,1436,1436,1436,1436,0,0,0,0
80,107,2,227,227,227,227,0,0,0,0
80,108,2,601,601,601,601,0,0,0,0
80,109,2,225,225,225,225,0,0,0,0
80,112,2,26,26,26,26,0,0,0,0
80,115,2,297,297,297,297,0,0,0,0
80,116,6,1312,1312,1312,1312,0,0,0,0
80,1,19,1545,1545,698,698,848,848,0,0
80,3,5,666,666,436,436,230,230,0,0
80,32,2,265,265,265,265,0,0,0,0
80,45,1,127,127,127,127,0,0,0,0
80,49,2,198,198,198,198,0,0,0,0
80,58,7,733,733,733,733,0,0,0,0
80,65,12,1521,1521,1521,1521,0,0,0,0
80,66,1,490,490,323,323,167,167,0,0
80,101,4,474,474,474,474,0,0,0,0
80,114,4,646,646,646,646,0,0,0,0
81,0,44,8007,8007,7765,7765,242,242,0,0
81,1,135,12110,12110,5553,5553,6556,6556,0,0
81,2,56,3439,3439,1632,1632,1807,1807,0,0
81,3,5,264,264,0,0,264,264,0,0
81,4,5,380,380,380,380,0,0,0,0
81,9,5,1179,1179,1179,1179,0,0,0,0
81,13,10,400,400,400,400,0,0,0,0
81,17,47,12316,12316,12316,12316,0,0,0,0
81,18,41,9225,9225,9225,9225,0,0,0,0
81,19,6,587,587,587,587,0,0,0,0
81,30,9,3108,3108,648,648,2460,2460,0,0
81,32,6,730,730,730,730,0,0,0,0
81,48,6,1228,1228,1228,1228,0,0,0,0
81,49,8,966,966,424,424,542,542,0,0
81,60,6,940,940,940,940,0,0,0,0
81,65,3,153,153,132,132,22,22,0,0
81,66,1,682,682,0,0,682,682,0,0
81,101,2,170,170,170,170,0,0,0,0
81,105,2,52,52,52,52,0,0,0,0
81,109,2,126,126,126,126,0,0,0,0
81,112,2,66,66,66,66,0,0,0,0
81,25,3,836,836,836,836,0,0,0,0
81,37,2,73,73,73,73,0,0,0,0
81,38,1,30,30,30,30,0,0,0,0
81,47,2,251,251,251,251,0,0,0,0
81,53,4,353,353,353,353,0,0,0,0
81,55,3,338,338,338,338,0,0,0,0
81,73,1,254,254,254,254,0,0,0,0
81,74,1,1292,1292,97,97,1194,1194,0,0
81,89,1,44,44,44,44,0,0,0,0
81,106,5,777,777,777,777,0,0,0,0
81,107,4,134,134,134,134,0,0,0,0
81,108,2,246,246,246,246,0,0,0,0
81,114,1,176,176,176,176,0,0,0,0
82,0,22,6650,6650,6650,6650,0,0,0,0
82,1,53,8894,8894,8894,8894,0,0,0,0
82,8,3,770,770,770,770,0,0,0,0
82,13,2,78,78,78,78,0,0,0,0
82,15,3,1039,1039,1039,1039,0,0,0,0
82,17,19,4360,4360,4360,4360,0,0,0,0
82,18,18,3911,3911,3911,3911,0,0,0,0
82,25,3,2408,2408,2408,2408,0,0,0,0
82,28,2,125,125,125,125,0,0,0,0
82,38,4,118,118,118,118,0,0,0,0
82,42,5,1588,1588,1588,1588,0,0,0,0
82,45,5,376,376,376,376,0,0,0,0
82,47,10,760,760,760,760,0,0,0,0
82,53,4,427,427,427,427,0,0,0,0
82,61,11,1054,1054,1054,1054,0,0,0,0
82,65,14,2987,2987,1727,1727,1260,1260,0,0
82,73,4,933,933,404,404,529,529,0,0
82,74,3,3783,3783,0,0,3783,3783,0,0
82,78,2,220,220,220,220,0,0,0,0
82,90,2,95,95,95,95,0,0,0,0
82,91,1,63,63,63,63,0,0,0,0
82,102,2,422,422,422,422,0,0,0,0
82,107,4,1017,1017,1017,1017,0,0,0,0
82,108,6,816,816,816,816,0,0,0,0
82,116,5,989,989,989,989,0,0,0,0
82,117,2,290,290,290,290,0,0,0,0
82,118,4,489,489,489,489,0,0,0,0
82,26,1,2810,2810,0,0,2810,2810,0,0
82,33,2,136,136,136,136,0,0,0,0
82,35,1,171,171,171,171,0,0,0,0
82,55,8,688,688,688,688,0,0,0,0
82,87,1,927,927,927,927,0,0,0,0
82,101,7,538,538,538,538,0,0,0,0
82,103,2,327,327,327,327,0,0,0,0
82,105,2,218,218,218,218,0,0,0,0
82,110,2,166,166,166,166,0,0,0,0
83,0,25,11916,11916,11916,11916,0,0,0,0
83,1,9,1013,1013,1013,1013,0,0,0,0
83,12,2,67,67,67,67,0,0,0,0
83,23,3,428,428,428,428,0,0,0,0
83,35,1,225,225,225,225,0,0,0,0
83,38,3,713,713,713,713,0,0,0,0
83,55,4,419,419,419,419,0,0,0,0
83,62,2,212,212,212,212,0,0,0,0
83,64,10,1117,1117,1117,1117,0,0,0,0
83,65,4,396,396,396,396,0,0,0,0
83,88,6,199,199,199,199,0,0,0,0
83,89,2,77,77,77,77,0,0,0,0
83,90,2,83,83,83,83,0,0,0,0
83,102,6,1100,1100,1100,1100,0,0,0,0
83,105,2,138,138,138,138,0,0,0,0
83,113,1,129,129,129,129,0,0,0,0
83,114,4,619,619,619,619,0,0,0,0
83,9,2,975,975,16,16,959,959,0,0
83,14,4,481,481,481,481,0,0,0,0
83,24,1,668,668,0,0,668,668,0,0
83,39,5,1198,1198,1198,1198,0,0,0,0
83,43,2,471,471,471,471,0,0,0,0
83,44,4,703,703,703,703,0,0,0,0
83,73,2,175,175,175,175,0,0,0,0
83,80,1,219,219,219,219,0,0,0,0
83,91,2,87,87,87,87,0,0,0,0
83,92,2,79,79,79,79,0,0,0,0
83,104,10,938,938,938,938,0,0,0,0
83,109,1,43,43,43,43,0,0,0,0
83,110,2,384,384,384,384,0,0,0,0
83,112,1,277,277,277,277,0,0,0,0
83,115,2,190,190,190,190,0,0,0,0
83,117,2,67,67,67,67,0,0,0,0
83,118,4,620,620,620,620,0,0,0,0
84,3,5,659,659,659,659,0,0,0,0
84,9,1,611,611,611,611,0,0,0,0
84,10,1,400,400,400,400,0,0,0,0
84,24,14,2999,2999,2999,2999,0,0,0,0
84,25,4,913,913,913,913,0,0,0,0
84,38,3,481,481,481,481,0,0,0,0
84,39,3,633,633,633,633,0,0,0,0
84,44,2,277,277,277,277,0,0,0,0
84,56,16,2292,2292,2292,2292,0,0,0,0
84,62,6,341,341,341,341,0,0,0,0
84,88,2,54,54,54,54,0,0,0,0
84,89,2,81,81,81,81,0,0,0,0
84,92,2,55,55,55,55,0,0,0,0
84,102,2,283,283,283,283,0,0,0,0
84,104,2,456,456,456,456,0,0,0,0
84,108,2,205,205,205,205,0,0,0,0
84,110,3,275,275,275,275,0,0,0,0
84,112,8,1570,1570,1570,1570,0,0,0,0
84,116,2,117,117,117,117,0,0,0,0
84,7,2,155,155,155,155,0,0,0,0
84,11,3,494,494,494,494,0,0,0,0
84,12,4,629,629,629,629,0,0,0,0
84,14,1,14,14,14,14,0,0,0,0
84,20,2,431,431,431,431,0,0,0,0
84,34,2,91,91,91,91,0,0,0,0
84,37,2,115,115,115,115,0,0,0,0
84,40,6,1149,1149,1149,1149,0,0,0,0
84,49,4,602,602,602,602,0,0,0,0
84,59,5,325,325,325,325,0,0,0,0
84,93,2,89,89,89,89,0,0,0,0
84,94,2,52,52,52,52,0,0,0,0
84,105,2,22,22,22,22,0,0,0,0
84,109,2,47,47,47,47,0,0,0,0
84,113,4,149,149,149,149,0,0,0,0
84,114,1,75,75,75,75,0,0,0,0
84,118,2,286,286,286,286,0,0,0,0
85,20,6,1862,1862,1862,1862,0,0,0,0
85,21,12,2470,2470,2470,2470,0,0,0,0
85,24,1,1328,1328,0,0,1328,1328,0,0
85,25,1,175,175,175,175,0,0,0,0
85,57,14,2160,2160,2160,2160,0,0,0,0
85,75,1,307,307,307,307,0,0,0,0
85,91,6,334,334,334,334,0,0,0,0
85,93,3,107,107,107,107,0,0,0,0
85,103,4,270,270,270,270,0,0,0,0
85,106,6,490,490,490,490,0,0,0,0
85,113,6,1287,1287,293,293,994,994,0,0
85,9,2,112,112,112,112,0,0,0,0
85,16,10,1437,1437,1437,1437,0,0,0,0
85,37,6,634,634,634,634,0,0,0,0
85,40,2,610,610,610,610,0,0,0,0
85,50,3,513,513,73,73,440,440,0,0
85,51,1,564,564,0,0,564,564,0,0
85,104,2,27,27,27,27,0,0,0,0
85,108,2,97,97,97,97,0,0,0,0
85,110,2,18,18,18,18,0,0,0,0
86,8,13,1515,1515,1515,1515,0,0,0,0
86,14,11,2042,2042,2042,2042,0,0,0,0
86,16,2,287,287,287,287,0,0,0,0
86,21,6,739,739,739,739,0,0,0,0
86,36,2,72,72,72,72,0,0,0,0
86,39,11,9798,9798,961,961,8837,8837,0,0
86,61,10,1144,1144,1144,1144,0,0,0,0
86,110,4,582,582,582,582,0,0,0,0
86,113,21,7119,7119,4449,4449,2669,2669,0,0
86,0,2,2108,2108,0,0,2108,2108,0,0
86,40,2,1526,1526,0,0,1526,1526,0,0
86,58,6,424,424,424,424,0,0,0,0
86,66,6,2382,2382,1661,1661,721,721,0,0
86,105,4,235,235,235,235,0,0,0,0
86,109,2,73,73,73,73,0,0,0,0
86,114,2,133,133,133,133,0,0,0,0
86,127,1,20,20,20,20,0,0,0,0
87,0,4,3195,3195,1720,1720,1475,1475,0,0
87,14,10,1023,1023,1023,1023,0,0,0,0
87,24,6,1555,1555,1555,1555,0,0,0,0
87,26,11,1447,1447,1447,1447,0,0,0,0
87,31,3,1358,1358,371,371,987,987,0,0
87,35,7,601,601,601,601,0,0,0,0
87,36,4,377,377,377,377,0,0,0,0
87,59,6,1716,1716,720,720,996,996,0,0
87,66,3,2328,2328,0,0,2328,2328,0,0
87,98,3,417,417,417,417,0,0,0,0
87,111,4,74,74,74,74,0,0,0,0
87,119,2,154,154,154,154,0,0,0,0
87,9,2,94,94,94,94,0,0,0,0
87,21,6,694,694,694,694,0,0,0,0
87,23,1,336,336,336,336,0,0,0,0
87,25,1,418,418,418,418,0,0,0,0
87,27,6,1203,1203,1203,1203,0,0,0,0
87,28,4,1897,1897,629,629,1268,1268,0,0
87,29,4,211,211,211,211,0,0,0,0
87,32,6,827,827,827,827,0,0,0,0
87,97,1,1090,1090,0,0,1090,1090,0,0
87,108,2,108,108,108,108,0,0,0,0
87,113,3,317,317,273,273,0,0,44,44
87,114,1,1524,1524,0,0,0,0,1524,1524
87,116,2,67,67,67,67,0,0,0,0
88,3,6,1371,1371,1371,1371,0,0,0,0
88,4,2,423,423,423,423,0,0,0,0
88,5,12,1714,1714,1714,1714,0,0,0,0
88,6,2,180,180,180,180,0,0,0,0
88,7,13,2365,2365,2365,2365,0,0,0,0
88,9,5,282,282,282,282,0,0,0,0
88,21,6,765,765,765,765,0,0,0,0
88,23,4,1771,1771,1771,1771,0,0,0,0
88,29,2,198,198,198,198,0,0,0,0
88,31,6,1144,1144,659,659,485,485,0,0
88,32,4,972,972,429,429,543,543,0,0
88,46,4,1008,1008,1008,1008,0,0,0,0
88,79,3,1064,1064,1064,1064,0,0,0,0
88,97,5,1234,1234,1234,1234,0,0,0,0
88,109,4,635,635,635,635,0,0,0,0
88,111,2,346,346,346,346,0,0,0,0
88,113,7,6550,6550,573,573,5977,5977,0,0
88,121,2,33,33,33,33,0,0,0,0
88,15,3,691,691,691,691,0,0,0,0
88,24,2,451,451,451,451,0,0,0,0
88,30,2,53,53,53,53,0,0,0,0
88,33,6,211,211,211,211,0,0,0,0
88,37,1,171,171,171,171,0,0,0,0
88,54,6,829,829,829,829,0,0,0,0
88,58,7,1415,1415,859,859,557,557,0,0
88,104,1,343,343,343,343,0,0,0,0
88,110,3,297,297,297,297,0,0,0,0
88,112,2,307,307,307,307,0,0,0,0
88,114,4,962,962,962,962,0,0,0,0
89,3,2,389,389,389,389,0,0,0,0
89,14,4,606,606,606,606,0,0,0,0
89,22,1,514,514,514,514,0,0,0,0
89,25,6,1921,1921,1921,1921,0,0,0,0
89,27,5,960,960,960,960,0,0,0,0
89,30,6,515,515,515,515,0,0,0,0
89,31,2,76,76,76,76,0,0,0,0
89,33,2,440,440,440,440,0,0,0,0
89,49,6,1598,1598,948,948,651,651,0,0
89,55,2,120,120,120,120,0,0,0,0
89,64,5,1536,1536,1536,1536,0,0,0,0
89,76,5,1803,1803,209,209,1593,1593,0,0
89,110,2,476,476,476,476,0,0,0,0
89,115,6,950,950,950,950,0,0,0,0
89,117,3,459,459,459,459,0,0,0,0
89,1,3,3326,3326,364,364,2962,2962,0,0
89,4,2,295,295,295,295,0,0,0,0
89,23,9,1187,1187,1187,1187,0,0,0,0
89,24,1,46,46,46,46,0,0,0,0
89,29,3,764,764,764,764,0,0,0,0
89,35,7,961,961,920,920,41,41,0,0
89,36,2,844,844,37,37,806,806,0,0
89,37,1,123,123,123,123,0,0,0,0
89,51,3,254,254,254,254,0,0,0,0
89,52,2,232,232,232,232,0,0,0,0
89,53,5,1288,1288,441,441,847,847,0,0
89,63,1,277,277,277,277,0,0,0,0
89,65,2,100,100,100,100,0,0,0,0
89,66,4,842,842,519,519,323,323,0,0
89,104,1,166,166,166,166,0,0,0,0
89,111,4,563,563,563,563,0,0,0,0
89,116,2,29,29,29,29,0,0,0,0
90,2,10,745,745,629,629,115,115,0,0
90,3,5,1067,1067,1067,1067,0,0,0,0
90,4,1,188,188,188,188,0,0,0,0
90,5,13,3040,3040,1219,1219,1821,1821,0,0
90,6,3,398,398,398,398,0,0,0,0
90,21,6,1679,1679,1679,1679,0,0,0,0
90,22,3,724,724,724,724,0,0,0,0
90,25,4,584,584,584,584,0,0,0,0
90,36,4,828,828,828,828,0,0,0,0
90,37,8,1600,1600,1600,1600,0,0,0,0
90,45,14,5423,5423,1926,1926,3497,3497,0,0
90,50,10,899,899,899,899,0,0,0,0
90,52,2,216,216,216,216,0,0,0,0
90,53,6,774,774,774,774,0,0,0,0
90,54,6,1388,1388,1388,1388,0,0,0,0
90,66,1,395,395,0,0,395,395,0,0
90,82,3,196,196,196,196,0,0,0,0
90,83,1,60,60,60,60,0,0,0,0
90,109,2,676,676,676,676,0,0,0,0
90,112,4,291,291,291,291,0,0,0,0
90,7,4,445,445,445,445,0,0,0,0
90,13,3,2074,2074,2074,2074,0,0,0,0
90,23,2,118,118,118,118,0,0,0,0
90,24,2,164,164,164,164,0,0,0,0
90,49,4,636,636,636,636,0,0,0,0
90,59,2,351,351,351,351,0,0,0,0
90,97,5,1063,1063,446,446,617,617,0,0
90,98,4,6678,6678,128,128,6549,6549,0,0
90,108,2,570,570,0,0,570,570,0,0
90,113,3,1154,1154,1154,1154,0,0,0,0
90,116,4,780,780,780,780,0,0,0,0
90,120,2,16,16,16,16,0,0,0,0
91,1,3,2104,2104,507,507,1597,1597,0,0
91,5,2,87,87,87,87,0,0,0,0
91,22,6,351,351,351,351,0,0,0,0
91,23,6,494,494,494,494,0,0,0,0
91,24,2,379,379,379,379,0,0,0,0
91,27,4,112,112,112,112,0,0,0,0
91,37,7,1555,1555,575,575,980,980,0,0
91,42,3,827,827,827,827,0,0,0,0
91,48,3,339,339,339,339,0,0,0,0
91,66,1,96,96,96,96,0,0,0,0
91,97,14,8521,8521,3515,3515,5006,5006,0,0
91,98,2,2015,2015,441,441,1574,1574,0,0
91,104,2,83,83,83,83,0,0,0,0
91,107,7,1227,1227,527,527,701,701,0,0
91,108,1,88,88,88,88,0,0,0,0
91,110,1,36,36,36,36,0,0,0,0
91,113,11,1400,1400,1400,1400,0,0,0,0
91,114,6,504,504,504,504,0,0,0,0
91,117,2,467,467,467,467,0,0,0,0
91,119,10,1977,1977,1977,1977,0,0,0,0
91,120,8,1309,1309,1309,1309,0,0,0,0
91,127,4,1280,1280,0,0,1280,1280,0,0
91,3,11,1666,1666,1405,1405,261,261,0,0
91,4,1,464,464,464,464,0,0,0,0
91,6,3,697,697,0,0,697,697,0,0
91,7,2,82,82,0,0,82,82,0,0
91,18,3,1106,1106,1106,1106,0,0,0,0
91,36,2,893,893,893,893,0,0,0,0
91,43,4,386,386,386,386,0,0,0,0
91,55,2,203,203,203,203,0,0,0,0
91,105,1,60,60,60,60,0,0,0,0
91,109,2,208,208,208,208,0,0,0,0
91,118,2,932,932,932,932,0,0,0,0
91,124,1,49,49,49,49,0,0,0,0
92,4,8,1609,1609,75,75,1534,1534,0,0
92,5,21,3832,3832,2390,2390,1441,1441,0,0
92,6,18,4215,4215,2973,2973,1242,1242,0,0
92,16,5,1005,1005,1005,1005,0,0,0,0
92,18,6,1250,1250,1250,1250,0,0,0,0
92,19,2,695,695,695,695,0,0,0,0
92,21,3,508,508,508,508,0,0,0,0
92,22,1,185,185,185,185,0,0,0,0
92,23,8,728,728,728,728,0,0,0,0
92,26,13,1902,1902,1902,1902,0,0,0,0
92,30,2,137,137,137,137,0,0,0,0
92,37,8,1082,1082,1082,1082,0,0,0,0
92,45,2,561,561,561,561,0,0,0,0
92,84,3,238,238,238,238,0,0,0,0
92,85,1,98,98,98,98,0,0,0,0
92,91,3,2116,2116,0,0,2116,2116,0,0
92,97,4,586,586,586,586,0,0,0,0
92,108,3,162,162,162,162,0,0,0,0
92,114,6,1324,1324,1324,1324,0,0,0,0
92,115,4,587,587,587,587,0,0,0,0
92,118,4,704,704,704,704,0,0,0,0
92,122,6,650,650,650,650,0,0,0,0
92,126,4,468,468,468,468,0,0,0,0
92,12,2,110,110,110,110,0,0,0,0
92,13,1,354,354,354,354,0,0,0,0
92,14,2,415,415,415,415,0,0,0,0
92,31,2,43,43,43,43,0,0,0,0
92,38,3,1375,1375,674,674,0,0,701,701
92,55,1,25,25,25,25,0,0,0,0
92,98,2,64,64,64,64,0,0,0,0
92,100,1,853,853,853,853,0,0,0,0
92,112,1,628,628,628,628,0,0,0,0
92,116,2,245,245,245,245,0,0,0,0
92,119,2,223,223,223,223,0,0,0,0
92,121,3,1491,1491,464,464,1027,1027,0,0
93,5,8,2655,2655,2655,2655,0,0,0,0
93,6,8,2150,2150,2150,2150,0,0,0,0
93,7,14,9268,9268,2223,2223,7045,7045,0,0
93,8,8,2152,2152,1691,1691,461,461,0,0
93,9,3,910,910,910,910,0,0,0,0
93,21,4,648,648,648,648,0,0,0,0
93,23,3,458,458,458,458,0,0,0,0
93,24,6,1023,1023,1023,1023,0,0,0,0
93,28,3,1220,1220,1220,1220,0,0,0,0
93,33,5,1096,1096,692,692,404,404,0,0
93,34,6,1143,1143,1143,1143,0,0,0,0
93,38,11,2332,2332,1911,1911,0,0,421,421
93,43,2,461,461,461,461,0,0,0,0
93,80,2,65,65,65,65,0,0,0,0
93,93,2,49,49,49,49,0,0,0,0
93,103,2,195,195,195,195,0,0,0,0
93,104,4,134,134,134,134,0,0,0,0
93,116,2,357,357,357,357,0,0,0,0
93,118,3,437,437,437,437,0,0,0,0
93,120,4,566,566,566,566,0,0,0,0
93,121,2,2005,2005,0,0,2005,2005,0,0
93,122,26,14508,14508,3267,3267,11240,11240,0,0
93,123,21,5355,5355,1745,1745,3611,3611,0,0
93,124,8,462,462,462,462,0,0,0,0
93,127,6,483,483,483,483,0,0,0,0
93,11,4,995,995,995,995,0,0,0,0
93,19,1,148,148,148,148,0,0,0,0
93,25,4,289,289,289,289,0,0,0,0
93,26,5,709,709,709,709,0,0,0,0
93,29,8,903,903,903,903,0,0,0,0
93,35,2,223,223,223,223,0,0,0,0
93,44,3,429,429,429,429,0,0,0,0
93,45,2,202,202,202,202,0,0,0,0
93,98,3,653,653,653,653,0,0,0,0
93,102,2,82,82,82,82,0,0,0,0
93,109,3,311,311,311,311,0,0,0,0
93,125,1,334,334,334,334,0,0,0,0
94,5,4,365,365,365,365,0,0,0,0
94,6,5,7897,7897,668,668,7229,7229,0,0
94,7,18,15688,15688,2452,2452,13237,13237,0,0
94,8,6,11782,11782,0,0,11782,11782,0,0
94,10,6,1784,1784,1784,1784,0,0,0,0
94,18,10,1886,1886,1886,1886,0,0,0,0
94,19,11,1733,1733,1733,1733,0,0,0,0
94,20,3,861,861,861,861,0,0,0,0
94,22,7,1610,1610,1610,1610,0,0,0,0
94,24,6,635,635,635,635,0,0,0,0
94,25,6,1892,1892,1892,1892,0,0,0,0
94,28,1,178,178,178,178,0,0,0,0
94,35,4,556,556,556,556,0,0,0,0
94,42,3,669,669,669,669,0,0,0,0
94,43,6,2026,2026,1425,1425,601,601,0,0
94,44,5,1625,1625,621,621,1004,1004,0,0
94,46,5,1520,1520,652,652,868,868,0,0
94,71,6,674,674,674,674,0,0,0,0
94,87,4,378,378,378,378,0,0,0,0
94,88,5,693,693,693,693,0,0,0,0
94,99,2,268,268,268,268,0,0,0,0
94,104,7,792,792,792,792,0,0,0,0
94,110,4,223,223,223,223,0,0,0,0
94,112,2,97,97,97,97,0,0,0,0
94,119,2,598,598,598,598,0,0,0,0
94,120,6,573,573,573,573,0,0,0,0
94,121,3,1569,1569,1031,1031,538,538,0,0
94,122,11,4063,4063,2116,2116,1947,1947,0,0
94,123,15,2333,2333,2333,2333,0,0,0,0
94,124,2,179,179,179,179,0,0,0,0
94,127,7,5695,5695,761,761,4934,4934,0,0
94,9,6,1254,1254,1254,1254,0,0,0,0
94,13,4,356,356,356,356,0,0,0,0
94,21,1,789,789,789,789,0,0,0,0
94,45,3,533,533,533,533,0,0,0,0
94,105,2,28,28,28,28,0,0,0,0
94,107,2,25,25,0,0,25,25,0,0
94,113,2,194,194,194,194,0,0,0,0
94,118,4,434,434,434,434,0,0,0,0
94,125,2,160,160,160,160,0,0,0,0
94,126,8,2305,2305,182,182,2123,2123,0,0
95,2,3,1216,1216,1216,1216,0,0,0,0
95,6,19,13450,13450,170,170,13279,13279,0,0
95,7,22,13160,13160,902,902,12258,12258,0,0
95,8,7,18245,18245,0,0,18245,18245,0,0
95,10,2,3627,3627,436,436,3191,3191,0,0
95,13,2,83,83,83,83,0,0,0,0
95,17,11,2743,2743,2743,2743,0,0,0,0
95,18,3,576,576,576,576,0,0,0,0
95,19,2,217,217,217,217,0,0,0,0
95,20,3,1571,1571,1571,1571,0,0,0,0
95,21,2,730,730,730,730,0,0,0,0
95,24,4,630,630,630,630,0,0,0,0
95,25,4,248,248,248,248,0,0,0,0
95,44,7,1436,1436,1436,1436,0,0,0,0
95,45,4,453,453,453,453,0,0,0,0
95,87,2,123,123,123,123,0,0,0,0
95,88,3,349,349,349,349,0,0,0,0
95,108,4,354,354,354,354,0,0,0,0
95,119,1,81,81,81,81,0,0,0,0
95,121,2,445,445,445,445,0,0,0,0
95,122,5,753,753,753,753,0,0,0,0
95,124,9,707,707,707,707,0,0,0,0
95,125,4,221,221,191,191,30,30,0,0
95,126,9,1473,1473,982,982,491,491,0,0
95,127,13,1525,1525,871,871,653,653,0,0
95,5,4,3000,3000,894,894,2106,2106,0,0
95,9,3,8012,8012,0,0,8012,8012,0,0
95,12,1,185,185,0,0,185,185,0,0
95,14,2,302,302,302,302,0,0,0,0
95,15,3,1082,1082,1082,1082,0,0,0,0
95,22,3,592,592,592,592,0,0,0,0
95,23,1,162,162,162,162,0,0,0,0
95,36,2,277,277,277,277,0,0,0,0
95,38,7,1063,1063,1063,1063,0,0,0,0
95,39,12,1358,1358,1358,1358,0,0,0,0
95,70,6,653,653,653,653,0,0,0,0
95,99,2,42,42,42,42,0,0,0,0
95,100,2,27,27,27,27,0,0,0,0
95,109,2,375,375,375,375,0,0,0,0
95,111,6,644,644,644,644,0,0,0,0
95,117,3,270,270,270,270,0,0,0,0
95,120,2,313,313,313,313,0,0,0,0
95,123,5,1238,1238,1238,1238,0,0,0,0
96,5,10,7122,7122,1169,1169,5953,5953,0,0
96,6,18,18825,18825,69,69,18756,18756,0,0
96,7,26,12296,12296,617,617,11679,11679,0,0
96,8,17,10017,10017,0,0,10017,10017,0,0
96,9,8,8345,8345,418,418,7926,7926,0,0
96,10,10,15313,15313,0,0,15313,15313,0,0
96,11,6,2348,2348,2348,2348,0,0,0,0
96,12,1,281,281,0,0,281,281,0,0
96,13,4,537,537,537,537,0,0,0,0
96,17,6,1204,1204,1204,1204,0,0,0,0
96,19,6,1419,1419,1419,1419,0,0,0,0
96,25,10,1409,1409,1409,1409,0,0,0,0
96,38,5,1155,1155,1155,1155,0,0,0,0
96,39,5,1178,1178,1178,1178,0,0,0,0
96,45,9,1249,1249,1249,1249,0,0,0,0
96,46,4,886,886,886,886,0,0,0,0
96,47,6,386,386,386,386,0,0,0,0
96,100,5,256,256,256,256,0,0,0,0
96,102,4,50,50,50,50,0,0,0,0
96,109,5,472,472,472,472,0,0,0,0
96,111,1,87,87,87,87,0,0,0,0
96,113,6,222,222,222,222,0,0,0,0
96,114,6,604,604,604,604,0,0,0,0
96,117,3,194,194,194,194,0,0,0,0
96,118,4,333,333,333,333,0,0,0,0
96,121,3,737,737,737,737,0,0,0,0
96,122,7,1655,1655,1655,1655,0,0,0,0
96,123,4,1402,1402,1402,1402,0,0,0,0
96,124,8,1544,1544,1544,1544,0,0,0,0
96,125,4,773,773,773,773,0,0,0,0
96,126,14,2375,2375,2375,2375,0,0,0,0
96,3,2,119,119,119,119,0,0,0,0
96,4,4,709,709,709,709,0,0,0,0
96,18,3,1105,1105,1105,1105,0,0,0,0
96,23,1,187,187,187,187,0,0,0,0
96,36,12,486,486,486,486,0,0,0,0
96,41,2,282,282,249,249,33,33,0,0
96,89,3,830,830,830,830,0,0,0,0
96,90,2,1035,1035,106,106,929,929,0,0
96,99,6,873,873,873,873,0,0,0,0
96,101,6,69,69,69,69,0,0,0,0
96,104,2,37,37,37,37,0,0,0,0
96,108,1,128,128,128,128,0,0,0,0
96,110,5,556,556,556,556,0,0,0,0
96,112,2,168,168,168,168,0,0,0,0
96,119,2,173,173,173,173,0,0,0,0
96,127,4,1059,1059,1059,1059,0,0,0,0
97,3,2,37,37,37,37,0,0,0,0
97,5,20,14329,14329,1550,1550,12781,12781,0,0
97,6,34,18357,18357,9622,9622,8735,8735,0,0
97,7,28,14518,14518,2649,2649,11870,11870,0,0
97,8,14,7615,7615,0,0,7615,7615,0,0
97,9,7,5101,5101,163,163,4938,4938,0,0
97,12,1,209,209,209,209,0,0,0,0
97,18,1,436,436,436,436,0,0,0,0
97,19,7,1624,1624,1624,1624,0,0,0,0
97,21,2,432,432,432,432,0,0,0,0
97,27,2,974,974,974,974,0,0,0,0
97,28,2,1614,1614,1614,1614,0,0,0,0
97,35,1,267,267,267,267,0,0,0,0
97,36,8,1385,1385,1385,1385,0,0,0,0
97,41,9,2220,2220,1281,1281,939,939,0,0
97,43,4,430,430,430,430,0,0,0,0
97,46,2,448,448,448,448,0,0,0,0
97,66,1,44,44,44,44,0,0,0,0
97,90,4,657,657,657,657,0,0,0,0
97,101,2,104,104,104,104,0,0,0,0
97,105,4,42,42,42,42,0,0,0,0
97,108,4,130,130,130,130,0,0,0,0
97,113,3,613,613,613,613,0,0,0,0
97,114,6,928,928,928,928,0,0,0,0
97,122,1,251,251,251,251,0,0,0,0
97,125,14,1465,1465,1465,1465,0,0,0,0
97,126,11,1771,1771,1771,1771,0,0,0,0
97,0,6,174,174,174,174,0,0,0,0
97,1,2,207,207,207,207,0,0,0,0
97,4,2,893,893,397,397,496,496,0,0
97,14,1,92,92,92,92,0,0,0,0
97,16,2,239,239,239,239,0,0,0,0
97,20,6,1115,1115,1115,1115,0,0,0,0
97,22,1,366,366,366,366,0,0,0,0
97,37,2,536,536,536,536,0,0,0,0
97,45,2,241,241,241,241,0,0,0,0
97,104,2,26,26,26,26,0,0,0,0
97,106,2,30,30,30,30,0,0,0,0
97,107,1,49,49,49,49,0,0,0,0
97,109,2,33,33,33,33,0,0,0,0
97,112,4,313,313,313,313,0,0,0,0
97,116,3,445,445,445,445,0,0,0,0
97,123,5,1579,1579,1579,1579,0,0,0,0
97,124,1,39,39,39,39,0,0,0,0
98,0,14,2978,2978,1899,1899,1079,1079,0,0
98,3,2,402,402,402,402,0,0,0,0
98,4,3,1728,1728,513,513,1215,1215,0,0
98,5,27,18550,18550,9996,9996,8554,8554,0,0
98,6,33,20356,20356,5147,5147,15208,15208,0,0
98,7,23,16503,16503,5973,5973,10530,10530,0,0
98,8,2,938,938,938,938,0,0,0,0
98,9,6,2497,2497,2497,2497,0,0,0,0
98,10,4,907,907,907,907,0,0,0,0
98,11,2,398,398,398,398,0,0,0,0
98,12,1,265,265,265,265,0,0,0,0
98,14,13,1769,1769,1769,1769,0,0,0,0
98,15,7,2730,2730,2730,2730,0,0,0,0
98,19,2,845,845,845,845,0,0,0,0
98,27,4,644,644,644,644,0,0,0,0
98,37,6,416,416,416,416,0,0,0,0
98,41,2,452,452,452,452,0,0,0,0
98,44,8,681,681,681,681,0,0,0,0
98,45,7,1339,1339,1339,1339,0,0,0,0
98,80,2,83,83,83,83,0,0,0,0
98,110,2,104,104,104,104,0,0,0,0
98,114,2,853,853,853,853,0,0,0,0
98,116,7,820,820,820,820,0,0,0,0
98,117,6,1067,1067,1067,1067,0,0,0,0
98,123,1,146,146,146,146,0,0,0,0
98,125,2,353,353,353,353,0,0,0,0
98,126,13,1309,1309,1309,1309,0,0,0,0
98,127,7,1586,1586,1586,1586,0,0,0,0
98,20,2,438,438,438,438,0,0,0,0
98,43,2,303,303,303,303,0,0,0,0
98,82,2,38,38,38,38,0,0,0,0
98,84,2,391,391,391,391,0,0,0,0
98,108,1,17,17,17,17,0,0,0,0
98,111,1,438,438,438,438,0,0,0,0
98,120,2,80,80,80,80,0,0,0,0
98,124,2,394,394,394,394,0,0,0,0
99,5,4,7746,7746,0,0,7746,7746,0,0
99,6,11,13058,13058,1223,1223,11836,11836,0,0
99,7,8,14445,14445,0,0,14445,14445,0,0
99,9,2,9843,9843,0,0,9843,9843,0,0
99,10,14,4349,4349,4349,4349,0,0,0,0
99,14,2,366,366,366,366,0,0,0,0
99,15,4,752,752,752,752,0,0,0,0
99,17,3,5140,5140,43,43,5097,5097,0,0
99,19,15,2894,2894,2894,2894,0,0,0,0
99,20,2,984,984,984,984,0,0,0,0
99,29,4,612,612,612,612,0,0,0,0
99,44,4,692,692,692,692,0,0,0,0
99,76,7,1398,1398,1398,1398,0,0,0,0
99,108,2,39,39,39,39,0,0,0,0
99,109,5,444,444,444,444,0,0,0,0
99,111,1,177,177,177,177,0,0,0,0
99,115,9,1204,1204,1204,1204,0,0,0,0
99,118,6,2038,2038,451,451,1587,1587,0,0
99,120,12,873,873,873,873,0,0,0,0
99,121,4,648,648,648,648,0,0,0,0
99,122,3,546,546,88,88,458,458,0,0
99,123,6,709,709,709,709,0,0,0,0
99,124,6,624,624,624,624,0,0,0,0
99,126,1,86,86,86,86,0,0,0,0
99,22,1,772,772,772,772,0,0,0,0
99,31,2,214,214,214,214,0,0,0,0
99,32,7,942,942,937,937,4,4,0,0
99,33,1,457,457,0,0,457,457,0,0
99,40,3,915,915,915,915,0,0,0,0
99,43,4,404,404,404,404,0,0,0,0
99,62,12,3244,3244,3244,3244,0,0,0,0
99,63,5,1418,1418,1418,1418,0,0,0,0
99,72,4,97,97,97,97,0,0,0,0
99,73,4,382,382,62,62,320,320,0,0
99,77,2,262,262,262,262,0,0,0,0
99,86,7,748,748,748,748,0,0,0,0
99,107,1,115,115,115,115,0,0,0,0
99,112,2,478,478,0,0,478,478,0,0
99,116,3,624,624,624,624,0,0,0,0
99,125,2,290,290,290,290,0,0,0,0
99,127,3,1373,1373,1373,1373,0,0,0,0
100,7,3,1700,1700,181,181,1519,1519,0,0
100,8,7,1719,1719,1719,1719,0,0,0,0
100,10,8,2701,2701,2701,2701,0,0,0,0
100,11,13,5015,5015,5015,5015,0,0,0,0
100,13,3,305,305,305,305,0,0,0,0
100,14,23,3690,3690,3690,3690,0,0,0,0
100,17,16,9164,9164,2130,2130,7033,7033,0,0
100,31,2,122,122,122,122,0,0,0,0
100,33,8,2025,2025,840,840,1185,1185,0,0
100,34,1,336,336,336,336,0,0,0,0
100,38,2,88,88,88,88,0,0,0,0
100,62,1,362,362,362,362,0,0,0,0
100,72,2,1078,1078,0,0,1078,1078,0,0
100,84,2,361,361,361,361,0,0,0,0
100,86,3,417,417,417,417,0,0,0,0
100,106,6,424,424,424,424,0,0,0,0
100,110,2,380,380,380,380,0,0,0,0
100,112,2,864,864,864,864,0,0,0,0
100,117,4,212,212,212,212,0,0,0,0
100,119,4,431,431,431,431,0,0,0,0
100,120,13,1484,1484,1484,1484,0,0,0,0
100,123,3,330,330,330,330,0,0,0,0
100,126,23,2775,2775,2775,2775,0,0,0,0
100,5,6,1786,1786,1786,1786,0,0,0,0
100,9,1,3705,3705,0,0,3705,3705,0,0
100,12,3,369,369,369,369,0,0,0,0
100,15,2,511,511,511,511,0,0,0,0
100,25,3,63,63,63,63,0,0,0,0
100,26,4,254,254,254,254,0,0,0,0
100,40,5,521,521,521,521,0,0,0,0
100,42,5,1500,1500,1500,1500,0,0,0,0
100,93,2,173,173,173,173,0,0,0,0
100,107,2,63,63,63,63,0,0,0,0
100,108,3,94,94,94,94,0,0,0,0
100,121,3,503,503,503,503,0,0,0,0
100,122,4,705,705,705,705,0,0,0,0
100,127,21,2639,2639,2639,2639,0,0,0,0
101,6,2,385,385,385,385,0,0,0,0
101,7,10,1600,1600,1600,1600,0,0,0,0
101,10,17,13717,13717,13717,13717,0,0,0,0
101,11,41,10755,10755,10755,10755,0,0,0,0
101,12,41,13151,13151,13151,13151,0,0,0,0
101,13,7,1578,1578,1578,1578,0,0,0,0
101,14,4,423,423,423,423,0,0,0,0
101,15,28,8420,8420,6775,6775,0,0,1645,1645
101,16,7,1494,1494,1475,1475,0,0,19,19
101,17,2,298,298,298,298,0,0,0,0
101,20,3,730,730,730,730,0,0,0,0
101,23,2,49,49,49,49,0,0,0,0
101,29,4,239,239,239,239,0,0,0,0
101,31,2,558,558,558,558,0,0,0,0
101,32,10,1524,1524,1111,1111,413,413,0,0
101,36,5,577,577,577,577,0,0,0,0
101,40,6,927,927,927,927,0,0,0,0
101,43,10,853,853,853,853,0,0,0,0
101,87,13,2132,2132,1836,1836,297,297,0,0
101,96,11,2517,2517,1131,1131,1386,1386,0,0
101,108,2,54,54,54,54,0,0,0,0
101,109,4,175,175,175,175,0,0,0,0
101,110,2,295,295,295,295,0,0,0,0
101,112,2,223,223,223,223,0,0,0,0
101,122,3,613,613,613,613,0,0,0,0
101,123,6,251,251,251,251,0,0,0,0
101,124,3,305,305,305,305,0,0,0,0
101,125,2,159,159,159,159,0,0,0,0
101,1,2,875,875,0,0,875,875,0,0
101,4,3,232,232,232,232,0,0,0,0
101,8,7,3134,3134,2053,2053,1081,1081,0,0
101,9,10,5350,5350,5350,5350,0,0,0,0
101,30,4,564,564,564,564,0,0,0,0
101,42,2,277,277,277,277,0,0,0,0
101,64,2,538,538,538,538,0,0,0,0
101,76,2,837,837,19,19,819,819,0,0
102,1,8,2492,2492,1012,1012,1480,1480,0,0
102,2,2,341,341,341,341,0,0,0,0
102,7,2,118,118,118,118,0,0,0,0
102,8,19,5927,5927,4720,4720,1207,1207,0,0
102,9,15,9970,9970,9970,9970,0,0,0,0
102,10,17,13820,13820,12028,12028,0,0,1790,1790
102,11,55,23905,23905,23905,23905,0,0,0,0
102,12,56,11077,11077,11077,11077,0,0,0,0
102,13,49,14973,14973,13381,13381,1592,1592,0,0
102,14,16,2630,2630,2630,2630,0,0,0,0
102,15,33,11401,11401,7117,7117,0,0,4285,4285
102,16,13,2303,2303,2303,2303,0,0,0,0
102,17,3,174,174,174,174,0,0,0,0
102,18,4,470,470,470,470,0,0,0,0
102,20,3,726,726,726,726,0,0,0,0
102,30,3,417,417,417,417,0,0,0,0
102,32,4,1329,1329,938,938,391,391,0,0
102,33,2,66,66,66,66,0,0,0,0
102,43,4,450,450,450,450,0,0,0,0
102,45,5,1405,1405,1405,1405,0,0,0,0
102,76,3,305,305,286,286,18,18,0,0
102,85,2,257,257,257,257,0,0,0,0
102,86,1,77,77,77,77,0,0,0,0
102,87,4,292,292,292,292,0,0,0,0
102,0,4,549,549,549,549,0,0,0,0
102,6,2,498,498,498,498,0,0,0,0
102,21,7,1271,1271,1271,1271,0,0,0,0
102,92,8,2719,2719,686,686,2033,2033,0,0
102,103,2,169,169,169,169,0,0,0,0
102,126,4,515,515,515,515,0,0,0,0
103,0,11,1208,1208,726,726,482,482,0,0
103,3,2,142,142,142,142,0,0,0,0
103,6,2,565,565,565,565,0,0,0,0
103,7,7,2528,2528,1162,1162,1366,1366,0,0
103,8,14,14083,14083,14083,14083,0,0,0,0
103,9,7,16861,16861,4105,4105,12756,12756,0,0
103,10,11,10544,10544,10544,10544,0,0,0,0
103,11,47,15567,15567,15567,15567,0,0,0,0
103,12,69,18517,18517,18517,18517,0,0,0,0
103,13,41,25322,25322,23559,23559,504,504,1260,1260
103,14,28,23694,23694,12257,12257,11438,11438,0,0
103,15,65,42929,42929,36754,36754,3646,3646,2529,2529
103,16,30,7381,7381,7326,7326,1,1,55,55
103,17,7,846,846,846,846,0,0,0,0
103,31,3,355,355,355,355,0,0,0,0
103,32,1,104,104,104,104,0,0,0,0
103,51,4,412,412,412,412,0,0,0,0
103,81,2,39,39,39,39,0,0,0,0
103,92,3,1285,1285,256,256,1029,1029,0,0
103,93,5,1901,1901,780,780,1121,1121,0,0
103,98,2,155,155,155,155,0,0,0,0
103,99,5,2696,2696,186,186,2510,2510,0,0
103,109,2,236,236,236,236,0,0,0,0
103,110,3,829,829,829,829,0,0,0,0
103,112,2,87,87,87,87,0,0,0,0
103,5,2,636,636,636,636,0,0,0,0
103,22,5,675,675,675,675,0,0,0,0
103,48,1,104,104,104,104,0,0,0,0
103,61,2,69,69,69,69,0,0,0,0
103,89,6,486,486,486,486,0,0,0,0
103,107,2,71,71,71,71,0,0,0,0
103,124,3,589,589,589,589,0,0,0,0
104,5,4,917,917,917,917,0,0,0,0
104,6,4,895,895,895,895,0,0,0,0
104,7,3,1179,1179,1179,1179,0,0,0,0
104,8,5,7176,7176,3655,3655,3521,3521,0,0
104,9,5,4820,4820,4172,4172,649,649,0,0
104,10,12,2909,2909,2909,2909,0,0,0,0
104,11,64,18839,18839,18839,18839,0,0,0,0
104,12,85,24592,24592,24592,24592,0,0,0,0
104,13,49,29663,29663,29290,29290,0,0,374,374
104,14,46,55654,55654,27895,27895,21168,21168,6592,6592
104,15,66,47050,47050,36281,36281,8317,8317,2253,2253
104,16,51,15249,15249,13463,13463,0,0,1787,1787
104,17,2,113,113,113,113,0,0,0,0
104,22,4,865,865,865,865,0,0,0,0
104,23,9,1651,1651,1651,1651,0,0,0,0
104,47,1,143,143,143,143,0,0,0,0
104,89,4,322,322,322,322,0,0,0,0
104,114,2,459,459,0,0,459,459,0,0
104,1,4,764,764,764,764,0,0,0,0
104,18,7,1162,1162,1162,1162,0,0,0,0
104,19,5,288,288,288,288,0,0,0,0
104,48,2,389,389,389,389,0,0,0,0
104,83,1,109,109,109,109,0,0,0,0
104,107,2,379,379,379,379,0,0,0,0
104,113,2,101,101,101,101,0,0,0,0
105,0,6,1305,1305,1305,1305,0,0,0,0
105,4,5,1383,1383,1383,1383,0,0,0,0
105,7,9,2022,2022,2022,2022,0,0,0,0
105,8,7,1196,1196,1196,1196,0,0,0,0
105,9,7,3954,3954,3954,3954,0,0,0,0
105,10,29,7287,7287,6287,6287,1000,1000,0,0
105,11,80,23620,23620,22341,22341,205,205,1073,1073
105,12,58,27847,27847,17712,17712,9767,9767,0,0
105,13,67,28309,28309,28309,28309,0,0,0,0
105,14,30,34325,34325,31959,31959,0,0,2367,2367
105,15,66,30457,30457,25459,25459,1776,1776,3221,3221
105,16,29,4824,4824,4812,4812,0,0,12,12
105,17,3,221,221,221,221,0,0,0,0
105,19,1,751,751,0,0,751,751,0,0
105,22,16,2644,2644,2644,2644,0,0,0,0
105,62,2,97,97,97,97,0,0,0,0
105,86,3,403,403,403,403,0,0,0,0
105,87,1,184,184,184,184,0,0,0,0
105,88,7,1600,1600,916,916,683,683,0,0
105,114,2,118,118,118,118,0,0,0,0
105,119,6,662,662,662,662,0,0,0,0
105,1,9,2389,2389,2389,2389,0,0,0,0
105,3,2,628,628,628,628,0,0,0,0
105,18,1,492,492,492,492,0,0,0,0
105,23,1,272,272,272,272,0,0,0,0
105,39,2,97,97,97,97,0,0,0,0
105,48,3,491,491,491,491,0,0,0,0
105,77,2,25,25,25,25,0,0,0,0
105,82,2,187,187,187,187,0,0,0,0
105,84,2,208,208,208,208,0,0,0,0
105,85,2,351,351,351,351,0,0,0,0
105,116,2,85,85,85,85,0,0,0,0
105,120,2,380,380,380,380,0,0,0,0
106,1,2,54,54,54,54,0,0,0,0
106,2,7,1234,1234,1234,1234,0,0,0,0
106,3,3,786,786,786,786,0,0,0,0
106,5,4,316,316,316,316,0,0,0,0
106,6,4,1153,1153,1153,1153,0,0,0,0
106,8,6,781,781,781,781,0,0,0,0
106,9,37,10185,10185,10185,10185,0,0,0,0
106,10,73,18397,18397,18397,18397,0,0,0,0
106,11,52,14111,14111,14111,14111,0,0,0,0
106,12,37,8453,8453,8453,8453,0,0,0,0
106,13,66,22748,22748,22748,22748,0,0,0,0
106,14,44,12550,12550,11642,11642,0,0,908,908
106,15,1,2560,2560,503,503,0,0,2057,2057
106,17,6,1295,1295,1295,1295,0,0,0,0
106,18,3,675,675,675,675,0,0,0,0
106,26,6,1625,1625,1625,1625,0,0,0,0
106,53,4,281,281,281,281,0,0,0,0
106,113,4,463,463,463,463,0,0,0,0
106,114,5,395,395,395,395,0,0,0,0
106,117,4,2104,2104,0,0,2104,2104,0,0
106,121,1,335,335,335,335,0,0,0,0
106,122,4,217,217,217,217,0,0,0,0
106,7,8,828,828,828,828,0,0,0,0
106,23,1,322,322,322,322,0,0,0,0
106,24,4,541,541,541,541,0,0,0,0
106,25,4,522,522,522,522,0,0,0,0
106,27,2,183,183,183,183,0,0,0,0
106,80,3,705,705,705,705,0,0,0,0
106,94,4,927,927,927,927,0,0,0,0
106,109,2,70,70,70,70,0,0,0,0
106,116,2,41,41,41,41,0,0,0,0
106,118,2,360,360,360,360,0,0,0,0
106,120,1,149,149,149,149,0,0,0,0
107,5,3,524,524,524,524,0,0,0,0
107,6,4,693,693,693,693,0,0,0,0
107,7,7,3311,3311,3055,3055,256,256,0,0
107,9,35,8231,8231,8231,8231,0,0,0,0
107,10,39,12222,12222,12222,12222,0,0,0,0
107,11,28,17020,17020,14644,14644,2376,2376,0,0
107,12,65,17603,17603,16716,16716,887,887,0,0
107,13,90,21835,21835,21835,21835,0,0,0,0
107,14,38,8951,8951,8951,8951,0,0,0,0
107,15,6,1017,1017,1017,1017,0,0,0,0
107,16,4,410,410,410,410,0,0,0,0
107,18,11,6526,6526,5687,5687,839,839,0,0
107,23,1,161,161,161,161,0,0,0,0
107,25,2,129,129,129,129,0,0,0,0
107,27,7,1066,1066,1066,1066,0,0,0,0
107,57,4,1027,1027,293,293,734,734,0,0
107,87,7,1276,1276,809,809,467,467,0,0
107,102,12,4955,4955,3255,3255,1700,1700,0,0
107,115,3,464,464,464,464,0,0,0,0
107,117,4,1307,1307,741,741,566,566,0,0
107,118,7,1647,1647,1647,1647,0,0,0,0
107,2,7,1878,1878,1010,1010,868,868,0,0
107,17,7,1270,1270,1270,1270,0,0,0,0
107,60,2,57,57,57,57,0,0,0,0
107,73,2,71,71,71,71,0,0,0,0
107,103,6,2354,2354,2354,2354,0,0,0,0
107,106,2,70,70,70,70,0,0,0,0
107,111,1,53,53,53,53,0,0,0,0
107,120,2,99,99,99,99,0,0,0,0
107,122,3,246,246,246,246,0,0,0,0
107,125,2,37,37,37,37,0,0,0,0
108,1,1,454,454,454,454,0,0,0,0
108,3,2,119,119,119,119,0,0,0,0
108,5,5,532,532,532,532,0,0,0,0
108,6,11,1355,1355,1355,1355,0,0,0,0
108,9,10,3117,3117,2124,2124,992,992,0,0
108,11,10,3511,3511,3511,3511,0,0,0,0
108,12,18,3820,3820,3820,3820,0,0,0,0
108,13,61,12605,12605,12605,12605,0,0,0,0
108,14,2,300,300,300,300,0,0,0,0
108,17,4,1409,1409,872,872,537,537,0,0
108,18,11,5225,5225,2467,2467,2758,2758,0,0
108,23,1,221,221,221,221,0,0,0,0
108,29,6,953,953,953,953,0,0,0,0
108,30,24,4125,4125,4125,4125,0,0,0,0
108,73,3,522,522,522,522,0,0,0,0
108,112,3,2215,2215,0,0,2215,2215,0,0
108,118,2,24,24,24,24,0,0,0,0
108,119,3,160,160,160,160,0,0,0,0
108,124,2,34,34,34,34,0,0,0,0
108,127,6,99,99,99,99,0,0,0,0
108,0,2,433,433,0,0,433,433,0,0
108,8,1,180,180,180,180,0,0,0,0
108,10,5,1695,1695,1695,1695,0,0,0,0
108,26,2,269,269,269,269,0,0,0,0
108,44,2,319,319,319,319,0,0,0,0
108,58,2,235,235,235,235,0,0,0,0
108,64,2,70,70,70,70,0,0,0,0
108,102,7,3346,3346,744,744,2602,2602,0,0
108,120,2,78,78,78,78,0,0,0,0
108,123,2,145,145,145,145,0,0,0,0
108,125,2,123,123,123,123,0,0,0,0
109,8,2,190,190,190,190,0,0,0,0
109,11,14,2134,2134,2134,2134,0,0,0,0
109,12,24,639,639,639,639,0,0,0,0
109,13,9,269,269,269,269,0,0,0,0
109,17,12,6703,6703,2279,2279,4424,4424,0,0
109,30,1,249,249,249,249,0,0,0,0
109,32,3,1843,1843,1843,1843,0,0,0,0
109,57,2,69,69,69,69,0,0,0,0
109,102,1,630,630,0,0,630,630,0,0
109,114,4,58,58,58,58,0,0,0,0
109,120,7,521,521,521,521,0,0,0,0
109,4,2,561,561,561,561,0,0,0,0
109,5,2,77,77,77,77,0,0,0,0
109,6,2,260,260,260,260,0,0,0,0
109,21,1,1297,1297,0,0,1297,1297,0,0
109,22,2,57,57,57,57,0,0,0,0
109,96,2,40,40,40,40,0,0,0,0
109,111,1,35,35,35,35,0,0,0,0
109,117,2,39,39,39,39,0,0,0,0
109,122,2,50,50,50,50,0,0,0,0
109,127,2,158,158,158,158,0,0,0,0
110,1,2,843,843,0,0,843,843,0,0
110,4,7,1386,1386,1386,1386,0,0,0,0
110,6,2,135,135,135,135,0,0,0,0
110,8,6,539,539,539,539,0,0,0,0
110,10,1,118,118,118,118,0,0,0,0
110,11,5,2253,2253,519,519,1734,1734,0,0
110,12,16,318,318,311,311,7,7,0,0
110,15,2,185,185,185,185,0,0,0,0
110,30,2,512,512,512,512,0,0,0,0
110,33,7,2718,2718,2156,2156,561,561,0,0
110,34,4,692,692,218,218,474,474,0,0
110,35,4,1163,1163,1163,1163,0,0,0,0
110,50,1,112,112,112,112,0,0,0,0
110,73,1,228,228,228,228,0,0,0,0
110,105,5,1776,1776,623,623,1154,1154,0,0
110,3,1,46,46,46,46,0,0,0,0
110,5,6,1357,1357,1357,1357,0,0,0,0
110,9,3,765,765,765,765,0,0,0,0
110,22,4,2499,2499,0,0,2499,2499,0,0
110,31,5,438,438,438,438,0,0,0,0
110,32,1,226,226,226,226,0,0,0,0
110,111,2,60,60,60,60,0,0,0,0
110,126,1,49,49,49,49,0,0,0,0
111,2,2,436,436,436,436,0,0,0,0
111,3,4,964,964,964,964,0,0,0,0
111,6,2,256,256,256,256,0,0,0,0
111,8,8,2757,2757,2757,2757,0,0,0,0
111,11,28,10519,10519,9622,9622,897,897,0,0
111,21,3,1774,1774,0,0,1774,1774,0,0
111,22,10,10245,10245,0,0,10245,10245,0,0
111,23,10,4204,4204,0,0,4204,4204,0,0
111,24,15,8485,8485,0,0,8485,8485,0,0
111,25,14,4503,4503,0,0,4503,4503,0,0
111,32,8,975,975,975,975,0,0,0,0
111,33,12,3158,3158,2277,2277,881,881,0,0
111,34,13,3422,3422,2731,2731,691,691,0,0
111,107,3,439,439,439,439,0,0,0,0
111,111,2,67,67,67,67,0,0,0,0
111,116,2,44,44,44,44,0,0,0,0
111,9,1,445,445,445,445,0,0,0,0
111,10,12,4569,4569,4569,4569,0,0,0,0
111,12,2,493,493,493,493,0,0,0,0
111,26,9,2634,2634,0,0,2634,2634,0,0
111,35,7,1864,1864,1864,1864,0,0,0,0
111,70,2,110,110,110,110,0,0,0,0
111,88,12,2274,2274,1448,1448,826,826,0,0
111,104,3,1488,1488,0,0,1488,1488,0,0
111,105,2,275,275,275,275,0,0,0,0
112,6,4,183,183,183,183,0,0,0,0
112,7,2,51,51,51,51,0,0,0,0
112,10,7,1936,1936,855,855,1081,1081,0,0
112,11,25,9173,9173,2987,2987,6187,6187,0,0
112,14,2,400,400,400,400,0,0,0,0
112,22,7,3788,3788,0,0,3788,3788,0,0
112,23,8,2240,2240,0,0,2240,2240,0,0
112,24,7,1768,1768,0,0,1768,1768,0,0
112,25,12,4309,4309,0,0,4309,4309,0,0
112,26,8,2292,2292,0,0,2292,2292,0,0
112,27,1,1072,1072,1072,1072,0,0,0,0
112,37,5,1248,1248,1248,1248,0,0,0,0
112,70,2,180,180,180,180,0,0,0,0
112,88,1,451,451,93,93,358,358,0,0
112,103,3,4043,4043,487,487,3556,3556,0,0
112,104,6,4581,4581,814,814,3766,3766,0,0
112,113,2,33,33,33,33,0,0,0,0
112,117,2,54,54,54,54,0,0,0,0
112,2,2,525,525,525,525,0,0,0,0
112,9,2,46,46,46,46,0,0,0,0
112,12,1,704,704,48,48,656,656,0,0
112,16,1,735,735,735,735,0,0,0,0
112,28,2,1059,1059,1059,1059,0,0,0,0
112,35,2,248,248,248,248,0,0,0,0
112,47,2,711,711,711,711,0,0,0,0
112,71,2,567,567,567,567,0,0,0,0
112,89,2,373,373,373,373,0,0,0,0
113,2,11,1707,1707,1707,1707,0,0,0,0
113,10,12,1824,1824,1824,1824,0,0,0,0
113,12,16,4143,4143,4143,4143,0,0,0,0
113,16,8,1499,1499,481,481,1017,1017,0,0
113,17,8,3044,3044,328,328,2716,2716,0,0
113,22,9,4131,4131,0,0,4131,4131,0,0
113,37,2,45,45,45,45,0,0,0,0
113,40,4,385,385,385,385,0,0,0,0
113,44,1,769,769,0,0,769,769,0,0
113,48,2,463,463,463,463,0,0,0,0
113,49,1,427,427,427,427,0,0,0,0
113,69,8,741,741,741,741,0,0,0,0
113,72,4,1166,1166,0,0,1166,1166,0,0
113,84,2,843,843,0,0,843,843,0,0
113,89,9,1578,1578,1578,1578,0,0,0,0
113,99,5,1261,1261,1261,1261,0,0,0,0
113,104,7,1741,1741,1741,1741,0,0,0,0
113,110,1,129,129,129,129,0,0,0,0
113,115,7,803,803,803,803,0,0,0,0
113,0,1,416,416,416,416,0,0,0,0
113,1,1,397,397,397,397,0,0,0,0
113,5,5,498,498,498,498,0,0,0,0
113,7,2,272,272,272,272,0,0,0,0
113,9,1,325,325,325,325,0,0,0,0
113,11,2,98,98,98,98,0,0,0,0
113,18,2,544,544,0,0,544,544,0,0
113,23,9,8921,8921,0,0,8921,8921,0,0
113,30,8,1795,1795,1311,1311,484,484,0,0
113,35,4,624,624,624,624,0,0,0,0
113,61,5,802,802,802,802,0,0,0,0
113,63,2,117,117,117,117,0,0,0,0
113,71,1,294,294,294,294,0,0,0,0
113,105,1,114,114,114,114,0,0,0,0
113,106,10,1703,1703,1703,1703,0,0,0,0
113,116,2,2401,2401,2401,2401,0,0,0,0
113,118,2,570,570,570,570,0,0,0,0
114,1,2,477,477,477,477,0,0,0,0
114,7,1,210,210,210,210,0,0,0,0
114,8,2,158,158,158,158,0,0,0,0
114,9,33,4362,4362,4362,4362,0,0,0,0
114,10,3,1042,1042,1042,1042,0,0,0,0
114,15,6,690,690,690,690,0,0,0,0
114,18,2,79,79,79,79,0,0,0,0
114,22,2,492,492,0,0,492,492,0,0
114,23,10,2061,2061,0,0,2061,2061,0,0
114,30,8,1064,1064,591,591,473,473,0,0
114,45,6,723,723,723,723,0,0,0,0
114,54,2,634,634,634,634,0,0,0,0
114,62,10,739,739,739,739,0,0,0,0
114,63,5,489,489,489,489,0,0,0,0
114,64,3,680,680,680,680,0,0,0,0
114,65,5,1231,1231,410,410,821,821,0,0
114,78,3,1775,1775,273,273,1502,1502,0,0
114,100,4,380,380,380,380,0,0,0,0
114,110,9,3316,3316,209,209,3107,3107,0,0
114,118,6,648,648,648,648,0,0,0,0
114,126,2,584,584,0,0,584,584,0,0
114,34,2,196,196,196,196,0,0,0,0
114,59,2,445,445,445,445,0,0,0,0
114,77,6,1879,1879,888,888,991,991,0,0
114,89,8,1068,1068,164,164,904,904,0,0
114,90,3,871,871,0,0,871,871,0,0
114,107,2,597,597,597,597,0,0,0,0
115,0,2,262,262,262,262,0,0,0,0
115,5,12,2635,2635,2125,2125,510,510,0,0
115,8,4,701,701,701,701,0,0,0,0
115,11,11,3721,3721,1969,1969,1752,1752,0,0
115,22,10,5620,5620,3705,3705,1914,1914,0,0
115,36,2,560,560,0,0,560,560,0,0
115,59,6,671,671,671,671,0,0,0,0
115,63,12,1609,1609,1609,1609,0,0,0,0
115,77,3,1109,1109,0,0,1109,1109,0,0
115,85,10,4057,4057,803,803,3254,3254,0,0
115,107,4,776,776,776,776,0,0,0,0
115,111,1,1409,1409,0,0,1409,1409,0,0
115,4,1,161,161,161,161,0,0,0,0
115,6,2,402,402,402,402,0,0,0,0
115,7,2,105,105,105,105,0,0,0,0
115,23,6,1033,1033,1033,1033,0,0,0,0
115,31,2,379,379,379,379,0,0,0,0
115,38,1,703,703,0,0,703,703,0,0
115,56,1,432,432,432,432,0,0,0,0
115,58,2,485,485,485,485,0,0,0,0
115,66,2,714,714,714,714,0,0,0,0
115,69,4,372,372,294,294,78,78,0,0
115,71,1,289,289,289,289,0,0,0,0
115,84,1,544,544,544,544,0,0,0,0
115,86,2,1440,1440,72,72,1368,1368,0,0
115,101,1,260,260,260,260,0,0,0,0
115,126,2,56,56,56,56,0,0,0,0
116,1,2,63,63,63,63,0,0,0,0
116,5,2,38,38,38,38,0,0,0,0
116,7,4,661,661,661,661,0,0,0,0
116,37,3,1079,1079,0,0,1079,1079,0,0
116,51,3,617,617,617,617,0,0,0,0
116,56,2,333,333,333,333,0,0,0,0
116,58,2,320,320,320,320,0,0,0,0
116,64,4,477,477,477,477,0,0,0,0
116,65,12,2942,2942,2942,2942,0,0,0,0
116,69,1,507,507,0,0,507,507,0,0
116,70,5,1380,1380,1380,1380,0,0,0,0
116,71,4,1575,1575,1575,1575,0,0,0,0
116,85,5,1691,1691,595,595,1097,1097,0,0
116,89,7,1387,1387,652,652,735,735,0,0
116,101,2,648,648,648,648,0,0,0,0
116,115,4,191,191,191,191,0,0,0,0
116,8,2,331,331,331,331,0,0,0,0
116,21,6,333,333,333,333,0,0,0,0
116,30,4,383,383,383,383,0,0,0,0
116,61,2,322,322,322,322,0,0,0,0
116,66,7,796,796,796,796,0,0,0,0
116,80,2,54,54,54,54,0,0,0,0
116,110,3,798,798,798,798,0,0,0,0
116,114,2,295,295,295,295,0,0,0,0
116,118,2,88,88,88,88,0,0,0,0
116,126,2,1163,1163,0,0,1163,1163,0,0
117,1,3,658,658,658,658,0,0,0,0
117,3,10,3158,3158,775,775,2383,2383,0,0
117,4,4,1133,1133,1133,1133,0,0,0,0
117,8,4,537,537,537,537,0,0,0,0
117,21,2,87,87,87,87,0,0,0,0
117,47,3,838,838,838,838,0,0,0,0
117,48,2,601,601,601,601,0,0,0,0
117,55,2,381,381,381,381,0,0,0,0
117,56,7,1542,1542,705,705,837,837,0,0
117,59,5,686,686,686,686,0,0,0,0
117,61,2,136,136,136,136,0,0,0,0
117,66,3,773,773,773,773,0,0,0,0
117,67,5,1116,1116,1116,1116,0,0,0,0
117,83,6,617,617,617,617,0,0,0,0
117,108,7,843,843,843,843,0,0,0,0
117,109,2,152,152,152,152,0,0,0,0
117,110,6,2800,2800,2800,2800,0,0,0,0
117,115,6,1006,1006,131,131,875,875,0,0
117,118,3,1300,1300,461,461,839,839,0,0
117,120,2,99,99,99,99,0,0,0,0
117,5,2,58,58,58,58,0,0,0,0
117,6,2,56,56,56,56,0,0,0,0
117,52,4,762,762,762,762,0,0,0,0
117,53,3,920,920,920,920,0,0,0,0
117,57,2,472,472,472,472,0,0,0,0
117,69,3,544,544,544,544,0,0,0,0
117,121,2,112,112,112,112,0,0,0,0
117,122,2,172,172,172,172,0,0,0,0
118,3,2,187,187,83,83,104,104,0,0
118,9,4,70,70,70,70,0,0,0,0
118,49,3,666,666,666,666,0,0,0,0
118,70,3,336,336,336,336,0,0,0,0
118,113,3,161,161,161,161,0,0,0,0
118,114,2,244,244,244,244,0,0,0,0
118,6,5,414,414,414,414,0,0,0,0
118,7,2,40,40,40,40,0,0,0,0
118,8,2,839,839,839,839,0,0,0,0
118,27,2,43,43,43,43,0,0,0,0
118,29,1,274,274,274,274,0,0,0,0
118,39,1,161,161,161,161,0,0,0,0
118,58,2,511,511,511,511,0,0,0,0
118,67,4,916,916,916,916,0,0,0,0
118,83,1,198,198,0,0,198,198,0,0
118,94,4,972,972,972,972,0,0,0,0
118,110,2,319,319,319,319,0,0,0,0
118,111,2,250,250,250,250,0,0,0,0
118,112,2,286,286,286,286,0,0,0,0
118,122,1,33,33,33,33,0,0,0,0
118,123,2,124,124,124,124,0,0,0,0
119,1,1,507,507,507,507,0,0,0,0
119,2,4,150,150,150,150,0,0,0,0
119,5,6,657,657,657,657,0,0,0,0
119,7,2,36,36,36,36,0,0,0,0
119,8,6,124,124,124,124,0,0,0,0
119,10,2,42,42,42,42,0,0,0,0
119,15,2,276,276,276,276,0,0,0,0
119,19,2,449,449,449,449,0,0,0,0
119,40,5,1721,1721,440,440,1282,1282,0,0
119,51,3,734,734,734,734,0,0,0,0
119,57,5,661,661,661,661,0,0,0,0
119,62,6,878,878,878,878,0,0,0,0
119,84,4,1558,1558,464,464,1094,1094,0,0
119,91,6,1059,1059,1059,1059,0,0,0,0
119,92,1,242,242,242,242,0,0,0,0
119,93,3,1548,1548,817,817,731,731,0,0
119,94,1,316,316,316,316,0,0,0,0
119,100,7,2482,2482,142,142,2341,2341,0,0
119,111,2,197,197,197,197,0,0,0,0
119,112,2,44,44,44,44,0,0,0,0
119,124,2,117,117,117,117,0,0,0,0
119,6,1,185,185,185,185,0,0,0,0
119,63,4,723,723,723,723,0,0,0,0
119,77,1,503,503,0,0,503,503,0,0
119,78,2,628,628,0,0,628,628,0,0
119,80,2,38,38,38,38,0,0,0,0
119,88,2,77,77,77,77,0,0,0,0
119,108,2,526,526,526,526,0,0,0,0
119,113,2,186,186,186,186,0,0,0,0
119,115,1,68,68,68,68,0,0,0,0
120,4,2,251,251,251,251,0,0,0,0
120,6,2,31,31,31,31,0,0,0,0
120,7,9,208,208,208,208,0,0,0,0
120,8,2,33,33,33,33,0,0,0,0
120,13,2,69,69,69,69,0,0,0,0
120,47,6,1712,1712,797,797,915,915,0,0
120,53,2,329,329,329,329,0,0,0,0
120,63,5,720,720,720,720,0,0,0,0
120,81,1,231,231,231,231,0,0,0,0
120,100,2,252,252,252,252,0,0,0,0
120,115,2,140,140,140,140,0,0,0,0
120,0,1,250,250,250,250,0,0,0,0
120,1,1,449,449,449,449,0,0,0,0
120,2,2,830,830,830,830,0,0,0,0
120,5,2,22,22,22,22,0,0,0,0
120,49,1,336,336,336,336,0,0,0,0
120,50,4,553,553,553,553,0,0,0,0
120,55,2,320,320,0,0,320,320,0,0
120,60,1,339,339,339,339,0,0,0,0
120,62,4,570,570,570,570,0,0,0,0
120,73,3,331,331,331,331,0,0,0,0
120,84,1,516,516,516,516,0,0,0,0
120,95,7,1206,1206,288,288,917,917,0,0
120,116,3,782,782,297,297,485,485,0,0
121,1,1,302,302,302,302,0,0,0,0
121,6,10,1505,1505,1505,1505,0,0,0,0
121,7,2,145,145,145,145,0,0,0,0
121,18,7,1430,1430,1430,1430,0,0,0,0
121,49,2,823,823,823,823,0,0,0,0
121,50,2,30,30,30,30,0,0,0,0
121,58,1,353,353,353,353,0,0,0,0
121,59,2,171,171,171,171,0,0,0,0
121,62,1,346,346,346,346,0,0,0,0
121,69,9,2201,2201,1114,1114,1088,1088,0,0
121,81,1,59,59,59,59,0,0,0,0
121,83,4,219,219,219,219,0,0,0,0
121,92,3,820,820,820,820,0,0,0,0
121,94,4,505,505,505,505,0,0,0,0
121,95,2,225,225,225,225,0,0,0,0
121,109,18,6096,6096,3104,3104,2992,2992,0,0
121,110,1,278,278,0,0,278,278,0,0
121,116,3,1703,1703,345,345,1358,1358,0,0
121,119,7,1776,1776,350,350,1426,1426,0,0
121,126,1,179,179,179,179,0,0,0,0
121,10,2,38,38,38,38,0,0,0,0
121,26,2,742,742,742,742,0,0,0,0
121,55,9,1143,1143,1143,1143,0,0,0,0
121,61,2,1037,1037,0,0,1037,1037,0,0
121,68,4,1431,1431,0,0,1431,1431,0,0
121,72,3,1390,1390,1390,1390,0,0,0,0
121,79,2,100,100,100,100,0,0,0,0
121,88,2,2499,2499,2499,2499,0,0,0,0
121,89,1,29,29,29,29,0,0,0,0
121,104,5,3665,3665,2563,2563,1101,1101,0,0
121,117,1,58,58,58,58,0,0,0,0
121,118,10,1894,1894,915,915,978,978,0,0
121,125,2,61,61,61,61,0,0,0,0
122,3,2,490,490,490,490,0,0,0,0
122,6,11,1869,1869,727,727,1143,1143,0,0
122,46,2,130,130,130,130,0,0,0,0
122,51,11,946,946,946,946,0,0,0,0
122,54,15,1373,1373,1373,1373,0,0,0,0
122,55,3,718,718,718,718,0,0,0,0
122,59,13,5341,5341,4463,4463,458,458,419,419
122,60,6,650,650,650,650,0,0,0,0
122,61,13,3156,3156,1663,1663,1493,1493,0,0
122,73,5,2445,2445,60,60,2385,2385,0,0
122,79,2,245,245,245,245,0,0,0,0
122,93,5,294,294,294,294,0,0,0,0
122,97,2,379,379,379,379,0,0,0,0
122,98,8,1947,1947,1087,1087,860,860,0,0
122,104,6,1486,1486,1486,1486,0,0,0,0
122,118,4,133,133,133,133,0,0,0,0
122,2,3,910,910,910,910,0,0,0,0
122,18,2,60,60,60,60,0,0,0,0
122,41,2,1374,1374,0,0,1374,1374,0,0
122,58,2,294,294,294,294,0,0,0,0
122,62,2,182,182,182,182,0,0,0,0
122,68,6,1156,1156,1156,1156,0,0,0,0
122,94,1,812,812,0,0,812,812,0,0
122,105,2,97,97,97,97,0,0,0,0
123,2,5,1385,1385,1385,1385,0,0,0,0
123,10,2,32,32,32,32,0,0,0,0
123,17,2,198,198,198,198,0,0,0,0
123,58,6,2408,2408,2408,2408,0,0,0,0
123,59,11,2182,2182,1429,1429,753,753,0,0
123,61,6,1237,1237,1237,1237,0,0,0,0
123,73,4,1148,1148,58,58,1090,1090,0,0
123,88,1,1842,1842,0,0,1842,1842,0,0
123,92,1,37,37,37,37,0,0,0,0
123,103,2,80,80,80,80,0,0,0,0
123,3,1,476,476,476,476,0,0,0,0
123,6,4,487,487,487,487,0,0,0,0
123,21,1,111,111,111,111,0,0,0,0
123,34,2,64,64,64,64,0,0,0,0
123,50,2,72,72,72,72,0,0,0,0
123,56,1,176,176,176,176,0,0,0,0
123,57,12,2229,2229,1138,1138,1091,1091,0,0
123,64,7,1179,1179,1179,1179,0,0,0,0
123,66,2,201,201,201,201,0,0,0,0
123,85,2,1514,1514,381,381,1132,1132,0,0
123,115,2,403,403,403,403,0,0,0,0
123,117,1,2795,2795,0,0,2795,2795,0,0
123,119,2,105,105,105,105,0,0,0,0
124,0,5,770,770,770,770,0,0,0,0
124,49,9,1951,1951,647,647,1305,1305,0,0
124,50,8,1190,1190,1190,1190,0,0,0,0
124,51,3,401,401,401,401,0,0,0,0
124,52,18,3519,3519,1618,1618,1902,1902,0,0
124,56,14,1373,1373,1373,1373,0,0,0,0
124,57,6,1363,1363,609,609,754,754,0,0
124,85,1,602,602,602,602,0,0,0,0
124,89,1,354,354,354,354,0,0,0,0
124,92,4,455,455,455,455,0,0,0,0
124,96,10,2674,2674,1559,1559,1115,1115,0,0
124,127,4,258,258,258,258,0,0,0,0
124,19,2,50,50,50,50,0,0,0,0
124,41,2,1052,1052,0,0,1052,1052,0,0
124,42,7,2368,2368,299,299,2069,2069,0,0
124,79,6,1622,1622,0,0,1622,1622,0,0
124,80,1,281,281,281,281,0,0,0,0
124,90,3,974,974,974,974,0,0,0,0
124,95,4,470,470,470,470,0,0,0,0
124,119,3,2904,2904,520,520,2384,2384,0,0
124,120,2,103,103,103,103,0,0,0,0
125,20,2,33,33,33,33,0,0,0,0
125,32,1,103,103,103,103,0,0,0,0
125,33,4,534,534,534,534,0,0,0,0
125,49,4,286,286,286,286,0,0,0,0
125,52,1,41,41,41,41,0,0,0,0
125,54,7,1244,1244,784,784,460,460,0,0
125,55,7,765,765,765,765,0,0,0,0
125,65,6,977,977,977,977,0,0,0,0
125,72,1,343,343,0,0,343,343,0,0
125,76,2,34,34,34,34,0,0,0,0
125,80,7,3279,3279,434,434,2845,2845,0,0
125,96,2,42,42,42,42,0,0,0,0
125,119,1,3793,3793,0,0,3793,3793,0,0
125,121,4,658,658,61,61,597,597,0,0
125,123,5,1801,1801,263,263,1538,1538,0,0
125,125,1,100,100,100,100,0,0,0,0
125,5,1,46,46,46,46,0,0,0,0
125,41,4,388,388,388,388,0,0,0,0
125,51,5,633,633,633,633,0,0,0,0
125,53,2,298,298,298,298,0,0,0,0
125,64,6,1402,1402,447,447,955,955,0,0
125,75,2,95,95,95,95,0,0,0,0
125,82,4,1006,1006,1006,1006,0,0,0,0
125,90,4,1388,1388,95,95,1292,1292,0,0
125,91,2,1085,1085,0,0,1085,1085,0,0
125,102,7,964,964,964,964,0,0,0,0
125,105,2,462,462,0,0,462,462,0,0
125,124,1,41,41,41,41,0,0,0,0
126,9,4,90,90,90,90,0,0,0,0
126,50,4,356,356,356,356,0,0,0,0
126,51,4,203,203,203,203,0,0,0,0
126,54,2,1082,1082,0,0,1082,1082,0,0
126,64,6,1545,1545,0,0,1545,1545,0,0
126,74,4,1413,1413,0,0,1413,1413,0,0
126,75,23,5568,5568,3488,3488,2083,2083,0,0
126,82,1,533,533,533,533,0,0,0,0
126,91,2,646,646,646,646,0,0,0,0
126,94,2,211,211,211,211,0,0,0,0
126,95,5,988,988,349,349,639,639,0,0
126,106,4,1823,1823,0,0,1823,1823,0,0
126,125,6,1558,1558,759,759,800,800,0,0
126,12,2,28,28,28,28,0,0,0,0
126,13,2,25,25,25,25,0,0,0,0
126,41,8,783,783,783,783,0,0,0,0
126,42,1,204,204,204,204,0,0,0,0
126,44,3,266,266,266,266,0,0,0,0
126,88,2,69,69,69,69,0,0,0,0
126,96,1,275,275,275,275,0,0,0,0
126,127,2,743,743,55,55,688,688,0,0
127,42,1,73,73,73,73,0,0,0,0
127,56,1,103,103,103,103,0,0,0,0
127,75,2,508,508,0,0,508,508,0,0
127,84,2,866,866,866,866,0,0,0,0
127,88,4,822,822,316,316,506,506,0,0
127,92,1,263,263,263,263,0,0,0,0
127,127,1,235,235,235,235,0,0,0,0
127,40,2,215,215,215,215,0,0,0,0
127,52,2,239,239,239,239,0,0,0,0
127,85,7,3872,3872,653,653,3219,3219,0,0
127,97,1,303,303,303,303,0,0,0,0
127,116,6,1145,1145,1145,1145,0,0,0,0
0,70,1,96,96,96,96,0,0,0,0
0,71,19,1580,1580,1580,1580,0,0,0,0
0,72,15,1509,1509,1509,1509,0,0,0,0
0,76,20,2117,2117,2117,2117,0,0,0,0
0,78,7,626,626,626,626,0,0,0,0
0,79,5,645,645,645,645,0,0,0,0
0,82,10,1755,1755,1755,1755,0,0,0,0
0,88,2,246,246,246,246,0,0,0,0
0,91,1,626,626,626,626,0,0,0,0
0,92,2,249,249,249,249,0,0,0,0
0,93,1,484,484,484,484,0,0,0,0
0,94,3,645,645,645,645,0,0,0,0
0,95,7,1639,1639,1639,1639,0,0,0,0
0,96,10,2295,2295,1097,1097,1198,1198,0,0
0,107,2,468,468,468,468,0,0,0,0
0,117,4,600,600,162,162,438,438,0,0
0,120,1,75,75,75,75,0,0,0,0
0,83,1,341,341,341,341,0,0,0,0
0,84,5,1549,1549,1549,1549,0,0,0,0
0,87,4,740,740,740,740,0,0,0,0
0,97,3,555,555,555,555,0,0,0,0
0,98,1,266,266,266,266,0,0,0,0
0,99,11,1811,1811,1811,1811,0,0,0,0
0,100,1,191,191,191,191,0,0,0,0
0,101,4,518,518,394,394,123,123,0,0
1,82,9,977,977,977,977,0,0,0,0
1,84,6,1325,1325,1325,1325,0,0,0,0
1,86,8,1176,1176,1176,1176,0,0,0,0
1,92,3,598,598,598,598,0,0,0,0
1,93,11,1449,1449,1449,1449,0,0,0,0
1,95,2,75,75,75,75,0,0,0,0
1,99,7,1849,1849,1849,1849,0,0,0,0
1,100,5,969,969,969,969,0,0,0,0
1,101,17,2117,2117,1843,1843,273,273,0,0
1,102,8,3212,3212,1160,1160,2052,2052,0,0
1,113,4,1036,1036,512,512,524,524,0,0
1,78,7,1002,1002,1002,1002,0,0,0,0
1,81,2,416,416,416,416,0,0,0,0
1,85,7,1528,1528,1528,1528,0,0,0,0
1,89,12,1329,1329,1329,1329,0,0,0,0
1,96,1,1004,1004,1004,1004,0,0,0,0
1,117,1,89,89,89,89,0,0,0,0
1,120,4,223,223,223,223,0,0,0,0
2,85,2,911,911,0,0,911,911,0,0
2,86,6,814,814,814,814,0,0,0,0
2,87,5,338,338,338,338,0,0,0,0
2,89,10,2449,2449,2449,2449,0,0,0,0
2,98,9,998,998,998,998,0,0,0,0
2,103,9,1886,1886,1886,1886,0,0,0,0
2,116,2,236,236,236,236,0,0,0,0
2,118,1,81,81,81,81,0,0,0,0
2,119,3,251,251,251,251,0,0,0,0
2,120,4,220,220,220,220,0,0,0,0
3,70,2,55,55,55,55,0,0,0,0
3,79,6,843,843,843,843,0,0,0,0
3,87,10,1457,1457,1457,1457,0,0,0,0
3,88,10,1149,1149,1149,1149,0,0,0,0
3,99,2,331,331,331,331,0,0,0,0
3,100,12,1570,1570,1570,1570,0,0,0,0
3,101,4,1182,1182,1182,1182,0,0,0,0
3,104,11,1694,1694,1694,1694,0,0,0,0
3,112,1,177,177,177,177,0,0,0,0
3,120,2,131,131,131,131,0,0,0,0
3,81,2,559,559,559,559,0,0,0,0
3,83,1,184,184,184,184,0,0,0,0
3,84,1,192,192,166,166,27,27,0,0
3,85,6,901,901,560,560,341,341,0,0
3,105,2,657,657,73,73,584,584,0,0
4,81,1,293,293,293,293,0,0,0,0
4,83,3,337,337,337,337,0,0,0,0
4,84,7,877,877,877,877,0,0,0,0
4,89,4,255,255,255,255,0,0,0,0
4,91,8,1190,1190,1190,1190,0,0,0,0
4,94,2,656,656,656,656,0,0,0,0
4,95,7,2739,2739,2739,2739,0,0,0,0
4,101,8,1554,1554,1053,1053,501,501,0,0
4,102,2,200,200,200,200,0,0,0,0
4,106,10,2693,2693,1068,1068,1626,1626,0,0
4,121,4,290,290,290,290,0,0,0,0
4,108,2,377,377,377,377,0,0,0,0
4,109,1,291,291,291,291,0,0,0,0
4,122,1,23,23,6,6,6,6,0,0
5,88,11,5808,5808,1855,1855,3953,3953,0,0
5,89,5,950,950,950,950,0,0,0,0
5,90,3,1163,1163,1163,1163,0,0,0,0
5,106,2,693,693,693,693,0,0,0,0
5,107,8,1423,1423,1423,1423,0,0,0,0
5,109,7,1505,1505,510,510,994,994,0,0
5,77,1,1037,1037,0,0,1037,1037,0,0
5,91,2,719,719,719,719,0,0,0,0
5,92,2,677,677,677,677,0,0,0,0
5,108,5,1049,1049,1049,1049,0,0,0,0
5,110,6,972,972,972,972,0,0,0,0
5,111,3,782,782,782,782,0,0,0,0
5,112,9,2291,2291,2291,2291,0,0,0,0
5,121,1,84,84,84,84,0,0,0,0
6,77,10,5558,5558,303,303,5255,5255,0,0
6,78,3,408,408,408,408,0,0,0,0
6,83,2,253,253,253,253,0,0,0,0
6,88,3,481,481,481,481,0,0,0,0
6,90,2,545,545,545,545,0,0,0,0
6,91,10,2492,2492,2492,2492,0,0,0,0
6,110,1,288,288,288,288,0,0,0,0
6,111,5,844,844,844,844,0,0,0,0
6,112,2,312,312,312,312,0,0,0,0
6,84,4,429,429,429,429,0,0,0,0
6,86,1,191,191,191,191,0,0,0,0
6,89,2,736,736,736,736,0,0,0,0
6,108,2,389,389,389,389,0,0,0,0
6,124,1,364,364,0,0,364,364,0,0
7,69,1,78,78,78,78,0,0,0,0
7,78,2,857,857,0,0,857,857,0,0
7,85,2,326,326,326,326,0,0,0,0
7,89,2,317,317,317,317,0,0,0,0
7,94,1,281,281,281,281,0,0,0,0
7,100,19,6571,6571,2414,2414,4156,4156,0,0
7,101,1,3117,3117,0,0,3117,3117,0,0
7,107,16,1331,1331,1331,1331,0,0,0,0
7,113,11,1531,1531,1531,1531,0,0,0,0
7,123,4,513,513,202,202,310,310,0,0
7,70,2,2463,2463,0,0,2463,2463,0,0
7,71,1,195,195,0,0,195,195,0,0
7,92,2,424,424,424,424,0,0,0,0
7,108,1,310,310,310,310,0,0,0,0
7,110,8,1144,1144,1144,1144,0,0,0,0
7,111,2,367,367,367,367,0,0,0,0
8,72,5,1033,1033,0,0,1033,1033,0,0
8,87,1,162,162,162,162,0,0,0,0
8,88,9,3129,3129,939,939,2191,2191,0,0
8,90,3,504,504,504,504,0,0,0,0
8,93,2,267,267,267,267,0,0,0,0
8,102,8,2025,2025,844,844,1181,1181,0,0
8,109,3,402,402,402,402,0,0,0,0
8,110,4,495,495,495,495,0,0,0,0
8,111,10,974,974,974,974,0,0,0,0
8,114,2,209,209,209,209,0,0,0,0
8,71,1,5417,5417,0,0,5417,5417,0,0
8,92,1,97,97,97,97,0,0,0,0
8,96,4,395,395,395,395,0,0,0,0
8,103,6,1447,1447,736,736,711,711,0,0
8,112,2,429,429,429,429,0,0,0,0
9,69,13,8247,8247,0,0,8247,8247,0,0
9,70,23,16919,16919,0,0,16919,16919,0,0
9,71,6,41380,41380,0,0,41380,41380,0,0
9,72,3,17288,17288,0,0,17288,17288,0,0
9,88,1,401,401,0,0,401,401,0,0
9,94,14,2515,2515,2515,2515,0,0,0,0
9,95,7,1398,1398,1398,1398,0,0,0,0
9,108,3,653,653,653,653,0,0,0,0
9,113,3,2478,2478,2478,2478,0,0,0,0
9,68,5,1799,1799,0,0,1799,1799,0,0
9,73,4,2111,2111,0,0,2111,2111,0,0
9,89,3,683,683,683,683,0,0,0,0
9,96,8,1551,1551,1551,1551,0,0,0,0
9,114,4,272,272,272,272,0,0,0,0
10,68,12,3640,3640,0,0,3640,3640,0,0
10,69,20,6422,6422,0,0,6422,6422,0,0
10,70,74,17610,17610,0,0,17610,17610,0,0
10,71,43,17403,17403,0,0,17403,17403,0,0
10,72,6,17953,17953,0,0,17953,17953,0,0
10,73,4,7383,7383,0,0,7383,7383,0,0
10,94,1,271,271,271,271,0,0,0,0
10,95,8,965,965,965,965,0,0,0,0
10,97,9,1555,1555,1555,1555,0,0,0,0
10,107,6,605,605,605,605,0,0,0,0
10,109,9,2603,2603,2603,2603,0,0,0,0
10,110,6,763,763,763,763,0,0,0,0
10,85,1,486,486,486,486,0,0,0,0
10,89,4,475,475,475,475,0,0,0,0
10,90,9,1357,1357,973,973,384,384,0,0
10,96,8,738,738,738,738,0,0,0,0
10,112,1,572,572,572,572,0,0,0,0
10,119,2,417,417,242,242,174,174,0,0
10,120,3,399,399,97,97,302,302,0,0
11,68,2,157,157,0,0,157,157,0,0
11,71,8,5282,5282,0,0,5282,5282,0,0
11,72,2,13241,13241,0,0,13241,13241,0,0
11,84,8,1466,1466,600,600,866,866,0,0
11,85,9,720,720,720,720,0,0,0,0
11,89,11,1700,1700,463,463,1237,1237,0,0
11,90,2,532,532,532,532,0,0,0,0
11,92,25,3682,3682,1975,1975,1706,1706,0,0
11,96,3,348,348,348,348,0,0,0,0
11,108,2,776,776,776,776,0,0,0,0
11,109,2,601,601,601,601,0,0,0,0
11,110,4,742,742,742,742,0,0,0,0
11,119,1,754,754,4,4,750,750,0,0
11,70,7,11744,11744,0,0,11744,11744,0,0
11,73,2,2112,2112,0,0,2112,2112,0,0
11,91,3,605,605,605,605,0,0,0,0
11,97,2,323,323,323,323,0,0,0,0
11,99,4,389,389,389,389,0,0,0,0
11,100,4,582,582,582,582,0,0,0,0
11,101,1,292,292,292,292,0,0,0,0
11,111,2,84,84,84,84,0,0,0,0
11,112,2,270,270,270,270,0,0,0,0
12,68,2,580,580,0,0,580,580,0,0
12,69,8,3854,3854,0,0,3854,3854,0,0
12,70,11,38536,38536,0,0,38536,38536,0,0
12,71,13,13606,13606,0,0,13606,13606,0,0
12,72,6,5213,5213,0,0,5213,5213,0,0
12,90,8,1262,1262,1262,1262,0,0,0,0
12,94,16,2660,2660,1696,1696,964,964,0,0
12,97,4,752,752,752,752,0,0,0,0
12,98,6,1173,1173,1173,1173,0,0,0,0
12,99,2,345,345,345,345,0,0,0,0
12,101,1,285,285,285,285,0,0,0,0
12,108,4,329,329,329,329,0,0,0,0
12,109,6,742,742,742,742,0,0,0,0
12,111,2,595,595,595,595,0,0,0,0
12,113,5,748,748,748,748,0,0,0,0
12,115,12,2370,2370,2370,2370,0,0,0,0
12,123,2,413,413,413,413,0,0,0,0
12,73,4,2411,2411,0,0,2411,2411,0,0
12,85,1,334,334,334,334,0,0,0,0
12,92,6,862,862,862,862,0,0,0,0
12,93,8,1209,1209,522,522,687,687,0,0
12,100,2,455,455,455,455,0,0,0,0
12,114,3,1088,1088,1088,1088,0,0,0,0
13,70,2,8646,8646,0,0,8646,8646,0,0
13,71,12,9962,9962,0,0,9962,9962,0,0
13,73,7,5043,5043,0,0,5043,5043,0,0
13,90,3,426,426,426,426,0,0,0,0
13,100,3,329,329,329,329,0,0,0,0
13,112,2,261,261,261,261,0,0,0,0
13,113,4,890,890,890,890,0,0,0,0
13,114,6,924,924,924,924,0,0,0,0
13,115,9,982,982,982,982,0,0,0,0
13,72,6,1499,1499,0,0,1499,1499,0,0
13,74,2,198,198,198,198,0,0,0,0
13,88,4,2957,2957,0,0,2957,2957,0,0
13,111,3,1378,1378,348,348,1030,1030,0,0
14,71,19,13457,13457,219,219,13238,13238,0,0
14,72,5,2238,2238,0,0,2238,2238,0,0
14,75,1,470,470,470,470,0,0,0,0
14,79,2,468,468,468,468,0,0,0,0
14,87,2,244,244,244,244,0,0,0,0
14,88,12,7377,7377,3717,3717,3660,3660,0,0
14,103,3,1448,1448,0,0,1448,1448,0,0
14,104,7,2621,2621,2027,2027,594,594,0,0
14,113,4,629,629,629,629,0,0,0,0
14,73,3,682,682,682,682,0,0,0,0
14,116,2,196,196,196,196,0,0,0,0
15,73,1,236,236,236,236,0,0,0,0
15,106,2,486,486,486,486,0,0,0,0
15,116,2,198,198,198,198,0,0,0,0
15,121,6,876,876,42,42,834,834,0,0
15,120,5,924,924,258,258,666,666,0,0
16,112,1,382,382,382,382,0,0,0,0
16,81,5,1402,1402,1402,1402,0,0,0,0
16,91,2,1197,1197,0,0,1197,1197,0,0
16,92,5,1201,1201,337,337,865,865,0,0
16,111,1,389,389,389,389,0,0,0,0
17,75,5,1018,1018,1018,1018,0,0,0,0
17,92,5,2003,2003,290,290,1712,1712,0,0
17,84,2,55,55,55,55,0,0,0,0
17,119,1,21,21,21,21,0,0,0,0
18,72,1,619,619,619,619,0,0,0,0
18,73,7,242,242,242,242,0,0,0,0
18,74,2,603,603,603,603,0,0,0,0
18,61,2,571,571,571,571,0,0,0,0
18,62,3,3346,3346,3346,3346,0,0,0,0
18,77,7,2190,2190,2190,2190,0,0,0,0
18,78,4,1409,1409,1409,1409,0,0,0,0
18,84,5,1774,1774,121,121,1653,1653,0,0
18,97,2,435,435,435,435,0,0,0,0
18,119,5,1565,1565,405,405,1160,1160,0,0
19,61,1,392,392,392,392,0,0,0,0
19,67,8,4956,4956,4310,4310,646,646,0,0
19,71,2,130,130,130,130,0,0,0,0
19,74,2,105,105,105,105,0,0,0,0
19,63,1,250,250,250,250,0,0,0,0
19,72,1,239,239,239,239,0,0,0,0
19,73,1,103,103,103,103,0,0,0,0
19,75,4,310,310,310,310,0,0,0,0
19,76,4,153,153,153,153,0,0,0,0
20,70,2,217,217,217,217,0,0,0,0
20,104,6,1259,1259,324,324,935,935,0,0
21,64,7,559,559,559,559,0,0,0,0
21,65,7,2977,2977,579,579,2398,2398,0,0
21,70,1,192,192,192,192,0,0,0,0
21,71,4,378,378,378,378,0,0,0,0
21,81,5,2119,2119,1441,1441,679,679,0,0
21,72,9,686,686,686,686,0,0,0,0
21,75,2,130,130,130,130,0,0,0,0
21,76,2,211,211,211,211,0,0,0,0
21,83,1,777,777,0,0,777,777,0,0
21,84,2,272,272,272,272,0,0,0,0
22,65,1,2165,2165,0,0,2165,2165,0,0
22,66,2,279,279,279,279,0,0,0,0
22,69,12,5514,5514,5514,5514,0,0,0,0
22,72,2,54,54,54,54,0,0,0,0
22,73,4,258,258,258,258,0,0,0,0
22,74,4,114,114,114,114,0,0,0,0
22,71,6,365,365,365,365,0,0,0,0
22,112,2,3529,3529,3529,3529,0,0,0,0
23,85,8,2991,2991,1129,1129,1862,1862,0,0
23,94,1,761,761,0,0,761,761,0,0
23,99,2,69,69,69,69,0,0,0,0
23,67,2,1982,1982,1693,1693,290,290,0,0
23,68,15,4583,4583,0,0,4583,4583,0,0
23,71,5,461,461,461,461,0,0,0,0
23,75,2,59,59,59,59,0,0,0,0
24,67,3,1000,1000,515,515,485,485,0,0
24,70,6,1472,1472,1472,1472,0,0,0,0
24,71,1,200,200,200,200,0,0,0,0
24,72,3,276,276,276,276,0,0,0,0
24,76,2,1580,1580,1580,1580,0,0,0,0
24,73,1,561,561,561,561,0,0,0,0
24,74,2,457,457,457,457,0,0,0,0
24,77,4,220,220,220,220,0,0,0,0
24,101,5,1066,1066,1066,1066,0,0,0,0
25,73,2,219,219,219,219,0,0,0,0
25,74,10,1090,1090,1090,1090,0,0,0,0
25,77,8,2259,2259,1567,1567,692,692,0,0
25,101,2,113,113,113,113,0,0,0,0
25,104,1,296,296,296,296,0,0,0,0
25,71,2,170,170,170,170,0,0,0,0
25,76,1,151,151,151,151,0,0,0,0
25,79,1,2147,2147,0,0,2147,2147,0,0
25,106,3,764,764,764,764,0,0,0,0
26,69,1,360,360,360,360,0,0,0,0
26,70,4,522,522,522,522,0,0,0,0
26,71,3,871,871,871,871,0,0,0,0
26,76,2,925,925,132,132,793,793,0,0
26,79,6,9576,9576,574,574,9002,9002,0,0
26,80,1,886,886,0,0,886,886,0,0
26,86,2,66,66,66,66,0,0,0,0
26,87,2,74,74,74,74,0,0,0,0
26,93,4,915,915,73,73,842,842,0,0
26,105,3,259,259,259,259,0,0,0,0
26,110,2,124,124,124,124,0,0,0,0
26,94,4,3162,3162,0,0,3162,3162,0,0
26,99,2,297,297,297,297,0,0,0,0
26,101,9,721,721,721,721,0,0,0,0
26,120,3,725,725,27,27,698,698,0,0
27,79,24,12520,12520,738,738,11782,11782,0,0
27,80,6,1224,1224,787,787,437,437,0,0
27,91,1,543,543,0,0,543,543,0,0
27,93,6,2652,2652,203,203,2449,2449,0,0
27,94,9,3049,3049,666,666,2383,2383,0,0
27,96,2,681,681,681,681,0,0,0,0
27,101,3,576,576,576,576,0,0,0,0
27,70,6,913,913,913,913,0,0,0,0
27,78,2,428,428,0,0,428,428,0,0
27,87,2,150,150,150,150,0,0,0,0
27,95,1,336,336,336,336,0,0,0,0
28,54,28,6437,6437,6437,6437,0,0,0,0
28,79,24,14643,14643,41,41,14602,14602,0,0
28,80,9,6091,6091,431,431,5660,5660,0,0
28,87,2,187,187,187,187,0,0,0,0
28,55,14,2036,2036,2036,2036,0,0,0,0
28,63,2,3487,3487,0,0,3487,3487,0,0
28,64,7,7082,7082,1459,1459,5623,5623,0,0
28,81,2,487,487,487,487,0,0,0,0
28,82,2,41,41,41,41,0,0,0,0
28,86,2,60,60,60,60,0,0,0,0
28,95,1,857,857,857,857,0,0,0,0
28,125,1,286,286,286,286,0,0,0,0
29,53,9,2128,2128,2128,2128,0,0,0,0
29,54,24,7453,7453,7453,7453,0,0,0,0
29,55,13,4907,4907,4051,4051,856,856,0,0
29,56,17,5021,5021,5021,5021,0,0,0,0
29,64,4,841,841,841,841,0,0,0,0
29,70,1,203,203,203,203,0,0,0,0
29,74,10,794,794,776,776,6,6,0,0
29,76,1,148,148,148,148,0,0,0,0
29,80,16,5345,5345,0,0,5345,5345,0,0
29,71,5,1698,1698,1698,1698,0,0,0,0
29,72,4,85,85,85,85,0,0,0,0
29,75,4,443,443,443,443,0,0,0,0
30,53,51,9819,9819,9819,9819,0,0,0,0
30,55,38,6514,6514,3478,3478,3036,3036,0,0
30,74,2,1022,1022,0,0,1022,1022,0,0
30,76,9,856,856,856,856,0,0,0,0
30,115,2,140,140,140,140,0,0,0,0
30,52,6,3001,3001,3001,3001,0,0,0,0
30,54,1,543,543,543,543,0,0,0,0
30,72,1,230,230,230,230,0,0,0,0
30,96,3,551,551,551,551,0,0,0,0
30,97,3,707,707,707,707,0,0,0,0
31,52,58,17435,17435,17435,17435,0,0,0,0
31,53,16,4161,4161,2350,2350,1811,1811,0,0
31,54,22,7658,7658,7658,7658,0,0,0,0
31,55,10,3157,3157,3157,3157,0,0,0,0
31,56,4,276,276,276,276,0,0,0,0
31,73,1,267,267,267,267,0,0,0,0
31,96,4,998,998,889,889,109,109,0,0
31,97,5,2640,2640,0,0,2640,2640,0,0
31,71,2,246,246,246,246,0,0,0,0
32,51,48,18492,18492,18492,18492,0,0,0,0
32,52,43,10492,10492,10492,10492,0,0,0,0
32,53,9,2916,2916,2916,2916,0,0,0,0
32,54,54,12243,12243,12243,12243,0,0,0,0
32,55,2,659,659,659,659,0,0,0,0
32,69,15,7913,7913,687,687,7226,7226,0,0
32,71,4,661,661,661,661,0,0,0,0
32,82,2,168,168,168,168,0,0,0,0
32,83,2,21,21,21,21,0,0,0,0
32,101,2,542,542,0,0,542,542,0,0
32,50,1,621,621,621,621,0,0,0,0
32,60,2,54,54,54,54,0,0,0,0
32,61,2,183,183,183,183,0,0,0,0
32,84,3,280,280,280,280,0,0,0,0
33,50,9,836,836,836,836,0,0,0,0
33,51,28,7795,7795,7795,7795,0,0,0,0
33,52,56,16976,16976,16976,16976,0,0,0,0
33,53,50,10061,10061,10061,10061,0,0,0,0
33,54,38,12709,12709,12709,12709,0,0,0,0
33,55,19,6155,6155,6155,6155,0,0,0,0
33,56,11,2760,2760,2760,2760,0,0,0,0
33,64,6,515,515,515,515,0,0,0,0
33,67,2,55,55,55,55,0,0,0,0
33,93,26,3313,3313,3313,3313,0,0,0,0
33,94,2,274,274,274,274,0,0,0,0
33,107,10,4434,4434,3044,3044,1391,1391,0,0
33,122,4,643,643,36,36,608,608,0,0
33,57,3,921,921,921,921,0,0,0,0
33,58,2,1107,1107,1107,1107,0,0,0,0
33,62,2,229,229,229,229,0,0,0,0
33,63,2,60,60,60,60,0,0,0,0
33,80,1,61,61,61,61,0,0,0,0
33,81,2,110,110,110,110,0,0,0,0
33,106,2,892,892,0,0,892,892,0,0
33,108,5,1593,1593,309,309,1284,1284,0,0
34,51,50,17600,17600,17600,17600,0,0,0,0
34,52,19,7257,7257,7257,7257,0,0,0,0
34,53,22,5658,5658,5658,5658,0,0,0,0
34,54,34,10838,10838,10838,10838,0,0,0,0
34,55,38,8786,8786,8786,8786,0,0,0,0
34,56,27,5641,5641,5641,5641,0,0,0,0
34,58,3,929,929,929,929,0,0,0,0
34,62,6,759,759,759,759,0,0,0,0
34,76,2,198,198,198,198,0,0,0,0
34,82,2,116,116,116,116,0,0,0,0
34,85,10,2291,2291,2291,2291,0,0,0,0
34,87,2,1811,1811,422,422,1389,1389,0,0
34,93,2,228,228,228,228,0,0,0,0
34,107,4,1472,1472,861,861,612,612,0,0
34,108,1,499,499,474,474,25,25,0,0
34,50,4,1407,1407,1407,1407,0,0,0,0
34,57,1,176,176,176,176,0,0,0,0
34,60,7,2217,2217,2217,2217,0,0,0,0
34,61,1,56,56,56,56,0,0,0,0
34,63,2,494,494,494,494,0,0,0,0
34,64,4,612,612,612,612,0,0,0,0
34,70,8,1256,1256,1256,1256,0,0,0,0
34,74,5,1048,1048,1048,1048,0,0,0,0
34,79,2,70,70,70,70,0,0,0,0
34,84,1,295,295,295,295,0,0,0,0
34,88,7,3028,3028,541,541,2487,2487,0,0
35,50,4,1620,1620,1620,1620,0,0,0,0
35,51,26,10368,10368,10368,10368,0,0,0,0
35,52,7,1957,1957,1957,1957,0,0,0,0
35,53,12,3062,3062,3062,3062,0,0,0,0
35,54,7,2613,2613,2613,2613,0,0,0,0
35,55,11,2880,2880,2880,2880,0,0,0,0
35,56,15,3622,3622,3622,3622,0,0,0,0
35,57,14,1743,1743,1743,1743,0,0,0,0
35,60,9,1244,1244,1244,1244,0,0,0,0
35,62,4,151,151,151,151,0,0,0,0
35,63,8,897,897,897,897,0,0,0,0
35,64,5,1001,1001,1001,1001,0,0,0,0
35,66,4,400,400,400,400,0,0,0,0
35,67,2,239,239,239,239,0,0,0,0
35,70,5,2030,2030,2030,2030,0,0,0,0
35,71,1,890,890,890,890,0,0,0,0
35,72,4,138,138,138,138,0,0,0,0
35,80,2,114,114,114,114,0,0,0,0
35,82,2,159,159,159,159,0,0,0,0
35,86,10,812,812,812,812,0,0,0,0
35,97,3,361,361,361,361,0,0,0,0
35,98,4,608,608,608,608,0,0,0,0
35,106,3,1346,1346,287,287,1058,1058,0,0
35,74,2,36,36,36,36,0,0,0,0
35,79,6,287,287,287,287,0,0,0,0
35,83,2,119,119,119,119,0,0,0,0
35,84,4,579,579,579,579,0,0,0,0
35,85,2,261,261,261,261,0,0,0,0
35,105,5,982,982,314,314,668,668,0,0
36,48,1,196,196,0,0,196,196,0,0
36,51,19,6478,6478,6478,6478,0,0,0,0
36,54,1,172,172,172,172,0,0,0,0
36,56,10,1302,1302,1302,1302,0,0,0,0
36,57,34,6314,6314,3749,3749,2565,2565,0,0
36,58,23,4635,4635,2910,2910,1725,1725,0,0
36,63,9,530,530,530,530,0,0,0,0
36,65,9,2295,2295,2295,2295,0,0,0,0
36,66,5,1145,1145,1145,1145,0,0,0,0
36,70,3,1671,1671,344,344,1327,1327,0,0
36,73,3,989,989,489,489,500,500,0,0
36,74,3,485,485,485,485,0,0,0,0
36,79,2,73,73,73,73,0,0,0,0
36,80,2,71,71,71,71,0,0,0,0
36,82,9,768,768,768,768,0,0,0,0
36,105,4,2141,2141,4,4,2137,2137,0,0
36,111,5,1617,1617,133,133,1484,1484,0,0
36,115,1,83,83,21,21,21,21,0,0
36,125,1,173,173,173,173,0,0,0,0
36,59,8,989,989,989,989,0,0,0,0
36,60,4,42,42,42,42,0,0,0,0
36,64,4,287,287,287,287,0,0,0,0
36,72,2,953,953,497,497,456,456,0,0
36,83,2,506,506,506,506,0,0,0,0
36,122,2,445,445,126,126,228,228,0,0
36,123,3,403,403,84,84,296,296,0,0
37,51,8,9763,9763,9763,9763,0,0,0,0
37,56,4,347,347,347,347,0,0,0,0
37,57,15,6203,6203,2054,2054,4149,4149,0,0
37,59,7,1603,1603,908,908,695,695,0,0
37,66,5,610,610,610,610,0,0,0,0
37,87,6,381,381,381,381,0,0,0,0
37,122,8,2213,2213,704,704,1446,1446,0,0
37,123,1,46,46,46,46,0,0,0,0
37,52,4,2267,2267,2267,2267,0,0,0,0
37,60,1,117,117,117,117,0,0,0,0
37,64,17,4182,4182,4182,4182,0,0,0,0
37,65,5,988,988,988,988,0,0,0,0
37,74,11,1544,1544,1544,1544,0,0,0,0
38,51,5,4029,4029,4029,4029,0,0,0,0
38,52,7,2115,2115,2115,2115,0,0,0,0
38,59,1,451,451,451,451,0,0,0,0
38,63,2,861,861,861,861,0,0,0,0
38,64,57,13263,13263,13263,13263,0,0,0,0
38,65,54,12280,12280,12280,12280,0,0,0,0
38,67,25,7940,7940,7940,7940,0,0,0,0
38,73,2,734,734,734,734,0,0,0,0
38,74,2,493,493,493,493,0,0,0,0
38,81,2,299,299,0,0,299,299,0,0
38,87,8,1260,1260,1260,1260,0,0,0,0
38,66,10,3094,3094,3094,3094,0,0,0,0
38,75,2,612,612,612,612,0,0,0,0
38,83,6,1561,1561,356,356,1205,1205,0,0
38,88,4,553,553,553,553,0,0,0,0
38,89,4,413,413,413,413,0,0,0,0
39,53,17,7294,7294,7294,7294,0,0,0,0
39,64,2,3607,3607,3607,3607,0,0,0,0
39,65,2,575,575,575,575,0,0,0,0
39,66,16,5019,5019,5019,5019,0,0,0,0
39,67,56,17807,17807,17807,17807,0,0,0,0
39,68,23,8801,8801,8269,8269,532,532,0,0
39,83,7,1108,1108,1108,1108,0,0,0,0
39,86,5,2513,2513,1616,1616,897,897,0,0
39,87,1,50,50,50,50,0,0,0,0
39,88,6,1024,1024,1024,1024,0,0,0,0
39,89,6,909,909,909,909,0,0,0,0
39,44,2,1178,1178,1178,1178,0,0,0,0
39,48,2,163,163,163,163,0,0,0,0
39,69,5,1398,1398,1398,1398,0,0,0,0
39,74,5,803,803,803,803,0,0,0,0
39,84,2,363,363,363,363,0,0,0,0
40,47,4,357,357,357,357,0,0,0,0
40,51,3,468,468,0,0,468,468,0,0
40,64,16,2569,2569,2569,2569,0,0,0,0
40,66,9,3937,3937,3937,3937,0,0,0,0
40,67,67,26667,26667,26667,26667,0,0,0,0
40,68,69,32702,32702,28390,28390,0,0,4311,4311
40,69,15,9903,9903,8416,8416,0,0,1487,1487
40,73,1,212,212,212,212,0,0,0,0
40,74,5,1013,1013,1013,1013,0,0,0,0
40,63,2,269,269,269,269,0,0,0,0
40,65,2,143,143,143,143,0,0,0,0
40,78,4,557,557,557,557,0,0,0,0
40,84,1,547,547,547,547,0,0,0,0
40,85,5,881,881,881,881,0,0,0,0
40,87,4,90,90,90,90,0,0,0,0
40,89,1,783,783,783,783,0,0,0,0
40,97,6,611,611,611,611,0,0,0,0
41,46,1,361,361,361,361,0,0,0,0
41,48,6,1171,1171,1171,1171,0,0,0,0
41,50,5,501,501,501,501,0,0,0,0
41,51,2,223,223,223,223,0,0,0,0
41,53,5,1034,1034,1034,1034,0,0,0,0
41,54,4,703,703,703,703,0,0,0,0
41,66,50,12553,12553,12553,12553,0,0,0,0
41,67,77,23000,23000,23000,23000,0,0,0,0
41,68,54,21473,21473,21473,21473,0,0,0,0
41,69,16,971,971,971,971,0,0,0,0
41,78,10,1449,1449,1449,1449,0,0,0,0
41,81,4,1515,1515,412,412,1104,1104,0,0
41,84,2,573,573,0,0,573,573,0,0
41,89,7,2237,2237,291,291,1946,1946,0,0
41,97,2,373,373,373,373,0,0,0,0
41,49,1,156,156,156,156,0,0,0,0
41,64,2,85,85,85,85,0,0,0,0
41,65,5,2079,2079,2079,2079,0,0,0,0
41,79,8,1043,1043,1043,1043,0,0,0,0
41,80,10,2616,2616,2200,2200,415,415,0,0
41,85,2,559,559,559,559,0,0,0,0
41,113,4,773,773,192,192,581,581,0,0
42,51,11,1354,1354,1354,1354,0,0,0,0
42,55,4,807,807,807,807,0,0,0,0
42,61,3,589,589,589,589,0,0,0,0
42,63,15,1917,1917,1917,1917,0,0,0,0
42,64,4,361,361,361,361,0,0,0,0
42,65,31,9748,9748,7654,7654,2093,2093,0,0
42,66,36,11140,11140,8858,8858,2282,2282,0,0
42,67,104,25107,25107,24361,24361,746,746,0,0
42,68,56,15374,15374,15374,15374,0,0,0,0
42,69,4,379,379,379,379,0,0,0,0
42,76,6,2857,2857,1172,1172,1687,1687,0,0
42,79,3,1972,1972,155,155,1817,1817,0,0
42,80,2,908,908,908,908,0,0,0,0
42,81,1,214,214,214,214,0,0,0,0
42,96,1,378,378,378,378,0,0,0,0
42,99,9,1297,1297,1297,1297,0,0,0,0
42,101,13,2755,2755,1809,1809,946,946,0,0
42,46,4,311,311,311,311,0,0,0,0
42,54,2,429,429,429,429,0,0,0,0
42,57,5,1262,1262,1262,1262,0,0,0,0
42,62,3,1075,1075,1075,1075,0,0,0,0
42,70,6,137,137,137,137,0,0,0,0
42,82,5,1262,1262,1262,1262,0,0,0,0
42,85,4,1028,1028,313,313,715,715,0,0
42,91,3,1234,1234,102,102,1132,1132,0,0
42,98,1,154,154,154,154,0,0,0,0
43,46,4,711,711,711,711,0,0,0,0
43,47,7,1111,1111,1111,1111,0,0,0,0
43,49,1,212,212,212,212,0,0,0,0
43,55,5,429,429,429,429,0,0,0,0
43,58,3,835,835,835,835,0,0,0,0
43,60,2,194,194,194,194,0,0,0,0
43,63,11,1667,1667,1667,1667,0,0,0,0
43,65,25,6978,6978,6974,6974,4,4,0,0
43,66,3,1810,1810,864,864,946,946,0,0
43,67,32,13073,13073,10387,10387,2686,2686,0,0
43,68,20,6509,6509,6509,6509,0,0,0,0
43,86,15,3675,3675,3675,3675,0,0,0,0
43,87,8,1639,1639,1639,1639,0,0,0,0
43,88,2,897,897,0,0,897,897,0,0
43,91,5,4569,4569,2,2,4567,4567,0,0
43,92,5,2733,2733,204,204,2529,2529,0,0
43,96,4,1591,1591,431,431,1160,1160,0,0
43,99,2,177,177,177,177,0,0,0,0
43,100,2,540,540,0,0,540,540,0,0
43,104,2,209,209,209,209,0,0,0,0
43,50,4,859,859,859,859,0,0,0,0
43,59,3,533,533,533,533,0,0,0,0
43,64,2,260,260,260,260,0,0,0,0
43,85,1,594,594,594,594,0,0,0,0
43,109,8,2387,2387,440,440,1947,1947,0,0
44,50,13,1834,1834,1834,1834,0,0,0,0
44,51,4,209,209,209,209,0,0,0,0
44,52,10,3498,3498,3498,3498,0,0,0,0
44,53,35,12477,12477,12477,12477,0,0,0,0
44,59,6,1210,1210,1210,1210,0,0,0,0
44,63,12,5280,5280,3906,3906,1374,1374,0,0
44,64,19,3736,3736,3736,3736,0,0,0,0
44,65,30,14486,14486,11924,11924,2562,2562,0,0
44,66,25,9914,9914,9914,9914,0,0,0,0
44,92,7,1094,1094,1094,1094,0,0,0,0
44,46,5,1338,1338,182,182,1157,1157,0,0
44,60,4,225,225,225,225,0,0,0,0
44,62,4,1860,1860,1860,1860,0,0,0,0
44,67,1,1484,1484,1484,1484,0,0,0,0
44,68,4,833,833,833,833,0,0,0,0
44,77,1,459,459,459,459,0,0,0,0
44,93,2,272,272,272,272,0,0,0,0
44,94,9,1989,1989,836,836,1153,1153,0,0
44,95,4,971,971,0,0,971,971,0,0
44,96,2,399,399,399,399,0,0,0,0
44,97,1,239,239,239,239,0,0,0,0
45,45,8,684,684,684,684,0,0,0,0
45,49,9,709,709,709,709,0,0,0,0
45,50,12,1965,1965,1965,1965,0,0,0,0
45,52,29,10233,10233,10233,10233,0,0,0,0
45,53,29,18724,18724,18724,18724,0,0,0,0
45,54,7,4106,4106,4106,4106,0,0,0,0
45,57,1,214,214,214,214,0,0,0,0
45,59,5,1691,1691,1691,1691,0,0,0,0
45,60,1,473,473,0,0,473,473,0,0
45,61,5,9525,9525,1331,1331,8194,8194,0,0
45,62,13,4988,4988,2920,2920,2068,2068,0,0
45,63,8,10185,10185,845,845,9341,9341,0,0
45,64,14,11781,11781,11781,11781,0,0,0,0
45,65,15,9288,9288,9288,9288,0,0,0,0
45,66,10,1873,1873,1873,1873,0,0,0,0
45,67,2,276,276,276,276,0,0,0,0
45,76,2,454,454,454,454,0,0,0,0
45,91,4,397,397,397,397,0,0,0,0
45,94,2,373,373,373,373,0,0,0,0
45,51,1,251,251,251,251,0,0,0,0
45,55,4,2582,2582,2582,2582,0,0,0,0
45,58,4,921,921,921,921,0,0,0,0
45,96,11,1912,1912,1277,1277,635,635,0,0
46,49,8,3078,3078,2388,2388,690,690,0,0
46,50,12,2219,2219,1404,1404,815,815,0,0
46,51,6,450,450,450,450,0,0,0,0
46,52,23,2448,2448,2448,2448,0,0,0,0
46,53,8,3999,3999,3999,3999,0,0,0,0
46,54,39,18842,18842,18842,18842,0,0,0,0
46,55,9,2763,2763,2763,2763,0,0,0,0
46,58,13,6118,6118,1720,1720,4398,4398,0,0
46,59,7,3751,3751,110,110,3641,3641,0,0
46,60,7,395,395,395,395,0,0,0,0
46,61,14,2868,2868,2868,2868,0,0,0,0
46,62,18,4316,4316,3437,3437,879,879,0,0
46,63,13,803,803,558,558,244,244,0,0
46,64,8,1586,1586,1423,1423,163,163,0,0
46,65,5,340,340,340,340,0,0,0,0
46,70,6,1497,1497,1497,1497,0,0,0,0
46,91,4,1024,1024,1024,1024,0,0,0,0
46,94,6,775,775,775,775,0,0,0,0
46,118,2,86,86,86,86,0,0,0,0
46,44,1,436,436,436,436,0,0,0,0
46,48,5,421,421,421,421,0,0,0,0
46,66,6,188,188,188,188,0,0,0,0
46,89,1,1753,1753,0,0,1753,1753,0,0
46,90,2,669,669,440,440,229,229,0,0
46,127,2,91,91,91,91,0,0,0,0
47,41,60,5227,5227,1363,1363,3863,3863,0,0
47,42,5,2281,2281,2281,2281,0,0,0,0
47,44,2,577,577,577,577,0,0,0,0
47,46,2,152,152,152,152,0,0,0,0
47,49,1,143,143,143,143,0,0,0,0
47,50,1,581,581,0,0,581,581,0,0
47,51,19,2126,2126,2126,2126,0,0,0,0
47,53,12,2394,2394,2394,2394,0,0,0,0
47,54,49,15217,15217,15217,15217,0,0,0,0
47,55,47,12593,12593,12593,12593,0,0,0,0
47,59,3,1010,1010,1010,1010,0,0,0,0
47,61,6,1139,1139,1139,1139,0,0,0,0
47,62,8,1349,1349,1349,1349,0,0,0,0
47,63,4,892,892,892,892,0,0,0,0
47,81,3,2606,2606,0,0,2606,2606,0,0
47,89,3,1996,1996,190,190,1806,1806,0,0
47,40,6,259,259,161,161,98,98,0,0
47,48,4,131,131,131,131,0,0,0,0
47,64,5,695,695,695,695,0,0,0,0
47,66,4,1512,1512,0,0,1512,1512,0,0
47,67,10,5790,5790,0,0,5790,5790,0,0
47,82,3,1860,1860,506,506,1355,1355,0,0
47,85,4,208,208,208,208,0,0,0,0
47,86,2,184,184,184,184,0,0,0,0
47,90,1,718,718,477,477,241,241,0,0
47,107,2,157,157,157,157,0,0,0,0
47,108,4,604,604,604,604,0,0,0,0
47,124,2,273,273,273,273,0,0,0,0
47,125,2,413,413,413,413,0,0,0,0
48,40,5,266,266,266,266,0,0,0,0
48,41,41,5895,5895,5895,5895,0,0,0,0
48,42,2,157,157,157,157,0,0,0,0
48,49,4,339,339,339,339,0,0,0,0
48,50,6,691,691,691,691,0,0,0,0
48,51,2,242,242,242,242,0,0,0,0
48,52,16,1336,1336,1336,1336,0,0,0,0
48,53,15,1716,1716,1716,1716,0,0,0,0
48,54,17,6255,6255,6255,6255,0,0,0,0
48,55,28,10133,10133,10133,10133,0,0,0,0
48,59,2,495,495,495,495,0,0,0,0
48,60,12,1131,1131,1131,1131,0,0,0,0
48,66,19,13146,13146,1864,1864,11281,11281,0,0
48,67,5,3208,3208,0,0,3208,3208,0,0
48,68,1,1021,1021,0,0,1021,1021,0,0
48,85,6,3170,3170,546,546,2624,2624,0,0
48,88,2,129,129,129,129,0,0,0,0
48,90,6,2818,2818,2818,2818,0,0,0,0
48,117,4,445,445,445,445,0,0,0,0
48,122,13,2714,2714,1555,1555,1159,1159,0,0
48,39,1,75,75,75,75,0,0,0,0
48,47,6,273,273,273,273,0,0,0,0
48,65,3,1126,1126,1126,1126,0,0,0,0
48,107,2,72,72,72,72,0,0,0,0
48,108,8,1341,1341,1341,1341,0,0,0,0
48,123,1,534,534,0,0,534,534,0,0
49,40,32,3840,3840,3840,3840,0,0,0,0
49,41,34,5234,5234,5234,5234,0,0,0,0
49,53,25,1930,1930,1930,1930,0,0,0,0
49,54,26,3165,3165,3165,3165,0,0,0,0
49,55,2,775,775,775,775,0,0,0,0
49,66,17,11889,11889,1737,1737,10152,10152,0,0
49,82,2,752,752,0,0,752,752,0,0
49,83,1,3177,3177,0,0,3177,3177,0,0
49,105,1,1145,1145,1145,1145,0,0,0,0
49,106,2,180,180,180,180,0,0,0,0
49,114,2,81,81,81,81,0,0,0,0
49,121,16,2963,2963,1483,1483,1480,1480,0,0
49,122,7,1446,1446,692,692,754,754,0,0
49,51,2,267,267,267,267,0,0,0,0
49,57,5,1559,1559,1355,1355,204,204,0,0
49,58,1,3618,3618,0,0,3618,3618,0,0
49,59,2,78,78,78,78,0,0,0,0
49,68,1,1098,1098,0,0,1098,1098,0,0
49,90,1,171,171,171,171,0,0,0,0
49,107,2,101,101,101,101,0,0,0,0
49,123,2,747,747,747,747,0,0,0,0
50,46,3,600,600,600,600,0,0,0,0
50,53,4,1802,1802,1802,1802,0,0,0,0
50,57,1,276,276,276,276,0,0,0,0
50,67,1,372,372,372,372,0,0,0,0
50,95,1,202,202,202,202,0,0,0,0
50,111,5,1425,1425,311,311,1114,1114,1114,1114
50,121,2,67,67,67,67,0,0,0,0
50,123,1,695,695,695,695,0,0,0,0
50,50,2,133,133,133,133,0,0,0,0
50,56,2,529,529,529,529,0,0,0,0
50,60,4,297,297,297,297,0,0,0,0
50,84,1,218,218,218,218,0,0,0,0
51,54,2,1133,1133,1133,1133,0,0,0,0
51,56,9,1519,1519,1519,1519,0,0,0,0
51,58,3,75,75,75,75,0,0,0,0
51,60,1,226,226,226,226,0,0,0,0
51,83,2,661,661,661,661,0,0,0,0
51,84,3,321,321,321,321,0,0,0,0
51,103,2,985,985,985,985,0,0,0,0
51,112,2,123,123,123,123,0,0,0,0
51,126,1,46,46,46,46,0,0,0,0
51,43,1,470,470,470,470,0,0,0,0
51,45,4,220,220,220,220,0,0,0,0
51,59,4,80,80,80,80,0,0,0,0
51,72,2,1378,1378,1378,1378,0,0,0,0
51,122,4,1007,1007,1007,1007,0,0,0,0
51,127,2,74,74,74,74,0,0,0,0
52,44,1,180,180,180,180,0,0,0,0
52,45,24,1107,1107,1107,1107,0,0,0,0
52,46,2,30,30,30,30,0,0,0,0
52,54,11,1838,1838,1838,1838,0,0,0,0
52,57,10,2916,2916,2500,2500,417,417,0,0
52,59,2,63,63,63,63,0,0,0,0
52,67,6,180,180,180,180,0,0,0,0
52,100,2,633,633,195,195,438,438,0,0
52,101,3,914,914,91,91,823,823,0,0
52,118,4,124,124,124,124,0,0,0,0
52,119,4,172,172,172,172,0,0,0,0
52,122,3,149,149,149,149,0,0,0,0
52,125,4,160,160,160,160,0,0,0,0
52,126,4,155,155,155,155,0,0,0,0
52,36,4,1356,1356,1356,1356,0,0,0,0
52,49,2,165,165,165,165,0,0,0,0
52,50,2,328,328,328,328,0,0,0,0
52,53,1,347,347,347,347,0,0,0,0
52,55,2,175,175,175,175,0,0,0,0
52,56,2,184,184,184,184,0,0,0,0
52,72,2,542,542,542,542,0,0,0,0
52,73,2,612,612,0,0,612,612,0,0
53,36,2,1746,1746,1746,1746,0,0,0,0
53,37,79,4559,4559,1707,1707,2851,2851,0,0
53,39,1,1313,1313,1313,1313,0,0,0,0
53,49,4,812,812,812,812,0,0,0,0
53,50,14,3273,3273,3273,3273,0,0,0,0
53,53,6,517,517,517,517,0,0,0,0
53,56,2,871,871,871,871,0,0,0,0
53,101,1,299,299,0,0,299,299,0,0
53,104,4,286,286,286,286,0,0,0,0
53,109,2,423,423,423,423,0,0,0,0
53,111,3,830,830,830,830,0,0,0,0
53,116,4,380,380,380,380,0,0,0,0
53,118,3,261,261,261,261,0,0,0,0
53,35,1,435,435,435,435,0,0,0,0
53,38,2,222,222,222,222,0,0,0,0
53,51,3,782,782,782,782,0,0,0,0
53,55,1,102,102,102,102,0,0,0,0
53,57,2,83,83,83,83,0,0,0,0
53,64,1,92,92,92,92,0,0,0,0
53,94,2,183,183,183,183,0,0,0,0
53,99,4,983,983,983,983,0,0,0,0
53,100,2,394,394,394,394,0,0,0,0
53,114,1,147,147,147,147,0,0,0,0
53,119,4,268,268,268,268,0,0,0,0
53,121,2,32,32,32,32,0,0,0,0
53,123,1,135,135,135,135,0,0,0,0
54,35,4,191,191,191,191,0,0,0,0
54,36,1,55,55,0,0,55,55,0,0
54,37,4,193,193,9,9,183,183,0,0
54,38,11,1353,1353,1353,1353,0,0,0,0
54,43,6,1093,1093,1093,1093,0,0,0,0
54,48,6,1324,1324,1324,1324,0,0,0,0
54,49,14,2021,2021,2021,2021,0,0,0,0
54,50,3,126,126,126,126,0,0,0,0
54,54,5,482,482,482,482,0,0,0,0
54,55,8,1302,1302,1302,1302,0,0,0,0
54,63,3,1612,1612,746,746,866,866,0,0
54,64,4,359,359,359,359,0,0,0,0
54,73,2,601,601,0,0,601,601,0,0
54,74,3,1145,1145,260,260,885,885,0,0
54,95,2,129,129,129,129,0,0,0,0
54,112,2,181,181,181,181,0,0,0,0
54,113,2,216,216,216,216,0,0,0,0
54,114,1,89,89,89,89,0,0,0,0
54,123,4,154,154,154,154,0,0,0,0
54,62,4,475,475,475,475,0,0,0,0
54,81,1,405,405,0,0,405,405,0,0
54,116,4,500,500,500,500,0,0,0,0
54,125,2,41,41,41,41,0,0,0,0
54,127,2,265,265,265,265,0,0,0,0
55,38,4,575,575,575,575,0,0,0,0
55,56,3,630,630,630,630,0,0,0,0
55,62,5,761,761,761,761,0,0,0,0
55,105,4,249,249,249,249,0,0,0,0
55,121,2,417,417,417,417,0,0,0,0
55,122,1,587,587,587,587,0,0,0,0
55,34,4,849,849,723,723,127,127,0,0
55,35,2,248,248,248,248,0,0,0,0
55,50,9,2371,2371,1144,1144,1227,1227,0,0
55,70,2,32,32,32,32,0,0,0,0
55,92,2,203,203,203,203,0,0,0,0
55,96,1,201,201,201,201,0,0,0,0
55,107,2,38,38,38,38,0,0,0,0
55,113,2,98,98,98,98,0,0,0,0
56,34,15,2494,2494,1660,1660,834,834,0,0
56,41,4,304,304,304,304,0,0,0,0
56,70,4,406,406,406,406,0,0,0,0
56,83,2,889,889,0,0,889,889,0,0
56,96,3,1211,1211,583,583,628,628,0,0
56,104,3,598,598,598,598,0,0,0,0
56,105,2,862,862,0,0,862,862,0,0
56,116,5,714,714,714,714,0,0,0,0
56,123,2,59,59,59,59,0,0,0,0
56,125,2,108,108,108,108,0,0,0,0
56,127,7,1351,1351,1351,1351,0,0,0,0
56,33,3,153,153,82,82,71,71,0,0
56,117,2,35,35,35,35,0,0,0,0
57,32,48,3742,3742,3241,3241,501,501,0,0
57,33,15,805,805,308,308,497,497,0,0
57,34,7,699,699,448,448,252,252,0,0
57,39,4,1101,1101,1101,1101,0,0,0,0
57,41,2,305,305,305,305,0,0,0,0
57,42,12,2987,2987,2987,2987,0,0,0,0
57,52,5,794,794,794,794,0,0,0,0
57,74,7,1546,1546,1546,1546,0,0,0,0
57,75,8,847,847,847,847,0,0,0,0
57,82,2,76,76,76,76,0,0,0,0
57,101,4,703,703,703,703,0,0,0,0
57,105,2,152,152,152,152,0,0,0,0
57,111,2,381,381,381,381,0,0,0,0
57,113,2,631,631,631,631,0,0,0,0
57,114,9,979,979,979,979,0,0,0,0
57,115,1,318,318,318,318,0,0,0,0
57,117,4,433,433,433,433,0,0,0,0
57,31,1,99,99,99,99,0,0,0,0
57,36,5,423,423,423,423,0,0,0,0
57,37,3,629,629,629,629,0,0,0,0
57,51,3,574,574,574,574,0,0,0,0
57,96,2,1085,1085,0,0,1085,1085,0,0
57,99,2,23,23,23,23,0,0,0,0
57,110,2,134,134,134,134,0,0,0,0
57,116,3,377,377,377,377,0,0,0,0
57,127,6,1739,1739,1570,1570,170,170,0,0
58,31,62,5642,5642,3697,3697,1945,1945,0,0
58,32,99,6990,6990,3091,3091,3899,3899,0,0
58,33,43,4031,4031,1345,1345,2686,2686,0,0
58,36,27,4482,4482,4482,4482,0,0,0,0
58,37,20,4763,4763,4763,4763,0,0,0,0
58,50,5,642,642,642,642,0,0,0,0
58,52,6,876,876,876,876,0,0,0,0
58,65,1,747,747,0,0,747,747,0,0
58,66,11,2447,2447,1362,1362,1085,1085,0,0
58,69,13,5458,5458,1029,1029,4429,4429,0,0
58,80,10,1362,1362,1362,1362,0,0,0,0
58,82,11,1489,1489,1489,1489,0,0,0,0
58,96,5,755,755,175,175,580,580,0,0
58,103,2,34,34,34,34,0,0,0,0
58,107,4,514,514,514,514,0,0,0,0
58,111,3,955,955,0,0,955,955,0,0
58,112,6,378,378,339,339,39,39,0,0
58,115,4,697,697,697,697,0,0,0,0
58,125,3,988,988,988,988,0,0,0,0
58,127,8,1846,1846,1398,1398,448,448,0,0
58,34,1,249,249,249,249,0,0,0,0
58,38,6,832,832,832,832,0,0,0,0
58,39,6,586,586,586,586,0,0,0,0
58,41,1,186,186,186,186,0,0,0,0
58,51,7,2220,2220,488,488,1732,1732,0,0
58,88,2,283,283,283,283,0,0,0,0
58,110,2,198,198,198,198,0,0,0,0
58,114,2,271,271,271,271,0,0,0,0
59,31,21,1377,1377,551,551,827,827,0,0
59,32,49,4153,4153,2871,2871,1283,1283,0,0
59,36,11,1501,1501,1501,1501,0,0,0,0
59,39,8,1156,1156,1156,1156,0,0,0,0
59,40,5,610,610,610,610,0,0,0,0
59,41,11,1904,1904,1904,1904,0,0,0,0
59,80,1,1326,1326,0,0,1326,1326,0,0
59,81,2,687,687,365,365,322,322,0,0
59,88,5,1223,1223,1223,1223,0,0,0,0
59,89,1,711,711,0,0,711,711,0,0
59,96,5,4835,4835,830,830,4005,4005,0,0
59,98,2,81,81,81,81,0,0,0,0
59,100,5,1274,1274,793,793,481,481,0,0
59,103,4,136,136,136,136,0,0,0,0
59,127,5,1138,1138,1138,1138,0,0,0,0
59,33,2,151,151,0,0,151,151,0,0
59,37,14,3326,3326,3009,3009,317,317,0,0
59,42,2,38,38,38,38,0,0,0,0
59,62,4,1188,1188,1188,1188,0,0,0,0
59,72,2,462,462,462,462,0,0,0,0
59,93,4,903,903,340,340,563,563,0,0
59,101,4,195,195,195,195,0,0,0,0
59,116,5,2533,2533,1331,1331,1203,1203,0,0
59,117,2,664,664,0,0,664,664,0,0
59,118,3,829,829,829,829,0,0,0,0
60,37,5,607,607,607,607,0,0,0,0
60,48,5,912,912,912,912,0,0,0,0
60,64,3,596,596,596,596,0,0,0,0
60,73,11,3449,3449,941,941,2508,2508,0,0
60,74,17,3727,3727,3083,3083,645,645,0,0
60,84,2,317,317,0,0,317,317,0,0
60,85,3,601,601,601,601,0,0,0,0
60,86,9,1267,1267,1267,1267,0,0,0,0
60,87,8,1103,1103,1103,1103,0,0,0,0
60,89,2,148,148,148,148,0,0,0,0
60,90,2,45,45,45,45,0,0,0,0
60,94,3,1392,1392,1392,1392,0,0,0,0
60,96,2,66,66,66,66,0,0,0,0
60,97,2,145,145,145,145,0,0,0,0
60,98,1,181,181,181,181,0,0,0,0
60,100,6,620,620,620,620,0,0,0,0
60,103,4,121,121,121,121,0,0,0,0
60,109,10,2549,2549,936,936,1613,1613,0,0
60,126,2,394,394,394,394,0,0,0,0
60,127,3,973,973,973,973,0,0,0,0
60,45,4,587,587,587,587,0,0,0,0
60,105,4,114,114,114,114,0,0,0,0
60,107,2,90,90,90,90,0,0,0,0
60,116,2,140,140,140,140,0,0,0,0
60,125,2,439,439,439,439,0,0,0,0
61,33,1,306,306,0,0,306,306,0,0
61,40,4,692,692,692,692,0,0,0,0
61,44,2,271,271,271,271,0,0,0,0
61,47,5,634,634,634,634,0,0,0,0
61,74,3,563,563,563,563,0,0,0,0
61,78,11,2125,2125,1509,1509,616,616,0,0
61,89,4,123,123,123,123,0,0,0,0
61,96,5,666,666,666,666,0,0,0,0
61,99,2,20,20,20,20,0,0,0,0
61,126,6,1293,1293,1293,1293,0,0,0,0
61,32,5,1498,1498,294,294,1204,1204,0,0
61,34,2,106,106,106,106,0,0,0,0
61,35,7,601,601,601,601,0,0,0,0
61,38,2,129,129,129,129,0,0,0,0
61,45,1,686,686,686,686,0,0,0,0
61,109,2,74,74,74,74,0,0,0,0
61,116,2,61,61,61,61,0,0,0,0
61,118,2,770,770,770,770,0,0,0,0
61,119,1,397,397,397,397,0,0,0,0
61,127,2,310,310,310,310,0,0,0,0
62,27,1,337,337,337,337,0,0,0,0
62,32,6,1081,1081,1081,1081,0,0,0,0
62,43,8,2053,2053,2053,2053,0,0,0,0
62,47,2,460,460,460,460,0,0,0,0
62,73,5,1341,1341,1341,1341,0,0,0,0
62,77,4,322,322,322,322,0,0,0,0
62,80,7,2669,2669,1755,1755,914,914,0,0
62,96,2,99,99,99,99,0,0,0,0
62,104,7,833,833,833,833,0,0,0,0
62,108,1,230,230,230,230,0,0,0,0
62,113,4,374,374,374,374,0,0,0,0
62,117,1,123,123,123,123,0,0,0,0
62,118,7,1362,1362,1362,1362,0,0,0,0
62,125,1,334,334,334,334,0,0,0,0
62,34,4,433,433,433,433,0,0,0,0
62,38,3,316,316,316,316,0,0,0,0
62,48,2,86,86,86,86,0,0,0,0
62,62,1,388,388,388,388,0,0,0,0
62,63,7,2287,2287,2287,2287,0,0,0,0
62,71,2,253,253,253,253,0,0,0,0
62,72,1,277,277,277,277,0,0,0,0
62,76,2,73,73,73,73,0,0,0,0
62,78,4,127,127,127,127,0,0,0,0
62,88,1,82,82,82,82,0,0,0,0
62,97,2,470,470,470,470,0,0,0,0
62,99,4,312,312,312,312,0,0,0,0
62,106,2,75,75,75,75,0,0,0,0
62,110,4,311,311,311,311,0,0,0,0
62,114,2,192,192,192,192,0,0,0,0
62,115,2,127,127,127,127,0,0,0,0
62,122,2,337,337,337,337,0,0,0,0
62,124,2,300,300,300,300,0,0,0,0
63,33,9,2274,2274,485,485,1789,1789,0,0
63,42,4,780,780,780,780,0,0,0,0
63,45,2,475,475,475,475,0,0,0,0
63,62,4,2915,2915,2915,2915,0,0,0,0
63,96,2,124,124,124,124,0,0,0,0
63,101,2,239,239,239,239,0,0,0,0
63,103,6,759,759,759,759,0,0,0,0
63,109,2,514,514,514,514,0,0,0,0
63,112,8,4655,4655,111,111,4544,4544,0,0
63,123,2,1047,1047,1047,1047,0,0,0,0
63,41,2,427,427,427,427,0,0,0,0
63,74,4,335,335,335,335,0,0,0,0
63,76,4,287,287,225,225,62,62,0,0
63,86,3,3510,3510,0,0,3510,3510,0,0
63,121,4,142,142,142,142,0,0,0,0
64,29,1,404,404,0,0,404,404,0,0
64,33,4,269,269,269,269,0,0,0,0
64,34,1,70,70,70,70,0,0,0,0
64,86,3,765,765,765,765,0,0,0,0
64,101,5,1929,1929,698,698,1231,1231,0,0
64,102,6,549,549,549,549,0,0,0,0
64,106,2,173,173,173,173,0,0,0,0
64,110,2,94,94,94,94,0,0,0,0
64,111,2,59,59,59,59,0,0,0,0
64,112,9,11619,11619,0,0,11619,11619,0,0
64,41,1,327,327,327,327,0,0,0,0
64,46,2,133,133,133,133,0,0,0,0
64,76,3,841,841,841,841,0,0,0,0
64,100,2,55,55,55,55,0,0,0,0
64,103,1,132,132,132,132,0,0,0,0
64,109,2,65,65,65,65,0,0,0,0
64,117,2,198,198,198,198,0,0,0,0
64,120,1,80,80,80,80,0,0,0,0
65,34,2,237,237,237,237,0,0,0,0
65,37,1,137,137,137,137,0,0,0,0
65,41,1,408,408,408,408,0,0,0,0
65,73,2,89,89,89,89,0,0,0,0
65,74,7,1258,1258,1258,1258,0,0,0,0
65,75,2,531,531,531,531,0,0,0,0
65,76,1,531,531,531,531,0,0,0,0
65,96,2,151,151,151,151,0,0,0,0
65,98,1,186,186,186,186,0,0,0,0
65,116,2,231,231,231,231,0,0,0,0
65,31,1,608,608,608,608,0,0,0,0
65,32,6,983,983,983,983,0,0,0,0
65,46,4,685,685,685,685,0,0,0,0
65,50,2,556,556,0,0,556,556,0,0
65,51,11,1128,1128,783,783,345,345,0,0
65,79,1,592,592,592,592,0,0,0,0
65,86,2,328,328,328,328,0,0,0,0
65,104,3,255,255,255,255,0,0,0,0
65,107,6,490,490,490,490,0,0,0,0
65,119,2,174,174,174,174,0,0,0,0
66,32,6,1612,1612,1612,1612,0,0,0,0
66,35,2,57,57,57,57,0,0,0,0
66,39,4,654,654,654,654,0,0,0,0
66,40,2,346,346,346,346,0,0,0,0
66,49,2,97,97,97,97,0,0,0,0
66,51,3,2209,2209,0,0,2209,2209,0,0
66,62,2,1018,1018,0,0,1018,1018,0,0
66,67,2,365,365,365,365,0,0,0,0
66,75,7,1102,1102,1102,1102,0,0,0,0
66,97,4,1567,1567,247,247,1320,1320,0,0
66,103,5,346,346,346,346,0,0,0,0
66,105,15,1945,1945,1320,1320,625,625,0,0
66,111,2,71,71,71,71,0,0,0,0
66,117,3,283,283,283,283,0,0,0,0
66,122,2,195,195,195,195,0,0,0,0
66,31,2,694,694,694,694,0,0,0,0
66,38,1,129,129,129,129,0,0,0,0
66,52,2,1295,1295,0,0,1295,1295,0,0
66,55,4,1110,1110,1110,1110,0,0,0,0
66,56,1,534,534,534,534,0,0,0,0
66,68,2,47,47,47,47,0,0,0,0
66,74,4,393,393,393,393,0,0,0,0
66,93,1,441,441,29,29,412,412,0,0
66,94,1,478,478,249,249,229,229,0,0
66,98,2,188,188,188,188,0,0,0,0
66,104,1,1660,1660,0,0,1660,1660,0,0
66,119,2,2768,2768,0,0,2768,2768,0,0
66,120,2,4868,4868,0,0,4868,4868,0,0
66,125,1,21,21,21,21,0,0,0,0
67,39,2,84,84,84,84,0,0,0,0
67,56,2,559,559,559,559,0,0,0,0
67,74,4,647,647,647,647,0,0,0,0
67,83,3,372,372,372,372,0,0,0,0
67,84,2,700,700,0,0,700,700,0,0
67,91,1,399,399,0,0,399,399,0,0
67,93,1,651,651,651,651,0,0,0,0
67,94,6,2805,2805,2805,2805,0,0,0,0
67,97,2,196,196,196,196,0,0,0,0
67,100,3,76,76,76,76,0,0,0,0
67,105,6,560,560,560,560,0,0,0,0
67,114,6,190,190,190,190,0,0,0,0
67,119,6,5726,5726,0,0,5726,5726,0,0
67,122,4,426,426,426,426,0,0,0,0
67,36,2,226,226,226,226,0,0,0,0
67,38,2,345,345,345,345,0,0,0,0
67,44,2,60,60,60,60,0,0,0,0
67,49,2,115,115,115,115,0,0,0,0
67,79,12,1768,1768,1325,1325,442,442,0,0
67,109,2,210,210,210,210,0,0,0,0
67,127,2,48,48,48,48,0,0,0,0
68,29,4,1010,1010,1010,1010,0,0,0,0
68,36,1,158,158,158,158,0,0,0,0
68,37,7,262,262,262,262,0,0,0,0
68,72,2,82,82,82,82,0,0,0,0
68,74,4,200,200,200,200,0,0,0,0
68,78,1,352,352,352,352,0,0,0,0
68,79,2,262,262,262,262,0,0,0,0
68,92,2,473,473,473,473,0,0,0,0
68,94,2,236,236,236,236,0,0,0,0
68,101,2,199,199,199,199,0,0,0,0
68,106,1,105,105,105,105,0,0,0,0
68,109,2,377,377,377,377,0,0,0,0
68,124,5,71,71,71,71,0,0,0,0
68,30,1,443,443,443,443,0,0,0,0
68,96,2,189,189,189,189,0,0,0,0
68,99,4,201,201,201,201,0,0,0,0
68,102,3,694,694,694,694,0,0,0,0
68,110,1,172,172,172,172,0,0,0,0
69,29,2,316,316,316,316,0,0,0,0
69,30,2,648,648,648,648,0,0,0,0
69,57,3,921,921,921,921,0,0,0,0
69,58,4,1423,1423,518,518,905,905,0,0
69,81,8,1783,1783,985,985,798,798,0,0
69,92,2,464,464,0,0,464,464,0,0
69,97,4,242,242,242,242,0,0,0,0
69,101,2,1122,1122,0,0,1122,1122,0,0
69,105,3,167,167,167,167,0,0,0,0
69,110,4,880,880,880,880,0,0,0,0
69,125,2,285,285,285,285,0,0,0,0
69,28,6,3161,3161,1298,1298,1863,1863,0,0
69,34,2,239,239,239,239,0,0,0,0
69,46,5,182,182,182,182,0,0,0,0
69,72,1,391,391,391,391,0,0,0,0
69,73,2,112,112,112,112,0,0,0,0
69,75,5,1341,1341,1341,1341,0,0,0,0
69,93,2,478,478,0,0,478,478,0,0
69,99,5,270,270,270,270,0,0,0,0
69,120,2,1366,1366,0,0,1366,1366,0,0
69,127,7,2212,2212,711,711,1502,1502,0,0
70,30,4,265,265,265,265,0,0,0,0
70,34,5,1161,1161,1161,1161,0,0,0,0
70,38,6,1091,1091,769,769,322,322,0,0
70,40,4,549,549,549,549,0,0,0,0
70,42,5,1744,1744,847,847,897,897,0,0
70,51,3,216,216,216,216,0,0,0,0
70,57,2,1353,1353,0,0,1353,1353,0,0
70,75,2,350,350,350,350,0,0,0,0
70,79,7,1116,1116,1116,1116,0,0,0,0
70,80,5,1018,1018,296,296,722,722,0,0
70,81,2,278,278,278,278,0,0,0,0
70,93,4,1921,1921,844,844,1078,1078,0,0
70,97,2,210,210,210,210,0,0,0,0
70,100,2,182,182,182,182,0,0,0,0
70,106,4,640,640,117,117,523,523,0,0
70,108,2,236,236,236,236,0,0,0,0
70,119,4,269,269,269,269,0,0,0,0
70,125,4,136,136,136,136,0,0,0,0
70,127,3,291,291,177,177,114,114,0,0
70,26,3,975,975,975,975,0,0,0,0
70,92,4,1606,1606,1606,1606,0,0,0,0
70,94,1,218,218,218,218,0,0,0,0
70,103,2,392,392,392,392,0,0,0,0
70,109,1,305,305,305,305,0,0,0,0
71,26,3,724,724,724,724,0,0,0,0
71,28,7,2286,2286,2286,2286,0,0,0,0
71,35,2,285,285,285,285,0,0,0,0
71,42,1,491,491,0,0,491,491,0,0
71,59,3,882,882,882,882,0,0,0,0
71,60,2,346,346,346,346,0,0,0,0
71,72,2,87,87,87,87,0,0,0,0
71,75,4,780,780,780,780,0,0,0,0
71,92,3,1087,1087,1087,1087,0,0,0,0
71,100,3,135,135,135,135,0,0,0,0
71,103,1,287,287,287,287,0,0,0,0
71,25,6,1233,1233,1233,1233,0,0,0,0
71,27,2,195,195,195,195,0,0,0,0
71,34,2,1086,1086,0,0,1086,1086,0,0
71,93,3,553,553,553,553,0,0,0,0
71,98,2,175,175,175,175,0,0,0,0
71,101,2,214,214,214,214,0,0,0,0
71,104,2,307,307,307,307,0,0,0,0
71,119,2,244,244,244,244,0,0,0,0
71,124,6,220,220,220,220,0,0,0,0
72,25,2,367,367,367,367,0,0,0,0
72,27,4,1113,1113,735,735,377,377,0,0
72,33,3,1190,1190,335,335,854,854,0,0
72,34,9,2378,2378,1826,1826,552,552,0,0
72,76,2,344,344,344,344,0,0,0,0
72,79,4,469,469,469,469,0,0,0,0
72,80,7,927,927,927,927,0,0,0,0
72,118,2,272,272,272,272,0,0,0,0
72,123,8,674,674,662,662,12,12,0,0
72,124,1,410,410,0,0,410,410,0,0
72,14,5,876,876,798,798,78,78,0,0
72,16,2,60,60,60,60,0,0,0,0
72,32,4,1026,1026,1026,1026,0,0,0,0
72,37,4,1472,1472,1472,1472,0,0,0,0
72,45,1,15,15,15,15,0,0,0,0
72,94,2,353,353,353,353,0,0,0,0
72,102,2,73,73,73,73,0,0,0,0
72,104,2,279,279,279,279,0,0,0,0
72,117,1,582,582,582,582,0,0,0,0
73,14,2,494,494,0,0,494,494,0,0
73,18,4,835,835,835,835,0,0,0,0
73,49,1,298,298,298,298,0,0,0,0
73,69,3,2080,2080,0,0,2080,2080,0,0
73,75,2,73,73,73,73,0,0,0,0
73,76,4,620,620,620,620,0,0,0,0
73,91,1,491,491,0,0,491,491,0,0
73,95,2,98,98,98,98,0,0,0,0
73,101,2,680,680,680,680,0,0,0,0
73,107,2,389,389,389,389,0,0,0,0
73,110,2,337,337,337,337,0,0,0,0
73,112,2,133,133,133,133,0,0,0,0
73,116,2,485,485,485,485,0,0,0,0
73,121,2,824,824,824,824,0,0,0,0
73,122,4,224,224,224,224,0,0,0,0
73,8,2,64,64,64,64,0,0,0,0
73,13,2,193,193,193,193,0,0,0,0
73,16,2,669,669,669,669,0,0,0,0
73,32,4,609,609,609,609,0,0,0,0
73,42,2,422,422,422,422,0,0,0,0
73,77,2,414,414,414,414,0,0,0,0
73,109,2,69,69,69,69,0,0,0,0
74,8,13,3447,3447,3447,3447,0,0,0,0
74,9,18,4452,4452,4452,4452,0,0,0,0
74,11,2,154,154,154,154,0,0,0,0
74,13,7,897,897,897,897,0,0,0,0
74,27,2,198,198,198,198,0,0,0,0
74,75,4,153,153,153,153,0,0,0,0
74,76,2,266,266,266,266,0,0,0,0
74,77,4,430,430,430,430,0,0,0,0
74,78,5,1205,1205,723,723,482,482,0,0
74,87,6,1640,1640,259,259,1381,1381,0,0
74,92,1,473,473,0,0,473,473,0,0
74,95,2,20,20,20,20,0,0,0,0
74,106,6,484,484,484,484,0,0,0,0
74,108,2,186,186,186,186,0,0,0,0
74,109,2,166,166,166,166,0,0,0,0
74,122,6,269,269,269,269,0,0,0,0
74,12,3,1029,1029,1029,1029,0,0,0,0
74,14,2,336,336,336,336,0,0,0,0
74,17,2,83,83,83,83,0,0,0,0
74,19,2,205,205,205,205,0,0,0,0
74,20,3,607,607,607,607,0,0,0,0
74,31,2,38,38,38,38,0,0,0,0
74,39,1,292,292,292,292,0,0,0,0
74,44,3,1345,1345,310,310,1035,1035,0,0
74,48,6,922,922,362,362,561,561,0,0
74,62,2,260,260,260,260,0,0,0,0
74,66,5,782,782,782,782,0,0,0,0
74,74,1,91,91,91,91,0,0,0,0
74,89,2,79,79,79,79,0,0,0,0
74,94,1,396,396,396,396,0,0,0,0
74,96,2,621,621,621,621,0,0,0,0
74,107,1,269,269,269,269,0,0,0,0
74,110,2,244,244,244,244,0,0,0,0
74,113,2,539,539,539,539,0,0,0,0
74,115,2,137,137,137,137,0,0,0,0
75,8,40,14766,14766,14766,14766,0,0,0,0
75,9,1,643,643,643,643,0,0,0,0
75,12,8,1052,1052,1052,1052,0,0,0,0
75,13,2,35,35,35,35,0,0,0,0
75,20,11,3004,3004,1114,1114,1890,1890,0,0
75,21,5,825,825,825,825,0,0,0,0
75,25,2,80,80,80,80,0,0,0,0
75,29,10,4611,4611,3289,3289,1322,1322,0,0
75,30,3,549,549,549,549,0,0,0,0
75,34,7,3176,3176,2445,2445,731,731,0,0
75,36,6,627,627,627,627,0,0,0,0
75,44,5,1925,1925,444,444,1480,1480,0,0
75,64,9,3990,3990,1742,1742,2249,2249,0,0
75,75,1,232,232,232,232,0,0,0,0
75,95,4,326,326,326,326,0,0,0,0
75,109,6,585,585,585,585,0,0,0,0
75,7,7,2887,2887,2887,2887,0,0,0,0
75,17,4,547,547,547,547,0,0,0,0
75,18,4,623,623,623,623,0,0,0,0
75,19,3,543,543,543,543,0,0,0,0
75,61,2,46,46,46,46,0,0,0,0
75,74,2,741,741,0,0,741,741,0,0
75,81,2,390,390,390,390,0,0,0,0
75,82,1,484,484,484,484,0,0,0,0
75,88,7,1946,1946,307,307,1639,1639,0,0
75,106,2,145,145,145,145,0,0,0,0
75,108,2,138,138,138,138,0,0,0,0
75,110,2,447,447,447,447,0,0,0,0
76,7,32,9393,9393,9393,9393,0,0,0,0
76,8,15,4602,4602,4602,4602,0,0,0,0
76,12,4,1056,1056,1056,1056,0,0,0,0
76,14,2,66,66,66,66,0,0,0,0
76,15,28,8203,8203,8203,8203,0,0,0,0
76,16,35,9364,9364,9364,9364,0,0,0,0
76,17,3,441,441,441,441,0,0,0,0
76,24,3,426,426,426,426,0,0,0,0
76,61,6,682,682,682,682,0,0,0,0
76,74,4,792,792,792,792,0,0,0,0
76,95,3,626,626,626,626,0,0,0,0
76,96,17,1959,1959,1959,1959,0,0,0,0
76,106,1,43,43,43,43,0,0,0,0
76,107,4,936,936,399,399,537,537,0,0
76,108,2,175,175,175,175,0,0,0,0
76,110,1,155,155,155,155,0,0,0,0
76,115,2,72,72,72,72,0,0,0,0
76,10,2,203,203,203,203,0,0,0,0
76,13,2,707,707,0,0,707,707,0,0
76,31,2,509,509,509,509,0,0,0,0
76,32,2,98,98,98,98,0,0,0,0
76,47,2,219,219,219,219,0,0,0,0
76,64,2,213,213,213,213,0,0,0,0
76,65,9,1476,1476,1476,1476,0,0,0,0
76,117,2,377,377,377,377,0,0,0,0
76,118,2,385,385,385,385,0,0,0,0
77,7,30,14310,14310,14146,14146,164,164,0,0
77,9,5,798,798,798,798,0,0,0,0
77,11,4,247,247,247,247,0,0,0,0
77,13,16,4986,4986,4556,4556,429,429,0,0
77,14,58,12588,12588,12588,12588,0,0,0,0
77,15,40,11705,11705,11705,11705,0,0,0,0
77,16,35,10954,10954,10954,10954,0,0,0,0
77,61,3,293,293,293,293,0,0,0,0
77,77,2,412,412,412,412,0,0,0,0
77,95,2,122,122,122,122,0,0,0,0
77,96,2,122,122,122,122,0,0,0,0
77,97,5,485,485,485,485,0,0,0,0
77,118,2,53,53,53,53,0,0,0,0
77,6,9,2693,2693,2693,2693,0,0,0,0
77,8,1,511,511,511,511,0,0,0,0
77,17,4,1120,1120,1120,1120,0,0,0,0
77,32,2,235,235,235,235,0,0,0,0
77,59,3,613,613,613,613,0,0,0,0
77,109,3,667,667,667,667,0,0,0,0
77,112,2,278,278,278,278,0,0,0,0
77,115,2,33,33,33,33,0,0,0,0
78,5,22,8712,8712,8712,8712,0,0,0,0
78,6,63,14208,14208,14208,14208,0,0,0,0
78,7,28,12767,12767,12767,12767,0,0,0,0
78,8,11,2357,2357,2357,2357,0,0,0,0
78,9,6,1281,1281,1281,1281,0,0,0,0
78,13,42,9561,9561,9561,9561,0,0,0,0
78,14,55,14104,14104,14104,14104,0,0,0,0
78,15,42,15217,15217,15217,15217,0,0,0,0
78,16,45,10586,10586,10586,10586,0,0,0,0
78,17,18,5547,5547,5547,5547,0,0,0,0
78,18,13,2149,2149,2149,2149,0,0,0,0
78,20,1,442,442,442,442,0,0,0,0
78,28,15,3770,3770,2146,2146,1624,1624,0,0
78,32,2,33,33,33,33,0,0,0,0
78,43,2,78,78,78,78,0,0,0,0
78,59,2,82,82,82,82,0,0,0,0
78,63,7,1489,1489,306,306,1184,1184,0,0
78,97,1,241,241,241,241,0,0,0,0
78,102,4,225,225,225,225,0,0,0,0
78,110,7,2343,2343,446,446,1897,1897,0,0
78,114,8,743,743,697,697,46,46,0,0
78,117,3,651,651,651,651,0,0,0,0
78,11,2,203,203,203,203,0,0,0,0
78,30,1,73,73,73,73,0,0,0,0
78,39,2,195,195,195,195,0,0,0,0
78,50,2,487,487,487,487,0,0,0,0
78,58,4,434,434,434,434,0,0,0,0
78,61,2,443,443,443,443,0,0,0,0
78,96,2,25,25,25,25,0,0,0,0
78,112,5,497,497,497,497,0,0,0,0
78,116,1,722,722,722,722,0,0,0,0
79,4,24,8209,8209,8209,8209,0,0,0,0
79,5,52,14402,14402,14402,14402,0,0,0,0
79,6,31,6925,6925,6925,6925,0,0,0,0
79,9,4,725,725,725,725,0,0,0,0
79,13,37,7325,7325,7325,7325,0,0,0,0
79,14,29,3402,3402,3402,3402,0,0,0,0
79,15,29,7467,7467,6367,6367,0,0,1101,1101
79,16,44,12277,12277,12277,12277,0,0,0,0
79,17,44,8814,8814,8814,8814,0,0,0,0
79,60,5,793,793,793,793,0,0,0,0
79,61,4,409,409,409,409,0,0,0,0
79,63,4,789,789,286,286,503,503,0,0
79,66,4,364,364,364,364,0,0,0,0
79,84,1,401,401,401,401,0,0,0,0
79,101,4,732,732,732,732,0,0,0,0
79,102,16,3598,3598,3598,3598,0,0,0,0
79,3,1,659,659,659,659,0,0,0,0
79,12,2,2257,2257,2257,2257,0,0,0,0
79,33,2,608,608,608,608,0,0,0,0
79,53,2,190,190,190,190,0,0,0,0
79,59,2,257,257,257,257,0,0,0,0
79,100,6,1027,1027,1027,1027,0,0,0,0
79,103,1,104,104,104,104,0,0,0,0
79,104,2,205,205,205,205,0,0,0,0
79,113,5,693,693,693,693,0,0,0,0
79,115,4,493,493,493,493,0,0,0,0
79,117,2,167,167,167,167,0,0,0,0
80,2,164,9487,9487,1341,1341,8146,8146,0,0
80,4,29,6282,6282,6282,6282,0,0,0,0
80,5,39,9300,9300,9300,9300,0,0,0,0
80,9,3,825,825,825,825,0,0,0,0
80,12,13,379,379,379,379,0,0,0,0
80,13,4,151,151,151,151,0,0,0,0
80,16,8,2277,2277,2277,2277,0,0,0,0
80,17,49,11711,11711,11711,11711,0,0,0,0
80,19,2,269,269,269,269,0,0,0,0
80,36,10,1589,1589,1589,1589,0,0,0,0
80,37,3,1991,1991,79,79,1912,1912,0,0
80,39,2,194,194,194,194,0,0,0,0
80,42,3,228,228,228,228,0,0,0,0
80,57,4,465,465,465,465,0,0,0,0
80,59,5,910,910,910,910,0,0,0,0
80,99,5,662,662,662,662,0,0,0,0
80,104,14,3365,3365,3365,3365,0,0,0,0
80,105,12,1436,1436,1436,1436,0,0,0,0
80,107,2,227,227,227,227,0,0,0,0
80,108,2,601,601,601,601,0,0,0,0
80,109,2,225,225,225,225,0,0,0,0
80,112,2,26,26,26,26,0,0,0,0
80,115,2,297,297,297,297,0,0,0,0
80,116,6,1312,1312,1312,1312,0,0,0,0
80,1,19,1545,1545,698,698,848,848,0,0
80,3,5,666,666,436,436,230,230,0,0
80,32,2,265,265,265,265,0,0,0,0
80,45,1,127,127,127,127,0,0,0,0
80,49,2,198,198,198,198,0,0,0,0
80,58,7,733,733,733,733,0,0,0,0
80,65,12,1521,1521,1521,1521,0,0,0,0
80,66,1,490,490,323,323,167,167,0,0
80,101,4,474,474,474,474,0,0,0,0
80,114,4,646,646,646,646,0,0,0,0
81,0,44,8007,8007,7765,7765,242,242,0,0
81,1,135,12110,12110,5553,5553,6556,6556,0,0
81,2,56,3439,3439,1632,1632,1807,1807,0,0
81,3,5,264,264,0,0,264,264,0,0
81,4,5,380,380,380,380,0,0,0,0
81,9,5,1179,1179,1179,1179,0,0,0,0
81,13,10,400,400,400,400,0,0,0,0
81,17,47,12316,12316,12316,12316,0,0,0,0
81,18,41,9225,9225,9225,9225,0,0,0,0
81,19,6,587,587,587,587,0,0,0,0
81,30,9,3108,3108,648,648,2460,2460,0,0
81,32,6,730,730,730,730,0,0,0,0
81,48,6,1228,1228,1228,1228,0,0,0,0
81,49,8,966,966,424,424,542,542,0,0
81,60,6,940,940,940,940,0,0,0,0
81,65,3,153,153,132,132,22,22,0,0
81,66,1,682,682,0,0,682,682,0,0
81,101,2,170,170,170,170,0,0,0,0
81,105,2,52,52,52,52,0,0,0,0
81,109,2,126,126,126,126,0,0,0,0
81,112,2,66,66,66,66,0,0,0,0
81,25,3,836,836,836,836,0,0,0,0
81,37,2,73,73,73,73,0,0,0,0
81,38,1,30,30,30,30,0,0,0,0
81,47,2,251,251,251,251,0,0,0,0
81,53,4,353,353,353,353,0,0,0,0
81,55,3,338,338,338,338,0,0,0,0
81,73,1,254,254,254,254,0,0,0,0
81,74,1,1292,1292,97,97,1194,1194,0,0
81,89,1,44,44,44,44,0,0,0,0
81,106,5,777,777,777,777,0,0,0,0
81,107,4,134,134,134,134,0,0,0,0
81,108,2,246,246,246,246,0,0,0,0
81,114,1,176,176,176,176,0,0,0,0
82,0,22,6650,6650,6650,6650,0,0,0,0
82,1,53,8894,8894,8894,8894,0,0,0,0
82,8,3,770,770,770,770,0,0,0,0
82,13,2,78,78,78,78,0,0,0,0
82,15,3,1039,1039,1039,1039,0,0,0,0
82,17,19,4360,4360,4360,4360,0,0,0,0
82,18,18,3911,3911,3911,3911,0,0,0,0
82,25,3,2408,2408,2408,2408,0,0,0,0
82,28,2,125,125,125,125,0,0,0,0
82,38,4,118,118,118,118,0,0,0,0
82,42,5,1588,1588,1588,1588,0,0,0,0
82,45,5,376,376,376,376,0,0,0,0
82,47,10,760,760,760,760,0,0,0,0
82,53,4,427,427,427,427,0,0,0,0
82,61,11,1054,1054,1054,1054,0,0,0,0
82,65,14,2987,2987,1727,1727,1260,1260,0,0
82,73,4,933,933,404,404,529,529,0,0
82,74,3,3783,3783,0,0,3783,3783,0,0
82,78,2,220,220,220,220,0,0,0,0
82,90,2,95,95,95,95,0,0,0,0
82,91,1,63,63,63,63,0,0,0,0
82,102,2,422,422,422,422,0,0,0,0
82,107,4,1017,1017,1017,1017,0,0,0,0
82,108,6,816,816,816,816,0,0,0,0
82,116,5,989,989,989,989,0,0,0,0
82,117,2,290,290,290,290,0,0,0,0
82,118,4,489,489,489,489,0,0,0,0
82,26,1,2810,2810,0,0,2810,2810,0,0
82,33,2,136,136,136,136,0,0,0,0
82,35,1,171,171,171,171,0,0,0,0
82,55,8,688,688,688,688,0,0,0,0
82,87,1,927,927,927,927,0,0,0,0
82,101,7,538,538,538,538,0,0,0,0
82,103,2,327,327,327,327,0,0,0,0
82,105,2,218,218,218,218,0,0,0,0
82,110,2,166,166,166,166,0,0,0,0
83,0,25,11916,11916,11916,11916,0,0,0,0
83,1,9,1013,1013,1013,1013,0,0,0,0
83,12,2,67,67,67,67,0,0,0,0
83,23,3,428,428,428,428,0,0,0,0
83,35,1,225,225,225,225,0,0,0,0
83,38,3,713,713,713,713,0,0,0,0
83,55,4,419,419,419,419,0,0,0,0
83,62,2,212,212,212,212,0,0,0,0
83,64,10,1117,1117,1117,1117,0,0,0,0
83,65,4,396,396,396,396,0,0,0,0
83,88,6,199,199,199,199,0,0,0,0
83,89,2,77,77,77,77,0,0,0,0
83,90,2,83,83,83,83,0,0,0,0
83,102,6,1100,1100,1100,1100,0,0,0,0
83,105,2,138,138,138,138,0,0,0,0
83,113,1,129,129,129,129,0,0,0,0
83,114,4,619,619,619,619,0,0,0,0
83,9,2,975,975,16,16,959,959,0,0
83,14,4,481,481,481,481,0,0,0,0
83,24,1,668,668,0,0,668,668,0,0
83,39,5,1198,1198,1198,1198,0,0,0,0
83,43,2,471,471,471,471,0,0,0,0
83,44,4,703,703,703,703,0,0,0,0
83,73,2,175,175,175,175,0,0,0,0
83,80,1,219,219,219,219,0,0,0,0
83,91,2,87,87,87,87,0,0,0,0
83,92,2,79,79,79,79,0,0,0,0
83,104,10,938,938,938,938,0,0,0,0
83,109,1,43,43,43,43,0,0,0,0
83,110,2,384,384,384,384,0,0,0,0
83,112,1,277,277,277,277,0,0,0,0
83,115,2,190,190,190,190,0,0,0,0
83,117,2,67,67,67,67,0,0,0,0
83,118,4,620,620,620,620,0,0,0,0
84,3,5,659,659,659,659,0,0,0,0
84,9,1,611,611,611,611,0,0,0,0
84,10,1,400,400,400,400,0,0,0,0
84,24,14,2999,2999,2999,2999,0,0,0,0
84,25,4,913,913,913,913,0,0,0,0
84,38,3,481,481,481,481,0,0,0,0
84,39,3,633,633,633,633,0,0,0,0
84,44,2,277,277,277,277,0,0,0,0
84,56,16,2292,2292,2292,2292,0,0,0,0
84,62,6,341,341,341,341,0,0,0,0
84,88,2,54,54,54,54,0,0,0,0
84,89,2,81,81,81,81,0,0,0,0
84,92,2,55,55,55,55,0,0,0,0
84,102,2,283,283,283,283,0,0,0,0
84,104,2,456,456,456,456,0,0,0,0
84,108,2,205,205,205,205,0,0,0,0
84,110,3,275,275,275,275,0,0,0,0
84,112,8,1570,1570,1570,1570,0,0,0,0
84,116,2,117,117,117,117,0,0,0,0
84,7,2,155,155,155,155,0,0,0,0
84,11,3,494,494,494,494,0,0,0,0
84,12,4,629,629,629,629,0,0,0,0
84,14,1,14,14,14,14,0,0,0,0
84,20,2,431,431,431,431,0,0,0,0
84,34,2,91,91,91,91,0,0,0,0
84,37,2,115,115,115,115,0,0,0,0
84,40,6,1149,1149,1149,1149,0,0,0,0
84,49,4,602,602,602,602,0,0,0,0
84,59,5,325,325,325,325,0,0,0,0
84,93,2,89,89,89,89,0,0,0,0
84,94,2,52,52,52,52,0,0,0,0
84,105,2,22,22,22,22,0,0,0,0
84,109,2,47,47,47,47,0,0,0,0
84,113,4,149,149,149,149,0,0,0,0
84,114,1,75,75,75,75,0,0,0,0
84,118,2,286,286,286,286,0,0,0,0
85,20,6,1862,1862,1862,1862,0,0,0,0
85,21,12,2470,2470,2470,2470,0,0,0,0
85,24,1,1328,1328,0,0,1328,1328,0,0
85,25,1,175,175,175,175,0,0,0,0
85,57,14,2160,2160,2160,2160,0,0,0,0
85,75,1,307,307,307,307,0,0,0,0
85,91,6,334,334,334,334,0,0,0,0
85,93,3,107,107,107,107,0,0,0,0
85,103,4,270,270,270,270,0,0,0,0
85,106,6,490,490,490,490,0,0,0,0
85,113,6,1287,1287,293,293,994,994,0,0
85,9,2,112,112,112,112,0,0,0,0
85,16,10,1437,1437,1437,1437,0,0,0,0
85,37,6,634,634,634,634,0,0,0,0
85,40,2,610,610,610,610,0,0,0,0
85,50,3,513,513,73,73,440,440,0,0
85,51,1,564,564,0,0,564,564,0,0
85,104,2,27,27,27,27,0,0,0,0
85,108,2,97,97,97,97,0,0,0,0
85,110,2,18,18,18,18,0,0,0,0
86,8,13,1515,1515,1515,1515,0,0,0,0
86,14,11,2042,2042,2042,2042,0,0,0,0
86,16,2,287,287,287,287,0,0,0,0
86,21,6,739,739,739,739,0,0,0,0
86,36,2,72,72,72,72,0,0,0,0
86,39,11,9798,9798,961,961,8837,8837,0,0
86,61,10,1144,1144,1144,1144,0,0,0,0
86,110,4,582,582,582,582,0,0,0,0
86,113,21,7119,7119,4449,4449,2669,2669,0,0
86,0,2,2108,2108,0,0,2108,2108,0,0
86,40,2,1526,1526,0,0,1526,1526,0,0
86,58,6,424,424,424,424,0,0,0,0
86,66,6,2382,2382,1661,1661,721,721,0,0
86,105,4,235,235,235,235,0,0,0,0
86,109,2,73,73,73,73,0,0,0,0
86,114,2,133,133,133,133,0,0,0,0
86,127,1,20,20,20,20,0,0,0,0
87,0,4,3195,3195,1720,1720,1475,1475,0,0
87,14,10,1023,1023,1023,1023,0,0,0,0
87,24,6,1555,1555,1555,1555,0,0,0,0
87,26,11,1447,1447,1447,1447,0,0,0,0
87,31,3,1358,1358,371,371,987,987,0,0
87,35,7,601,601,601,601,0,0,0,0
87,36,4,377,377,377,377,0,0,0,0
87,59,6,1716,1716,720,720,996,996,0,0
87,66,3,2328,2328,0,0,2328,2328,0,0
87,98,3,417,417,417,417,0,0,0,0
87,111,4,74,74,74,74,0,0,0,0
87,119,2,154,154,154,154,0,0,0,0
87,9,2,94,94,94,94,0,0,0,0
87,21,6,694,694,694,694,0,0,0,0
87,23,1,336,336,336,336,0,0,0,0
87,25,1,418,418,418,418,0,0,0,0
87,27,6,1203,1203,1203,1203,0,0,0,0
87,28,4,1897,1897,629,629,1268,1268,0,0
87,29,4,211,211,211,211,0,0,0,0
87,32,6,827,827,827,827,0,0,0,0
87,97,1,1090,1090,0,0,1090,1090,0,0
87,108,2,108,108,108,108,0,0,0,0
87,113,3,317,317,273,273,0,0,44,44
87,114,1,1524,1524,0,0,0,0,1524,1524
87,116,2,67,67,67,67,0,0,0,0
88,3,6,1371,1371,1371,1371,0,0,0,0
88,4,2,423,423,423,423,0,0,0,0
88,5,12,1714,1714,1714,1714,0,0,0,0
88,6,2,180,180,180,180,0,0,0,0
88,7,13,2365,2365,2365,2365,0,0,0,0
88,9,5,282,282,282,282,0,0,0,0
88,21,6,765,765,765,765,0,0,0,0
88,23,4,1771,1771,1771,1771,0,0,0,0
88,29,2,198,198,198,198,0,0,0,0
88,31,6,1144,1144,659,659,485,485,0,0
88,32,4,972,972,429,429,543,543,0,0
88,46,4,1008,1008,1008,1008,0,0,0,0
88,79,3,1064,1064,1064,1064,0,0,0,0
88,97,5,1234,1234,1234,1234,0,0,0,0
88,109,4,635,635,635,635,0,0,0,0
88,111,2,346,346,346,346,0,0,0,0
88,113,7,6550,6550,573,573,5977,5977,0,0
88,121,2,33,33,33,33,0,0,0,0
88,15,3,691,691,691,691,0,0,0,0
88,24,2,451,451,451,451,0,0,0,0
88,30,2,53,53,53,53,0,0,0,0
88,33,6,211,211,211,211,0,0,0,0
88,37,1,171,171,171,171,0,0,0,0
88,54,6,829,829,829,829,0,0,0,0
88,58,7,1415,1415,859,859,557,557,0,0
88,104,1,343,343,343,343,0,0,0,0
88,110,3,297,297,297,297,0,0,0,0
88,112,2,307,307,307,307,0,0,0,0
88,114,4,962,962,962,962,0,0,0,0
89,3,2,389,389,389,389,0,0,0,0
89,14,4,606,606,606,606,0,0,0,0
89,22,1,514,514,514,514,0,0,0,0
89,25,6,1921,1921,1921,1921,0,0,0,0
89,27,5,960,960,960,960,0,0,0,0
89,30,6,515,515,515,515,0,0,0,0
89,31,2,76,76,76,76,0,0,0,0
89,33,2,440,440,440,440,0,0,0,0
89,49,6,1598,1598,948,948,651,651,0,0
89,55,2,120,120,120,120,0,0,0,0
89,64,5,1536,1536,1536,1536,0,0,0,0
89,76,5,1803,1803,209,209,1593,1593,0,0
89,110,2,476,476,476,476,0,0,0,0
89,115,6,950,950,950,950,0,0,0,0
89,117,3,459,459,459,459,0,0,0,0
89,1,3,3326,3326,364,364,2962,2962,0,0
89,4,2,295,295,295,295,0,0,0,0
89,23,9,1187,1187,1187,1187,0,0,0,0
89,24,1,46,46,46,46,0,0,0,0
89,29,3,764,764,764,764,0,0,0,0
89,35,7,961,961,920,920,41,41,0,0
89,36,2,844,844,37,37,806,806,0,0
89,37,1,123,123,123,123,0,0,0,0
89,51,3,254,254,254,254,0,0,0,0
89,52,2,232,232,232,232,0,0,0,0
89,53,5,1288,1288,441,441,847,847,0,0
89,63,1,277,277,277,277,0,0,0,0
89,65,2,100,100,100,100,0,0,0,0
89,66,4,842,842,519,519,323,323,0,0
89,104,1,166,166,166,166,0,0,0,0
89,111,4,563,563,563,563,0,0,0,0
89,116,2,29,29,29,29,0,0,0,0
90,2,10,745,745,629,629,115,115,0,0
90,3,5,1067,1067,1067,1067,0,0,0,0
90,4,1,188,188,188,188,0,0,0,0
90,5,13,3040,3040,1219,1219,1821,1821,0,0
90,6,3,398,398,398,398,0,0,0,0
90,21,6,1679,1679,1679,1679,0,0,0,0
90,22,3,724,724,724,724,0,0,0,0
90,25,4,584,584,584,584,0,0,0,0
90,36,4,828,828,828,828,0,0,0,0
90,37,8,1600,1600,1600,1600,0,0,0,0
90,45,14,5423,5423,1926,1926,3497,3497,0,0
90,50,10,899,899,899,899,0,0,0,0
90,52,2,216,216,216,216,0,0,0,0
90,53,6,774,774,774,774,0,0,0,0
90,54,6,1388,1388,1388,1388,0,0,0,0
90,66,1,395,395,0,0,395,395,0,0
90,82,3,196,196,196,196,0,0,0,0
90,83,1,60,60,60,60,0,0,0,0
90,109,2,676,676,676,676,0,0,0,0
90,112,4,291,291,291,291,0,0,0,0
90,7,4,445,445,445,445,0,0,0,0
90,13,3,2074,2074,2074,2074,0,0,0,0
90,23,2,118,118,118,118,0,0,0,0
90,24,2,164,164,164,164,0,0,0,0
90,49,4,636,636,636,636,0,0,0,0
90,59,2,351,351,351,351,0,0,0,0
90,97,5,1063,1063,446,446,617,617,0,0
90,98,4,6678,6678,128,128,6549,6549,0,0
90,108,2,570,570,0,0,570,570,0,0
90,113,3,1154,1154,1154,1154,0,0,0,0
90,116,4,780,780,780,780,0,0,0,0
90,120,2,16,16,16,16,0,0,0,0
91,1,3,2104,2104,507,507,1597,1597,0,0
91,5,2,87,87,87,87,0,0,0,0
91,22,6,351,351,351,351,0,0,0,0
91,23,6,494,494,494,494,0,0,0,0
91,24,2,379,379,379,379,0,0,0,0
91,27,4,112,112,112,112,0,0,0,0
91,37,7,1555,1555,575,575,980,980,0,0
91,42,3,827,827,827,827,0,0,0,0
91,48,3,339,339,339,339,0,0,0,0
91,66,1,96,96,96,96,0,0,0,0
91,97,14,8521,8521,3515,3515,5006,5006,0,0
91,98,2,2015,2015,441,441,1574,1574,0,0
91,104,2,83,83,83,83,0,0,0,0
91,107,7,1227,1227,527,527,701,701,0,0
91,108,1,88,88,88,88,0,0,0,0
91,110,1,36,36,36,36,0,0,0,0
91,113,11,1400,1400,1400,1400,0,0,0,0
91,114,6,504,504,504,504,0,0,0,0
91,117,2,467,467,467,467,0,0,0,0
91,119,10,1977,1977,1977,1977,0,0,0,0
91,120,8,1309,1309,1309,1309,0,0,0,0
91,127,4,1280,1280,0,0,1280,1280,0,0
91,3,11,1666,1666,1405,1405,261,261,0,0
91,4,1,464,464,464,464,0,0,0,0
91,6,3,697,697,0,0,697,697,0,0
91,7,2,82,82,0,0,82,82,0,0
91,18,3,1106,1106,1106,1106,0,0,0,0
91,36,2,893,893,893,893,0,0,0,0
91,43,4,386,386,386,386,0,0,0,0
91,55,2,203,203,203,203,0,0,0,0
91,105,1,60,60,60,60,0,0,0,0
91,109,2,208,208,208,208,0,0,0,0
91,118,2,932,932,932,932,0,0,0,0
91,124,1,49,49,49,49,0,0,0,0
92,4,8,1609,1609,75,75,1534,1534,0,0
92,5,21,3832,3832,2390,2390,1441,1441,0,0
92,6,18,4215,4215,2973,2973,1242,1242,0,0
92,16,5,1005,1005,1005,1005,0,0,0,0
92,18,6,1250,1250,1250,1250,0,0,0,0
92,19,2,695,695,695,695,0,0,0,0
92,21,3,508,508,508,508,0,0,0,0
92,22,1,185,185,185,185,0,0,0,0
92,23,8,728,728,728,728,0,0,0,0
92,26,13,1902,1902,1902,1902,0,0,0,0
92,30,2,137,137,137,137,0,0,0,0
92,37,8,1082,1082,1082,1082,0,0,0,0
92,45,2,561,561,561,561,0,0,0,0
92,84,3,238,238,238,238,0,0,0,0
92,85,1,98,98,98,98,0,0,0,0
92,91,3,2116,2116,0,0,2116,2116,0,0
92,97,4,586,586,586,586,0,0,0,0
92,108,3,162,162,162,162,0,0,0,0
92,114,6,1324,1324,1324,1324,0,0,0,0
92,115,4,587,587,587,587,0,0,0,0
92,118,4,704,704,704,704,0,0,0,0
92,122,6,650,650,650,650,0,0,0,0
92,126,4,468,468,468,468,0,0,0,0
92,12,2,110,110,110,110,0,0,0,0
92,13,1,354,354,354,354,0,0,0,0
92,14,2,415,415,415,415,0,0,0,0
92,31,2,43,43,43,43,0,0,0,0
92,38,3,1375,1375,674,674,0,0,701,701
92,55,1,25,25,25,25,0,0,0,0
92,98,2,64,64,64,64,0,0,0,0
92,100,1,853,853,853,853,0,0,0,0
92,112,1,628,628,628,628,0,0,0,0
92,116,2,245,245,245,245,0,0,0,0
92,119,2,223,223,223,223,0,0,0,0
92,121,3,1491,1491,464,464,1027,1027,0,0
93,5,8,2655,2655,2655,2655,0,0,0,0
93,6,8,2150,2150,2150,2150,0,0,0,0
93,7,14,9268,9268,2223,2223,7045,7045,0,0
93,8,8,2152,2152,1691,1691,461,461,0,0
93,9,3,910,910,910,910,0,0,0,0
93,21,4,648,648,648,648,0,0,0,0
93,23,3,458,458,458,458,0,0,0,0
93,24,6,1023,1023,1023,1023,0,0,0,0
93,28,3,1220,1220,1220,1220,0,0,0,0
93,33,5,1096,1096,692,692,404,404,0,0
93,34,6,1143,1143,1143,1143,0,0,0,0
93,38,11,2332,2332,1911,1911,0,0,421,421
93,43,2,461,461,461,461,0,0,0,0
93,80,2,65,65,65,65,0,0,0,0
93,93,2,49,49,49,49,0,0,0,0
93,103,2,195,195,195,195,0,0,0,0
93,104,4,134,134,134,134,0,0,0,0
93,116,2,357,357,357,357,0,0,0,0
93,118,3,437,437,437,437,0,0,0,0
93,120,4,566,566,566,566,0,0,0,0
93,121,2,2005,2005,0,0,2005,2005,0,0
93,122,26,14508,14508,3267,3267,11240,11240,0,0
93,123,21,5355,5355,1745,1745,3611,3611,0,0
93,124,8,462,462,462,462,0,0,0,0
93,127,6,483,483,483,483,0,0,0,0
93,11,4,995,995,995,995,0,0,0,0
93,19,1,148,148,148,148,0,0,0,0
93,25,4,289,289,289,289,0,0,0,0
93,26,5,709,709,709,709,0,0,0,0
93,29,8,903,903,903,903,0,0,0,0
93,35,2,223,223,223,223,0,0,0,0
93,44,3,429,429,429,429,0,0,0,0
93,45,2,202,202,202,202,0,0,0,0
93,98,3,653,653,653,653,0,0,0,0
93,102,2,82,82,82,82,0,0,0,0
93,109,3,311,311,311,311,0,0,0,0
93,125,1,334,334,334,334,0,0,0,0
94,5,4,365,365,365,365,0,0,0,0
94,6,5,7897,7897,668,668,7229,7229,0,0
94,7,18,15688,15688,2452,2452,13237,13237,0,0
94,8,6,11782,11782,0,0,11782,11782,0,0
94,10,6,1784,1784,1784,1784,0,0,0,0
94,18,10,1886,1886,1886,1886,0,0,0,0
94,19,11,1733,1733,1733,1733,0,0,0,0
94,20,3,861,861,861,861,0,0,0,0
94,22,7,1610,1610,1610,1610,0,0,0,0
94,24,6,635,635,635,635,0,0,0,0
94,25,6,1892,1892,1892,1892,0,0,0,0
94,28,1,178,178,178,178,0,0,0,0
94,35,4,556,556,556,556,0,0,0,0
94,42,3,669,669,669,669,0,0,0,0
94,43,6,2026,2026,1425,1425,601,601,0,0
94,44,5,1625,1625,621,621,1004,1004,0,0
94,46,5,1520,1520,652,652,868,868,0,0
94,71,6,674,674,674,674,0,0,0,0
94,87,4,378,378,378,378,0,0,0,0
94,88,5,693,693,693,693,0,0,0,0
94,99,2,268,268,268,268,0,0,0,0
94,104,7,792,792,792,792,0,0,0,0
94,110,4,223,223,223,223,0,0,0,0
94,112,2,97,97,97,97,0,0,0,0
94,119,2,598,598,598,598,0,0,0,0
94,120,6,573,573,573,573,0,0,0,0
94,121,3,1569,1569,1031,1031,538,538,0,0
94,122,11,4063,4063,2116,2116,1947,1947,0,0
94,123,15,2333,2333,2333,2333,0,0,0,0
94,124,2,179,179,179,179,0,0,0,0
94,127,7,5695,5695,761,761,4934,4934,0,0
94,9,6,1254,1254,1254,1254,0,0,0,0
94,13,4,356,356,356,356,0,0,0,0
94,21,1,789,789,789,789,0,0,0,0
94,45,3,533,533,533,533,0,0,0,0
94,105,2,28,28,28,28,0,0,0,0
94,107,2,25,25,0,0,25,25,0,0
94,113,2,194,194,194,194,0,0,0,0
94,118,4,434,434,434,434,0,0,0,0
94,125,2,160,160,160,160,0,0,0,0
94,126,8,2305,2305,182,182,2123,2123,0,0
95,2,3,1216,1216,1216,1216,0,0,0,0
95,6,19,13450,13450,170,170,13279,13279,0,0
95,7,22,13160,13160,902,902,12258,12258,0,0
95,8,7,18245,18245,0,0,18245,18245,0,0
95,10,2,3627,3627,436,436,3191,3191,0,0
95,13,2,83,83,83,83,0,0,0,0
95,17,11,2743,2743,2743,2743,0,0,0,0
95,18,3,576,576,576,576,0,0,0,0
95,19,2,217,217,217,217,0,0,0,0
95,20,3,1571,1571,1571,1571,0,0,0,0
95,21,2,730,730,730,730,0,0,0,0
95,24,4,630,630,630,630,0,0,0,0
95,25,4,248,248,248,248,0,0,0,0
95,44,7,1436,1436,1436,1436,0,0,0,0
95,45,4,453,453,453,453,0,0,0,0
95,87,2,123,123,123,123,0,0,0,0
95,88,3,349,349,349,349,0,0,0,0
95,108,4,354,354,354,354,0,0,0,0
95,119,1,81,81,81,81,0,0,0,0
95,121,2,445,445,445,445,0,0,0,0
95,122,5,753,753,753,753,0,0,0,0
95,124,9,707,707,707,707,0,0,0,0
95,125,4,221,221,191,191,30,30,0,0
95,126,9,1473,1473,982,982,491,491,0,0
95,127,13,1525,1525,871,871,653,653,0,0
95,5,4,3000,3000,894,894,2106,2106,0,0
95,9,3,8012,8012,0,0,8012,8012,0,0
95,12,1,185,185,0,0,185,185,0,0
95,14,2,302,302,302,302,0,0,0,0
95,15,3,1082,1082,1082,1082,0,0,0,0
95,22,3,592,592,592,592,0,0,0,0
95,23,1,162,162,162,162,0,0,0,0
95,36,2,277,277,277,277,0,0,0,0
95,38,7,1063,1063,1063,1063,0,0,0,0
95,39,12,1358,1358,1358,1358,0,0,0,0
95,70,6,653,653,653,653,0,0,0,0
95,99,2,42,42,42,42,0,0,0,0
95,100,2,27,27,27,27,0,0,0,0
95,109,2,375,375,375,375,0,0,0,0
95,111,6,644,644,644,644,0,0,0,0
95,117,3,270,270,270,270,0,0,0,0
95,120,2,313,313,313,313,0,0,0,0
95,123,5,1238,1238,1238,1238,0,0,0,0
96,5,10,7122,7122,1169,1169,5953,5953,0,0
96,6,18,18825,18825,69,69,18756,18756,0,0
96,7,26,12296,12296,617,617,11679,11679,0,0
96,8,17,10017,10017,0,0,10017,10017,0,0
96,9,8,8345,8345,418,418,7926,7926,0,0
96,10,10,15313,15313,0,0,15313,15313,0,0
96,11,6,2348,2348,2348,2348,0,0,0,0
96,12,1,281,281,0,0,281,281,0,0
96,13,4,537,537,537,537,0,0,0,0
96,17,6,1204,1204,1204,1204,0,0,0,0
96,19,6,1419,1419,1419,1419,0,0,0,0
96,25,10,1409,1409,1409,1409,0,0,0,0
96,38,5,1155,1155,1155,1155,0,0,0,0
96,39,5,1178,1178,1178,1178,0,0,0,0
96,45,9,1249,1249,1249,1249,0,0,0,0
96,46,4,886,886,886,886,0,0,0,0
96,47,6,386,386,386,386,0,0,0,0
96,100,5,256,256,256,256,0,0,0,0
96,102,4,50,50,50,50,0,0,0,0
96,109,5,472,472,472,472,0,0,0,0
96,111,1,87,87,87,87,0,0,0,0
96,113,6,222,222,222,222,0,0,0,0
96,114,6,604,604,604,604,0,0,0,0
96,117,3,194,194,194,194,0,0,0,0
96,118,4,333,333,333,333,0,0,0,0
96,121,3,737,737,737,737,0,0,0,0
96,122,7,1655,1655,1655,1655,0,0,0,0
96,123,4,1402,1402,1402,1402,0,0,0,0
96,124,8,1544,1544,1544,1544,0,0,0,0
96,125,4,773,773,773,773,0,0,0,0
96,126,14,2375,2375,2375,2375,0,0,0,0
96,3,2,119,119,119,119,0,0,0,0
96,4,4,709,709,709,709,0,0,0,0
96,18,3,1105,1105,1105,1105,0,0,0,0
96,23,1,187,187,187,187,0,0,0,0
96,36,12,486,486,486,486,0,0,0,0
96,41,2,282,282,249,249,33,33,0,0
96,89,3,830,830,830,830,0,0,0,0
96,90,2,1035,1035,106,106,929,929,0,0
96,99,6,873,873,873,873,0,0,0,0
96,101,6,69,69,69,69,0,0,0,0
96,104,2,37,37,37,37,0,0,0,0
96,108,1,128,128,128,128,0,0,0,0
96,110,5,556,556,556,556,0,0,0,0
96,112,2,168,168,168,168,0,0,0,0
96,119,2,173,173,173,173,0,0,0,0
96,127,4,1059,1059,1059,1059,0,0,0,0
97,3,2,37,37,37,37,0,0,0,0
97,5,20,14329,14329,1550,1550,12781,12781,0,0
97,6,34,18357,18357,9622,9622,8735,8735,0,0
97,7,28,14518,14518,2649,2649,11870,11870,0,0
97,8,14,7615,7615,0,0,7615,7615,0,0
97,9,7,5101,5101,163,163,4938,4938,0,0
97,12,1,209,209,209,209,0,0,0,0
97,18,1,436,436,436,436,0,0,0,0
97,19,7,1624,1624,1624,1624,0,0,0,0
97,21,2,432,432,432,432,0,0,0,0
97,27,2,974,974,974,974,0,0,0,0
97,28,2,1614,1614,1614,1614,0,0,0,0
97,35,1,267,267,267,267,0,0,0,0
97,36,8,1385,1385,1385,1385,0,0,0,0
97,41,9,2220,2220,1281,1281,939,939,0,0
97,43,4,430,430,430,430,0,0,0,0
97,46,2,448,448,448,448,0,0,0,0
97,66,1,44,44,44,44,0,0,0,0
97,90,4,657,657,657,657,0,0,0,0
97,101,2,104,104,104,104,0,0,0,0
97,105,4,42,42,42,42,0,0,0,0
97,108,4,130,130,130,130,0,0,0,0
97,113,3,613,613,613,613,0,0,0,0
97,114,6,928,928,928,928,0,0,0,0
97,122,1,251,251,251,251,0,0,0,0
97,125,14,1465,1465,1465,1465,0,0,0,0
97,126,11,1771,1771,1771,1771,0,0,0,0
97,0,6,174,174,174,174,0,0,0,0
97,1,2,207,207,207,207,0,0,0,0
97,4,2,893,893,397,397,496,496,0,0
97,14,1,92,92,92,92,0,0,0,0
97,16,2,239,239,239,239,0,0,0,0
97,20,6,1115,1115,1115,1115,0,0,0,0
97,22,1,366,366,366,366,0,0,0,0
97,37,2,536,536,536,536,0,0,0,0
97,45,2,241,241,241,241,0,0,0,0
97,104,2,26,26,26,26,0,0,0,0
97,106,2,30,30,30,30,0,0,0,0
97,107,1,49,49,49,49,0,0,0,0
97,109,2,33,33,33,33,0,0,0,0
97,112,4,313,313,313,313,0,0,0,0
97,116,3,445,445,445,445,0,0,0,0
97,123,5,1579,1579,1579,1579,0,0,0,0
97,124,1,39,39,39,39,0,0,0,0
98,0,14,2978,2978,1899,1899,1079,1079,0,0
98,3,2,402,402,402,402,0,0,0,0
98,4,3,1728,1728,513,513,1215,1215,0,0
98,5,27,18550,18550,9996,9996,8554,8554,0,0
98,6,33,20356,20356,5147,5147,15208,15208,0,0
98,7,23,16503,16503,5973,5973,10530,10530,0,0
98,8,2,938,938,938,938,0,0,0,0
98,9,6,2497,2497,2497,2497,0,0,0,0
98,10,4,907,907,907,907,0,0,0,0
98,11,2,398,398,398,398,0,0,0,0
98,12,1,265,265,265,265,0,0,0,0
98,14,13,1769,1769,1769,1769,0,0,0,0
98,15,7,2730,2730,2730,2730,0,0,0,0
98,19,2,845,845,845,845,0,0,0,0
98,27,4,644,644,644,644,0,0,0,0
98,37,6,416,416,416,416,0,0,0,0
98,41,2,452,452,452,452,0,0,0,0
98,44,8,681,681,681,681,0,0,0,0
98,45,7,1339,1339,1339,1339,0,0,0,0
98,80,2,83,83,83,83,0,0,0,0
98,110,2,104,104,104,104,0,0,0,0
98,114,2,853,853,853,853,0,0,0,0
98,116,7,820,820,820,820,0,0,0,0
98,117,6,1067,1067,1067,1067,0,0,0,0
98,123,1,146,146,146,146,0,0,0,0
98,125,2,353,353,353,353,0,0,0,0
98,126,13,1309,1309,1309,1309,0,0,0,0
98,127,7,1586,1586,1586,1586,0,0,0,0
98,20,2,438,438,438,438,0,0,0,0
98,43,2,303,303,303,303,0,0,0,0
98,82,2,38,38,38,38,0,0,0,0
98,84,2,391,391,391,391,0,0,0,0
98,108,1,17,17,17,17,0,0,0,0
98,111,1,438,438,438,438,0,0,0,0
98,120,2,80,80,80,80,0,0,0,0
98,124,2,394,394,394,394,0,0,0,0
99,5,4,7746,7746,0,0,7746,7746,0,0
99,6,11,13058,13058,1223,1223,11836,11836,0,0
99,7,8,14445,14445,0,0,14445,14445,0,0
99,9,2,9843,9843,0,0,9843,9843,0,0
99,10,14,4349,4349,4349,4349,0,0,0,0
99,14,2,366,366,366,366,0,0,0,0
99,15,4,752,752,752,752,0,0,0,0
99,17,3,5140,5140,43,43,5097,5097,0,0
99,19,15,2894,2894,2894,2894,0,0,0,0
99,20,2,984,984,984,984,0,0,0,0
99,29,4,612,612,612,612,0,0,0,0
99,44,4,692,692,692,692,0,0,0,0
99,76,7,1398,1398,1398,1398,0,0,0,0
99,108,2,39,39,39,39,0,0,0,0
99,109,5,444,444,444,444,0,0,0,0
99,111,1,177,177,177,177,0,0,0,0
99,115,9,1204,1204,1204,1204,0,0,0,0
99,118,6,2038,2038,451,451,1587,1587,0,0
99,120,12,873,873,873,873,0,0,0,0
99,121,4,648,648,648,648,0,0,0,0
99,122,3,546,546,88,88,458,458,0,0
99,123,6,709,709,709,709,0,0,0,0
99,124,6,624,624,624,624,0,0,0,0
99,126,1,86,86,86,86,0,0,0,0
99,22,1,772,772,772,772,0,0,0,0
99,31,2,214,214,214,214,0,0,0,0
99,32,7,942,942,937,937,4,4,0,0
99,33,1,457,457,0,0,457,457,0,0
99,40,3,915,915,915,915,0,0,0,0
99,43,4,404,404,404,404,0,0,0,0
99,62,12,3244,3244,3244,3244,0,0,0,0
99,63,5,1418,1418,1418,1418,0,0,0,0
99,72,4,97,97,97,97,0,0,0,0
99,73,4,382,382,62,62,320,320,0,0
99,77,2,262,262,262,262,0,0,0,0
99,86,7,748,748,748,748,0,0,0,0
99,107,1,115,115,115,115,0,0,0,0
99,112,2,478,478,0,0,478,478,0,0
99,116,3,624,624,624,624,0,0,0,0
99,125,2,290,290,290,290,0,0,0,0
99,127,3,1373,1373,1373,1373,0,0,0,0
100,7,3,1700,1700,181,181,1519,1519,0,0
100,8,7,1719,1719,1719,1719,0,0,0,0
100,10,8,2701,2701,2701,2701,0,0,0,0
100,11,13,5015,5015,5015,5015,0,0,0,0
100,13,3,305,305,305,305,0,0,0,0
100,14,23,3690,3690,3690,3690,0,0,0,0
100,17,16,9164,9164,2130,2130,7033,7033,0,0
100,31,2,122,122,122,122,0,0,0,0
100,33,8,2025,2025,840,840,1185,1185,0,0
100,34,1,336,336,336,336,0,0,0,0
100,38,2,88,88,88,88,0,0,0,0
100,62,1,362,362,362,362,0,0,0,0
100,72,2,1078,1078,0,0,1078,1078,0,0
100,84,2,361,361,361,361,0,0,0,0
100,86,3,417,417,417,417,0,0,0,0
100,106,6,424,424,424,424,0,0,0,0
100,110,2,380,380,380,380,0,0,0,0
100,112,2,864,864,864,864,0,0,0,0
100,117,4,212,212,212,212,0,0,0,0
100,119,4,431,431,431,431,0,0,0,0
100,120,13,1484,1484,1484,1484,0,0,0,0
100,123,3,330,330,330,330,0,0,0,0
100,126,23,2775,2775,2775,2775,0,0,0,0
100,5,6,1786,1786,1786,1786,0,0,0,0
100,9,1,3705,3705,0,0,3705,3705,0,0
100,12,3,369,369,369,369,0,0,0,0
100,15,2,511,511,511,511,0,0,0,0
100,25,3,63,63,63,63,0,0,0,0
100,26,4,254,254,254,254,0,0,0,0
100,40,5,521,521,521,521,0,0,0,0
100,42,5,1500,1500,1500,1500,0,0,0,0
100,93,2,173,173,173,173,0,0,0,0
100,107,2,63,63,63,63,0,0,0,0
100,108,3,94,94,94,94,0,0,0,0
100,121,3,503,503,503,503,0,0,0,0
100,122,4,705,705,705,705,0,0,0,0
100,127,21,2639,2639,2639,2639,0,0,0,0
101,6,2,385,385,385,385,0,0,0,0
101,7,10,1600,1600,1600,1600,0,0,0,0
101,10,17,13717,13717,13717,13717,0,0,0,0
101,11,41,10755,10755,10755,10755,0,0,0,0
101,12,41,13151,13151,13151,13151,0,0,0,0
101,13,7,1578,1578,1578,1578,0,0,0,0
101,14,4,423,423,423,423,0,0,0,0
101,15,28,8420,8420,6775,6775,0,0,1645,1645
101,16,7,1494,1494,1475,1475,0,0,19,19
101,17,2,298,298,298,298,0,0,0,0
101,20,3,730,730,730,730,0,0,0,0
101,23,2,49,49,49,49,0,0,0,0
101,29,4,239,239,239,239,0,0,0,0
101,31,2,558,558,558,558,0,0,0,0
101,32,10,1524,1524,1111,1111,413,413,0,0
101,36,5,577,577,577,577,0,0,0,0
101,40,6,927,927,927,927,0,0,0,0
101,43,10,853,853,853,853,0,0,0,0
101,87,13,2132,2132,1836,1836,297,297,0,0
101,96,11,2517,2517,1131,1131,1386,1386,0,0
101,108,2,54,54,54,54,0,0,0,0
101,109,4,175,175,175,175,0,0,0,0
101,110,2,295,295,295,295,0,0,0,0
101,112,2,223,223,223,223,0,0,0,0
101,122,3,613,613,613,613,0,0,0,0
101,123,6,251,251,251,251,0,0,0,0
101,124,3,305,305,305,305,0,0,0,0
101,125,2,159,159,159,159,0,0,0,0
101,1,2,875,875,0,0,875,875,0,0
101,4,3,232,232,232,232,0,0,0,0
101,8,7,3134,3134,2053,2053,1081,1081,0,0
101,9,10,5350,5350,5350,5350,0,0,0,0
101,30,4,564,564,564,564,0,0,0,0
101,42,2,277,277,277,277,0,0,0,0
101,64,2,538,538,538,538,0,0,0,0
101,76,2,837,837,19,19,819,819,0,0
102,1,8,2492,2492,1012,1012,1480,1480,0,0
102,2,2,341,341,341,341,0,0,0,0
102,7,2,118,118,118,118,0,0,0,0
102,8,19,5927,5927,4720,4720,1207,1207,0,0
102,9,15,9970,9970,9970,9970,0,0,0,0
102,10,17,13820,13820,12028,12028,0,0,1790,1790
102,11,55,23905,23905,23905,23905,0,0,0,0
102,12,56,11077,11077,11077,11077,0,0,0,0
102,13,49,14973,14973,13381,13381,1592,1592,0,0
102,14,16,2630,2630,2630,2630,0,0,0,0
102,15,33,11401,11401,7117,7117,0,0,4285,4285
102,16,13,2303,2303,2303,2303,0,0,0,0
102,17,3,174,174,174,174,0,0,0,0
102,18,4,470,470,470,470,0,0,0,0
102,20,3,726,726,726,726,0,0,0,0
102,30,3,417,417,417,417,0,0,0,0
102,32,4,1329,1329,938,938,391,391,0,0
102,33,2,66,66,66,66,0,0,0,0
102,43,4,450,450,450,450,0,0,0,0
102,45,5,1405,1405,1405,1405,0,0,0,0
102,76,3,305,305,286,286,18,18,0,0
102,85,2,257,257,257,257,0,0,0,0
102,86,1,77,77,77,77,0,0,0,0
102,87,4,292,292,292,292,0,0,0,0
102,0,4,549,549,549,549,0,0,0,0
102,6,2,498,498,498,498,0,0,0,0
102,21,7,1271,1271,1271,1271,0,0,0,0
102,92,8,2719,2719,686,686,2033,2033,0,0
102,103,2,169,169,169,169,0,0,0,0
102,126,4,515,515,515,515,0,0,0,0
103,0,11,1208,1208,726,726,482,482,0,0
103,3,2,142,142,142,142,0,0,0,0
103,6,2,565,565,565,565,0,0,0,0
103,7,7,2528,2528,1162,1162,1366,1366,0,0
103,8,14,14083,14083,14083,14083,0,0,0,0
103,9,7,16861,16861,4105,4105,12756,12756,0,0
103,10,11,10544,10544,10544,10544,0,0,0,0
103,11,47,15567,15567,15567,15567,0,0,0,0
103,12,69,18517,18517,18517,18517,0,0,0,0
103,13,41,25322,25322,23559,23559,504,504,1260,1260
103,14,28,23694,23694,12257,12257,11438,11438,0,0
103,15,65,42929,42929,36754,36754,3646,3646,2529,2529
103,16,30,7381,7381,7326,7326,1,1,55,55
103,17,7,846,846,846,846,0,0,0,0
103,31,3,355,355,355,355,0,0,0,0
103,32,1,104,104,104,104,0,0,0,0
103,51,4,412,412,412,412,0,0,0,0
103,81,2,39,39,39,39,0,0,0,0
103,92,3,1285,1285,256,256,1029,1029,0,0
103,93,5,1901,1901,780,780,1121,1121,0,0
103,98,2,155,155,155,155,0,0,0,0
103,99,5,2696,2696,186,186,2510,2510,0,0
103,109,2,236,236,236,236,0,0,0,0
103,110,3,829,829,829,829,0,0,0,0
103,112,2,87,87,87,87,0,0,0,0
103,5,2,636,636,636,636,0,0,0,0
103,22,5,675,675,675,675,0,0,0,0
103,48,1,104,104,104,104,0,0,0,0
103,61,2,69,69,69,69,0,0,0,0
103,89,6,486,486,486,486,0,0,0,0
103,107,2,71,71,71,71,0,0,0,0
103,124,3,589,589,589,589,0,0,0,0
104,5,4,917,917,917,917,0,0,0,0
104,6,4,895,895,895,895,0,0,0,0
104,7,3,1179,1179,1179,1179,0,0,0,0
104,8,5,7176,7176,3655,3655,3521,3521,0,0
104,9,5,4820,4820,4172,4172,649,649,0,0
104,10,12,2909,2909,2909,2909,0,0,0,0
104,11,64,18839,18839,18839,18839,0,0,0,0
104,12,85,24592,24592,24592,24592,0,0,0,0
104,13,49,29663,29663,29290,29290,0,0,374,374
104,14,46,55654,55654,27895,27895,21168,21168,6592,6592
104,15,66,47050,47050,36281,36281,8317,8317,2253,2253
104,16,51,15249,15249,13463,13463,0,0,1787,1787
104,17,2,113,113,113,113,0,0,0,0
104,22,4,865,865,865,865,0,0,0,0
104,23,9,1651,1651,1651,1651,0,0,0,0
104,47,1,143,143,143,143,0,0,0,0
104,89,4,322,322,322,322,0,0,0,0
104,114,2,459,459,0,0,459,459,0,0
104,1,4,764,764,764,764,0,0,0,0
104,18,7,1162,1162,1162,1162,0,0,0,0
104,19,5,288,288,288,288,0,0,0,0
104,48,2,389,389,389,389,0,0,0,0
104,83,1,109,109,109,109,0,0,0,0
104,107,2,379,379,379,379,0,0,0,0
104,113,2,101,101,101,101,0,0,0,0
105,0,6,1305,1305,1305,1305,0,0,0,0
105,4,5,1383,1383,1383,1383,0,0,0,0
105,7,9,2022,2022,2022,2022,0,0,0,0
105,8,7,1196,1196,1196,1196,0,0,0,0
105,9,7,3954,3954,3954,3954,0,0,0,0
105,10,29,7287,7287,6287,6287,1000,1000,0,0
105,11,80,23620,23620,22341,22341,205,205,1073,1073
105,12,58,27847,27847,17712,17712,9767,9767,0,0
105,13,67,28309,28309,28309,28309,0,0,0,0
105,14,30,34325,34325,31959,31959,0,0,2367,2367
105,15,66,30457,30457,25459,25459,1776,1776,3221,3221
105,16,29,4824,4824,4812,4812,0,0,12,12
105,17,3,221,221,221,221,0,0,0,0
105,19,1,751,751,0,0,751,751,0,0
105,22,16,2644,2644,2644,2644,0,0,0,0
105,62,2,97,97,97,97,0,0,0,0
105,86,3,403,403,403,403,0,0,0,0
105,87,1,184,184,184,184,0,0,0,0
105,88,7,1600,1600,916,916,683,683,0,0
105,114,2,118,118,118,118,0,0,0,0
105,119,6,662,662,662,662,0,0,0,0
105,1,9,2389,2389,2389,2389,0,0,0,0
105,3,2,628,628,628,628,0,0,0,0
105,18,1,492,492,492,492,0,0,0,0
105,23,1,272,272,272,272,0,0,0,0
105,39,2,97,97,97,97,0,0,0,0
105,48,3,491,491,491,491,0,0,0,0
105,77,2,25,25,25,25,0,0,0,0
105,82,2,187,187,187,187,0,0,0,0
105,84,2,208,208,208,208,0,0,0,0
105,85,2,351,351,351,351,0,0,0,0
105,116,2,85,85,85,85,0,0,0,0
105,120,2,380,380,380,380,0,0,0,0
106,1,2,54,54,54,54,0,0,0,0
106,2,7,1234,1234,1234,1234,0,0,0,0
106,3,3,786,786,786,786,0,0,0,0
106,5,4,316,316,316,316,0,0,0,0
106,6,4,1153,1153,1153,1153,0,0,0,0
106,8,6,781,781,781,781,0,0,0,0
106,9,37,10185,10185,10185,10185,0,0,0,0
106,10,73,18397,18397,18397,18397,0,0,0,0
106,11,52,14111,14111,14111,14111,0,0,0,0
106,12,37,8453,8453,8453,8453,0,0,0,0
106,13,66,22748,22748,22748,22748,0,0,0,0
106,14,44,12550,12550,11642,11642,0,0,908,908
106,15,1,2560,2560,503,503,0,0,2057,2057
106,17,6,1295,1295,1295,1295,0,0,0,0
106,18,3,675,675,675,675,0,0,0,0
106,26,6,1625,1625,1625,1625,0,0,0,0
106,53,4,281,281,281,281,0,0,0,0
106,113,4,463,463,463,463,0,0,0,0
106,114,5,395,395,395,395,0,0,0,0
106,117,4,2104,2104,0,0,2104,2104,0,0
106,121,1,335,335,335,335,0,0,0,0
106,122,4,217,217,217,217,0,0,0,0
106,7,8,828,828,828,828,0,0,0,0
106,23,1,322,322,322,322,0,0,0,0
106,24,4,541,541,541,541,0,0,0,0
106,25,4,522,522,522,522,0,0,0,0
106,27,2,183,183,183,183,0,0,0,0
106,80,3,705,705,705,705,0,0,0,0
106,94,4,927,927,927,927,0,0,0,0
106,109,2,70,70,70,70,0,0,0,0
106,116,2,41,41,41,41,0,0,0,0
106,118,2,360,360,360,360,0,0,0,0
106,120,1,149,149,149,149,0,0,0,0
107,5,3,524,524,524,524,0,0,0,0
107,6,4,693,693,693,693,0,0,0,0
107,7,7,3311,3311,3055,3055,256,256,0,0
107,9,35,8231,8231,8231,8231,0,0,0,0
107,10,39,12222,12222,12222,12222,0,0,0,0
107,11,28,17020,17020,14644,14644,2376,2376,0,0
107,12,65,17603,17603,16716,16716,887,887,0,0
107,13,90,21835,21835,21835,21835,0,0,0,0
107,14,38,8951,8951,8951,8951,0,0,0,0
107,15,6,1017,1017,1017,1017,0,0,0,0
107,16,4,410,410,410,410,0,0,0,0
107,18,11,6526,6526,5687,5687,839,839,0,0
107,23,1,161,161,161,161,0,0,0,0
107,25,2,129,129,129,129,0,0,0,0
107,27,7,1066,1066,1066,1066,0,0,0,0
107,57,4,1027,1027,293,293,734,734,0,0
107,87,7,1276,1276,809,809,467,467,0,0
107,102,12,4955,4955,3255,3255,1700,1700,0,0
107,115,3,464,464,464,464,0,0,0,0
107,117,4,1307,1307,741,741,566,566,0,0
107,118,7,1647,1647,1647,1647,0,0,0,0
107,2,7,1878,1878,1010,1010,868,868,0,0
107,17,7,1270,1270,1270,1270,0,0,0,0
107,60,2,57,57,57,57,0,0,0,0
107,73,2,71,71,71,71,0,0,0,0
107,103,6,2354,2354,2354,2354,0,0,0,0
107,106,2,70,70,70,70,0,0,0,0
107,111,1,53,53,53,53,0,0,0,0
107,120,2,99,99,99,99,0,0,0,0
107,122,3,246,246,246,246,0,0,0,0
107,125,2,37,37,37,37,0,0,0,0
108,1,1,454,454,454,454,0,0,0,0
108,3,2,119,119,119,119,0,0,0,0
108,5,5,532,532,532,532,0,0,0,0
108,6,11,1355,1355,1355,1355,0,0,0,0
108,9,10,3117,3117,2124,2124,992,992,0,0
108,11,10,3511,3511,3511,3511,0,0,0,0
108,12,18,3820,3820,3820,3820,0,0,0,0
108,13,61,12605,12605,12605,12605,0,0,0,0
108,14,2,300,300,300,300,0,0,0,0
108,17,4,1409,1409,872,872,537,537,0,0
108,18,11,5225,5225,2467,2467,2758,2758,0,0
108,23,1,221,221,221,221,0,0,0,0
108,29,6,953,953,953,953,0,0,0,0
108,30,24,4125,4125,4125,4125,0,0,0,0
108,73,3,522,522,522,522,0,0,0,0
108,112,3,2215,2215,0,0,2215,2215,0,0
108,118,2,24,24,24,24,0,0,0,0
108,119,3,160,160,160,160,0,0,0,0
108,124,2,34,34,34,34,0,0,0,0
108,127,6,99,99,99,99,0,0,0,0
108,0,2,433,433,0,0,433,433,0,0
108,8,1,180,180,180,180,0,0,0,0
108,10,5,1695,1695,1695,1695,0,0,0,0
108,26,2,269,269,269,269,0,0,0,0
108,44,2,319,319,319,319,0,0,0,0
108,58,2,235,235,235,235,0,0,0,0
108,64,2,70,70,70,70,0,0,0,0
108,102,7,3346,3346,744,744,2602,2602,0,0
108,120,2,78,78,78,78,0,0,0,0
108,123,2,145,145,145,145,0,0,0,0
108,125,2,123,123,123,123,0,0,0,0
109,8,2,190,190,190,190,0,0,0,0
109,11,14,2134,2134,2134,2134,0,0,0,0
109,12,24,639,639,639,639,0,0,0,0
109,13,9,269,269,269,269,0,0,0,0
109,17,12,6703,6703,2279,2279,4424,4424,0,0
109,30,1,249,249,249,249,0,0,0,0
109,32,3,1843,1843,1843,1843,0,0,0,0
109,57,2,69,69,69,69,0,0,0,0
109,102,1,630,630,0,0,630,630,0,0
109,114,4,58,58,58,58,0,0,0,0
109,120,7,521,521,521,521,0,0,0,0
109,4,2,561,561,561,561,0,0,0,0
109,5,2,77,77,77,77,0,0,0,0
109,6,2,260,260,260,260,0,0,0,0
109,21,1,1297,1297,0,0,1297,1297,0,0
109,22,2,57,57,57,57,0,0,0,0
109,96,2,40,40,40,40,0,0,0,0
109,111,1,35,35,35,35,0,0,0,0
109,117,2,39,39,39,39,0,0,0,0
109,122,2,50,50,50,50,0,0,0,0
109,127,2,158,158,158,158,0,0,0,0
110,1,2,843,843,0,0,843,843,0,0
110,4,7,1386,1386,1386,1386,0,0,0,0
110,6,2,135,135,135,135,0,0,0,0
110,8,6,539,539,539,539,0,0,0,0
110,10,1,118,118,118,118,0,0,0,0
110,11,5,2253,2253,519,519,1734,1734,0,0
110,12,16,318,318,311,311,7,7,0,0
110,15,2,185,185,185,185,0,0,0,0
110,30,2,512,512,512,512,0,0,0,0
110,33,7,2718,2718,2156,2156,561,561,0,0
110,34,4,692,692,218,218,474,474,0,0
110,35,4,1163,1163,1163,1163,0,0,0,0
110,50,1,112,112,112,112,0,0,0,0
110,73,1,228,228,228,228,0,0,0,0
110,105,5,1776,1776,623,623,1154,1154,0,0
110,3,1,46,46,46,46,0,0,0,0
110,5,6,1357,1357,1357,1357,0,0,0,0
110,9,3,765,765,765,765,0,0,0,0
110,22,4,2499,2499,0,0,2499,2499,0,0
110,31,5,438,438,438,438,0,0,0,0
110,32,1,226,226,226,226,0,0,0,0
110,111,2,60,60,60,60,0,0,0,0
110,126,1,49,49,49,49,0,0,0,0
111,2,2,436,436,436,436,0,0,0,0
111,3,4,964,964,964,964,0,0,0,0
111,6,2,256,256,256,256,0,0,0,0
111,8,8,2757,2757,2757,2757,0,0,0,0
111,11,28,10519,10519,9622,9622,897,897,0,0
111,21,3,1774,1774,0,0,1774,1774,0,0
111,22,10,10245,10245,0,0,10245,10245,0,0
111,23,10,4204,4204,0,0,4204,4204,0,0
111,24,15,8485,8485,0,0,8485,8485,0,0
111,25,14,4503,4503,0,0,4503,4503,0,0
111,32,8,975,975,975,975,0,0,0,0
111,33,12,3158,3158,2277,2277,881,881,0,0
111,34,13,3422,3422,2731,2731,691,691,0,0
111,107,3,439,439,439,439,0,0,0,0
111,111,2,67,67,67,67,0,0,0,0
111,116,2,44,44,44,44,0,0,0,0
111,9,1,445,445,445,445,0,0,0,0
111,10,12,4569,4569,4569,4569,0,0,0,0
111,12,2,493,493,493,493,0,0,0,0
111,26,9,2634,2634,0,0,2634,2634,0,0
111,35,7,1864,1864,1864,1864,0,0,0,0
111,70,2,110,110,110,110,0,0,0,0
111,88,12,2274,2274,1448,1448,826,826,0,0
111,104,3,1488,1488,0,0,1488,1488,0,0
111,105,2,275,275,275,275,0,0,0,0
112,6,4,183,183,183,183,0,0,0,0
112,7,2,51,51,51,51,0,0,0,0
112,10,7,1936,1936,855,855,1081,1081,0,0
112,11,25,9173,9173,2987,2987,6187,6187,0,0
112,14,2,400,400,400,400,0,0,0,0
112,22,7,3788,3788,0,0,3788,3788,0,0
112,23,8,2240,2240,0,0,2240,2240,0,0
112,24,7,1768,1768,0,0,1768,1768,0,0
112,25,12,4309,4309,0,0,4309,4309,0,0
112,26,8,2292,2292,0,0,2292,2292,0,0
112,27,1,1072,1072,1072,1072,0,0,0,0
112,37,5,1248,1248,1248,1248,0,0,0,0
112,70,2,180,180,180,180,0,0,0,0
112,88,1,451,451,93,93,358,358,0,0
112,103,3,4043,4043,487,487,3556,3556,0,0
112,104,6,4581,4581,814,814,3766,3766,0,0
112,113,2,33,33,33,33,0,0,0,0
112,117,2,54,54,54,54,0,0,0,0
112,2,2,525,525,525,525,0,0,0,0
112,9,2,46,46,46,46,0,0,0,0
112,12,1,704,704,48,48,656,656,0,0
112,16,1,735,735,735,735,0,0,0,0
112,28,2,1059,1059,1059,1059,0,0,0,0
112,35,2,248,248,248,248,0,0,0,0
112,47,2,711,711,711,711,0,0,0,0
112,71,2,567,567,567,567,0,0,0,0
112,89,2,373,373,373,373,0,0,0,0
113,2,11,1707,1707,1707,1707,0,0,0,0
113,10,12,1824,1824,1824,1824,0,0,0,0
113,12,16,4143,4143,4143,4143,0,0,0,0
113,16,8,1499,1499,481,481,1017,1017,0,0
113,17,8,3044,3044,328,328,2716,2716,0,0
113,22,9,4131,4131,0,0,4131,4131,0,0
113,37,2,45,45,45,45,0,0,0,0
113,40,4,385,385,385,385,0,0,0,0
113,44,1,769,769,0,0,769,769,0,0
113,48,2,463,463,463,463,0,0,0,0
113,49,1,427,427,427,427,0,0,0,0
113,69,8,741,741,741,741,0,0,0,0
113,72,4,1166,1166,0,0,1166,1166,0,0
113,84,2,843,843,0,0,843,843,0,0
113,89,9,1578,1578,1578,1578,0,0,0,0
113,99,5,1261,1261,1261,1261,0,0,0,0
113,104,7,1741,1741,1741,1741,0,0,0,0
113,110,1,129,129,129,129,0,0,0,0
113,115,7,803,803,803,803,0,0,0,0
113,0,1,416,416,416,416,0,0,0,0
113,1,1,397,397,397,397,0,0,0,0
113,5,5,498,498,498,498,0,0,0,0
113,7,2,272,272,272,272,0,0,0,0
113,9,1,325,325,325,325,0,0,0,0
113,11,2,98,98,98,98,0,0,0,0
113,18,2,544,544,0,0,544,544,0,0
113,23,9,8921,8921,0,0,8921,8921,0,0
113,30,8,1795,1795,1311,1311,484,484,0,0
113,35,4,624,624,624,624,0,0,0,0
113,61,5,802,802,802,802,0,0,0,0
113,63,2,117,117,117,117,0,0,0,0
113,71,1,294,294,294,294,0,0,0,0
113,105,1,114,114,114,114,0,0,0,0
113,106,10,1703,1703,1703,1703,0,0,0,0
113,116,2,2401,2401,2401,2401,0,0,0,0
113,118,2,570,570,570,570,0,0,0,0
114,1,2,477,477,477,477,0,0,0,0
114,7,1,210,210,210,210,0,0,0,0
114,8,2,158,158,158,158,0,0,0,0
114,9,33,4362,4362,4362,4362,0,0,0,0
114,10,3,1042,1042,1042,1042,0,0,0,0
114,15,6,690,690,690,690,0,0,0,0
114,18,2,79,79,79,79,0,0,0,0
114,22,2,492,492,0,0,492,492,0,0
114,23,10,2061,2061,0,0,2061,2061,0,0
114,30,8,1064,1064,591,591,473,473,0,0
114,45,6,723,723,723,723,0,0,0,0
114,54,2,634,634,634,634,0,0,0,0
114,62,10,739,739,739,739,0,0,0,0
114,63,5,489,489,489,489,0,0,0,0
114,64,3,680,680,680,680,0,0,0,0
114,65,5,1231,1231,410,410,821,821,0,0
114,78,3,1775,1775,273,273,1502,1502,0,0
114,100,4,380,380,380,380,0,0,0,0
114,110,9,3316,3316,209,209,3107,3107,0,0
114,118,6,648,648,648,648,0,0,0,0
114,126,2,584,584,0,0,584,584,0,0
114,34,2,196,196,196,196,0,0,0,0
114,59,2,445,445,445,445,0,0,0,0
114,77,6,1879,1879,888,888,991,991,0,0
114,89,8,1068,1068,164,164,904,904,0,0
114,90,3,871,871,0,0,871,871,0,0
114,107,2,597,597,597,597,0,0,0,0
115,0,2,262,262,262,262,0,0,0,0
115,5,12,2635,2635,2125,2125,510,510,0,0
115,8,4,701,701,701,701,0,0,0,0
115,11,11,3721,3721,1969,1969,1752,1752,0,0
115,22,10,5620,5620,3705,3705,1914,1914,0,0
115,36,2,560,560,0,0,560,560,0,0
115,59,6,671,671,671,671,0,0,0,0
115,63,12,1609,1609,1609,1609,0,0,0,0
115,77,3,1109,1109,0,0,1109,1109,0,0
115,85,10,4057,4057,803,803,3254,3254,0,0
115,107,4,776,776,776,776,0,0,0,0
115,111,1,1409,1409,0,0,1409,1409,0,0
115,4,1,161,161,161,161,0,0,0,0
115,6,2,402,402,402,402,0,0,0,0
115,7,2,105,105,105,105,0,0,0,0
115,23,6,1033,1033,1033,1033,0,0,0,0
115,31,2,379,379,379,379,0,0,0,0
115,38,1,703,703,0,0,703,703,0,0
115,56,1,432,432,432,432,0,0,0,0
115,58,2,485,485,485,485,0,0,0,0
115,66,2,714,714,714,714,0,0,0,0
115,69,4,372,372,294,294,78,78,0,0
115,71,1,289,289,289,289,0,0,0,0
115,84,1,544,544,544,544,0,0,0,0
115,86,2,1440,1440,72,72,1368,1368,0,0
115,101,1,260,260,260,260,0,0,0,0
115,126,2,56,56,56,56,0,0,0,0
116,1,2,63,63,63,63,0,0,0,0
116,5,2,38,38,38,38,0,0,0,0
116,7,4,661,661,661,661,0,0,0,0
116,37,3,1079,1079,0,0,1079,1079,0,0
116,51,3,617,617,617,617,0,0,0,0
116,56,2,333,333,333,333,0,0,0,0
116,58,2,320,320,320,320,0,0,0,0
116,64,4,477,477,477,477,0,0,0,0
116,65,12,2942,2942,2942,2942,0,0,0,0
116,69,1,507,507,0,0,507,507,0,0
116,70,5,1380,1380,1380,1380,0,0,0,0
116,71,4,1575,1575,1575,1575,0,0,0,0
116,85,5,1691,1691,595,595,1097,1097,0,0
116,89,7,1387,1387,652,652,735,735,0,0
116,101,2,648,648,648,648,0,0,0,0
116,115,4,191,191,191,191,0,0,0,0
116,8,2,331,331,331,331,0,0,0,0
116,21,6,333,333,333,333,0,0,0,0
116,30,4,383,383,383,383,0,0,0,0
116,61,2,322,322,322,322,0,0,0,0
116,66,7,796,796,796,796,0,0,0,0
116,80,2,54,54,54,54,0,0,0,0
116,110,3,798,798,798,798,0,0,0,0
116,114,2,295,295,295,295,0,0,0,0
116,118,2,88,88,88,88,0,0,0,0
116,126,2,1163,1163,0,0,1163,1163,0,0
117,1,3,658,658,658,658,0,0,0,0
117,3,10,3158,3158,775,775,2383,2383,0,0
117,4,4,1133,1133,1133,1133,0,0,0,0
117,8,4,537,537,537,537,0,0,0,0
117,21,2,87,87,87,87,0,0,0,0
117,47,3,838,838,838,838,0,0,0,0
117,48,2,601,601,601,601,0,0,0,0
117,55,2,381,381,381,381,0,0,0,0
117,56,7,1542,1542,705,705,837,837,0,0
117,59,5,686,686,686,686,0,0,0,0
117,61,2,136,136,136,136,0,0,0,0
117,66,3,773,773,773,773,0,0,0,0
117,67,5,1116,1116,1116,1116,0,0,0,0
117,83,6,617,617,617,617,0,0,0,0
117,108,7,843,843,843,843,0,0,0,0
117,109,2,152,152,152,152,0,0,0,0
117,110,6,2800,2800,2800,2800,0,0,0,0
117,115,6,1006,1006,131,131,875,875,0,0
117,118,3,1300,1300,461,461,839,839,0,0
117,120,2,99,99,99,99,0,0,0,0
117,5,2,58,58,58,58,0,0,0,0
117,6,2,56,56,56,56,0,0,0,0
117,52,4,762,762,762,762,0,0,0,0
117,53,3,920,920,920,920,0,0,0,0
117,57,2,472,472,472,472,0,0,0,0
117,69,3,544,544,544,544,0,0,0,0
117,121,2,112,112,112,112,0,0,0,0
117,122,2,172,172,172,172,0,0,0,0
118,3,2,187,187,83,83,104,104,0,0
118,9,4,70,70,70,70,0,0,0,0
118,49,3,666,666,666,666,0,0,0,0
118,70,3,336,336,336,336,0,0,0,0
118,113,3,161,161,161,161,0,0,0,0
118,114,2,244,244,244,244,0,0,0,0
118,6,5,414,414,414,414,0,0,0,0
118,7,2,40,40,40,40,0,0,0,0
118,8,2,839,839,839,839,0,0,0,0
118,27,2,43,43,43,43,0,0,0,0
118,29,1,274,274,274,274,0,0,0,0
118,39,1,161,161,161,161,0,0,0,0
118,58,2,511,511,511,511,0,0,0,0
118,67,4,916,916,916,916,0,0,0,0
118,83,1,198,198,0,0,198,198,0,0
118,94,4,972,972,972,972,0,0,0,0
118,110,2,319,319,319,319,0,0,0,0
118,111,2,250,250,250,250,0,0,0,0
118,112,2,286,286,286,286,0,0,0,0
118,122,1,33,33,33,33,0,0,0,0
118,123,2,124,124,124,124,0,0,0,0
119,1,1,507,507,507,507,0,0,0,0
119,2,4,150,150,150,150,0,0,0,0
119,5,6,657,657,657,657,0,0,0,0
119,7,2,36,36,36,36,0,0,0,0
119,8,6,124,124,124,124,0,0,0,0
119,10,2,42,42,42,42,0,0,0,0
119,15,2,276,276,276,276,0,0,0,0
119,19,2,449,449,449,449,0,0,0,0
119,40,5,1721,1721,440,440,1282,1282,0,0
119,51,3,734,734,734,734,0,0,0,0
119,57,5,661,661,661,661,0,0,0,0
119,62,6,878,878,878,878,0,0,0,0
119,84,4,1558,1558,464,464,1094,1094,0,0
119,91,6,1059,1059,1059,1059,0,0,0,0
119,92,1,242,242,242,242,0,0,0,0
119,93,3,1548,1548,817,817,731,731,0,0
119,94,1,316,316,316,316,0,0,0,0
119,100,7,2482,2482,142,142,2341,2341,0,0
119,111,2,197,197,197,197,0,0,0,0
119,112,2,44,44,44,44,0,0,0,0
119,124,2,117,117,117,117,0,0,0,0
119,6,1,185,185,185,185,0,0,0,0
119,63,4,723,723,723,723,0,0,0,0
119,77,1,503,503,0,0,503,503,0,0
119,78,2,628,628,0,0,628,628,0,0
119,80,2,38,38,38,38,0,0,0,0
119,88,2,77,77,77,77,0,0,0,0
119,108,2,526,526,526,526,0,0,0,0
119,113,2,186,186,186,186,0,0,0,0
119,115,1,68,68,68,68,0,0,0,0
120,4,2,251,251,251,251,0,0,0,0
120,6,2,31,31,31,31,0,0,0,0
120,7,9,208,208,208,208,0,0,0,0
120,8,2,33,33,33,33,0,0,0,0
120,13,2,69,69,69,69,0,0,0,0
120,47,6,1712,1712,797,797,915,915,0,0
120,53,2,329,329,329,329,0,0,0,0
120,63,5,720,720,720,720,0,0,0,0
120,81,1,231,231,231,231,0,0,0,0
120,100,2,252,252,252,252,0,0,0,0
120,115,2,140,140,140,140,0,0,0,0
120,0,1,250,250,250,250,0,0,0,0
120,1,1,449,449,449,449,0,0,0,0
120,2,2,830,830,830,830,0,0,0,0
120,5,2,22,22,22,22,0,0,0,0
120,49,1,336,336,336,336,0,0,0,0
120,50,4,553,553,553,553,0,0,0,0
120,55,2,320,320,0,0,320,320,0,0
120,60,1,339,339,339,339,0,0,0,0
120,62,4,570,570,570,570,0,0,0,0
120,73,3,331,331,331,331,0,0,0,0
120,84,1,516,516,516,516,0,0,0,0
120,95,7,1206,1206,288,288,917,917,0,0
120,116,3,782,782,297,297,485,485,0,0
121,1,1,302,302,302,302,0,0,0,0
121,6,10,1505,1505,1505,1505,0,0,0,0
121,7,2,145,145,145,145,0,0,0,0
121,18,7,1430,1430,1430,1430,0,0,0,0
121,49,2,823,823,823,823,0,0,0,0
121,50,2,30,30,30,30,0,0,0,0
121,58,1,353,353,353,353,0,0,0,0
121,59,2,171,171,171,171,0,0,0,0
121,62,1,346,346,346,346,0,0,0,0
121,69,9,2201,2201,1114,1114,1088,1088,0,0
121,81,1,59,59,59,59,0,0,0,0
121,83,4,219,219,219,219,0,0,0,0
121,92,3,820,820,820,820,0,0,0,0
121,94,4,505,505,505,505,0,0,0,0
121,95,2,225,225,225,225,0,0,0,0
121,109,18,6096,6096,3104,3104,2992,2992,0,0
121,110,1,278,278,0,0,278,278,0,0
121,116,3,1703,1703,345,345,1358,1358,0,0
121,119,7,1776,1776,350,350,1426,1426,0,0
121,126,1,179,179,179,179,0,0,0,0
121,10,2,38,38,38,38,0,0,0,0
121,26,2,742,742,742,742,0,0,0,0
121,55,9,1143,1143,1143,1143,0,0,0,0
121,61,2,1037,1037,0,0,1037,1037,0,0
121,68,4,1431,1431,0,0,1431,1431,0,0
121,72,3,1390,1390,1390,1390,0,0,0,0
121,79,2,100,100,100,100,0,0,0,0
121,88,2,2499,2499,2499,2499,0,0,0,0
121,89,1,29,29,29,29,0,0,0,0
121,104,5,3665,3665,2563,2563,1101,1101,0,0
121,117,1,58,58,58,58,0,0,0,0
121,118,10,1894,1894,915,915,978,978,0,0
121,125,2,61,61,61,61,0,0,0,0
122,3,2,490,490,490,490,0,0,0,0
122,6,11,1869,1869,727,727,1143,1143,0,0
122,46,2,130,130,130,130,0,0,0,0
122,51,11,946,946,946,946,0,0,0,0
122,54,15,1373,1373,1373,1373,0,0,0,0
122,55,3,718,718,718,718,0,0,0,0
122,59,13,5341,5341,4463,4463,458,458,419,419
122,60,6,650,650,650,650,0,0,0,0
122,61,13,3156,3156,1663,1663,1493,1493,0,0
122,73,5,2445,2445,60,60,2385,2385,0,0
122,79,2,245,245,245,245,0,0,0,0
122,93,5,294,294,294,294,0,0,0,0
122,97,2,379,379,379,379,0,0,0,0
122,98,8,1947,1947,1087,1087,860,860,0,0
122,104,6,1486,1486,1486,1486,0,0,0,0
122,118,4,133,133,133,133,0,0,0,0
122,2,3,910,910,910,910,0,0,0,0
122,18,2,60,60,60,60,0,0,0,0
122,41,2,1374,1374,0,0,1374,1374,0,0
122,58,2,294,294,294,294,0,0,0,0
122,62,2,182,182,182,182,0,0,0,0
122,68,6,1156,1156,1156,1156,0,0,0,0
122,94,1,812,812,0,0,812,812,0,0
122,105,2,97,97,97,97,0,0,0,0
123,2,5,1385,1385,1385,1385,0,0,0,0
123,10,2,32,32,32,32,0,0,0,0
123,17,2,198,198,198,198,0,0,0,0
123,58,6,2408,2408,2408,2408,0,0,0,0
123,59,11,2182,2182,1429,1429,753,753,0,0
123,61,6,1237,1237,1237,1237,0,0,0,0
123,73,4,1148,1148,58,58,1090,1090,0,0
123,88,1,1842,1842,0,0,1842,1842,0,0
123,92,1,37,37,37,37,0,0,0,0
123,103,2,80,80,80,80,0,0,0,0
123,3,1,476,476,476,476,0,0,0,0
123,6,4,487,487,487,487,0,0,0,0
123,21,1,111,111,111,111,0,0,0,0
123,34,2,64,64,64,64,0,0,0,0
123,50,2,72,72,72,72,0,0,0,0
123,56,1,176,176,176,176,0,0,0,0
123,57,12,2229,2229,1138,1138,1091,1091,0,0
123,64,7,1179,1179,1179,1179,0,0,0,0
123,66,2,201,201,201,201,0,0,0,0
123,85,2,1514,1514,381,381,1132,1132,0,0
123,115,2,403,403,403,403,0,0,0,0
123,117,1,2795,2795,0,0,2795,2795,0,0
123,119,2,105,105,105,105,0,0,0,0
124,0,5,770,770,770,770,0,0,0,0
124,49,9,1951,1951,647,647,1305,1305,0,0
124,50,8,1190,1190,1190,1190,0,0,0,0
124,51,3,401,401,401,401,0,0,0,0
124,52,18,3519,3519,1618,1618,1902,1902,0,0
124,56,14,1373,1373,1373,1373,0,0,0,0
124,57,6,1363,1363,609,609,754,754,0,0
124,85,1,602,602,602,602,0,0,0,0
124,89,1,354,354,354,354,0,0,0,0
124,92,4,455,455,455,455,0,0,0,0
124,96,10,2674,2674,1559,1559,1115,1115,0,0
124,127,4,258,258,258,258,0,0,0,0
124,19,2,50,50,50,50,0,0,0,0
124,41,2,1052,1052,0,0,1052,1052,0,0
124,42,7,2368,2368,299,299,2069,2069,0,0
124,79,6,1622,1622,0,0,1622,1622,0,0
124,80,1,281,281,281,281,0,0,0,0
124,90,3,974,974,974,974,0,0,0,0
124,95,4,470,470,470,470,0,0,0,0
124,119,3,2904,2904,520,520,2384,2384,0,0
124,120,2,103,103,103,103,0,0,0,0
125,20,2,33,33,33,33,0,0,0,0
125,32,1,103,103,103,103,0,0,0,0
125,33,4,534,534,534,534,0,0,0,0
125,49,4,286,286,286,286,0,0,0,0
125,52,1,41,41,41,41,0,0,0,0
125,54,7,1244,1244,784,784,460,460,0,0
125,55,7,765,765,765,765,0,0,0,0
125,65,6,977,977,977,977,0,0,0,0
125,72,1,343,343,0,0,343,343,0,0
125,76,2,34,34,34,34,0,0,0,0
125,80,7,3279,3279,434,434,2845,2845,0,0
125,96,2,42,42,42,42,0,0,0,0
125,119,1,3793,3793,0,0,3793,3793,0,0
125,121,4,658,658,61,61,597,597,0,0
125,123,5,1801,1801,263,263,1538,1538,0,0
125,125,1,100,100,100,100,0,0,0,0
125,5,1,46,46,46,46,0,0,0,0
125,41,4,388,388,388,388,0,0,0,0
125,51,5,633,633,633,633,0,0,0,0
125,53,2,298,298,298,298,0,0,0,0
125,64,6,1402,1402,447,447,955,955,0,0
125,75,2,95,95,95,95,0,0,0,0
125,82,4,1006,1006,1006,1006,0,0,0,0
125,90,4,1388,1388,95,95,1292,1292,0,0
125,91,2,1085,1085,0,0,1085,1085,0,0
125,102,7,964,964,964,964,0,0,0,0
125,105,2,462,462,0,0,462,462,0,0
125,124,1,41,41,41,41,0,0,0,0
126,9,4,90,90,90,90,0,0,0,0
126,50,4,356,356,356,356,0,0,0,0
126,51,4,203,203,203,203,0,0,0,0
126,54,2,1082,1082,0,0,1082,1082,0,0
126,64,6,1545,1545,0,0,1545,1545,0,0
126,74,4,1413,1413,0,0,1413,1413,0,0
126,75,23,5568,5568,3488,3488,2083,2083,0,0
126,82,1,533,533,533,533,0,0,0,0
126,91,2,646,646,646,646,0,0,0,0
126,94,2,211,211,211,211,0,0,0,0
126,95,5,988,988,349,349,639,639,0,0
126,106,4,1823,1823,0,0,1823,1823,0,0
126,125,6,1558,1558,759,759,800,800,0,0
126,12,2,28,28,28,28,0,0,0,0
126,13,2,25,25,25,25,0,0,0,0
126,41,8,783,783,783,783,0,0,0,0
126,42,1,204,204,204,204,0,0,0,0
126,44,3,266,266,266,266,0,0,0,0
126,88,2,69,69,69,69,0,0,0,0
126,96,1,275,275,275,275,0,0,0,0
126,127,2,743,743,55,55,688,688,0,0
127,42,1,73,73,73,73,0,0,0,0
127,56,1,103,103,103,103,0,0,0,0
127,75,2,508,508,0,0,508,508,0,0
127,84,2,866,866,866,866,0,0,0,0
127,88,4,822,822,316,316,506,506,0,0
127,92,1,263,263,263,263,0,0,0,0
127,127,1,235,235,235,235,0,0,0,0
127,40,2,215,215,215,215,0,0,0,0
127,52,2,239,239,239,239,0,0,0,0
127,85,7,3872,3872,653,653,3219,3219,0,0
127,97,1,303,303,303,303,0,0,0,0
127,116,6,1145,1145,1145,1145,0,0,0,0
