x,y,number,ground_area,floor_area,residential_ground_area,residential_floor_area,economic_activity_ground_area,economic_activity_floor_area,cultural_ground_area,cultural_floor_area
0,0,2.71,195,389,181,362,5,9,0,0
0,2,21.28,1357,3688,672,1680,219,651,0,0
0,4,39.4,4785,9786,2346,5024,1537,2932,0,0
0,6,5.01,910,1537,710,1237,0,0,0,0
0,22,10.81,633,1654,439,1242,102,212,0,0
0,24,114.58,10088,24827,8455,21731,428,900,0,0
0,26,96.64,7072,13757,5635,11328,384,693,0,0
0,28,58.96,5128,10760,4250,8626,337,840,0,0
0,30,26.75,3604,7749,852,1498,1041,2399,0,0
0,32,41.06,6225,12485,3052,5351,1051,2372,0,0
0,34,52.1,8036,20739,3064,5005,4537,14711,0,0
0,36,13.76,9855,23142,1,1,9853,23138,0,0
0,38,69.55,7580,14361,3599,4622,3797,9543,0,0
0,40,52.64,8811,16491,5826,10660,2781,5522,0,0
0,42,40.54,6410,11211,4145,8227,1281,1914,0,0
0,44,43.57,5499,8593,3439,4639,1011,1967,0,0
0,46,34.05,4094,7382,2215,4024,582,1075,0,0
0,48,27.5,5919,15963,1156,2409,4335,12845,0,0
0,50,18.28,14420,42320,157,450,13946,40970,0,0
0,52,13.55,12619,39153,7,13,12600,39114,0,0
0,54,10.13,4397,14018,419,791,3630,12630,0,0
0,56,29.54,11219,26558,718,1718,9727,22727,0,0
0,58,25.84,11050,24842,367,739,10251,23231,0,0
0,60,11.23,5864,14400,385,887,4707,11737,0,0
0,62,4.6,1642,3615,445,1016,546,1275,0,0
0,64,53.03,8910,27128,4654,17584,3392,7129,0,0
0,66,79.51,8597,21796,4687,12679,1734,4571,0,0
0,68,67.09,10351,21347,6657,12777,2551,7964,0,0
0,70,16.11,11611,50610,5182,27341,4624,15310,0,0
0,72,136.57,7385,15885,6403,13868,397,921,0,0
0,74,23.54,5486,37405,3142,26967,768,3458,0,0
0,76,17.96,12346,72014,3588,34221,6062,21213,374,374
0,78,7.77,6810,39535,1873,11419,1645,9372,0,0
0,80,9.88,5710,35114,3024,23615,3065,10342,0,0
0,82,121.07,11329,31378,6868,16647,3849,13949,0,0
0,84,21.45,14483,86958,2672,14880,10344,65567,0,0
0,86,5.09,24536,147251,6569,38808,23791,144614,0,0
0,88,9.24,6423,26520,1665,10153,2250,6684,0,0
0,90,17.17,10841,33452,1905,8997,7150,18525,0,0
0,92,17.65,5024,15387,1285,2693,3962,13106,0,0
0,94,8.97,3615,15692,489,1687,3097,13864,511,1979
0,96,5.92,2148,6184,712,2648,463,1238,439,2138
0,98,9.89,4778,20454,547,1820,3450,15929,0,0
0,100,20.25,4712,20817,508,1354,3812,18998,0,0
0,102,27.19,5407,10673,3228,6407,738,1446,0,0
0,104,29.94,4837,17200,3775,14773,631,1362,0,0
0,106,48.34,5629,14404,4470,11297,195,468,0,0
0,108,12.33,2437,5639,1080,2156,159,312,0,0
0,110,5.4,1592,3182,131,256,839,1333,0,0
0,112,4.73,3198,7088,28,61,3114,6906,0,0
0,114,4.58,1639,3604,6,11,1623,3571,0,0
0,116,41.77,5207,12226,1845,4252,2884,7403,0,0
0,118,48.87,9780,34448,2155,5357,6403,25197,0,0
0,120,20.33,8396,34130,2232,9019,3716,13132,0,0
0,122,37.49,7608,30998,3360,14443,2712,9659,0,0
0,124,44.55,7887,31854,5192,23696,1704,5106,0,0
0,126,24.46,4792,16155,2492,10810,1566,4339,556,556
2,2,8.46,1445,2719,311,590,497,962,0,0
2,4,16.61,1843,3842,1238,2609,201,411,0,0
2,8,7,669,1712,419,1210,46,94,0,0
2,24,25.26,2349,5500,1855,4271,147,379,0,0
2,26,71.42,4235,9148,3171,7371,241,434,0,0
2,28,60.36,5670,12888,4757,10755,546,1463,0,0
2,30,14.29,1709,4418,116,294,165,440,0,0
2,32,6.49,2874,5285,478,839,370,624,0,0
2,34,14.12,3372,9486,651,1586,494,1399,0,0
2,36,3.12,6351,18641,125,348,5974,17600,0,0
2,38,4.35,1407,2691,31,31,1314,2598,0,0
2,40,9.41,7773,18300,934,1468,6802,16750,0,0
2,42,89.89,7136,8445,6454,7428,228,339,0,0
2,44,86.48,5901,9415,4853,7959,319,455,0,0
2,46,54.47,9133,22853,1737,3128,5690,16790,762,1262
2,48,5.46,4869,13547,28,28,4784,13462,0,0
2,50,2.51,2465,7394,8,23,2442,7326,0,0
2,52,11.34,10718,31926,70,211,10718,31926,0,0
2,54,7.82,7905,26069,307,1817,6984,20617,0,0
2,56,19.4,4910,17338,1233,4264,2596,7105,0,0
2,58,24.55,5141,13408,678,1655,3671,9634,0,0
2,60,20.65,5715,13160,653,1157,4670,11144,0,0
2,62,75.76,8926,18210,2907,4804,5868,13177,0,0
2,64,128.67,9037,23177,5791,14382,1218,3240,0,0
2,66,112.82,9809,21836,6144,13354,1514,3119,0,0
2,68,86.24,9006,28075,6192,21659,1594,3147,0,0
2,70,19.83,9779,28266,3543,15819,6792,13999,15,45
2,72,70.9,7548,20204,4013,9703,1926,5453,0,0
2,74,3.67,3690,25759,2247,22013,481,1249,0,0
2,76,6.25,7756,48883,4095,39467,913,3434,0,0
2,78,9.28,4182,44040,3127,39091,352,1650,0,0
2,80,11.85,3371,11146,1160,5345,876,2487,0,0
2,82,47.15,5552,12200,2779,5505,2172,5514,0,0
2,84,19.69,12321,58308,2476,11745,7534,31203,0,0
2,86,24.42,14712,47892,3416,13155,9176,28126,0,0
2,88,7.77,9222,21004,425,1591,8719,19320,0,0
2,90,12.03,5488,23551,1846,13558,3562,9733,0,0
2,92,3.6,13422,54452,3135,12288,4019,17590,0,0
2,94,3.56,556,2292,219,653,113,546,0,0
2,96,6.92,2044,4946,297,594,297,594,0,0
2,98,21.96,3272,6563,818,1640,818,1640,0,0
2,100,19.31,6011,26842,2148,13675,3579,12701,0,0
2,102,29.63,3724,8607,2581,6061,744,1680,0,0
2,104,16.17,3177,9925,1988,6691,396,1078,0,0
2,106,30.35,5532,22558,3213,16400,1617,3740,0,0
2,108,4.59,1689,4885,203,601,658,1921,0,0
2,110,7.15,1796,4257,290,684,760,1710,0,0
2,112,11.16,5563,17357,733,2523,3362,9787,0,0
2,114,0.01,16,79,0,0,16,79,0,0
2,116,11.28,3654,15277,263,577,2868,13550,0,0
2,118,25.99,12816,87651,2181,14465,6541,44522,0,0
2,120,5.79,23611,218853,470,3041,22199,209732,0,0
2,122,30.32,11877,46802,2109,9078,5548,19567,0,0
2,124,17.41,9335,39079,619,1442,7480,34755,0,0
2,126,67.23,4634,12796,2827,6534,858,3763,0,0
2,0,1.19,108,323,108,323,0,0,0,0
4,0,28.4,2674,6541,2528,6268,49,91,0,0
4,2,8.88,2431,4834,238,470,2107,4207,0,0
4,26,4.65,392,775,310,618,27,52,0,0
4,28,6.81,781,2911,360,1703,348,1027,0,0
4,30,101.9,6945,12515,5867,10450,343,689,0,0
4,32,65.12,8829,17432,5256,10388,3001,5969,0,0
4,34,45.28,3239,4758,2490,3360,584,1137,0,0
4,36,73.99,3057,6179,2458,5054,147,271,0,0
4,38,84.77,5013,10496,4523,9710,136,235,0,0
4,40,35.19,3029,7180,2230,4872,744,2204,0,0
4,42,68.4,7249,14701,3123,4056,4019,10462,0,0
4,44,162.76,7650,13279,6356,11538,251,451,0,0
4,46,74.82,5928,8915,4147,6032,988,1784,0,0
4,48,12.2,13795,32963,708,1197,12927,31520,0,0
4,50,3.9,2413,5955,207,414,1791,4713,0,0
4,54,13.11,9550,22982,34,35,9450,22878,0,0
4,56,32.87,11993,33360,173,408,11635,32454,0,0
4,60,11.52,2400,6198,554,1431,1061,2554,0,0
4,62,47.46,4106,9708,2375,5993,863,2080,0,0
4,64,87.36,8203,25838,7006,23080,690,1501,0,0
4,66,130.5,8699,22396,7847,20578,360,790,0,0
4,68,142.55,10609,20383,8668,17416,606,1182,0,0
4,70,87.92,8047,16647,3604,8511,1714,3302,582,1745
4,72,104.86,7648,24195,6580,22117,474,1212,0,0
4,74,25.72,5624,26346,2829,16331,1473,3912,0,0
4,76,44.6,6874,16523,3290,7474,1502,3913,0,0
4,78,12.12,6257,17640,162,2168,6047,15273,0,0
4,80,4.78,10274,21865,34,34,10172,21764,0,0
4,82,7.23,3545,13392,195,521,3064,12038,0,0
4,84,22.53,2569,6602,748,1779,1566,4372,0,0
4,86,13.52,3099,5799,666,1329,1217,2576,0,0
4,88,15.44,5214,23850,3474,17473,581,2128,0,0
4,90,9.89,7832,47377,7543,46799,331,1365,0,0
4,92,40.06,9288,35169,5016,22480,1381,4177,0,0
4,94,38.96,2977,7850,1880,5423,235,590,223,667
4,98,1.79,1014,2027,253,507,253,507,0,0
4,100,41.69,6644,24162,998,2288,2637,9588,0,0
4,102,52.77,6881,15350,3742,8215,1700,3796,0,0
4,104,20.13,6150,23469,2905,14512,2480,5782,0,0
4,106,20.49,6447,17113,2239,6757,4273,10890,0,0
4,108,20.18,5557,15552,1587,4470,4187,12285,0,0
4,116,2.21,1739,5648,462,1578,425,1356,0,0
4,118,15.03,13393,55526,1102,6209,10085,36900,0,0
4,120,24.83,16571,92348,848,2923,14636,84799,0,0
4,122,8.2,7317,37411,1045,6996,3715,15013,0,0
4,124,20.45,5598,26531,2827,13108,924,4475,0,0
4,126,193.77,7765,20398,2887,7981,1651,4605,0,0
4,4,3.86,193,376,163,323,10,18,0,0
4,16,1,15,45,4,11,4,11,0,0
4,52,4.13,3492,11339,0,0,3492,11339,0,0
4,58,3.12,264,734,21,43,201,607,0,0
4,110,2.35,4062,34160,698,5996,1970,16173,0,0
4,112,7.77,4729,29290,813,4364,2292,16197,0,0
4,114,1.48,385,3660,96,909,98,933,0,0
6,0,25.13,1900,4114,1735,3830,55,95,0,0
6,4,14.92,902,2064,764,1756,36,83,0,0
6,6,24.02,1787,3710,1590,3360,61,112,0,0
6,10,9.04,797,1136,677,982,21,32,0,0
6,16,1,159,478,0,0,0,0,0,0
6,18,5,352,704,122,243,178,356,0,0
6,30,5.21,876,2142,602,1421,92,241,156,468
6,32,39.56,3891,7576,3571,6998,90,166,0,0
6,34,69.05,3697,6817,3336,6196,102,188,0,0
6,36,69.87,2506,4972,2147,4286,119,229,0,0
6,38,58.6,3167,6619,2683,5597,146,326,0,0
6,40,85.43,4615,10852,4408,10412,70,147,0,0
6,42,3.36,656,1100,196,338,154,254,0,0
6,44,49.25,3654,7138,1841,3746,1473,2917,0,0
6,46,81.13,4865,8731,3825,6720,645,1772,0,0
6,48,13.65,10483,24454,352,615,9601,22785,0,0
6,50,8.81,7588,19667,18,38,7532,19554,0,0
6,52,18.92,14257,45988,182,864,13711,43395,0,0
6,54,20.24,6844,18656,631,1420,4951,14399,0,0
6,56,3.27,3706,14079,109,247,3381,13335,0,0
6,58,10.12,15076,57993,139,445,14659,56657,0,0
6,60,3.7,8574,34067,0,0,8574,34067,0,0
6,62,4.21,6957,18774,0,0,6957,18774,0,0
6,64,69.52,11204,30819,6314,17412,4781,13451,0,0
6,66,95.22,8698,20374,7605,18088,272,598,0,0
6,68,155.94,10750,20866,8191,16369,748,1504,0,0
6,70,89.53,10151,24078,5629,13826,3031,7067,0,0
6,72,105.19,7076,18671,6062,16576,478,1156,0,0
6,74,142.45,8711,19728,5853,14899,963,1792,0,0
6,76,46.52,9573,31400,4650,20695,4722,10296,0,0
6,78,12.3,7360,32178,1670,11612,5676,20541,0,0
6,80,12.53,4963,25211,3479,22548,823,1365,0,0
6,82,43.13,6623,28051,4677,23436,1493,3654,0,0
6,84,18.23,4841,17945,3193,12720,1403,5260,0,0
6,86,24.69,10497,42661,4242,25576,3431,10955,0,0
6,88,65.17,6609,24109,4581,19831,1255,3632,0,0
6,90,24.22,4266,27567,3817,26455,150,371,0,0
6,92,86.02,7312,27166,5684,23937,913,1892,0,0
6,94,121.86,7538,17986,4891,12472,1428,3632,0,0
6,102,22.67,3447,19057,2218,13434,561,2178,0,0
6,104,12.61,4396,30405,4253,30107,29,81,0,0
6,106,4.5,1102,2957,276,740,276,740,0,0
6,108,22.39,5214,28655,1413,7601,2943,13722,0,0
6,110,23.63,15296,76844,4143,21422,3764,18839,0,0
6,112,17.83,10683,103220,7063,69411,1294,11970,0,0
6,114,33.64,8041,40815,3767,15669,2862,18951,0,0
6,116,39.69,3949,16410,2744,10144,55,97,0,0
6,118,145.86,9256,19043,6541,14062,1148,2455,0,0
6,120,55.59,5266,16534,2835,6826,1924,8513,0,0
6,124,7.2,1354,5400,963,3850,130,517,0,0
6,126,5.24,296,1143,155,852,47,97,0,0
6,8,12.02,519,991,371,731,49,87,0,0
6,14,8.76,1176,3155,844,2410,111,248,282,1128
6,24,0.31,146,292,37,73,37,73,0,0
6,96,16.24,4459,12350,1591,4211,3559,10523,0,0
6,98,0.84,80,161,0,0,80,161,0,0
6,122,4.24,2601,7795,2200,6599,753,2259,0,0
8,2,5,263,748,229,680,9,20,0,0
8,4,6.2,201,403,180,360,7,14,0,0
8,6,16.8,1472,2600,1126,1989,81,146,0,0
8,8,12.94,980,2153,813,1889,25,41,0,0
8,10,4,261,522,205,411,10,19,0,0
8,12,3.9,500,1025,360,725,47,99,0,0
8,14,8,643,1143,399,763,83,127,0,0
8,20,12.01,1752,3332,1079,2334,191,266,0,0
8,24,0.69,329,657,82,164,82,164,0,0
8,32,2.44,1164,3207,397,1014,256,731,0,0
8,40,4.99,313,679,274,561,13,40,0,0
8,42,5.66,1696,4074,835,1488,287,862,603,2413
8,44,4.84,1001,2410,478,1059,174,451,0,0
8,46,20.39,3050,6431,1081,2242,1811,3976,0,0
8,48,45.33,5967,13784,2124,4078,3415,8992,0,0
8,50,9.33,13430,43896,1157,6840,9958,23377,0,0
8,52,10.5,8599,24782,258,503,8051,23499,0,0
8,54,2.63,7479,22618,26,129,7401,22230,0,0
8,56,14.66,11014,31706,352,712,9956,29572,0,0
8,58,18.15,15999,51177,746,3638,13762,40262,0,0
8,60,14.08,17513,57265,41,80,17389,57024,0,0
8,62,7.66,7608,24279,25,49,7533,24132,0,0
8,64,7.77,460,898,403,801,19,32,0,0
8,66,4.86,328,730,207,473,40,86,0,0
8,68,12,1873,4320,446,907,947,2343,0,0
8,70,54.22,4050,12292,3435,10720,222,561,0,0
8,72,61.07,4584,12371,2194,6749,1488,3980,0,0
8,74,45.76,4701,21239,3571,16767,948,5295,0,0
8,76,9.12,7723,40108,6522,35139,606,2687,0,0
8,78,92.09,8387,24664,7755,23810,445,1731,0,0
8,80,48.34,8328,31611,3587,12208,1651,6980,0,0
8,82,42.96,6607,19862,2940,9248,1360,3974,0,0
8,84,45.59,7880,28554,5272,20738,2154,7772,0,0
8,86,37.22,7292,37505,3090,24446,4551,15838,0,0
8,88,95.13,9637,33257,7659,30431,272,585,123,245
8,90,151.84,7733,15894,5730,13081,205,350,0,0
8,92,61.25,6988,33438,5973,31391,643,1677,0,0
8,94,121.26,8983,24725,7673,22349,684,1323,0,0
8,96,117.98,8694,25059,6949,21862,1045,2942,0,0
8,98,45.81,5617,20644,3246,12059,1776,6605,0,0
8,100,25.78,3022,15503,2493,13359,176,714,0,0
8,102,20.06,4802,27917,3520,20418,1097,6512,0,0
8,104,27.1,4090,20726,2927,16201,355,1457,0,0
8,106,11.29,9755,65323,2450,16353,2607,16668,0,0
8,108,13.47,11197,74828,3767,19747,3578,20565,0,0
8,110,39.72,12337,67782,5414,19275,2308,16169,0,0
8,112,71.86,11920,86045,5634,34097,3114,19807,0,0
8,114,142.68,11470,26491,8660,21203,975,1759,0,0
8,116,108.5,6803,14245,5499,11996,341,587,180,359
8,118,119.84,8646,20893,7575,19305,237,367,0,0
8,120,13.37,3533,12605,3383,12451,808,3084,0,0
8,122,3.77,897,3065,270,901,228,775,373,1493
8,126,42.51,10266,51324,7734,40879,723,2993,0,0
8,0,3,209,595,177,523,11,24,0,0
8,18,1,3,3,1,1,1,1,0,0
8,22,5.18,536,1068,160,320,125,249,0,0
8,124,23.65,1992,5949,1768,5532,43,84,0,0
10,6,10.05,637,1339,313,634,62,133,0,0
10,8,4.16,228,413,113,243,38,57,0,0
10,10,13,779,1740,711,1585,22,51,0,0
10,12,17.19,1069,2205,798,1647,132,277,0,0
10,20,7,770,1122,753,1090,6,11,0,0
10,22,4.81,453,816,385,748,23,23,0,0
10,42,1.44,475,1383,119,346,119,346,0,0
10,44,0.06,62,187,16,47,16,47,0,0
10,48,14.41,8590,17744,472,944,8020,16630,0,0
10,50,7.85,12204,49368,1211,6849,8572,28819,0,0
10,52,15.97,4217,9428,86,180,3959,8889,0,0
10,54,9.41,15816,45928,332,695,14819,43840,0,0
10,56,11.56,8813,19976,375,798,7688,17581,0,0
10,58,10.91,20935,62492,923,2718,18166,54339,0,0
10,60,10.02,11893,36009,12,23,11858,35939,0,0
10,62,7.57,8161,24517,1331,3288,4172,14652,0,0
10,64,5.73,4718,5656,1179,1413,1179,1413,0,0
10,68,3.96,278,510,80,149,237,460,0,0
10,70,6.39,3686,11541,72,142,899,3046,0,0
10,72,2.33,922,5298,274,1586,885,5249,0,0
10,74,1.64,2557,18578,1460,12039,1563,9331,0,0
10,76,78.31,8494,50356,3516,15873,2175,11693,0,0
10,78,161.1,10391,22924,9501,21577,231,443,0,0
10,80,104.2,7498,22405,5597,16127,1099,3664,0,0
10,82,83.71,6535,18547,4492,12444,612,1986,0,0
10,84,34.13,8784,29766,3406,18741,1659,3401,0,0
10,86,39.57,4524,29216,3586,26327,661,2161,0,0
10,88,47.44,10911,38489,4826,23699,4344,11328,934,1867
10,90,96.07,8772,22488,5983,16468,802,2337,0,0
10,92,62.85,8712,27123,6491,22853,1189,2246,0,0
10,94,119.07,8975,20812,7173,18200,475,754,0,0
10,96,140.27,10646,28075,5839,12611,3578,13719,0,0
10,98,124.32,14309,44826,8437,23123,3657,14951,0,0
10,100,100.97,12467,35298,5551,16626,5222,12497,0,0
10,102,34.45,7747,50971,5631,34523,986,6123,0,0
10,104,30.39,8565,48506,6668,39621,632,2961,0,0
10,106,11.48,10956,37586,2722,9224,2791,9916,0,0
10,110,31.47,5879,35562,2858,13321,953,7322,0,0
10,112,116.24,11929,34141,7443,20741,2561,7113,0,0
10,114,134.98,9105,19156,7193,16173,459,919,0,0
10,116,127.15,9889,19886,7572,16826,1247,1680,0,0
10,118,16.38,2636,10446,2089,8734,512,1803,0,0
10,120,5.16,342,982,301,817,13,55,0,0
10,122,68.68,6366,20304,5892,19514,134,289,0,0
10,124,123.15,10633,23385,8596,20048,721,1547,0,0
10,126,118.81,10125,23516,6243,13480,2338,5687,0,0
10,34,1.28,45,74,33,62,4,4,0,0
10,36,0.72,76,151,76,151,0,0,0,0
10,108,1.14,768,2304,192,576,192,576,0,0
12,4,1,3,3,1,1,1,1,0,0
12,6,14,804,1478,417,745,66,117,0,0
12,8,8,298,751,173,499,20,41,0,0
12,10,1,188,376,188,376,0,0,0,0
12,12,6.14,949,2005,888,1903,20,34,0,0
12,18,1,148,443,148,443,0,0,0,0
12,20,6.35,699,1523,653,1468,15,18,0,0
12,22,12.64,1516,2834,1405,2643,22,37,0,0
12,40,12.62,3315,3857,74,74,3098,3640,0,0
12,46,8.52,2197,4099,453,961,804,1120,0,0
12,48,5.46,9290,29049,636,2356,7383,21981,0,0
12,50,1.67,2264,5880,16,31,2218,5787,0,0
12,52,14.17,9390,33986,699,3375,7294,23863,0,0
12,54,4.48,9246,24787,168,683,8742,22740,0,0
12,56,11.52,21056,76067,537,1271,19445,72254,0,0
12,58,15.3,8600,27860,75,226,8373,27181,0,0
12,60,22.23,12046,29617,892,1749,9371,24367,0,0
12,62,22.73,6084,14742,1521,3684,1521,3684,0,0
12,64,11.14,4335,9170,1084,2293,1084,2293,0,0
12,66,14.34,1297,2762,325,690,325,690,0,0
12,70,1.61,435,869,6,6,12,25,0,0
12,74,2.56,3604,16358,0,0,3186,14889,0,0
12,76,34.69,7281,27026,3783,15606,2717,9159,0,0
12,78,85.94,7786,23873,6408,21099,864,2227,0,0
12,80,51.98,7955,16114,3481,8148,1022,2072,0,0
12,82,127.69,8876,21710,7227,18177,439,1031,0,0
12,84,99.42,7768,24806,6465,22485,447,1076,0,0
12,86,75.5,5984,30813,5341,29554,207,484,0,0
12,88,22.73,6322,46660,5398,41246,381,1951,0,0
12,90,151.48,10192,26354,7221,19052,2255,6285,0,0
12,92,118.38,11281,37115,7914,28594,1213,3455,0,0
12,94,101.16,7747,18208,5581,13715,1044,2233,0,0
12,96,111.59,11550,33950,9011,25699,1510,5202,0,0
12,98,46.31,7944,43732,5980,28671,1670,9885,0,0
12,100,57.63,10289,73622,5774,30951,1472,14191,0,0
12,102,20.63,11668,66341,4391,24258,7023,38423,0,0
12,104,26.82,9396,44848,3788,23481,4252,12442,0,0
12,106,12.77,9767,39378,489,2116,6924,28906,0,0
12,108,14.68,3340,11827,1400,4877,1613,5915,0,0
12,110,154.69,11913,32972,9864,29395,1281,2763,0,0
12,112,79.93,9456,30483,7514,25303,694,1850,0,0
12,114,114.53,10538,25188,8750,21848,485,993,0,0
12,116,95.26,6266,13762,5507,12445,153,318,0,0
12,118,1.2,125,249,125,249,0,0,0,0
12,120,93.74,7412,19959,6062,17204,438,1140,0,0
12,122,162.86,12321,32193,8927,25060,1539,3767,0,0
12,124,98.09,10845,34357,7724,26266,1499,3625,813,2438
12,126,136.05,9704,21136,6918,15571,1416,3507,0,0
12,0,1,28,84,7,21,7,21,0,0
12,24,1,374,748,0,0,374,748,0,0
12,42,1.36,411,411,0,0,411,411,0,0
12,68,5.86,1867,5116,418,1133,613,1717,0,0
14,20,10.93,1319,4606,1226,4428,32,59,0,0
14,22,13.71,1491,3274,709,1491,120,314,0,0
14,24,9,882,2285,723,1925,26,65,0,0
14,38,2,21,30,5,7,5,7,0,0
14,40,3.51,1246,3159,658,1975,405,634,0,0
14,42,1.51,495,495,0,0,495,495,0,0
14,44,3,88,153,23,38,23,38,0,0
14,46,1.04,48,48,12,12,12,12,0,0
14,48,0.7,735,1470,0,0,735,1470,0,0
14,50,4.58,1541,3196,30,59,1452,3019,0,0
14,52,17.39,9536,36166,138,509,9123,34639,0,0
14,54,14.55,10382,40472,369,984,9274,37520,0,0
14,56,3.78,9052,27049,69,170,8843,26537,0,0
14,58,8.94,5170,20235,698,2683,3074,12186,0,0
14,60,15.3,5805,12596,859,1965,3226,6701,0,0
14,62,15,6937,20479,1734,5119,1734,5119,0,0
14,64,24.39,8461,23396,2009,5319,2009,5319,424,2122
14,66,17.74,7713,16881,1928,4221,1928,4221,0,0
14,68,7.32,6554,19610,127,368,6173,18508,0,0
14,70,3.32,7914,23741,0,0,7914,23741,0,0
14,72,3,364,368,91,91,93,97,0,0
14,74,9.13,5113,33100,269,2455,4307,25737,0,0
14,76,52.77,9922,30748,3681,9052,4012,14389,0,0
14,78,92.48,8723,19557,5419,13243,1980,4031,0,0
14,80,49.97,6984,27644,6276,26112,832,3234,0,0
14,82,158.49,10661,22939,8736,19325,1161,2490,0,0
14,84,144.84,8643,19762,6769,16689,506,959,0,0
14,86,143.37,9424,23605,8065,21658,175,278,0,0
14,88,110.91,9031,31379,7306,26780,367,1140,0,0
14,90,74.01,9900,31538,4120,12085,4313,15944,0,0
14,92,192.82,10062,26707,7596,21293,712,2113,0,0
14,94,207.74,12585,32524,10106,27677,1204,2939,0,0
14,96,158.05,12188,28475,9405,22986,790,1759,331,991
14,98,79.98,8986,46929,7287,40668,1074,4602,0,0
14,100,11.79,6623,54662,3439,39405,2026,9432,0,0
14,102,28.48,16505,87876,3732,21060,9758,55044,0,0
14,104,26.21,7941,35046,4487,25221,2401,7022,0,0
14,106,11.09,7227,41276,3708,26572,1893,7236,0,0
14,108,114.42,13162,46414,8455,32994,2209,6225,0,0
14,110,164.42,13453,50459,11096,45816,524,1213,0,0
14,112,75.44,10375,31005,7850,28005,375,456,0,0
14,114,48.33,8528,30790,7533,27993,312,953,0,0
14,116,0.35,149,595,147,589,1,2,0,0
14,118,34.68,4178,10061,2171,5326,957,2360,0,0
14,120,19.99,1858,5974,848,2710,1009,3285,0,0
14,122,109.87,10520,31086,7284,22119,3513,10379,0,0
14,124,156.55,9609,21473,8221,19687,549,810,0,0
14,126,180.31,11423,25866,9470,22408,457,842,0,0
14,2,10.58,993,2035,656,1385,73,137,0,0
14,18,4.07,353,1025,312,926,14,33,0,0
14,30,2,94,282,23,70,23,70,0,0
14,32,0.57,21,42,5,11,5,11,0,0
16,2,10.42,1234,2623,514,978,221,509,0,0
16,8,5.1,512,957,423,842,12,21,0,0
16,10,5.63,525,1502,469,1389,19,38,0,0
16,18,11.21,1487,3597,1005,2429,92,214,0,0
16,20,16.79,1940,4751,771,1758,241,698,0,0
16,22,1.59,247,658,239,642,3,5,0,0
16,24,7.59,1573,3913,1246,2945,85,295,0,0
16,26,2,203,390,191,378,4,4,0,0
16,32,4.43,337,1060,84,265,84,265,0,0
16,52,11.35,4640,14966,919,2584,1884,7216,0,0
16,54,12.64,7004,26237,714,1980,4865,20298,0,0
16,58,1.66,3877,20363,969,5091,969,5091,0,0
16,60,3.47,14149,85082,3536,21271,3536,21271,0,0
16,62,3.55,3659,21641,916,5410,916,5410,0,0
16,64,5.92,2836,14788,709,3697,709,3697,0,0
16,66,1.63,1573,3507,389,842,408,978,0,0
16,68,6.95,6379,37317,668,3439,4375,27000,0,0
16,70,2.25,1479,4108,41,41,1356,3985,0,0
16,72,14.05,9949,35892,51,126,9794,35515,0,0
16,74,5.65,3126,25868,184,906,2727,23458,0,0
16,76,68.83,12151,45176,4932,15403,6845,29233,0,0
16,78,85.48,7668,21652,4951,15548,1029,2656,0,0
16,80,124.43,10485,30956,7237,24634,1067,3025,0,0
16,82,161.65,11389,29242,7686,21608,2142,5436,0,0
16,84,138.02,10965,27035,9159,23646,769,2149,0,0
16,86,115.44,7852,20945,6121,16669,463,1271,0,0
16,88,107,8187,21011,5429,14861,818,2355,0,0
16,90,6.55,6990,27422,42,53,6837,27254,0,0
16,92,105.42,11169,34271,6290,16497,4359,17035,0,0
16,94,147.15,11281,28093,6415,16200,2348,5498,0,0
16,96,195.35,14081,41642,10582,33110,1917,5115,0,0
16,98,130.89,11981,39448,9005,29926,2170,6920,0,0
16,100,78.94,9423,47697,7513,40152,1276,6944,0,0
16,102,56.92,11180,40977,4384,18875,3462,10772,0,0
16,104,49.28,13014,78966,10453,65662,2074,12875,0,0
16,106,85.73,12019,60078,9153,49738,2948,12634,0,0
16,108,115.3,14919,63839,12745,57136,1552,5598,0,0
16,110,56.18,7498,37469,6107,33017,161,382,0,0
16,112,67.14,7918,29609,5579,23081,783,2263,0,0
16,114,9.91,590,1778,529,1708,13,16,0,0
16,116,50.83,5490,18605,2956,9365,1089,4261,0,0
16,118,18.35,4345,24543,1512,8682,848,5013,0,0
16,120,7.88,1155,5241,1072,4878,24,102,0,0
16,122,2.07,2412,4949,56,255,6,6,0,0
16,124,18.61,4047,17584,3790,17091,226,452,0,0
16,126,140.52,8507,16146,5934,11660,659,1261,0,0
16,6,2.03,186,371,177,353,3,6,0,0
16,28,3.86,774,2237,79,236,607,1821,0,0
16,30,0.14,99,296,0,0,99,296,0,0
18,6,11.97,1729,3459,636,1398,348,670,0,0
18,8,10.78,1621,3972,1274,2975,117,333,0,0
18,10,5.79,2049,4732,1866,4419,43,86,0,0
18,18,21,2185,5595,1524,3751,198,572,0,0
18,20,2.98,419,837,158,313,7,13,0,0
18,22,9.49,1696,4787,1411,3989,94,266,0,0
18,24,15.83,1445,3189,1034,2353,76,157,0,0
18,26,8.18,1214,2519,486,1063,216,433,0,0
18,56,4,1127,4825,88,236,864,4117,0,0
18,58,1.37,2280,12311,570,3078,570,3078,0,0
18,60,6.18,13307,78585,3327,19646,3327,19646,0,0
18,62,5.33,6250,32354,1563,8088,1563,8088,0,0
18,64,5.41,4826,26583,1206,6645,1206,6645,0,0
18,66,11,6015,18022,270,805,5205,15607,0,0
18,68,2,268,536,67,134,67,134,0,0
18,72,1,9,9,2,2,2,2,0,0
18,74,4,867,2552,258,763,845,2524,0,0
18,76,26.26,5639,20203,1587,3145,3328,14681,0,0
18,78,19.32,8292,41631,2425,11804,1964,9960,0,0
18,80,37.9,6187,28404,2515,16490,1050,3570,0,0
18,82,45.07,6230,35423,3680,25626,1806,6535,0,0
18,84,100.75,9675,33975,6794,26165,2219,7440,0,0
18,86,170.83,12483,38201,10033,32793,1541,4543,0,0
18,88,183.54,12017,29173,9914,24882,917,2508,0,0
18,90,135.84,9483,22969,6727,15978,670,1917,0,0
18,92,143.99,9645,23227,7497,18501,776,1981,0,0
18,94,94.83,9024,31775,6032,22350,1191,3398,0,0
18,96,80.85,10966,52919,9321,48078,1007,4725,0,0
18,98,69,12108,53430,10827,50197,421,1571,0,0
18,100,67.33,11004,56753,6458,32235,1695,8784,0,0
18,102,139.31,14143,54216,8951,34597,2239,8083,131,656
18,104,164.93,15272,55911,11399,44144,3494,12384,167,735
18,106,137.92,14380,47916,11024,39180,1326,3537,0,0
18,108,99.73,12667,47535,9404,37303,1731,5787,0,0
18,110,87.78,10114,44533,7754,34401,595,2270,0,0
18,112,42.59,4907,24686,4223,21710,185,937,0,0
18,114,26.54,2721,13029,2406,12159,129,370,0,0
18,116,179.32,13280,43099,10975,38936,992,2030,0,0
18,118,53.09,7943,26753,5391,19916,1047,2719,0,0
18,120,12.36,5309,30078,1517,6454,2555,16109,0,0
18,122,29.66,9636,43136,2932,15441,4380,19739,0,0
18,124,24.65,5427,15048,941,2012,4331,12766,0,0
18,126,13.78,12820,39716,528,1472,11931,37118,0,0
18,0,3,229,265,185,194,14,23,0,0
18,12,8.35,682,1357,265,528,139,277,0,0
18,28,6.44,673,1656,445,1200,18,35,0,0
18,30,0.11,50,151,13,38,13,38,0,0
18,50,1,208,416,0,0,208,416,0,0
18,70,1,75,75,19,19,19,19,0,0
20,0,12.93,2017,4501,965,2046,327,772,0,0
20,8,34.55,3243,6542,2050,4302,368,704,0,0
20,10,30.46,2625,6060,1498,3325,370,907,0,0
20,12,32.48,2235,5096,1538,3355,253,623,0,0
20,16,14,1121,2563,820,1834,95,238,0,0
20,18,20.25,1772,3858,1524,3432,47,87,0,0
20,20,18.7,1733,3949,1342,3233,131,238,0,0
20,22,10.76,1054,2198,829,1767,25,44,0,0
20,24,18.95,1735,4323,1388,3440,75,193,0,0
20,26,12,988,2553,634,1634,118,307,0,0
20,28,9.34,1204,3570,881,2436,100,364,0,0
20,30,7.41,1338,3638,414,1178,272,752,0,0
20,46,1,68,136,17,34,17,34,0,0
20,50,3,113,113,28,28,28,28,0,0
20,52,2,496,991,0,0,496,991,0,0
20,58,9.81,6070,25413,876,4340,3441,12392,0,0
20,60,3.18,1480,6707,78,216,1246,6057,0,0
20,74,6,1191,3477,25,54,1112,3315,0,0
20,76,6.7,4829,16788,1307,4396,1168,4119,0,0
20,78,6.1,9631,38319,2407,9579,2407,9579,0,0
20,80,4.16,2629,8128,404,1328,394,1240,0,0
20,82,13.68,5926,33456,3138,27296,904,2000,0,0
20,84,53.37,5760,20284,4826,17237,315,1064,0,0
20,86,19.6,10870,53760,3758,24472,2588,11210,0,0
20,88,84.89,14033,62057,7705,46896,3362,11299,0,0
20,90,139.99,12036,31773,8499,22191,1757,4654,0,0
20,92,118.23,12346,38204,7726,21876,3263,12653,0,0
20,94,34.67,11847,41882,3380,13765,4543,12820,0,0
20,96,29.11,16676,49483,2893,13226,11407,25711,0,0
20,98,94.97,7895,27511,6672,24946,278,704,0,0
20,100,116.45,10516,32828,8487,27585,673,1851,0,0
20,102,72.28,11771,45640,5351,19982,2905,10891,0,0
20,104,109.55,15208,56791,8412,35399,3853,13277,790,3394
20,106,99.87,11301,43802,9548,38514,627,1802,0,0
20,108,120.21,11056,36303,8814,30350,1336,3467,0,0
20,110,106.18,12079,38066,11044,36068,294,619,0,0
20,112,4.09,554,2769,516,2576,13,64,0,0
20,114,69.69,8902,35644,5032,23523,2206,8222,0,0
20,116,200.33,15543,46402,13023,41110,1249,3187,0,0
20,118,106.36,8448,29015,6840,24582,378,997,0,0
20,120,48.91,11449,66982,7553,45746,1539,8253,0,0
20,122,18.26,17270,103119,15572,98462,1835,9970,0,0
20,124,16.55,10372,53780,5176,32196,5184,21567,0,0
20,126,37.54,10989,35545,3502,11410,7033,23478,0,0
20,2,0.57,153,460,38,115,38,115,0,0
20,4,0.46,106,318,106,318,0,0,0,0
20,6,7.54,790,1703,637,1396,18,35,0,0
20,32,0.52,152,456,152,456,0,0,0,0
20,34,2.69,420,1022,105,255,105,255,0,0
20,36,5.48,709,1969,388,1124,107,282,0,0
20,38,0.29,476,1428,119,357,119,357,0,0
20,40,1.62,483,1326,4,4,471,1314,0,0
22,0,12.07,2098,5016,1709,4059,130,320,0,0
22,6,9.16,908,1952,681,1395,50,135,0,0
22,8,18.92,1998,4216,1803,3822,43,87,0,0
22,10,5.83,478,1171,312,749,36,103,0,0
22,12,18.96,1484,3385,1071,2419,155,339,0,0
22,16,12.99,835,1954,713,1729,38,73,0,0
22,18,28.06,2525,5613,1879,4396,145,284,0,0
22,20,18.73,1521,2985,878,1750,192,379,0,0
22,22,17.81,1704,4044,1370,3362,43,90,0,0
22,24,13.32,1429,3553,1337,3351,31,67,0,0
22,26,19.3,1313,2515,1119,2196,61,99,0,0
22,28,31.01,2153,4776,1448,3404,188,364,0,0
22,32,10.07,1426,3477,980,2601,124,243,0,0
22,34,7.18,924,1846,660,1321,212,425,0,0
22,36,9.41,1524,3186,1113,2260,137,307,0,0
22,38,0.46,741,2223,185,556,185,556,0,0
22,40,4.15,1802,3959,32,77,1688,3691,0,0
22,42,2.23,156,414,49,99,0,0,0,0
22,50,1,15,45,4,11,4,11,0,0
22,58,1,23,23,6,6,6,6,0,0
22,60,1,45,90,11,23,11,23,0,0
22,68,5,51,62,13,16,13,16,0,0
22,88,7.05,2448,18878,1520,16728,254,603,0,0
22,90,76.36,7843,31653,5231,24300,2307,8057,0,0
22,92,51.92,12794,58459,6834,36671,2616,12274,929,2787
22,94,43.24,8026,19752,2228,5457,3341,8929,0,0
22,96,118.06,10496,26971,7308,17744,932,2903,0,0
22,98,72.03,4346,9006,3504,7827,200,342,0,0
22,100,112.11,9792,37993,8401,33165,872,4048,0,0
22,102,69.12,11195,54642,5904,30038,1784,8343,0,0
22,104,106.69,14337,61209,9433,48385,4473,16442,0,0
22,106,226.48,16441,47454,13398,41128,1515,4023,0,0
22,108,94.33,12623,52319,10692,48290,542,1344,0,0
22,110,50.19,8290,34474,5103,23320,2392,8777,0,0
22,112,22.19,4102,28690,3436,26426,479,1267,0,0
22,114,108.04,12388,41888,8110,27959,898,3181,463,1388
22,116,120.06,9806,35654,7603,25755,952,4111,0,0
22,118,65.64,20002,81887,7364,30509,7155,25946,0,0
22,120,25.13,11337,43068,4287,23456,6309,16957,0,0
22,122,149.9,13732,51957,11589,45973,668,2088,0,0
22,124,102.81,19889,67321,6565,21264,12189,42580,0,0
22,126,77.9,11698,37212,6811,23365,3315,11844,0,0
22,2,2.26,630,1846,630,1846,0,0,0,0
22,14,1.92,421,1201,105,300,105,300,0,0
22,30,0.37,123,247,123,247,0,0,0,0
22,80,1.81,124,375,31,94,31,94,0,0
22,82,2.46,363,1795,270,1423,93,373,0,0
22,84,2.3,294,1495,213,1264,77,226,0,0
22,86,3,297,1105,74,276,74,276,0,0
24,0,15.98,2016,6062,1698,5272,106,264,0,0
24,2,5.74,575,1379,478,1184,32,65,0,0
24,6,13.5,2812,5460,903,2092,637,1123,0,0
24,8,9.76,805,2146,702,1902,34,81,0,0
24,14,17.84,2196,5463,1961,4964,45,118,0,0
24,16,8.15,613,1403,483,1089,15,30,0,0
24,20,30.43,1936,4258,1316,3112,152,282,0,0
24,22,14.21,1360,2984,1142,2557,73,143,0,0
24,24,19,2604,5451,1707,3673,288,568,0,0
24,26,17,1372,2963,883,2017,64,117,0,0
24,28,20,1644,3858,875,2106,183,450,0,0
24,30,6.46,629,1296,522,1052,35,81,0,0
24,32,14.73,1628,3619,1041,2172,160,411,0,0
24,34,5.2,1230,3200,147,436,1072,2738,0,0
24,36,8.53,584,1441,460,1208,30,54,0,0
24,38,7,500,1224,439,1086,20,46,0,0
24,40,12.92,950,2267,782,1932,31,62,0,0
24,42,7,579,1135,499,994,26,47,0,0
24,58,1,5,15,1,4,1,4,0,0
24,66,9.09,8912,32844,0,0,8912,32844,0,0
24,68,5.97,3287,16997,7,11,3265,16965,0,0
24,70,5.04,3065,14385,36,70,2956,14174,0,0
24,80,23.37,1858,6277,736,2437,375,1280,0,0
24,82,16.19,4084,20919,3355,17316,242,1201,0,0
24,84,12.85,4506,23409,1725,8974,927,4811,0,0
24,86,2.15,5705,21396,178,357,1676,6347,0,0
24,88,6.66,2516,8840,896,3087,1673,6452,0,0
24,92,23.77,4672,24084,2254,14112,1181,5632,0,0
24,94,92.89,11803,46379,7283,28853,3391,15959,0,0
24,96,202.8,11845,32116,7242,20086,1202,3413,0,0
24,98,133.33,7865,17012,6468,14658,638,1137,0,0
24,100,122.14,11724,41298,7868,29857,2682,6997,0,0
24,102,162.98,17111,59587,10455,35927,2331,8230,0,0
24,104,165.42,19679,72734,12481,48453,7304,25636,0,0
24,106,114.7,13653,58106,10557,45997,2629,11014,0,0
24,108,54.18,9521,52334,5357,33867,2750,10164,0,0
24,110,2.09,251,1947,239,1887,4,20,0,0
24,112,25.37,9194,70322,8368,62911,275,2471,0,0
24,114,98.02,15425,66060,10688,47695,2308,9854,0,0
24,116,88.74,9609,46412,7875,38196,891,5269,0,0
24,118,52.25,11371,43747,3640,18047,6166,18430,0,0
24,120,10,3304,6835,353,841,2268,4482,0,0
24,122,45.43,8611,46231,3733,25689,3434,14341,0,0
24,124,6.67,36614,138169,95,286,36328,137311,0,0
24,126,60.91,21794,62824,3426,8959,17058,51078,0,0
24,12,3,324,829,243,717,10,20,0,0
24,44,3.54,461,1002,358,858,35,48,0,0
24,52,1,72,217,18,54,18,54,0,0
24,64,1.56,476,2345,5,14,463,2304,0,0
24,76,1.55,3722,29283,25,75,3648,29060,0,0
24,78,1,213,213,0,0,213,213,0,0
24,90,0.39,1268,3795,0,0,378,1134,0,0
26,0,11.7,868,1727,615,1227,84,167,0,0
26,6,16.29,2509,6222,2134,5301,126,307,0,0
26,12,21.79,1612,3760,1077,2500,96,224,0,0
26,14,26,2427,5163,1755,3837,88,170,0,0
26,16,9.09,460,955,304,652,52,101,0,0
26,18,18.78,2185,4806,1514,3411,182,388,0,0
26,20,17.43,2643,7346,1208,3432,477,1304,0,0
26,22,9.27,1245,2859,653,1399,192,479,0,0
26,24,45.39,3729,7768,3306,7069,88,158,0,0
26,26,29.12,2468,5335,1771,3932,199,420,0,0
26,28,12.77,1230,3661,732,2168,166,497,0,0
26,30,21.27,2006,4466,1505,3467,162,322,0,0
26,32,9.86,2372,6070,831,2052,513,1340,0,0
26,34,3.22,466,1380,278,777,62,201,0,0
26,36,24.03,2267,5917,2020,5450,76,151,0,0
26,38,21.25,1807,3991,1287,2803,150,347,0,0
26,40,9.78,741,1612,680,1496,20,38,0,0
26,42,11,1258,3654,559,1702,225,634,0,0
26,44,0.46,117,348,115,344,1,1,0,0
26,46,9.65,1149,3289,417,1065,491,1800,0,0
26,48,16.35,1079,2484,781,1780,60,120,0,0
26,58,2,258,450,65,113,65,113,0,0
26,64,5.43,1116,3584,20,20,1055,3523,0,0
26,66,4.79,7715,29823,0,0,7715,29823,0,0
26,68,16.11,3984,20674,69,134,3777,20273,0,0
26,70,2.4,698,1863,0,0,698,1863,0,0
26,74,3,104,164,26,41,26,42,0,0
26,76,1.45,2948,23399,8,15,2925,23352,0,0
26,78,6.14,288,912,103,383,62,176,0,0
26,80,7.84,2244,5710,944,3106,433,868,0,0
26,82,16.06,1850,7447,1243,4213,203,1078,0,0
26,84,8.55,2990,13983,748,3496,748,3496,0,0
26,86,2.31,687,2503,134,283,168,672,0,0
26,88,8.97,12429,52013,1,1,3648,15076,0,0
26,90,5.06,4493,15872,29,36,1410,5192,0,0
26,92,1.61,5451,21028,0,0,4677,18705,0,0
26,94,10.62,754,3857,519,1930,173,1712,0,0
26,96,110.23,12106,50787,9717,40103,1743,7973,0,0
26,98,226.64,15592,44533,12027,37648,2716,5788,0,0
26,100,57.08,13018,62895,4229,31106,4495,17947,0,0
26,102,96.66,15388,82414,8842,44221,5043,31031,0,0
26,104,132.2,16981,71840,11335,49981,5324,24676,0,0
26,106,76.56,16182,67099,7078,28387,4210,17214,0,0
26,108,10.98,7910,34043,2041,8781,2001,8555,0,0
26,112,74.5,16106,99568,8884,62811,4735,24512,0,0
26,114,68.73,11178,52074,8052,41621,2962,12691,0,0
26,116,114.05,14808,57042,10513,43059,2819,9810,0,0
26,118,31.83,13267,91554,7519,50802,4435,34055,0,0
26,120,31.41,11654,84640,7339,60276,4601,29875,0,0
26,122,16.15,6891,44344,1930,11484,4280,29769,0,0
26,124,39.19,15311,81834,10253,59992,4175,17148,0,0
26,126,79.44,12490,43871,7569,29741,3262,8788,0,0
26,8,0.1,20,41,20,41,0,0,0,0
26,50,4,190,481,170,420,7,20,0,0
28,0,21.01,2221,4766,1424,3038,218,472,0,0
28,6,16.44,3893,9337,1214,2999,2423,5737,0,0
28,10,1,34,102,0,0,0,0,0,0
28,12,15.06,845,1964,687,1668,53,98,0,0
28,14,22.13,2232,4695,1496,3216,222,449,0,0
28,16,11.11,1194,3074,656,1667,154,390,0,0
28,18,27.65,2422,6205,1660,4203,253,667,0,0
28,20,24.08,2283,4391,1755,3494,140,263,0,0
28,22,35.06,4024,10886,2728,7205,440,1202,380,1242
28,24,46.68,4970,10311,2922,6240,564,1071,33,100
28,26,61.11,4971,11853,3592,8378,384,1016,0,0
28,28,25.57,2749,6335,2281,5103,135,368,0,0
28,30,5.27,549,1209,503,1137,15,24,0,0
28,32,3.91,305,594,229,454,25,47,0,0
28,34,5.21,948,2112,759,1500,64,204,0,0
28,36,8.71,1117,2583,965,2218,25,50,0,0
28,38,9,1127,2717,755,1919,124,266,0,0
28,40,5.31,553,1107,481,962,24,48,0,0
28,44,12.45,1547,4190,1492,4071,18,40,0,0
28,46,25.16,2346,6248,1616,4450,243,599,0,0
28,48,16.06,1325,3304,1260,3162,21,48,0,0
28,50,3,187,331,115,219,23,37,0,0
28,52,16.02,1138,2803,645,1789,124,226,0,0
28,54,18.77,1833,4720,1125,3129,167,345,0,0
28,56,23.29,1402,3011,1088,2470,101,177,0,0
28,70,6.9,953,3145,231,583,689,2464,0,0
28,74,4,392,1042,96,153,294,881,0,0
28,78,7.88,2356,12603,1218,6939,145,705,704,3549
28,80,16.5,4939,22429,3929,17649,354,1661,0,0
28,82,6.09,6901,37076,3404,26147,1747,6142,0,0
28,86,2.6,641,1030,100,138,340,617,0,0
28,88,4.53,2083,6620,98,124,510,1772,0,0
28,90,8.76,5132,25993,429,935,1703,8094,0,0
28,92,7.75,508,1234,31,106,354,730,0,0
28,94,4.26,6961,21666,71,215,6748,21026,0,0
28,96,5.23,1735,3528,100,273,1198,2396,0,0
28,98,27.31,4206,27171,3524,25260,721,2440,0,0
28,100,46.72,12761,73942,6609,37889,2759,14951,0,0
28,102,90.75,16553,61124,9342,37038,3512,11922,0,0
28,104,118.68,17767,72571,13487,56907,4377,19420,0,0
28,106,162.39,21099,89170,13869,57752,4982,19697,327,2289
28,108,13.05,7794,35869,2532,10596,1959,8268,1264,6321
28,110,1.04,285,1457,262,1344,23,113,0,0
28,112,38.3,11193,62573,5534,32545,4191,24288,0,0
28,114,99.47,15982,65679,11171,53940,3097,10034,0,0
28,116,142.33,14872,56091,11990,44873,2062,10092,0,0
28,118,27.26,7778,47288,2151,14475,3344,19295,0,0
28,120,11.97,2925,12054,408,1276,1700,8226,0,0
28,122,23.57,6090,37603,3156,20521,1687,11667,0,0
28,124,117.37,14052,65065,12082,57699,983,4067,0,0
28,126,128.97,10556,26848,9258,24507,324,683,0,0
28,2,5.01,1098,2549,747,1583,99,286,0,0
28,4,4.59,680,1868,551,1486,1,2,0,0
28,58,15.17,907,2275,635,1727,54,110,0,0
28,60,2.57,151,381,88,246,21,45,0,0
28,62,2.89,660,2005,385,1383,91,207,0,0
28,64,1,179,358,45,90,45,90,0,0
28,66,4.84,823,2738,452,1543,407,1250,0,0
28,68,13.49,937,2178,565,1287,102,263,0,0
28,72,3.23,505,1883,167,602,107,422,0,0
28,76,2,119,238,30,60,30,60,0,0
28,84,0.54,844,11827,211,2957,211,2957,0,0
30,0,14.74,1102,2534,973,2281,23,45,0,0
30,2,19.35,2122,4829,1685,3839,125,289,0,0
30,4,14.64,2081,4222,1678,3273,61,168,0,0
30,6,15.8,1338,3204,1027,2552,95,209,0,0
30,10,13.22,771,1697,671,1476,29,63,0,0
30,12,26.85,2089,4910,1631,3919,113,252,0,0
30,14,13.92,1767,3851,886,1988,276,584,0,0
30,16,15.08,2204,5153,1209,2863,290,682,0,0
30,18,24.45,1820,3726,1581,3281,69,138,0,0
30,20,33.02,3169,6293,2590,5171,183,355,0,0
30,22,32.48,4019,9669,3023,7066,304,821,0,0
30,24,14.15,1263,2530,994,2154,193,228,0,0
30,26,38.05,2647,6438,2131,5292,148,334,0,0
30,28,15.37,1995,4412,1314,3004,185,383,0,0
30,30,5.41,613,1483,470,1221,47,87,0,0
30,36,13.1,1051,3094,904,2697,49,133,0,0
30,44,35.98,3157,7814,2392,5954,227,562,0,0
30,46,24.31,2187,5677,1210,3431,287,682,0,0
30,48,18.98,1824,4241,1587,3751,71,148,0,0
30,52,1.4,106,317,91,273,5,15,0,0
30,54,0.14,7,13,2,3,2,3,0,0
30,56,0.21,24,49,24,49,0,0,0,0
30,58,8,371,778,236,525,28,51,0,0
30,60,6.43,566,1075,342,782,53,77,0,0
30,62,1.11,219,437,55,109,55,109,0,0
30,66,3.16,327,695,316,636,4,20,0,0
30,68,6.5,759,2353,603,1952,52,134,0,0
30,70,8.7,725,1824,496,1390,168,327,0,0
30,72,5.77,870,2824,498,1362,123,487,0,0
30,74,9.34,802,2051,650,1821,32,40,0,0
30,76,14.08,1494,4105,875,2749,202,527,0,0
30,78,42.01,2587,7100,1917,5507,191,436,23,114
30,80,37.62,5871,30234,4726,26747,510,1575,0,0
30,82,17,9130,46278,2440,13217,3090,15272,0,0
30,84,8.15,4289,24354,1276,7414,1136,6176,0,0
30,86,5.2,2363,12765,2258,12345,35,140,0,0
30,90,0.99,409,817,102,204,102,204,0,0
30,92,15.97,6672,28227,1692,7129,2025,8126,0,0
30,94,6.32,1872,5785,474,1464,558,1716,0,0
30,96,6.57,3052,10286,477,1408,1622,6064,0,0
30,100,3,97,195,8,17,72,144,0,0
30,102,5.86,1675,9600,1251,8241,697,3294,0,0
30,104,56.86,11689,45512,7776,32624,4145,14655,284,852
30,106,71.08,15715,85580,7989,40466,9789,60568,0,0
30,110,88.26,11880,53815,9481,45017,2654,11205,696,4172
30,112,22.69,13878,73846,2994,18691,3621,17752,2313,12026
30,114,34.51,13836,67561,5267,24916,3477,18235,0,0
30,116,70.41,10776,45380,8106,30380,946,5732,0,0
30,118,27.31,14353,102026,1848,7995,11705,89744,0,0
30,120,50.69,15162,71083,4224,29653,3784,15383,0,0
30,122,78.1,16667,92082,7799,39752,3100,18148,0,0
30,124,55.34,11626,47368,7170,27401,1458,6602,0,0
30,126,158.63,13593,32350,10073,25006,1642,4027,0,0
30,34,17.78,1103,2791,945,2443,52,116,0,0
30,42,3.78,238,458,201,397,13,20,0,0
30,88,2.39,991,6272,733,4223,100,738,0,0
30,108,1.58,347,1932,347,1932,98,555,0,0
32,2,20.03,2281,5400,1927,4602,84,176,0,0
32,4,20.49,2636,5855,1594,3496,603,1561,0,0
32,6,3.54,1048,3081,43,115,916,2734,0,0
32,10,17.78,1852,3551,1156,2270,232,427,0,0
32,12,22.62,1477,3622,947,2267,141,367,0,0
32,14,19.91,2114,4714,1553,3283,164,431,0,0
32,16,15.95,2334,5796,1565,4023,256,590,0,0
32,18,18.45,1740,4103,1176,2878,156,346,0,0
32,20,24.58,2178,3940,1624,2786,101,223,0,0
32,22,8.48,642,1440,587,1274,67,200,0,0
32,28,0.33,156,312,39,78,39,78,0,0
32,32,23.72,2439,6085,1995,5004,123,308,0,0
32,34,19.72,1421,3321,1040,2530,48,105,0,0
32,36,0.55,130,390,127,382,1,3,0,0
32,42,22.64,1954,4947,1616,3912,129,447,0,0
32,44,25.25,1983,4990,1107,2470,632,2147,0,0
32,46,11.56,964,2164,697,1641,32,59,0,0
32,50,10.27,688,1809,521,1472,43,88,0,0
32,64,3,236,473,36,72,128,257,0,0
32,70,5.81,4173,12393,101,272,3869,11575,0,0
32,72,1.16,835,2505,222,665,205,614,0,0
32,74,69.82,5352,13672,4559,12056,149,350,0,0
32,76,83.9,6099,24021,4839,18791,523,2110,0,0
32,78,29.44,3785,13628,3540,13078,82,183,0,0
32,80,61.6,8377,40457,5090,24322,1327,5832,0,0
32,82,55.62,7948,31225,2923,14366,3163,11290,0,0
32,84,25.95,5605,26208,2454,16393,1805,4683,0,0
32,86,7.54,4336,32589,3101,26137,411,2151,0,0
32,88,37.9,8271,69972,5451,39487,1174,11103,0,0
32,90,161.02,13844,55420,10132,40184,1567,6254,0,0
32,92,82.8,9893,41463,7776,32165,791,3593,0,0
32,94,10.24,7957,47894,1991,11977,2014,12022,0,0
32,96,3.72,2379,13359,709,3619,1774,9788,0,0
32,98,4.01,504,1398,319,942,61,152,0,0
32,106,4.39,1684,14246,192,1259,219,1395,925,9249
32,108,76.06,11412,56670,7610,38379,2245,10619,176,1763
32,110,90.3,21033,95675,12401,54188,6129,27611,0,0
32,112,60.97,12660,57830,7063,32809,3652,14349,0,0
32,114,49.3,13445,66454,5549,24744,3325,17640,0,0
32,116,136.53,17317,77017,12535,53622,1978,9284,0,0
32,118,101.46,20156,118137,14389,90845,5690,31890,0,0
32,120,172.39,21951,88826,14532,62721,4847,20910,0,0
32,122,79.83,15130,91964,7712,38827,3478,21652,0,0
32,124,86.92,9275,35430,7499,27561,1501,7143,0,0
32,126,128.5,17202,56211,10767,35490,5995,19750,1054,4217
32,30,2.42,59,119,47,95,4,8,0,0
32,38,1,11,44,3,11,3,11,0,0
32,40,6.73,369,696,305,599,21,32,0,0
32,52,0.41,73,146,73,146,0,0,0,0
32,54,1,333,665,0,0,0,0,0,0
32,62,3.5,1977,5540,4,4,1963,5526,0,0
32,66,0.14,82,165,0,0,25,49,0,0
32,68,0.13,80,160,0,0,24,48,0,0
32,100,3.18,1045,6272,990,6057,153,913,0,0
32,102,15.97,1946,13267,1725,12039,241,1377,0,0
32,104,1.86,381,2491,381,2491,0,0,0,0
34,0,14.79,3396,8661,1663,4404,686,1922,0,0
34,4,14.49,3938,9944,1809,4136,1073,2662,0,0
34,6,1,97,195,24,49,24,49,0,0
34,10,17.61,1407,2812,1208,2416,42,84,0,0
34,12,59.87,4201,8610,3452,7132,205,404,0,0
34,14,22.46,1644,3175,1406,2719,60,113,0,0
34,30,12.9,930,2293,800,2026,43,89,0,0
34,32,0.02,3,7,3,7,0,0,0,0
34,40,19.11,2229,5709,802,1943,311,764,0,0
34,42,34.21,2682,6393,2351,5756,91,179,0,0
34,44,27.33,2439,5436,2197,5060,50,77,0,0
34,46,30.54,1388,2452,817,1694,190,252,0,0
34,48,11.81,1050,3280,730,2315,106,321,0,0
34,50,58.91,5381,17445,4476,15473,221,522,0,0
34,52,42.49,3803,12942,3463,12177,96,219,0,0
34,58,2,92,335,79,307,5,9,0,0
34,60,11.3,1766,4968,405,1169,405,1169,0,0
34,62,13.91,3683,10307,454,1555,2319,5638,0,0
34,66,1.01,184,367,0,0,43,86,0,0
34,68,6.72,865,1571,69,99,158,276,0,0
34,70,12.92,2144,6913,1296,3837,266,973,0,0
34,72,61.85,6552,22476,4542,13130,658,3094,0,0
34,74,87.98,6934,18347,5989,15664,347,1017,0,0
34,76,57.89,8372,32601,5975,22028,877,3673,0,0
34,78,81.79,4436,9729,3287,7526,308,619,0,0
34,80,23.5,8546,50855,2226,12904,2051,12553,0,0
34,82,57.58,17037,87358,6646,30366,4100,20265,0,0
34,84,72.13,11612,48469,7559,33169,1711,5153,0,0
34,86,88.24,13244,58176,9818,47674,1997,6852,324,970
34,88,53.8,10674,59962,7861,48556,1555,6180,594,3564
34,90,103.12,13190,58826,9462,42852,1378,5996,0,0
34,92,47.42,12932,60308,4283,23769,3945,15040,0,0
34,94,44.22,11191,57888,6489,38373,2158,10011,0,0
34,96,107.17,16846,82779,9645,49067,3643,18388,0,0
34,98,33.46,8612,46270,6308,37123,2049,9536,0,0
34,100,69.17,16047,87559,9301,51982,3668,18480,0,0
34,102,76.63,19776,115897,13098,75942,3985,21993,888,8881
34,104,111.72,22174,125139,17412,99007,3803,19650,691,6913
34,106,119.05,23625,140144,17011,98640,8161,48834,363,3627
34,108,134.68,23477,131522,18384,102170,7025,37819,429,4147
34,110,99.26,24667,123838,15770,72632,6098,28271,2127,20257
34,112,60.53,21470,104651,12017,56779,6297,32462,0,0
34,114,116.79,20623,87288,12274,50764,5529,25477,43,298
34,116,140.62,18566,83451,12561,50063,4296,19583,0,0
34,118,148.54,18551,76086,17020,70633,3620,15662,0,0
34,120,210.45,18110,69533,15600,61349,2824,11814,0,0
34,122,219.39,17833,61283,13073,47205,3008,10777,0,0
34,124,114.83,12383,46303,8856,34735,2133,8108,0,0
34,126,210.98,15524,41617,12271,34816,1922,4743,0,0
34,28,0.03,7,22,7,22,0,0,0,0
34,38,5.01,562,1318,557,1311,2,2,0,0
34,56,1,287,574,86,172,287,574,0,0
34,64,1,463,463,0,0,139,139,0,0
36,0,28.78,2235,4728,1938,4107,94,196,0,0
36,2,14.62,1851,4472,1249,3039,142,362,174,347
36,4,20.16,2318,4795,1790,3800,336,672,0,0
36,6,8.79,1712,3776,959,2310,240,477,0,0
36,10,2.31,155,309,124,248,10,21,0,0
36,12,20.02,1362,2754,1217,2486,48,89,0,0
36,36,6.56,668,1969,259,767,137,401,0,0
36,38,12.43,927,2685,619,1830,104,284,0,0
36,40,1.92,71,196,58,170,4,8,0,0
36,42,0.42,77,153,19,38,19,38,0,0
36,44,14,3324,6850,756,1893,2316,4573,0,0
36,46,41.82,4298,8783,2926,5461,422,1038,0,0
36,48,68.23,5873,14021,4699,11287,388,913,0,0
36,50,21.56,2198,4264,1027,2124,293,579,0,0
36,52,6.05,2365,7414,1488,5438,355,910,0,0
36,60,6.75,3919,13719,1737,6461,727,2419,0,0
36,62,12.37,2180,10163,545,2541,545,2541,0,0
36,64,5.53,93,93,23,23,23,23,0,0
36,66,3.33,1421,4027,59,119,926,2720,0,0
36,68,9.21,1065,2466,891,2060,39,79,0,0
36,70,71.89,6680,18309,5874,15873,485,1679,0,0
36,72,49.89,7154,25184,5814,20477,424,1529,0,0
36,74,139.22,9038,26238,8041,24199,229,596,0,0
36,76,81.66,7638,20006,6462,16893,409,1163,0,0
36,78,70.11,6418,18063,5095,15550,383,738,0,0
36,80,35.73,5226,19248,2201,8679,1020,3568,0,0
36,82,100.07,12053,49433,8212,31937,1250,5943,0,0
36,84,179.88,15945,56964,13447,49873,1154,4518,0,0
36,86,232.2,17576,52542,15746,48564,700,1919,0,0
36,88,110.88,15940,63732,11014,47005,3954,13437,0,0
36,90,184.02,14748,57697,10923,43456,2245,9405,0,0
36,92,138.09,15746,66876,12795,55388,1929,7723,0,0
36,94,171.9,19234,70450,14617,55282,3796,12127,0,0
36,96,153.97,21412,92947,16199,68805,4867,22683,0,0
36,98,52.66,15684,94757,6755,38715,5032,29313,0,0
36,100,109.86,18982,103065,15102,82211,4936,27550,619,3091
36,102,147.91,27757,147959,20318,108597,7578,43452,6,62
36,104,203.56,27692,149438,25121,134991,6409,35752,2,16
36,106,129.11,26012,162388,18521,118349,11848,73437,0,0
36,108,169.23,28978,159906,25498,142252,9615,52327,0,0
36,110,65.01,20896,118052,9816,52496,14273,83536,0,0
36,112,149.72,26964,139188,18928,97598,9425,49663,979,7030
36,114,79.88,18838,104541,8842,45805,3241,17539,3201,21509
36,116,107.72,18873,87529,11253,47750,5360,28290,1082,7575
36,118,176.72,19667,91505,13843,68463,5164,23354,0,0
36,120,234.33,17645,63986,15049,54918,882,3288,0,0
36,122,135.27,13125,51962,11436,47130,1505,6580,0,0
36,124,133,17265,62093,11146,44077,4633,13472,0,0
36,126,179.83,14496,44283,11729,35873,1479,4092,0,0
36,26,1.01,97,197,24,49,24,49,0,0
36,28,14.41,1197,2789,707,1513,158,415,0,0
36,54,3,198,567,182,539,6,10,0,0
36,58,0.35,585,1756,146,439,146,439,0,0
38,0,47.38,4371,8273,2817,5467,493,887,0,0
38,2,25.57,2372,4907,1420,3001,291,582,0,0
38,4,31.94,3596,6951,3124,6039,157,304,0,0
38,6,8.92,764,1558,685,1373,21,47,0,0
38,8,2,423,846,321,642,34,68,0,0
38,12,10.41,1201,2746,970,2253,41,94,0,0
38,22,25.06,1874,4035,1617,3514,71,144,0,0
38,26,40.04,4221,10978,2275,5680,641,1758,0,0
38,28,6.74,659,1566,448,1090,70,158,0,0
38,38,19.13,2413,7683,1521,3307,265,1426,206,4111
38,44,30.18,2263,5521,1382,3405,667,1627,0,0
38,46,74.84,5534,12131,4174,9285,690,1430,0,0
38,48,68.23,5843,14520,3778,9450,479,1165,613,1838
38,50,3.05,236,471,67,134,57,113,0,0
38,52,10.53,8841,48377,648,5796,6962,31116,0,0
38,54,23.4,7020,29984,6210,26272,392,1723,0,0
38,56,145.32,6890,26390,4694,21423,732,1655,0,0
38,58,18.69,3332,11195,2754,9064,192,711,0,0
38,60,6.45,13300,78675,3324,19669,3324,19669,0,0
38,62,3.07,3220,15056,805,3765,805,3765,0,0
38,66,7.08,862,2489,602,1821,84,212,0,0
38,68,53.48,5839,21861,4022,14498,563,2377,0,0
38,70,99.31,7848,20207,7263,19299,174,411,0,0
38,72,110.59,10457,32206,8954,28678,613,1701,0,0
38,74,90.04,9368,26272,7389,21924,524,1157,0,0
38,76,66.94,6014,16967,4323,11462,669,2083,0,0
38,78,126.78,12810,44999,8637,28916,1523,5880,0,0
38,80,82.18,12088,45226,8812,34568,1874,6543,0,0
38,82,118.67,13186,46238,10961,40073,1647,4384,0,0
38,84,117.41,14244,54892,8709,35231,4055,12866,933,6202
38,86,163.04,15863,56030,11040,39855,3361,11672,0,0
38,88,67.84,13172,67202,6659,39998,4431,18022,0,0
38,90,93.2,15281,57537,7408,30112,3471,12392,0,0
38,92,97.76,13733,54315,8493,35358,3635,13430,0,0
38,94,122.73,15483,59138,9407,35360,2663,9742,299,2394
38,96,97.79,20068,82097,9360,37013,6297,25965,0,0
38,98,107.37,15651,67316,10691,44459,3141,12990,296,1905
38,100,125.89,23815,128230,16962,92880,5429,30058,838,4123
38,102,98.4,20330,110834,13530,74943,7360,40109,29,173
38,104,124,23397,131581,18421,102242,7077,42784,0,0
38,106,109.87,22819,143815,11520,72529,10102,66039,1755,12723
38,108,146.93,27433,164742,20562,122150,11453,69824,1644,10797
38,110,87.68,21784,157984,8041,54276,16023,119580,305,2133
38,112,88.19,25756,174471,14428,99072,14373,96957,0,0
38,114,90.71,20396,105792,10765,55321,9890,54283,0,0
38,116,128.68,19610,94199,14212,70032,5073,24626,0,0
38,118,180.87,20641,89173,17161,74591,3395,15182,0,0
38,120,330.7,20282,73992,17869,66695,839,2840,132,395
38,122,117.32,13935,60535,9195,40906,2675,12312,243,729
38,124,99.12,11703,54322,9699,45281,911,6011,0,0
38,126,131.54,11901,38701,9825,33838,494,1297,150,448
38,10,7.59,321,634,188,376,66,132,0,0
38,20,12.19,533,1043,448,897,20,41,0,0
38,24,3.47,409,1349,376,1264,11,27,0,0
38,40,29.77,1626,3375,1454,3038,55,110,0,0
38,64,6,411,929,114,329,263,529,0,0
40,0,45.45,4316,9643,2467,5353,587,1390,0,0
40,2,19.47,3095,7364,1480,3036,538,1442,0,0
40,4,9.06,1484,4349,1253,3696,67,199,0,0
40,6,13.95,1869,4675,1664,4346,166,331,0,0
40,10,23.5,2025,3812,1595,2968,117,229,0,0
40,12,29.86,3030,6698,2457,5625,176,343,0,0
40,14,6.14,856,2273,327,925,151,399,0,0
40,18,20.62,1423,2927,782,1669,214,419,0,0
40,20,50.23,3712,8201,3097,6784,181,427,0,0
40,22,63.67,5253,11324,4874,10578,110,214,0,0
40,24,42.05,5124,12223,2408,5132,993,2686,230,690
40,26,67.7,5180,11480,3425,7850,1213,2468,0,0
40,28,0.03,6,6,6,6,0,0,0,0
40,30,5.53,516,1198,231,653,33,56,0,0
40,36,139.73,6494,17097,5574,14895,306,734,0,0
40,38,85.45,5393,13364,4499,10534,232,774,46,928
40,40,75.62,5438,12952,4963,12000,130,260,0,0
40,42,62.96,4185,8876,3801,8155,102,196,0,0
40,44,96.61,6893,18044,6452,16949,126,330,0,0
40,46,15.13,2893,8513,2046,6819,277,559,0,0
40,48,99.58,10400,26792,8114,20874,1584,4515,0,0
40,50,86.85,6651,16450,5823,14969,259,520,0,0
40,52,29.09,1798,4063,1510,3494,96,190,0,0
40,56,19.3,5548,29766,4779,27759,318,793,0,0
40,58,23.78,2575,8755,1743,5989,501,1369,0,0
40,60,3.84,14050,80580,3448,19756,3708,21314,0,0
40,62,4.2,6914,33115,1594,7348,2243,11407,0,0
40,64,48.2,4172,12026,3319,9941,272,706,0,0
40,66,90.45,7062,19344,4399,11588,831,2573,0,0
40,68,129.54,10219,26433,7510,19216,664,2047,0,0
40,70,85.17,9581,25247,5940,16679,1263,2923,0,0
40,72,143.87,11082,28146,7750,20106,1627,4190,0,0
40,74,40.9,5154,13823,4689,12769,206,532,0,0
40,76,56.81,8362,27347,5578,18855,2748,9513,0,0
40,78,130.59,12504,37017,10163,31790,1451,4146,0,0
40,80,100.02,11090,43365,8047,33331,1468,4659,0,0
40,82,134.45,9794,23012,7491,18423,813,1794,0,0
40,84,108.39,11533,34788,6192,16581,3065,10961,0,0
40,86,189.77,14881,53182,12111,43380,1109,4152,0,0
40,88,168.1,14444,55750,10753,44915,2165,6731,0,0
40,90,207.25,16783,55744,12813,45152,1425,3841,0,0
40,92,155.9,15600,47808,12311,40378,1911,5275,0,0
40,94,193.48,16577,60311,14431,54159,829,2549,0,0
40,96,117.31,11194,44013,8526,34574,1151,4139,0,0
40,98,35.57,13769,61850,4119,17502,4366,19910,913,5462
40,100,57.22,9285,53308,7936,45086,1875,11843,0,0
40,102,119.18,23342,123480,19481,106469,4029,19445,0,0
40,104,80.31,20292,111258,13012,67647,7252,41548,783,6914
40,106,104.42,25074,148014,15455,96642,13959,80002,0,0
40,108,66.09,27543,158994,14891,92640,14959,85058,0,0
40,110,53.86,21694,137321,9551,60688,10791,66403,0,0
40,112,67.34,20989,131845,8227,49761,14860,94790,0,0
40,114,116.01,23091,120471,18271,96357,7954,41000,0,0
40,116,91.9,25730,118198,15113,63833,10048,44986,0,0
40,118,150.4,23498,96320,16982,73960,5930,23894,0,0
40,120,292.11,22567,86983,21088,82784,1054,3551,0,0
40,122,123.68,12038,62669,9619,54598,1551,5494,0,0
40,124,32.94,13077,67058,4083,34498,6629,21195,0,0
40,126,32.48,4977,19319,3357,13175,597,2410,64,191
40,8,2,188,375,163,326,8,16,0,0
40,32,1.47,206,412,15,30,161,323,0,0
40,34,5.03,421,843,345,689,18,37,0,0
42,4,7.26,512,1175,365,875,24,52,0,0
42,6,44.39,3477,7772,2412,5516,295,635,0,0
42,8,52.61,5315,11405,1720,3620,1184,2580,0,0
42,10,50.52,4079,8478,3179,6622,242,540,0,0
42,12,21.85,1759,3559,1533,3162,53,87,0,0
42,14,5.73,959,2031,500,1151,153,294,0,0
42,16,4.87,504,1031,366,785,45,82,0,0
42,18,8.98,822,1675,369,789,150,295,0,0
42,20,26.33,1732,4071,1368,3455,119,202,0,0
42,22,12.35,933,2019,782,1720,50,100,0,0
42,24,28.64,2045,4409,1734,3773,72,135,0,0
42,26,29.87,1632,3087,1465,2778,56,103,0,0
42,30,3,316,818,312,810,57,169,0,0
42,34,5.96,751,1500,722,1445,9,19,0,0
42,36,59,4585,10796,3742,8622,253,652,0,0
42,38,51.69,3084,7669,2283,5938,217,474,0,0
42,40,65.38,4572,10535,4265,9973,139,269,0,0
42,42,102.25,7342,16671,6703,15380,202,417,0,0
42,44,77.7,4829,11915,4466,11124,100,205,0,0
42,46,26.4,1501,3596,1309,3212,60,122,0,0
42,48,49.73,5160,14927,2316,6906,1288,3720,0,0
42,50,86.02,8132,27698,5338,18287,2356,8763,0,0
42,52,72.3,6370,21505,5833,20375,161,340,0,0
42,54,38.6,4933,18844,3340,12682,531,2053,0,0
42,56,23.59,5671,13485,1683,4133,1303,3075,0,0
42,58,16.67,4200,16294,1396,4863,1028,4221,779,3894
42,60,10.09,2700,15431,681,3920,818,4821,140,699
42,62,35.89,7144,31178,2093,7665,2564,13523,0,0
42,64,72.85,9748,42009,6705,25153,1472,8719,0,0
42,66,93.13,11201,36859,7850,29911,978,2127,0,0
42,68,149.02,9788,24528,7275,18316,995,2739,0,0
42,70,91.09,7682,19836,6044,16122,912,2721,0,0
42,72,81.49,9533,29261,7000,23127,2265,6215,0,0
42,74,35.93,4248,13030,4051,12627,58,108,0,0
42,76,19.15,9767,22623,1880,4288,4574,9914,0,0
42,78,107.03,9689,23038,6160,15961,2408,5310,0,0
42,80,136.83,11010,27841,9093,23641,1155,2925,0,0
42,82,101.4,9134,21030,7914,19125,298,704,0,0
42,84,110.05,9568,25061,7922,21941,968,2231,0,0
42,86,108.63,10071,27525,7648,23073,746,1705,0,0
42,88,202.22,13875,42840,11656,36509,883,3103,0,0
42,90,167.44,14166,40648,11698,34346,1004,2829,0,0
42,92,149.69,14219,45914,10898,37639,1449,4000,0,0
42,94,106.64,13026,55507,9869,48055,1737,5365,193,963
42,96,19.73,3489,20141,3145,19375,312,1049,0,0
42,98,16.08,4678,25059,2761,16222,1012,5015,0,0
42,100,1.79,1156,5514,88,374,892,4395,0,0
42,102,29.2,8926,46114,4831,28439,2450,10141,0,0
42,104,63.11,17021,98585,8547,47181,4762,23190,4433,32872
42,106,64.12,16213,93774,10800,64501,6860,39097,80,321
42,108,55.63,22453,141524,12815,78548,7806,55931,0,0
42,110,120.37,22785,111748,12961,60715,9343,45840,0,0
42,112,89.7,17732,84443,10272,51889,8696,41962,603,2410
42,114,151.53,22088,100179,17271,81688,5762,24698,243,1217
42,116,92.24,23989,117963,17329,85500,9028,44625,0,0
42,118,144.32,22328,98130,17034,74627,3959,18725,0,0
42,120,172.6,17644,75028,15732,69382,1667,6285,0,0
42,122,56.3,10785,63944,5399,35832,3430,14197,0,0
42,124,12.4,6210,25483,1037,3792,3099,14106,0,0
42,126,2.82,979,2638,245,660,245,660,0,0
44,6,5.38,1029,2196,286,606,248,530,0,0
44,8,26.19,2837,5646,2082,4226,226,478,0,0
44,10,40.98,3185,6400,2346,4641,243,540,0,0
44,12,7.69,486,1080,418,949,23,44,0,0
44,16,1,18,36,4,9,4,9,0,0
44,30,6.65,795,2035,326,820,104,300,0,0
44,34,40.95,4002,8636,3697,8128,102,170,0,0
44,36,64.97,6346,13815,5971,12935,89,222,0,0
44,38,30.33,3044,6229,2934,6000,38,75,0,0
44,40,84.71,7005,15389,6645,14689,134,247,0,0
44,42,59.76,5182,12288,4978,11903,60,120,0,0
44,44,83.33,5438,12917,5024,12093,138,275,0,0
44,46,41.66,2246,4732,1770,3729,159,334,0,0
44,48,28.24,3398,9288,1608,4021,595,1755,0,0
44,50,78.95,4987,13557,4156,11724,359,779,0,0
44,52,44.65,8617,28542,3230,10306,2064,6616,0,0
44,54,30.43,2727,7522,2259,5763,144,564,0,0
44,56,2.23,776,1551,194,389,194,389,0,0
44,58,5.52,3845,19388,961,4847,961,4847,0,0
44,60,9.14,2591,13764,676,3640,1071,6409,0,0
44,62,9.57,6218,20705,1632,5332,1528,5124,0,0
44,64,59.23,7786,20399,3767,9774,1238,3419,0,0
44,66,34.46,8067,22948,3260,8509,1758,5294,0,0
44,68,77.52,10922,38373,8811,32672,1386,3474,0,0
44,70,110.79,9083,27163,8149,25616,380,1085,0,0
44,72,129.91,9907,24546,7162,18588,958,2382,0,0
44,74,33.72,5128,16428,3166,12351,875,2652,0,0
44,76,74.5,11463,41222,8792,32285,1027,2959,435,2611
44,78,141.4,9652,22635,8166,20079,680,1259,0,0
44,80,129.35,9518,17785,7831,14941,612,1336,0,0
44,82,66.77,10309,42192,7029,36895,978,1687,348,348
44,84,113.76,9272,21805,8188,20368,228,412,123,123
44,86,160.36,12089,32477,9816,27333,692,2078,0,0
44,88,112.67,10418,38000,8018,31163,838,3623,0,0
44,90,107.93,13576,49719,10183,39018,1586,6276,0,0
44,92,105.71,12250,45431,10303,40425,652,2505,0,0
44,94,98.92,15653,59101,10088,39509,3154,13162,404,2020
44,96,159.04,16089,62024,13319,54784,1130,4100,0,0
44,98,171.11,19593,90033,15641,72311,2099,10169,0,0
44,100,29.02,9982,76032,8291,67556,2345,16217,0,0
44,102,108.74,19674,80912,14092,61735,4782,16485,0,0
44,104,117.37,20543,91727,15943,72540,5870,25997,0,0
44,106,173.62,26856,115680,19742,86515,8901,37343,0,0
44,108,138.43,23242,101093,15155,66425,8490,36410,0,0
44,110,207.07,24065,98590,19334,79260,4959,20144,145,290
44,112,111.71,23780,110427,16432,74041,7975,41561,0,0
44,114,71.52,18733,127496,9848,62327,8834,65898,0,0
44,116,73.4,19617,101592,11397,58477,8751,46015,0,0
44,118,55.01,13546,69505,6738,38456,4532,21100,0,0
44,120,32.77,10061,41474,3321,20266,6447,22698,0,0
44,122,52.01,10974,57966,4420,27944,4469,21420,0,0
44,124,2.85,9289,41572,1104,5519,5977,25013,0,0
44,126,15.82,4663,11209,1039,2755,2087,4578,0,0
44,2,7.17,637,1465,388,823,83,214,0,0
44,4,0.06,13,39,3,10,3,10,0,0
44,28,0.75,78,215,65,189,4,9,0,0
44,32,7,444,879,419,835,9,15,0,0
46,2,13.77,1345,3440,601,1472,204,566,0,0
46,6,18.28,1790,3803,1155,2541,153,305,0,0
46,8,10.93,1034,1953,669,1308,122,216,0,0
46,10,0.97,18,22,8,13,3,3,0,0
46,28,2,157,283,9,12,131,255,0,0
46,30,12.95,1732,4517,1645,4326,29,64,0,0
46,32,12.02,2236,5730,1514,4204,241,509,0,0
46,34,36.64,2895,6179,2632,5685,89,174,0,0
46,36,35.69,3469,6924,3321,6640,57,112,0,0
46,38,5.76,485,973,476,952,3,7,0,0
46,40,44.5,4154,10509,3975,10207,90,128,0,0
46,42,45.74,5869,13038,3053,7410,2070,4137,0,0
46,44,85.23,7207,16476,6886,15824,107,217,0,0
46,46,48.85,5215,13043,3787,8236,465,1579,0,0
46,48,24.16,2692,8225,1369,3557,482,1640,0,0
46,50,8.17,882,1943,798,1776,27,56,0,0
46,52,35.22,3283,10361,2829,9139,133,370,0,0
46,54,33.22,2709,9766,2359,8541,117,409,0,0
46,56,28.78,9190,29168,1963,5784,3926,13866,0,0
46,58,18.51,4450,14400,240,874,102,406,0,0
46,60,3.24,298,589,45,88,164,326,0,0
46,62,2.19,1640,7094,215,643,998,5166,0,0
46,64,10.1,1952,8569,1128,5843,509,2095,0,0
46,66,10.23,5218,26553,2970,15909,748,3548,0,0
46,68,12.79,7546,34334,2690,13269,1478,6455,424,1697
46,70,95.09,11902,41513,7581,23745,1349,5830,0,0
46,72,100.81,8612,26503,7621,24321,233,602,0,0
46,74,19.42,5333,26947,3213,18683,707,3295,0,0
46,76,65.64,9126,36300,7003,32015,226,705,0,0
46,78,131.01,9894,20257,8629,18476,356,616,0,0
46,80,106.53,8668,20336,7209,17290,598,2047,0,0
46,82,53.73,10366,38469,7927,31318,1536,5134,0,0
46,84,132.42,10880,34847,8994,31873,783,1714,6,6
46,86,143.08,12655,46939,7890,33396,2903,7361,0,0
46,88,116.76,9493,35801,7525,30067,1631,5110,0,0
46,90,102.41,12106,41294,8755,30872,1427,5513,0,0
46,92,70.64,9740,41198,7124,35087,732,2086,0,0
46,94,95.13,11223,42492,9682,37621,491,1829,0,0
46,96,57.92,10225,57162,6817,44744,2702,10620,0,0
46,98,49.08,10137,58737,8343,52633,2046,9535,0,0
46,100,56.81,12009,62853,9817,56218,2447,11069,0,0
46,102,38.13,11380,72906,8014,58242,2169,9726,0,0
46,104,41.32,12285,71842,7264,47601,4480,25208,0,0
46,106,30.84,14851,73696,5243,25879,7606,32193,0,0
46,108,33.2,14076,64550,4498,17909,4971,21625,2907,20159
46,110,129.02,23235,92643,15717,66606,8611,33554,0,0
46,112,65.13,17665,87455,9109,42645,4730,19516,0,0
46,114,57.64,8854,39291,6720,29175,2068,10617,0,0
46,116,15.37,10718,72930,1591,13606,6584,35972,0,0
46,118,17.44,15020,56853,1478,4440,10583,43536,0,0
46,120,22.98,4466,12529,1664,5021,1595,5061,0,0
46,122,76.91,12692,41665,6059,20180,5360,17792,0,0
46,124,122.36,19628,69820,14447,53272,4838,16284,0,0
46,126,122.81,14222,45559,9713,36585,2741,5057,0,0
46,22,1.38,148,296,135,270,4,9,0,0
48,0,4.61,957,2554,493,1478,151,351,215,429
48,2,0.4,133,397,130,389,1,3,0,0
48,4,1.2,293,866,281,843,1,2,0,0
48,6,20.21,1695,3108,1283,2323,137,263,0,0
48,8,3.64,178,370,150,315,9,18,0,0
48,22,0.62,214,428,214,428,0,0,0,0
48,28,4,61,117,4,7,47,94,0,0
48,30,45.44,3482,8284,3057,7393,324,990,0,0
48,32,41.99,6660,21143,5893,19113,612,1966,0,0
48,34,16.66,1345,3719,1243,3461,22,62,0,0
48,42,7.92,514,1139,487,1086,9,18,0,0
48,44,76.58,6858,15870,6353,14647,124,273,0,0
48,46,57.35,5842,14587,4678,11867,338,819,0,0
48,48,37.87,4658,13760,3778,10920,209,581,386,1545
48,50,36.81,4895,16140,3907,11169,324,1645,0,0
48,52,79.59,8658,35563,7455,32070,382,1138,0,0
48,54,47.01,6864,21072,5522,16717,534,1848,0,0
48,56,26.6,5937,21353,4408,16837,1075,2984,0,0
48,58,9.63,812,2840,745,2670,23,57,0,0
48,60,3.08,4424,19370,544,2034,2791,13271,0,0
48,62,10.02,3381,11964,825,2866,908,3362,0,0
48,64,6.61,5381,23376,1304,5753,1467,6119,0,0
48,66,17.83,6269,31043,5120,28034,383,1004,0,0
48,68,10.12,5974,18162,2118,7829,824,1597,1384,5538
48,70,6.74,2002,12513,1193,6965,262,1842,0,0
48,72,43.32,4394,15775,2196,7787,1197,4113,0,0
48,74,25.38,4608,14945,2574,10237,1727,3551,0,0
48,76,13.36,6533,41419,5224,38523,1028,4893,0,0
48,78,60.48,10263,41258,7749,37678,501,1990,0,0
48,80,75.12,9411,29487,6643,23187,834,2078,0,0
48,82,11.08,8083,31177,4542,14617,1414,5987,0,0
48,84,58.79,8453,46712,7038,42803,316,1167,0,0
48,86,66.84,9974,20211,3857,9697,5404,9275,0,0
48,88,95.66,8464,28450,6370,22592,948,3259,0,0
48,90,68.44,9790,31614,5634,18773,4544,13273,0,0
48,92,18,4651,17913,1305,6418,1653,6111,0,0
48,94,26.27,2735,8767,1583,5179,628,2047,0,0
48,96,73.35,7807,27177,6842,25007,782,1882,0,0
48,98,131.62,12004,37614,10328,34279,368,1383,0,0
48,100,86.85,13614,53350,10904,46656,1927,4929,0,0
48,102,107.11,13247,63030,11314,56815,949,4142,0,0
48,104,87.98,10204,35635,7517,25142,975,3764,0,0
48,106,96.21,15174,72863,11201,50359,3595,21466,0,0
48,108,152.28,15008,52746,11804,43285,2580,8038,0,0
48,110,168.68,15111,52084,12093,43296,3120,10510,0,0
48,112,155.93,17663,62197,13086,49047,2541,8229,0,0
48,114,214.07,19802,71465,16294,61130,1834,5594,0,0
48,116,114.44,15006,79863,13023,63563,2111,13484,0,0
48,118,83.34,16076,71532,9936,47109,6538,28198,0,0
48,120,117.95,18324,58448,9612,32987,7393,22487,367,1101
48,122,145.49,15666,50313,12072,38427,2286,7731,0,0
48,124,154.85,17539,65938,13165,54989,3678,11358,0,0
48,126,203.7,17935,55988,14567,47703,2923,8989,0,0
48,10,1.97,332,505,213,386,40,40,0,0
48,14,0.15,10,19,2,5,2,5,0,0
48,38,1,32,96,8,24,8,24,0,0
50,2,9,1124,2242,1028,2055,31,62,0,0
50,4,3.77,415,830,315,631,21,41,0,0
50,6,8,608,1190,462,917,27,48,0,0
50,8,11.55,1413,3993,1080,2896,174,491,0,0
50,10,22.49,2487,5247,2089,4389,61,122,0,0
50,14,5.31,734,1593,449,1072,79,158,0,0
50,28,22.77,1363,2356,1182,2095,49,76,0,0
50,30,55.19,3789,8153,3270,7048,227,587,25,51
50,32,37.32,3967,11934,2491,7347,854,3016,0,0
50,34,54.1,3723,9375,2359,5332,322,948,0,0
50,42,57.08,4608,15997,4146,14458,154,513,0,0
50,44,73.07,7457,22771,5593,16457,680,2308,0,0
50,46,73.98,7486,21363,7133,20712,200,391,0,0
50,48,76.43,7241,19446,6242,17471,900,1844,0,0
50,50,49.22,5457,16581,3422,11102,1453,4337,0,0
50,52,74.57,9474,25666,5165,15761,3919,10080,0,0
50,54,10.54,6875,20302,1922,5547,2010,5628,0,0
50,56,9.73,8793,33820,4074,21236,1573,4195,0,0
50,60,12.46,11510,38949,2759,9619,3231,10091,0,0
50,62,15.74,9562,39485,2390,9871,2390,9871,0,0
50,64,18.38,9453,33931,2364,8482,2364,8482,0,0
50,66,9.97,8260,30622,2459,14229,4596,13449,0,0
50,68,30.46,7073,37297,2721,16230,3028,14301,0,0
50,70,13.4,8843,33101,1982,8387,3520,11939,0,0
50,72,17.03,14459,62803,3470,14808,4850,19558,0,0
50,74,6.47,4055,12428,783,2024,521,1762,0,0
50,76,35.89,6111,12331,2851,5970,1778,3504,0,0
50,78,84.46,9509,30742,6630,20125,892,3472,0,0
50,80,34.47,6103,22711,3113,11713,989,3658,0,0
50,82,35.54,6021,22140,3163,11236,1191,4862,0,0
50,84,78.28,9743,29532,6196,19644,1569,4468,0,0
50,86,91.22,10145,37158,8252,31935,544,1728,0,0
50,88,76.3,12138,34584,6193,17099,5025,15113,496,2482
50,90,99.89,12661,36427,7677,23123,5691,16481,0,0
50,92,80.3,11833,40671,10659,38013,439,1009,0,0
50,94,77.75,7828,27211,6947,24829,190,633,0,0
50,96,140.51,11393,27677,10297,25880,186,322,0,0
50,98,222.71,16040,43752,13981,39904,576,1061,0,0
50,100,143.14,14693,49904,12313,43750,2265,7301,114,341
50,102,79.9,11751,47619,6188,24230,2399,10766,442,2210
50,104,32.55,8796,33496,3131,12895,2070,7232,0,0
50,106,183.43,14910,49376,12894,43212,1317,5282,0,0
50,108,204.13,16651,48509,13707,41168,1290,3638,0,0
50,110,215.44,16013,48090,12956,39467,1769,5001,0,0
50,112,84.29,8772,26311,6394,20678,1389,3269,0,0
50,114,150.44,11011,33375,7798,23610,1215,4008,0,0
50,116,154.14,12668,40738,10387,34253,585,1591,806,3227
50,118,78.55,10297,45308,7639,37804,1258,5273,0,0
50,120,205.24,14030,49502,12025,43781,928,4892,0,0
50,122,152.35,10814,32756,9926,30799,272,847,0,0
50,124,53.8,12947,48182,6801,29012,1787,6041,1853,7411
50,126,152.36,13241,44023,11700,40342,1751,5962,0,0
50,36,13.47,1017,2693,707,1879,92,251,0,0
50,38,5.27,905,2654,436,1669,46,108,390,1561
50,58,0.31,551,2593,138,648,138,648,0,0
52,0,8.21,1078,2208,756,1526,49,111,0,0
52,2,1.78,384,1412,96,353,96,353,343,1370
52,6,8.28,531,1179,390,924,38,57,0,0
52,8,16.54,1761,4230,1123,2516,188,499,0,0
52,10,40.63,3923,9149,3024,7414,265,516,0,0
52,12,23.96,2337,4515,2022,3918,59,102,0,0
52,14,5.54,851,1645,759,1518,0,0,0,0
52,24,4.17,479,1383,328,1055,4,16,0,0
52,28,0.15,23,46,23,46,0,0,0,0
52,30,75.23,5703,9909,5352,9303,117,202,0,0
52,32,57.77,4436,9569,4244,9202,64,123,0,0
52,34,50.49,3488,10972,1972,6256,390,1151,0,0
52,36,5.31,1739,9173,490,2474,397,2196,0,0
52,40,32.43,2414,5963,2254,5583,53,126,0,0
52,42,54.73,5465,18751,2400,8215,1016,3506,0,0
52,44,47.04,3810,13158,1304,4214,764,2659,0,0
52,46,59.03,6927,18844,5039,14386,1676,4178,240,960
52,48,41.36,8295,28856,3175,11117,4171,14400,0,0
52,50,69.54,9135,30919,8022,28264,940,3126,0,0
52,52,90.34,6738,16767,5608,14573,683,2183,0,0
52,54,48.16,8515,27032,3158,11753,2775,7131,0,0
52,56,4.18,2024,5933,506,1484,506,1484,0,0
52,58,13.33,10666,43849,2462,10757,3282,11578,0,0
52,60,12.8,12971,36133,2893,8684,4290,10081,0,0
52,62,10.2,10799,54015,2347,12444,2347,12444,0,0
52,64,3.69,3015,6706,547,1057,548,1060,0,0
52,66,22.42,9290,25403,1511,3538,4867,15116,0,0
52,68,20.88,5285,16407,1084,3171,2614,8054,0,0
52,70,22.27,7882,26042,2305,7104,1859,6313,0,0
52,72,10.81,5316,18384,1419,4776,2010,5959,0,0
52,74,9.7,3166,9702,1028,3098,713,2201,0,0
52,76,0.12,16,16,16,16,0,0,0,0
52,78,1.62,305,810,25,25,9,9,0,0
52,80,19.54,4415,18185,2231,8660,731,2763,0,0
52,82,114.31,8861,21852,7743,20068,96,181,0,0
52,84,92.8,8942,23985,7735,21440,552,1172,0,0
52,86,96.58,10431,33833,8397,28146,565,1786,0,0
52,88,190.62,18041,55559,13334,41028,3434,10836,0,0
52,90,184.25,12769,30139,10613,26030,371,901,0,0
52,92,98.4,8880,29874,6441,18431,721,3668,0,0
52,94,115.57,9378,29646,7871,24899,282,1142,0,0
52,96,103.02,11242,43358,7679,25125,1182,6307,0,0
52,98,172.41,16818,59141,13325,48031,3146,10547,309,1545
52,100,160.94,14685,42976,10831,32815,2900,8401,0,0
52,102,122.63,14649,53618,9067,31341,1855,7421,0,0
52,104,97.82,14636,54061,8929,32345,5260,20040,0,0
52,106,157.43,12814,40758,11648,38663,334,701,0,0
52,108,189.53,13750,39651,12140,36067,600,1454,0,0
52,110,85.06,9381,41743,8071,38885,281,670,0,0
52,114,43.92,3349,9366,2417,6971,178,445,0,0
52,116,74.6,5635,15025,3960,10398,871,2874,166,166
52,118,43.09,5908,31843,4000,24635,1647,10667,0,0
52,120,36.56,8391,57017,6265,48393,883,4811,0,0
52,122,59.94,10988,53781,8866,45702,1308,5144,0,0
52,124,117.31,11864,41188,7422,21922,2323,10717,0,0
52,126,175,12693,33329,10890,29413,520,1240,0,0
52,38,1.59,583,1626,487,1435,0,0,0,0
54,8,17.63,1605,3546,1117,2563,189,410,0,0
54,10,24.27,1994,4460,1602,3756,73,126,0,0
54,12,29.77,2054,4810,1609,3901,122,269,0,0
54,14,9.85,965,2517,912,2400,19,39,0,0
54,22,29.36,2915,5931,1854,3813,528,879,339,678
54,24,49.31,3993,9021,3388,7969,166,316,0,0
54,28,12.34,2857,8268,714,2067,714,2067,0,0
54,30,82.05,7066,15157,5273,10976,571,1348,0,0
54,32,75.95,6532,13525,6220,12903,87,173,0,0
54,34,50.94,4932,11385,4190,9613,189,475,0,0
54,36,23.06,6472,30129,3163,15798,1229,4954,0,0
54,38,31.38,7020,31950,3948,18847,766,3084,0,0
54,40,62.18,5856,19512,4979,17049,124,552,0,0
54,42,73.38,8944,31314,7458,27088,490,1651,0,0
54,44,77.32,7552,19597,4137,12062,2637,6165,0,0
54,46,22.29,5891,15572,1088,2824,3050,8147,0,0
54,48,28.82,9490,29816,2829,9122,5206,14674,0,0
54,50,57.83,9645,27223,6502,17652,1685,6887,0,0
54,52,47.2,7777,22852,2553,7356,4133,12348,0,0
54,54,20.19,1945,4264,1166,2536,343,839,0,0
54,56,28.08,3627,11666,1696,6157,892,2606,213,1064
54,58,14.46,10457,44631,2440,10808,3138,12205,0,0
54,60,9.21,4989,18471,1216,4493,1216,4493,0,0
54,62,5.47,2552,8176,632,2029,632,2029,0,0
54,64,1.43,607,1216,149,298,149,298,0,0
54,66,13.78,3885,12631,721,2578,1723,4898,0,0
54,68,8.59,5570,21421,1393,5356,1393,5356,0,0
54,70,14.71,4159,19785,1040,4946,1040,4946,0,0
54,72,11.13,6758,32884,1843,9297,1638,7861,0,0
54,74,3.64,1520,8993,1087,7259,124,518,0,0
54,76,48,6256,22593,3415,15211,575,1347,0,0
54,78,19.71,3639,10499,1619,5082,960,2411,0,0
54,80,15.18,10602,31427,1546,5013,9145,26604,0,0
54,82,103.87,7753,19959,6571,18014,246,471,0,0
54,84,60.76,5765,20882,4945,19141,203,483,0,0
54,86,133.61,10242,31747,7522,24602,1454,4108,0,0
54,88,130.13,11742,33659,9454,27567,636,1858,0,0
54,90,158.82,11494,31309,10408,29478,215,457,0,0
54,92,150.08,10943,27978,9823,26221,304,880,0,0
54,94,68.13,7243,25366,6630,24041,258,1028,0,0
54,96,59.41,7205,24559,5370,17880,480,1825,0,0
54,98,110.06,10226,32742,8850,29441,398,1072,0,0
54,100,84.07,10241,37871,8557,34379,1041,2310,0,0
54,102,145.8,13205,33202,9272,24137,1149,2928,0,0
54,104,126.17,14086,44261,8663,29602,3177,9015,729,2186
54,106,131.89,11977,35310,8223,25155,1860,4996,0,0
54,108,160.1,11884,33423,10365,30521,443,907,0,0
54,110,131.37,11142,31705,8930,26894,1016,2213,0,0
54,114,6.34,550,1808,393,1447,120,329,0,0
54,116,93.33,7827,26098,6307,23639,461,795,30,30
54,118,23.57,5225,33378,4962,32730,87,216,0,0
54,120,30.46,9601,63810,6771,50911,944,4299,0,0
54,122,55.9,10042,55749,6898,44184,967,3968,0,0
54,124,103.03,10884,38815,8808,32680,1404,6268,0,0
54,126,94.51,14065,37530,6082,15973,7051,19853,0,0
54,18,4,192,383,175,349,6,11,0,0
54,20,11.11,725,1424,564,1121,34,61,0,0
54,26,18.83,1508,3116,1245,2664,87,150,0,0
54,112,3.14,212,676,184,620,31,127,0,0
56,8,23.52,1726,3970,1362,3306,66,140,0,0
56,12,0.84,12,12,3,3,3,3,0,0
56,14,5.55,751,1646,491,1138,87,169,0,0
56,18,43.62,2717,5411,2333,4660,168,329,0,0
56,20,53.16,3412,7430,2969,6532,142,289,0,0
56,22,43.98,2910,7130,2429,6111,53,123,0,0
56,24,90.05,7273,17820,5985,14842,569,1314,0,0
56,26,53.51,5640,11990,4682,10034,464,1055,0,0
56,28,3,218,437,214,428,1,3,0,0
56,30,22.15,5263,10957,955,2063,3851,7904,0,0
56,32,13.98,8043,29034,1935,9106,5516,17084,0,0
56,34,70.72,6136,15837,4898,12896,301,784,0,0
56,36,17.9,2849,10227,1649,4903,392,1760,0,0
56,38,60.14,9431,37081,5277,17258,1406,6656,0,0
56,40,51.27,6207,13994,5394,11859,392,850,0,0
56,42,105.9,7264,17291,6260,15629,387,668,0,0
56,44,73.75,10138,28139,4315,9522,3821,12004,208,415
56,46,85.28,8582,19714,3857,8745,2665,5967,247,493
56,48,95.88,10733,23342,5158,12527,2219,4332,0,0
56,50,22.95,7622,28051,5480,21876,966,3065,0,0
56,52,25.01,6442,31988,2669,13927,1262,6056,0,0
56,54,33.73,7474,40062,5524,33799,760,2816,0,0
56,56,15.01,2043,5061,765,2511,683,1278,0,0
56,58,4.97,1230,2419,211,419,599,1163,0,0
56,60,1.97,2577,9707,75,148,75,148,0,0
56,62,3.84,1535,12090,1511,12040,8,16,0,0
56,64,16.49,11569,51343,4552,23930,2424,9306,0,0
56,66,11.47,7126,23643,1219,4173,3844,11502,0,0
56,68,14.59,5509,17155,1378,4288,1378,4288,0,0
56,70,20.22,7961,23822,1717,4863,2810,9233,0,0
56,72,11.1,10076,34456,2332,8205,3085,9841,0,0
56,74,29.53,6726,19549,2863,10582,3098,7149,0,0
56,76,41.73,9312,49698,6728,33689,1091,6882,0,0
56,78,22.44,8928,29861,6321,21063,912,3064,0,0
56,80,20.83,10787,38181,2618,10971,6082,18748,0,0
56,82,92.56,9603,28340,7527,22922,429,1531,0,0
56,84,126.22,10653,29470,7777,23214,1327,3780,0,0
56,86,111.37,9322,29748,7939,26793,606,1444,0,0
56,88,55.91,7589,38037,6664,35815,200,622,0,0
56,90,76.85,10413,34551,8239,28014,1397,4311,0,0
56,92,70,9777,35043,6757,24980,1159,3517,408,1631
56,94,56.13,6478,18297,4022,11764,1305,3411,0,0
56,96,70.83,8089,27284,5766,18334,694,2890,0,0
56,98,79.51,7809,29246,6640,24954,107,292,0,0
56,100,136.58,9859,21964,7547,17297,766,1601,0,0
56,102,122.48,9992,25810,8455,22401,862,2164,0,0
56,104,135.73,14278,45530,11441,38506,2025,6130,0,0
56,106,161.91,11003,31068,9493,27843,540,1392,0,0
56,108,139.85,11840,33167,9803,29051,411,979,0,0
56,110,153.38,12667,31798,8876,22740,970,2534,0,0
56,112,48.19,4917,14151,3078,9248,941,2455,0,0
56,116,12.99,1752,6507,1599,6064,51,148,0,0
56,118,42.2,7258,28576,3209,17213,2882,8318,0,0
56,120,2.59,4413,30487,1174,8185,1080,7434,0,0
56,122,8.68,4477,21670,1899,12228,1911,6897,0,0
56,124,43.76,8568,37989,5583,29523,1852,8000,0,0
56,126,64.24,14653,44824,4602,12652,6858,20784,0,0
56,6,4,284,540,268,524,5,5,0,0
56,10,1.25,147,294,113,225,12,23,0,0
56,114,1,244,733,61,183,61,183,0,0
58,6,10.38,972,2241,768,1747,14,22,0,0
58,8,18.53,1653,4390,1454,3784,40,119,0,0
58,10,54.45,3381,7243,2821,6240,134,275,0,0
58,12,10.67,682,1520,582,1329,34,65,0,0
58,16,4,200,361,143,276,12,13,0,0
58,18,79.36,4788,10143,3490,7532,422,848,0,0
58,20,91.82,5191,13046,4640,11806,169,383,0,0
58,22,53.93,3890,8465,3496,7649,135,284,0,0
58,24,71.05,5695,13067,4870,11497,439,999,0,0
58,26,65.85,5653,12567,4067,9239,489,1028,0,0
58,28,22.32,1818,3654,1660,3323,53,110,0,0
58,30,26.55,3552,9308,1476,3575,1710,5001,0,0
58,32,17.9,10560,32435,2520,11732,7892,20645,0,0
58,34,51.7,8970,33561,4011,15293,3952,14393,0,0
58,36,59.39,8100,28899,5996,21855,1837,6819,0,0
58,38,60.9,8339,32377,6374,25630,824,3381,0,0
58,40,58.49,8541,28473,7848,27087,362,778,0,0
58,42,47.14,6425,22546,6194,22156,202,380,0,0
58,44,20.26,4681,20649,1475,8188,2708,9825,61,122
58,46,31.44,5580,14412,1546,3725,2455,6984,267,534
58,48,95.89,7241,19508,4070,10558,2763,8154,0,0
58,50,27,5087,11188,1509,2450,3139,7515,0,0
58,54,5,853,2121,213,530,213,530,0,0
58,58,11.01,5766,31206,1441,7802,1441,7802,0,0
58,60,9.36,4039,13097,450,1569,2689,8388,0,0
58,62,19.55,8457,30836,410,1324,7229,26864,0,0
58,64,10.65,7236,25954,1234,4740,2569,8744,0,0
58,66,4.79,2739,13822,161,929,161,929,608,3646
58,70,14.51,2004,7401,501,1851,501,1851,0,0
58,72,5.24,422,664,57,69,250,455,0,0
58,74,29.3,6566,38392,4351,26358,779,4018,0,0
58,76,20.97,9837,50482,4447,23063,1983,9518,0,0
58,78,23.46,8524,36087,2207,9017,3908,12629,0,0
58,80,103.82,10554,32207,7072,17637,1206,5338,0,0
58,82,98.71,9174,24326,7963,21605,619,1823,0,0
58,84,73.37,10553,38778,6985,22765,1499,6291,0,0
58,86,94.56,10397,34504,7819,26291,394,1582,0,0
58,88,81.33,8083,26911,7537,25953,164,400,0,0
58,90,59.15,8190,24314,6584,19903,1367,4000,0,0
58,92,77.37,9393,31186,5538,18963,823,2799,0,0
58,94,116.43,8541,21919,7416,19997,233,447,0,0
58,96,86.7,9584,28351,6723,19956,1073,3316,0,0
58,98,99.65,8834,24229,7100,18840,1053,4160,289,579
58,100,127.09,9583,26774,8406,24005,522,1393,0,0
58,102,146.75,10616,26953,8529,22623,737,1554,0,0
58,104,130.33,10094,28904,9050,27176,320,874,0,0
58,106,131.46,11282,37355,9692,32899,822,3473,0,0
58,108,62.65,10749,45173,8490,38540,592,2104,0,0
58,110,130.05,10830,29981,8952,26526,363,770,0,0
58,112,26.61,6998,35688,3637,19946,1422,6596,0,0
58,114,33.85,4637,18007,3461,15764,286,526,0,0
58,116,47.96,10846,48607,9347,45945,273,454,0,0
58,118,51.76,7986,27371,4712,16865,1374,4851,0,0
58,120,37.54,10227,42382,4028,11718,3084,13591,0,0
58,122,9.24,5796,16063,2674,5240,1404,3971,0,0
58,124,32.28,7905,35963,3868,22904,2231,9515,0,0
58,126,56.85,11045,45238,6117,21456,2443,10134,0,0
58,0,2,324,649,49,98,178,355,0,0
58,2,3,120,120,30,30,30,30,0,0
58,4,10.62,396,1821,316,1526,18,74,0,0
58,52,1.91,1028,2027,7,7,1007,2006,0,0
58,56,1.06,632,4327,158,1082,158,1082,0,0
58,68,2,70,247,17,62,17,62,0,0
60,0,15.78,2252,4243,1275,2496,313,569,0,0
60,2,4.02,294,563,234,463,20,33,0,0
60,4,12.32,1351,4035,925,2813,85,234,0,0
60,6,43.84,3601,8880,3302,8195,59,133,0,0
60,8,36.5,2724,7240,2103,5733,194,481,0,0
60,10,31.1,2059,4908,1216,3107,271,589,0,0
60,16,2.28,332,833,209,586,41,82,0,0
60,18,52.86,4340,10756,4030,10118,522,1473,0,0
60,20,55.03,3982,9802,3569,8538,214,575,0,0
60,22,60.6,5134,11074,4071,8912,857,1726,0,0
60,24,49.07,6449,18782,3683,10786,1602,4651,0,0
60,26,43.43,4229,9781,3347,7804,247,580,0,0
60,28,41.69,5952,17047,3604,10680,999,2536,0,0
60,30,22.33,3889,9526,2245,5207,1348,3826,0,0
60,32,18.87,8972,21187,822,1835,7834,18476,0,0
60,34,38.73,4925,11512,2058,4426,2617,6603,0,0
60,36,61.88,5563,12415,3348,7764,1306,3132,0,0
60,38,37.38,4378,11475,3786,9948,653,2153,0,0
60,40,57.28,4055,7609,3299,6267,179,303,0,0
60,42,20.61,3293,6656,993,2189,110,176,0,0
60,44,4.42,2364,4730,157,314,36,72,0,0
60,46,9.67,4525,12895,655,1672,487,1336,0,0
60,48,10.74,8900,27858,1731,7546,6456,18974,0,0
60,50,11.69,5675,14681,153,297,5649,14655,0,0
60,52,2.85,530,1245,127,293,152,368,0,0
60,56,12.22,11758,56765,2757,14008,3488,14739,0,0
60,58,16.69,17054,94092,2755,17487,8790,41630,0,0
60,60,16.12,10687,25398,712,1837,8915,20253,0,0
60,62,35.86,9629,24448,706,1377,7508,20314,0,0
60,64,6.77,938,2519,104,264,457,1049,0,0
60,66,16.36,4309,13206,575,1530,824,2277,0,0
60,68,4.57,3252,9320,109,218,437,1203,0,0
60,70,4.1,6890,57452,1339,11382,2873,23305,0,0
60,72,2.22,7438,51743,15,15,7394,51699,0,0
60,74,9.21,7144,20368,1785,5092,1785,5092,0,0
60,76,4.87,13974,38157,2908,17163,8766,17822,0,0
60,78,21.63,15609,40930,1426,6626,13309,29912,0,0
60,80,42.87,5427,19550,3172,12682,789,2285,0,0
60,82,72.55,7784,20370,5391,14134,1615,4062,0,0
60,84,77.45,8764,19620,5467,12659,1013,2110,0,0
60,86,108.92,8503,23538,7558,21346,335,941,0,0
60,88,94.4,7833,24665,7127,23553,140,433,0,0
60,90,65.92,6999,22887,6633,22270,47,119,0,0
60,92,70.21,8341,25342,7837,24423,58,132,0,0
60,94,69.09,7496,23066,6268,19331,490,1539,0,0
60,96,58.92,14072,49409,6140,18984,2618,10084,0,0
60,98,57.16,8389,27077,5450,18368,1468,4666,0,0
60,100,91.49,9965,31635,7738,25223,1102,3117,0,0
60,102,123.27,9852,27027,8866,24698,185,458,0,0
60,104,44.71,7220,26810,4884,19011,710,2976,0,0
60,106,98.31,8684,29761,7295,26876,347,785,0,0
60,108,104.41,8760,26470,7368,20875,376,1683,0,0
60,110,73.39,7423,28022,6216,23267,399,1755,0,0
60,112,35.37,7397,38283,5318,30539,708,2779,0,0
60,114,61.43,8152,32677,4302,13562,2664,13125,0,0
60,116,58.53,8506,30254,4282,13026,3291,12907,0,0
60,118,86.04,8669,29077,7444,27218,232,511,0,0
60,120,108.45,8508,18946,6712,15000,388,1045,0,0
60,122,56.59,8198,23047,3832,9916,2160,6519,0,0
60,124,110.01,9901,24150,7631,20147,1133,2269,0,0
60,126,92.99,7919,21006,6365,17813,737,2098,0,0
60,12,1.69,193,385,185,369,3,5,0,0
60,54,3.3,964,3418,236,849,256,869,0,0
62,0,16.06,1849,4102,1406,3227,111,216,0,0
62,2,28.87,2742,6009,1686,3608,311,738,0,0
62,4,19.58,1465,3223,1219,2660,77,179,0,0
62,6,52.33,4190,9989,3664,8922,175,356,0,0
62,8,37.17,2209,4714,1722,3952,79,132,0,0
62,10,37.45,2011,4715,1607,3991,99,192,0,0
62,14,25.26,1939,3914,1793,3657,49,86,0,0
62,16,86.25,4950,11067,4473,10122,152,299,0,0
62,18,52.03,4774,10571,3399,7582,560,1312,0,0
62,20,46.38,4109,10116,3425,8312,91,218,410,1150
62,22,69.41,6239,14728,3910,9038,1047,2210,236,946
62,24,44.39,4691,11372,3754,9123,776,1875,49,197
62,26,24.34,1947,5342,1157,3163,636,1869,0,0
62,28,11.4,8734,23167,2142,5716,2294,5981,0,0
62,30,14.25,3390,8426,1686,4143,568,1428,0,0
62,32,36.22,4699,10546,2898,5587,1238,3394,0,0
62,34,71.02,6371,12911,5580,11421,280,665,0,0
62,36,65.61,10275,28066,4982,15697,2332,4704,0,0
62,38,98.87,8831,19115,6869,15985,418,795,0,0
62,40,127.12,7328,14346,6131,12089,345,673,0,0
62,42,55.76,3287,6210,2440,4507,240,516,0,0
62,44,19,2454,5503,401,951,1251,2651,0,0
62,46,9.87,3075,12377,1312,6582,1151,4712,0,0
62,48,16.72,5957,16875,705,1912,4752,14166,0,0
62,50,15.28,7481,19304,718,1887,5328,13644,0,0
62,52,13.12,4268,12159,169,479,3763,10725,0,0
62,54,1.33,2128,3031,226,451,1451,1676,0,0
62,56,7.34,6256,30580,1271,7284,2444,8726,0,0
62,58,15.56,6960,23863,584,2011,5209,17832,0,0
62,60,9.19,2491,7065,409,1217,1268,3415,0,0
62,62,20.24,7424,26734,5018,19156,2501,8816,0,0
62,64,13.14,19015,57304,2083,7640,16574,49412,0,0
62,66,6.13,2903,7843,213,424,2267,6570,0,0
62,70,25.99,8288,62084,3863,17310,1476,14924,0,0
62,72,20.88,8130,44436,2122,11183,2040,11171,0,0
62,74,8.47,10544,38958,149,545,10095,37321,0,0
62,76,19.57,9834,38612,3122,17318,5696,17485,0,0
62,78,49.21,6891,25135,4027,13363,1262,5193,0,0
62,80,54.94,10086,43349,7815,33954,1072,4059,0,0
62,82,123.87,8532,20428,7206,18168,587,1276,0,0
62,84,91.53,8321,20704,7134,18876,606,1004,0,0
62,86,92.25,7100,20978,6310,19644,113,198,0,0
62,88,25.74,6993,35001,6700,34460,44,74,0,0
62,90,57.73,6266,15837,6084,15462,98,261,0,0
62,92,135.58,9037,24698,7163,20349,480,1217,0,0
62,94,73.8,7792,29587,5871,20132,601,3088,0,0
62,96,62.85,9126,31467,4164,12636,2135,6881,0,0
62,98,27.32,4597,12844,1765,4921,732,1883,17,17
62,100,103.63,8850,23573,7520,20731,552,1469,0,0
62,102,161.97,12159,34467,10383,29867,344,732,0,0
62,104,60.69,7994,29954,5168,18736,1168,4375,0,0
62,106,49.67,7072,25697,6407,23953,336,1208,0,0
62,108,66.95,7168,25282,6300,23370,577,1878,0,0
62,110,58.94,9247,37671,8644,35442,164,683,0,0
62,112,99.68,9191,30418,7676,27035,389,959,0,0
62,114,129.28,9317,27299,7231,23228,335,784,0,0
62,116,60.36,9353,35161,7120,29225,779,2468,0,0
62,118,68.96,10489,34278,7580,26500,1842,4805,661,1983
62,120,94.49,10815,32515,6064,15788,3496,11124,0,0
62,122,106.6,10863,26770,7420,16898,3048,8889,0,0
62,124,152.14,9287,23390,6844,17137,590,1798,0,0
62,126,109.88,8783,22165,7438,19362,302,759,0,0
64,0,13.22,998,2315,873,2100,42,72,0,0
64,2,40.82,3166,8635,2227,6034,280,793,0,0
64,4,29.2,2659,6673,1683,4556,302,657,0,0
64,6,45.97,3544,9372,2189,5856,392,1003,0,0
64,8,31.94,2200,6402,1940,5787,61,142,0,0
64,10,55.46,3233,7824,2580,6626,214,396,0,0
64,12,46.01,3702,8542,2914,6788,249,564,0,0
64,14,58.79,4942,11647,3165,7375,592,1424,0,0
64,16,77.56,6192,14404,3784,8173,763,1959,0,0
64,18,29.32,1997,4127,1816,3770,58,114,0,0
64,20,38.57,3536,7819,2873,6505,221,438,0,0
64,22,33.85,3657,11289,2590,6114,835,4611,0,0
64,24,33.35,11452,59190,2376,6218,8515,50452,0,0
64,26,24.57,4812,16432,3503,9544,1148,6567,0,0
64,28,4.58,2431,6550,327,1075,582,1585,0,0
64,30,19.59,8910,20388,2441,5380,1939,4376,0,0
64,32,16.22,5375,10740,1394,2687,1662,3224,0,0
64,34,63.99,6762,13854,3571,7268,1325,2725,0,0
64,36,47.81,9137,28879,4555,15415,1680,4653,0,0
64,38,102.36,8485,20773,6099,15498,348,807,0,0
64,40,72.3,8418,17053,6117,13545,627,1024,0,0
64,42,24.38,2360,5194,1610,2960,460,1390,0,0
64,44,9.01,2371,8350,346,1411,1611,6086,0,0
64,46,23.08,8757,28096,1286,4771,4935,14014,0,0
64,48,15.12,8449,17172,736,1360,6242,13093,0,0
64,50,17.24,5686,15974,78,174,5453,15452,0,0
64,52,13.23,4665,13206,376,1428,3536,8919,0,0
64,54,0.69,2591,12652,25,51,2515,12500,0,0
64,56,8.63,5836,22701,274,751,5013,20445,0,0
64,58,5.61,6188,23391,278,1007,5355,20370,0,0
64,60,7.56,6443,20241,309,1339,5517,16225,0,0
64,62,13.4,5666,25430,1501,6019,2346,11031,0,0
64,64,2.05,2389,10285,115,643,2043,8357,0,0
64,66,1,8,8,2,2,2,2,0,0
64,70,11.41,5410,18818,73,84,4517,16543,0,0
64,72,3.37,15629,62364,0,0,15629,62364,0,0
64,74,13.55,7217,31767,3256,16484,2950,11548,0,0
64,76,24.76,6726,30827,3774,17751,1217,4578,0,0
64,78,52.55,7171,30277,4278,18370,1085,3244,0,0
64,80,90.7,9910,26407,7693,21044,2069,5805,0,0
64,82,128.36,8849,19259,7789,17503,196,313,0,0
64,84,67.86,7113,25648,6258,23702,331,1481,0,0
64,86,120.08,8762,27860,7913,25982,124,384,0,0
64,88,99.55,7159,18087,6050,15756,408,885,0,0
64,90,113.54,9124,21289,7419,17189,969,2263,0,0
64,92,72.1,8801,31786,4448,17901,3471,11187,0,0
64,94,77.55,6637,17288,4529,11337,784,2283,0,0
64,96,35.4,6759,18319,5340,15646,1354,2552,0,0
64,98,60.77,7067,20584,4997,14257,973,2680,10,10
64,100,93.93,7728,21841,7075,20442,110,237,0,0
64,102,77.71,10029,44625,8447,38264,557,2152,0,0
64,104,108.93,8258,29877,8156,29725,24,42,0,0
64,106,86.85,9178,41554,8155,38701,299,466,0,0
64,108,78.02,6505,18690,5285,14979,457,1046,0,0
64,110,59.33,8771,24745,5869,16893,1683,3918,0,0
64,112,52.67,7304,28612,6006,25725,876,2287,0,0
64,114,47.51,9768,44782,9156,42360,289,1300,0,0
64,116,63.06,10297,39434,6282,24428,1543,5432,0,0
64,118,69.24,7453,24217,4763,15793,713,2545,345,796
64,120,8.19,20009,107194,4560,25571,5372,27605,0,0
64,122,102.87,7869,17492,6313,14225,516,1123,0,0
64,124,121.35,8573,18834,6530,14413,203,465,0,0
64,126,92.25,8136,22570,7196,18320,308,1410,0,0
64,68,0.33,1055,4221,0,0,1055,4221,0,0
66,0,24.41,2209,5440,1172,2963,344,823,0,0
66,2,26.52,2107,6593,1718,5556,121,331,0,0
66,4,25.5,2313,5742,1730,4406,194,445,0,0
66,6,112.72,7701,19372,6396,16541,350,764,0,0
66,8,69.2,4661,12240,4014,10999,167,377,0,0
66,10,55.7,3990,9044,2998,7055,289,578,0,0
66,12,72.02,4459,8226,3221,5821,398,786,0,0
66,14,61,7737,20644,5645,15263,682,1723,0,0
66,16,59.32,7822,23921,4529,13424,1779,4882,0,0
66,18,42.16,4570,14810,2690,7559,582,2330,0,0
66,20,28.23,3135,6057,1816,3431,1118,2234,0,0
66,22,66.43,6957,15381,4819,9893,694,1803,0,0
66,24,64.8,9383,21733,4106,10375,3695,7659,0,0
66,26,38.94,10043,33161,6268,21005,1576,5086,0,0
66,28,8.75,2519,7375,908,2788,833,2120,0,0
66,30,9.65,2977,7776,1022,2500,652,1758,0,0
66,32,20.35,8660,21922,2813,7422,1723,4156,0,0
66,34,23.36,4233,8494,2815,4358,23,29,0,0
66,36,63.12,6598,28409,5266,21345,503,2416,0,0
66,38,78.26,5012,20563,4614,19113,133,484,0,0
66,40,43.82,3119,5077,2402,4208,239,290,0,0
66,46,3.99,2259,4459,16,18,2210,4404,0,0
66,48,11.34,5798,12375,101,232,5495,11676,0,0
66,50,15.81,6387,15984,1405,4085,3287,6987,0,0
66,52,2.45,3856,13483,964,3371,964,3371,0,0
66,54,5.24,2616,9633,163,446,163,446,0,0
66,56,8.91,2990,7512,442,1175,1665,3986,0,0
66,58,21.07,7308,27265,465,1200,5914,23662,0,0
66,60,5.91,3668,29031,917,7257,917,7257,0,0
66,66,22.76,5796,14083,1329,1686,4039,11251,0,0
66,68,19.32,9457,30532,1736,4638,6126,18491,0,0
66,70,10.38,7200,18855,0,0,7200,18855,0,0
66,72,15.14,9037,52038,3477,21676,4465,23178,0,0
66,74,19.78,5764,22285,3035,16975,1414,2780,0,0
66,76,33.11,12291,65648,2453,13285,7749,41757,0,0
66,78,84.62,10980,41233,6362,24049,3083,11005,0,0
66,80,86.64,9632,32474,7672,25839,1198,4527,0,0
66,82,81.77,8637,26129,7136,20184,605,2414,0,0
66,84,17.33,6219,22535,3065,11760,788,2800,1176,4703
66,86,62.87,7540,22814,4130,10906,1243,4484,0,0
66,88,62.56,8442,37356,6900,31917,731,2522,0,0
66,90,89.32,8032,25304,6985,21233,349,1357,0,0
66,92,74.34,7601,30108,6630,27773,324,779,0,0
66,94,125.8,8373,21874,4807,11828,1189,3348,0,0
66,96,38.65,6374,22595,5812,21273,196,495,0,0
66,98,81.17,7675,24466,7031,23329,354,741,0,0
66,100,63.32,7863,27239,6067,21147,1203,3595,0,0
66,102,82.34,6602,16980,5865,15267,188,522,0,0
66,104,129.2,9593,25464,8330,22708,580,1285,0,0
66,106,89.83,8083,29349,5906,20512,679,2892,0,0
66,108,115.75,7921,22878,6175,18508,1002,2726,0,0
66,110,51.29,8689,23247,4599,14835,2352,4795,0,0
66,112,103.79,9975,25528,8556,22430,462,1060,0,0
66,114,76.83,9913,29328,5825,17734,2692,6751,0,0
66,116,20.48,8032,25866,2268,7252,1191,4476,0,0
66,118,65.31,8708,27985,7870,26600,352,940,0,0
66,120,28.63,5972,18810,1718,5072,1284,4399,0,0
66,122,25.08,4085,12192,1237,2816,876,2880,0,0
66,124,20.1,1689,4297,774,1797,255,736,0,0
66,126,6.39,603,1325,68,144,316,639,0,0
66,64,3.01,1776,3538,25,49,1702,3390,0,0
68,0,43.05,3018,6908,1972,4820,333,669,0,0
68,2,47.38,3700,8583,3273,7686,97,208,0,0
68,4,58.09,4077,9727,3183,7465,256,671,0,0
68,6,68.39,8664,32190,5042,15979,1712,6811,0,0
68,8,102.48,14236,56348,6110,21676,2915,12067,0,0
68,10,44,12885,42843,5524,17885,2629,8414,0,0
68,12,44.86,9617,31994,4984,17127,2006,6425,0,0
68,14,50.32,6857,20245,3651,10784,1264,3660,0,0
68,16,73.72,9387,32726,4315,13628,2971,8761,0,0
68,18,73.43,7396,19835,4636,12557,2279,6164,0,0
68,20,46.31,4968,8711,3752,6388,975,1930,0,0
68,22,67.53,4627,8590,4165,7714,142,270,0,0
68,24,86.52,6289,12868,5414,11165,264,534,0,0
68,26,13.16,2275,7156,1161,3195,366,1316,0,0
68,28,7.3,2244,6631,1000,2974,415,1219,0,0
68,30,14.43,9812,33307,2256,7933,3044,9509,0,0
68,32,9.89,5650,15079,3090,9197,1413,2582,0,0
68,34,7.91,909,1309,906,1307,1,1,0,0
68,36,25.06,2518,8761,2104,6928,123,596,0,0
68,38,0.16,9,18,2,4,2,4,0,0
68,40,2,219,415,203,399,6,6,0,0
68,48,10.56,3139,8172,4,7,3128,8150,0,0
68,50,16.5,3235,8523,685,1933,2230,5717,0,0
68,56,0.24,191,382,0,0,191,382,0,0
68,58,4.44,376,1193,81,272,133,376,0,0
68,60,7.19,14842,100237,3710,25060,3710,25060,0,0
68,62,4.78,4364,40337,842,9586,1839,11580,0,0
68,64,9.56,6672,18902,393,1126,6212,17676,0,0
68,66,14.46,10479,36703,1259,3726,8162,26983,0,0
68,68,14.19,13111,34169,663,795,12328,32992,0,0
68,70,56.26,9342,24845,2797,7285,5720,15726,0,0
68,72,77.51,7651,18488,5371,14691,710,1217,0,0
68,74,86.59,8529,25303,5136,15871,1352,3723,0,0
68,76,70.22,6920,17769,3722,9611,1209,3710,0,0
68,78,58.37,5247,21877,4380,19556,309,865,0,0
68,80,79.34,7225,16701,6788,15641,178,417,0,0
68,82,82.1,11491,36308,10450,31727,347,1527,0,0
68,84,48.88,8221,28980,5384,21388,2267,5179,0,0
68,86,115.08,7786,17678,7067,16253,328,679,0,0
68,88,41.75,4706,13261,3710,10928,452,1017,0,0
68,92,82.27,6312,12708,5739,11631,171,326,0,0
68,94,67.3,6408,19290,5125,15247,407,1306,0,0
68,96,58.47,6911,21215,5998,18802,451,1028,235,940
68,98,39.23,8209,32522,6034,26526,1057,2875,0,0
68,100,34.81,7837,28808,3360,15045,1494,4589,0,0
68,102,67.91,7981,27083,5558,20158,1077,3163,0,0
68,104,34.49,11638,38333,2845,11246,7865,24338,0,0
68,106,10.72,14613,44927,419,1243,14158,43607,0,0
68,108,37.66,8251,32532,2741,11194,3800,12057,0,0
68,110,46.97,6803,20878,3566,10827,2374,7222,0,0
68,112,59.09,8042,16772,3737,6397,2428,6732,0,0
68,114,18.1,2890,9172,1887,6049,319,1011,0,0
68,116,6.03,2487,7633,1515,5573,334,707,0,0
68,118,3.98,4736,20375,4172,18682,190,572,0,0
68,120,0.77,1486,7416,12,47,0,0,0,0
68,122,1.68,1180,4481,2,10,215,649,0,0
68,126,0.63,142,427,0,0,0,0,0,0
68,42,5.75,1105,2220,372,921,621,1188,0,0
68,44,1,232,697,232,697,0,0,0,0
68,90,1,376,753,376,753,0,0,0,0
70,0,51.18,3276,8330,2608,7012,155,299,0,0
70,2,54.77,3581,7974,2562,5939,335,668,0,0
70,4,45.33,3643,9995,3048,8957,119,233,0,0
70,6,149.16,14003,41044,9031,26232,3894,11630,0,0
70,8,136.88,14585,46027,8291,27033,3879,12194,685,2056
70,10,66.48,9605,35483,5636,20924,2407,8406,0,0
70,12,77.9,9049,37230,6104,24866,1241,4646,0,0
70,14,110.85,6599,12307,5103,9679,858,1645,0,0
70,16,88.97,6552,12288,5894,11147,208,363,0,0
70,18,120.09,7671,14699,7035,13709,169,282,0,0
70,20,68.4,5528,9524,4944,8469,165,310,0,0
70,22,72.59,4950,7600,4474,6948,128,181,0,0
70,24,46.44,4657,9624,2516,4157,1600,4399,0,0
70,26,9.65,1785,4087,504,995,638,1665,0,0
70,28,1,714,2856,178,714,178,714,0,0
70,36,2.88,209,209,165,165,2,2,0,0
70,40,6.97,1259,2501,307,610,338,672,0,0
70,42,2.25,1057,2043,99,127,957,1916,0,0
70,50,0.41,199,598,50,149,50,149,0,0
70,58,1.63,1187,8137,297,2034,297,2034,0,0
70,60,7.27,9290,42740,1734,8633,4088,16841,0,0
70,62,15.41,7638,19921,461,1036,6796,17887,0,0
70,64,23.06,13038,32182,181,502,12494,30679,0,0
70,66,12.52,10455,29777,69,136,10247,29367,0,0
70,68,17.41,6928,17710,531,1204,6354,16422,0,0
70,70,135.68,9233,20666,7106,15597,1429,4013,0,0
70,72,124.48,9373,26480,7144,20064,667,2121,0,0
70,74,43.75,6550,24400,3807,15313,2019,6885,0,0
70,76,37.13,5977,22991,3685,17822,1423,3044,0,0
70,78,42.27,6974,28213,6780,27527,66,228,0,0
70,80,72.05,6853,16257,6654,15750,164,663,0,0
70,82,85.06,8149,33926,6850,29015,433,1637,0,0
70,84,104.53,7423,16929,6939,15984,201,402,0,0
70,86,73.73,7164,20899,6516,18460,227,835,0,0
70,88,35.13,2786,7788,2430,6869,154,338,0,0
70,90,15.07,2017,7132,1970,7000,16,45,0,0
70,92,5.94,1188,3759,939,3252,83,168,707,2637
70,94,19.35,7577,23112,3217,10132,6022,18032,0,0
70,96,113.19,10083,31539,7320,20230,898,3614,324,1295
70,98,93.39,8283,21595,6644,17855,755,1937,0,0
70,100,65.86,8334,29411,5663,22430,1595,4473,30,89
70,102,49.47,7981,30851,5814,25282,788,1989,0,0
70,104,0.77,1370,4110,0,0,1370,4110,0,0
70,106,1.11,191,566,1,1,189,564,0,0
70,108,1,7,14,2,3,2,3,0,0
70,110,1.1,37,88,3,3,28,79,0,0
70,116,3.97,371,711,49,89,225,442,0,0
70,34,3.24,93,185,54,108,13,26,0,0
70,38,4.03,979,1751,38,77,863,1521,0,0
72,0,40.3,3492,9343,2543,6606,316,912,0,0
72,2,69.68,7377,18939,3722,9007,1617,4669,0,0
72,4,90.88,8432,21032,5736,14136,817,2199,0,0
72,6,66.24,8497,35359,5879,24290,961,4148,0,0
72,8,43.78,9368,39567,4663,19853,1855,7768,0,0
72,10,24.34,5273,16394,3344,10650,643,1915,0,0
72,12,99.62,7134,13988,6236,12686,279,414,0,0
72,14,115.05,8134,18918,7249,16651,275,733,0,0
72,16,139.46,8922,16090,7893,14374,330,559,0,0
72,18,72.94,5867,9388,3579,5075,1772,3201,0,0
72,20,25.89,5668,11624,1654,3319,951,1995,0,0
72,22,18.93,3926,7207,1512,2697,912,1608,0,0
72,24,9.11,2637,3631,748,997,630,878,0,0
72,26,2,65,108,16,27,16,27,0,0
72,32,1,157,314,157,314,0,0,0,0
72,34,6.76,384,669,290,565,18,21,0,0
72,40,1,64,128,16,32,16,32,0,0
72,58,11.82,3168,12295,514,2520,1624,4737,0,0
72,60,7.24,3354,8029,4,9,3340,8003,0,0
72,62,6.68,2088,4769,233,379,1742,4096,0,0
72,64,4.16,2108,5889,5,10,2094,5859,0,0
72,66,7.34,3313,11137,38,51,3200,10985,0,0
72,68,11.88,6071,17576,114,222,5945,17340,0,0
72,70,44.68,10082,24936,2843,5923,7051,18642,0,0
72,72,64.51,10006,33150,4069,10936,4109,14791,0,0
72,74,71.86,8702,34642,6002,28186,813,1999,260,521
72,76,14.72,5999,24118,1055,4303,2940,11870,105,210
72,78,14.62,5088,17485,2980,9986,1955,7003,0,0
72,80,44.57,6199,24281,3571,16729,1456,4644,0,0
72,82,27.17,4254,14422,1668,5283,2037,6884,0,0
72,84,59.49,5877,17402,2861,7267,2337,7789,0,0
72,86,29.88,3940,9693,2464,5401,494,1437,0,0
72,88,26.4,4406,13954,3032,10375,982,2742,0,0
72,90,15.51,5020,16514,994,3853,2536,7397,0,0
72,92,2.63,847,2675,123,491,478,1202,0,0
72,94,38.54,7018,24181,4086,14194,538,1119,0,0
72,96,150.92,9870,24433,6714,17269,1350,3135,0,0
72,98,138.73,8984,23890,7283,20725,342,840,0,0
72,100,45.99,6148,16502,1622,4246,2605,7741,0,0
72,104,4.97,3230,6419,808,1605,808,1605,0,0
72,106,11.84,7145,30032,1786,7507,1786,7507,0,0
72,108,1.8,1144,4558,286,1140,286,1140,0,0
72,110,0.45,1407,4222,0,0,422,1267,0,0
72,112,16.37,3050,8063,195,402,1267,3071,0,0
72,114,2.18,644,1326,151,303,151,303,0,0
72,116,6,2249,6508,341,963,1226,3618,0,0
72,118,3.1,3622,10886,5,21,3606,10822,0,0
72,126,2.56,5072,15215,592,1774,3299,9895,0,0
72,46,1,19,39,5,10,5,10,0,0
72,56,4.12,1497,6279,43,254,1367,5516,0,0
72,102,0.24,3,3,1,1,1,1,0,0
72,124,0.01,49,146,12,37,12,37,0,0
74,0,56.51,10315,39198,6753,23027,1285,5433,0,0
74,2,84.83,7752,19299,6812,17518,305,699,0,0
74,4,74.64,5622,10152,4692,8485,294,537,0,0
74,6,65.79,8320,20740,6183,17917,716,977,0,0
74,8,32.02,5284,16562,2517,7322,1634,4519,343,1715
74,10,70.48,6023,14205,5039,11579,328,876,0,0
74,12,150.81,9183,16366,8164,14374,486,963,0,0
74,14,108.7,9168,27264,6245,16912,945,3397,0,0
74,16,125.97,6555,10130,5757,8886,226,350,0,0
74,18,67.96,5831,10811,4208,6917,891,2349,0,0
74,20,36.28,17296,46828,4152,11486,6152,16303,0,0
74,22,12.67,4313,8416,418,829,3059,5930,0,0
74,36,1.98,303,606,76,151,76,151,0,0
74,38,0.02,4,8,1,2,1,2,0,0
74,44,2,283,717,70,179,70,179,0,0
74,54,8.44,7800,23208,2305,6868,7279,21788,0,0
74,56,9.95,4347,15264,830,2707,1858,7143,0,0
74,58,14.52,12030,75461,1740,11127,6810,42081,0,0
74,60,14.13,8560,44297,1138,8255,5145,19535,0,0
74,62,2.92,2478,13133,434,2168,1177,6628,0,0
74,66,6,3332,9510,103,186,3025,8954,0,0
74,70,1.71,1048,2973,22,22,984,2909,0,0
74,72,18.47,2999,15774,193,685,2420,13719,0,0
74,74,16.73,2328,7370,1773,4625,388,2333,0,0
74,76,4.53,3778,15222,12,18,3741,15167,0,0
74,78,21.3,6873,23327,62,204,6688,22714,0,0
74,80,21.24,6977,19362,278,560,6143,17681,0,0
74,82,21.09,7174,19821,232,785,6805,18858,0,0
74,84,11.46,4134,12568,502,1610,2951,8702,834,2247
74,86,13.17,5202,17818,566,1516,3505,13268,227,346
74,88,3.64,480,958,57,114,308,615,0,0
74,94,1.92,812,3222,203,806,203,806,0,0
74,96,28.13,1624,3263,1352,2862,29,72,0,0
74,98,32.41,1661,3280,1136,2491,80,161,0,0
74,100,1.33,78,150,73,145,2,2,0,0
74,102,0.76,9,9,2,2,2,2,0,0
74,104,0.67,761,3046,190,761,190,761,0,0
74,106,1.01,943,3385,235,846,235,846,0,0
74,110,2.89,2444,4824,611,1206,611,1206,0,0
74,112,20.91,2668,5033,1136,1989,1397,2785,0,0
74,114,41.33,6497,20774,4245,16102,447,950,0,0
74,116,17.72,10495,28044,3065,11144,4825,11642,0,0
74,118,13.07,6654,15181,923,1616,4459,10910,0,0
74,120,8.24,6333,21959,1583,5490,1583,5490,0,0
74,122,15.78,6201,28875,1550,7219,1550,7219,0,0
74,124,6.15,10324,44576,2582,11144,2582,11144,0,0
74,126,18.09,7638,25139,1910,6284,1910,6284,0,0
74,28,0.67,320,641,80,160,80,160,0,0
74,40,1.35,1654,4961,188,565,1088,3265,0,0
74,42,1,36,71,9,18,9,18,0,0
74,46,3.47,1229,11548,280,2779,388,3210,0,0
74,50,8.22,4575,11442,1144,2861,1144,2861,0,0
74,52,9.71,6662,15938,1646,3954,1899,4596,0,0
74,64,0.26,803,4014,201,1003,201,1003,0,0
74,68,0.35,288,864,0,0,288,864,0,0
74,108,3,2679,6594,669,1649,669,1649,0,0
76,0,96.32,6973,14989,5990,11987,289,958,0,0
76,2,49.42,7997,21634,3898,9513,1353,4027,0,0
76,4,74.4,8365,19490,6450,13357,633,2038,0,0
76,6,65.32,7014,13337,6767,13020,47,66,0,0
76,8,40.65,9159,24001,2418,6390,3581,9772,120,599
76,10,81.64,7886,22426,4279,13541,2122,5724,0,0
76,12,84.77,6746,25295,6244,23832,168,488,0,0
76,14,138.36,7370,16921,6839,15860,147,309,0,0
76,16,105.38,7889,14961,5575,10335,732,1492,0,0
76,18,20.99,1161,1459,1066,1316,21,28,0,0
76,20,1.76,776,806,181,189,231,239,0,0
76,22,1.09,681,1349,0,0,681,1349,0,0
76,28,0.33,161,322,40,81,40,81,0,0
76,30,0.02,6,17,6,17,0,0,0,0
76,32,5.98,870,2246,604,1728,84,168,0,0
76,38,1,27,27,6,6,6,6,0,0
76,40,0.58,627,1858,74,221,406,1194,0,0
76,42,8.04,3921,16852,199,884,3325,14199,0,0
76,44,9.38,4916,18336,340,1193,3897,14757,0,0
76,46,20.58,7109,32174,114,196,6766,31585,0,0
76,50,7.56,14402,85088,3600,21271,3600,21271,0,0
76,52,14.11,4773,11265,808,2045,2350,5129,0,0
76,54,13.22,4662,22491,1910,11486,1214,4558,0,0
76,56,19.84,16548,75984,204,468,15937,74579,0,0
76,58,19.52,14808,51767,1147,4111,11364,39436,0,0
76,60,19.6,6673,28117,1547,6666,2031,8119,0,0
76,62,10.55,4198,30593,1058,7671,1053,7660,0,0
76,64,33.02,9034,31283,3292,8983,3015,10759,0,0
76,66,12.09,10224,28971,503,1158,7585,21498,0,0
76,68,9.4,6573,17012,74,149,5496,14002,0,0
76,70,11.73,10601,31392,21,29,10538,31305,0,0
76,76,3,1585,6090,171,845,1074,3555,0,0
76,78,4.22,1950,4295,18,42,1897,4170,0,0
76,80,3.36,2239,7559,16,63,2192,7370,0,0
76,82,1.75,899,2683,3,7,889,2662,0,0
76,94,1,14,14,4,4,4,4,0,0
76,104,5.39,860,2082,355,1073,235,470,0,0
76,106,23.98,3409,9286,2221,7589,243,413,0,0
76,108,51.36,5576,17789,3751,13814,823,1795,0,0
76,110,57.25,10719,38009,6990,29000,3779,9020,0,0
76,112,59.3,5435,10569,3606,7126,1506,2852,0,0
76,114,130.37,7613,15641,6713,13602,308,711,0,0
76,116,148.61,8132,16665,7331,15233,442,856,0,0
76,118,63.56,8511,24037,3565,9082,1812,5324,0,0
76,120,15,15387,92962,3847,23241,3847,23241,0,0
76,122,19.85,11226,36031,2806,9008,2806,9008,0,0
76,124,13.62,10788,51750,2697,12938,2697,12938,0,0
76,126,7.42,5318,28664,1012,5264,2280,12872,0,0
76,48,0.1,109,433,0,0,0,0,0,0
76,72,1.27,3385,7379,0,0,3385,7379,0,0
76,74,0.04,84,252,0,0,84,252,0,0
76,96,0.57,443,1491,0,0,0,0,0,0
76,100,1,1403,4210,0,0,421,1263,0,0
76,102,1,248,248,0,0,248,248,0,0
78,0,24.36,3166,7833,1852,4074,431,1247,0,0
78,2,65.15,8190,24196,5000,13164,1046,3654,0,0
78,4,97.59,7258,13178,6666,12255,207,395,0,0
78,6,101.05,6707,12578,6278,11771,123,242,0,0
78,8,61.48,7204,23013,4335,14134,2587,8324,0,0
78,10,63.1,7295,28609,5740,24014,904,3620,0,0
78,12,57.99,5538,16584,4055,12778,748,2271,0,0
78,14,86.83,4810,6833,4068,5791,238,332,0,0
78,16,122.47,6647,9791,6183,9153,102,131,0,0
78,18,64.88,4111,5893,3932,5681,43,54,0,0
78,24,1,21,41,5,10,5,10,0,0
78,40,26.06,5350,18227,444,1592,4020,13454,0,0
78,42,20.31,8662,25504,296,969,7776,22598,0,0
78,44,14.27,5646,16576,454,931,4738,14241,0,0
78,46,15.77,11504,34700,132,523,11106,33132,0,0
78,48,18.35,9295,22989,540,1165,5379,11596,0,0
78,50,7.78,5350,30655,1343,7674,1419,7824,0,0
78,52,30.31,5162,11691,1739,3718,1140,2658,384,1918
78,54,39.15,4352,8450,1772,3492,1004,1942,0,0
78,56,21.85,4397,19684,765,2749,2464,12160,0,0
78,58,26.18,5023,17678,2192,7728,1796,5747,0,0
78,60,31.34,5271,15212,2366,9708,2570,4605,0,0
78,62,13.43,2461,8366,1005,3118,858,2539,0,0
78,64,8.23,1626,5419,1253,4428,291,544,0,0
78,66,22.16,9476,30559,3545,12219,3321,8716,0,0
78,68,28.6,7966,19682,1376,5796,6328,13377,0,0
78,70,15.98,4611,13739,2051,8466,2359,4770,0,0
78,72,11.23,5680,13225,128,293,5534,12898,0,0
78,74,0.48,1088,3265,0,0,1088,3265,0,0
78,82,1,17,17,4,4,4,4,0,0
78,96,11.7,7716,22630,307,915,1238,3707,0,0
78,98,0.14,266,1066,0,0,0,0,0,0
78,102,9.59,1917,4962,1283,3315,385,946,0,0
78,104,17.72,5479,21983,3476,15296,604,2159,0,0
78,106,63.38,11136,30364,8741,24951,713,1701,0,0
78,108,105.37,9862,36494,6285,24034,1155,3581,0,0
78,110,177.46,9314,21412,6574,15520,1923,4376,0,0
78,112,174.08,10179,23447,7854,18316,1813,4232,0,0
78,114,110.7,9191,20269,7575,17578,838,1576,0,0
78,116,107.43,7825,18408,6370,15674,364,729,0,0
78,118,68.31,7292,16993,3880,9920,1001,2124,0,0
78,120,21.15,1295,2712,884,1750,135,322,0,0
78,122,14.72,2831,5504,1279,2555,811,1473,0,0
78,124,5.08,2117,7526,877,3081,667,1366,0,0
78,126,6.85,4542,25194,1079,5713,885,4876,0,0
78,20,0.58,336,689,84,172,84,172,0,0
78,38,2.84,896,5135,3,3,887,5126,0,0
78,94,2.26,405,970,61,162,221,483,0,0
78,100,0.67,348,1391,348,1391,0,0,0,0
80,0,7.3,495,839,432,720,21,40,0,0
80,2,77.76,6925,18139,6536,17314,130,274,0,0
80,4,129.48,6738,9971,6302,9292,139,220,0,0
80,6,71.55,6986,14794,4270,9086,890,1879,0,0
80,8,96.5,7476,33245,4280,19291,1065,4651,0,0
80,10,99.1,7067,18265,5074,12985,610,1666,0,0
80,12,102.18,6166,16722,5446,14424,186,555,0,0
80,14,64.68,3655,7107,3219,6298,134,258,0,0
80,16,89.03,5248,9767,4909,9270,84,132,0,0
80,18,9.76,641,807,626,791,3,3,0,0
80,20,2.42,799,2069,184,486,246,609,0,0
80,36,11.21,6753,22342,568,1703,5049,17234,0,0
80,38,15.56,7421,33702,873,4838,5399,20976,0,0
80,40,13.99,3887,10025,165,361,3389,8940,0,0
80,42,15.93,6432,14500,111,381,6100,13356,0,0
80,44,9.91,2616,7510,1043,1743,1068,3861,0,0
80,46,10.56,13664,41282,0,0,13664,41282,0,0
80,48,8.28,6337,13782,50,81,6186,13538,0,0
80,50,26.23,7114,20169,1429,3530,4457,13013,0,0
80,52,14.05,3836,12301,358,937,3109,10213,0,0
80,54,5.46,672,2382,255,520,360,1732,0,0
80,56,14.5,4071,11165,475,906,3422,9993,0,0
80,58,21.24,2720,6901,1310,2964,1138,3312,0,0
80,60,28.29,4429,8854,909,1713,2845,6005,0,0
80,62,20.06,1407,2437,706,1186,482,913,0,0
80,64,4.49,294,791,258,729,12,20,0,0
80,66,54.39,6673,18079,2673,6851,3349,10075,0,0
80,68,14.53,1222,3536,909,2654,268,784,0,0
80,72,5,1498,3250,375,813,375,813,0,0
80,88,3.46,3795,7590,0,0,3795,7590,0,0
80,90,4.07,1982,3942,6,6,1965,3924,0,0
80,92,11.79,12770,37260,577,1231,11775,35140,53,158
80,94,37.86,7324,21445,2533,7349,4595,13694,80,241
80,96,29.14,8335,25955,1668,5225,3665,11241,0,0
80,98,60.26,4190,10500,2320,5166,554,1652,0,0
80,100,40.74,5938,14493,5642,13915,178,350,0,0
80,102,41.09,5464,12846,4858,11556,190,417,0,0
80,104,49.98,4160,8885,3650,7882,152,304,0,0
80,106,35.75,3419,7472,2816,6214,173,392,0,0
80,108,85.5,6986,20447,5030,16319,555,1201,0,0
80,110,184.11,7836,20579,5886,16404,843,1918,0,0
80,112,76.03,8719,25380,3882,11175,3007,7778,405,2023
80,114,97.49,7924,24587,7316,23392,342,1038,0,0
80,116,88.92,7660,18670,6152,14750,437,1195,0,0
80,118,41.48,4541,10923,2490,5732,753,1822,0,0
80,120,94.53,6074,12086,5112,10259,722,1429,0,0
80,122,75.18,5382,10675,4889,9713,144,281,0,0
80,124,54.76,6543,19303,5259,16557,507,1072,0,0
80,126,14.83,9108,36781,5982,24112,1008,4004,0,0
80,34,0.07,56,168,0,0,56,168,0,0
80,84,2.86,604,842,91,91,329,567,0,0
80,86,8.58,1464,2912,200,322,862,1945,0,0
82,0,26.99,1637,2524,1193,1993,78,106,0,0
82,2,38.06,2773,5012,2484,4485,96,175,0,0
82,4,81.65,5078,7143,4529,6405,171,231,0,0
82,6,0.76,1054,3161,263,791,263,791,0,0
82,8,38.75,1788,3335,1315,2510,154,271,0,0
82,10,87.71,6922,13118,4488,8011,1527,3325,0,0
82,12,52.53,6740,13229,2006,3207,4561,9711,0,0
82,14,122.1,6875,10275,6419,9670,134,173,0,0
82,16,132.41,7466,10075,6886,9371,169,209,0,0
82,18,34.82,2302,4234,2160,3983,30,53,0,0
82,34,6.36,6035,22760,0,0,6035,22760,0,0
82,36,11.92,5913,24286,365,2399,4816,17092,0,0
82,38,8.2,8085,61332,2040,15352,2015,15327,0,0
82,42,1.63,5036,15058,6,6,5017,15039,0,0
82,44,1.51,25547,77639,0,0,25547,77639,0,0
82,46,6.61,17957,52528,70,181,17746,51986,0,0
82,48,11.97,4536,10725,261,670,3917,9035,0,0
82,50,26.77,11237,36412,324,971,10262,33501,0,0
82,52,12.03,3470,11149,417,817,2891,10044,0,0
82,54,57.83,6456,19309,4097,9065,1983,9498,0,0
82,56,31.01,3932,11822,846,1796,2327,8181,0,0
82,60,33.42,3059,6502,1843,4005,986,2366,0,0
82,62,19.23,4419,4460,4386,4398,11,21,0,0
82,64,16.46,4585,11939,1786,4713,2082,4711,0,0
82,66,44.79,3223,9280,2631,8261,298,541,0,0
82,70,1,77,153,19,38,19,38,0,0
82,72,5,212,434,52,108,52,108,0,0
82,82,3.98,2187,5817,185,371,1630,4704,0,0
82,84,4.04,2882,5780,0,0,2882,5780,0,0
82,86,3,132,235,7,7,110,212,0,0
82,92,4.09,119,218,24,49,16,24,8,25
82,94,5.31,692,1773,615,1560,26,71,308,925
82,96,68.39,5756,14424,3506,8492,667,1744,0,0
82,98,57.77,4431,8466,3071,5749,447,894,0,0
82,100,84.53,6921,14283,6275,12902,180,393,0,0
82,102,89.61,7308,14658,6351,12812,761,1543,0,0
82,104,81.7,6389,15309,5436,13090,292,713,0,0
82,106,36.46,5089,10832,3459,7579,1584,3241,0,0
82,108,57.73,4148,9450,3189,7326,530,1155,0,0
82,110,62.87,7709,20367,3353,8884,2372,5901,0,0
82,112,122.57,8197,21251,6067,16268,1370,4255,0,0
82,114,110.81,8533,21414,6783,16928,1147,3091,0,0
82,116,96.51,6111,12298,5595,11375,155,290,0,0
82,118,110.47,6618,12495,5892,11312,369,558,0,0
82,120,87.28,6823,14252,6443,13475,173,407,0,0
82,122,93.25,7401,14233,6967,13408,136,267,0,0
82,124,98.66,7169,14717,4711,9105,779,1830,0,0
82,126,65.53,8053,21539,3306,9709,1808,4842,0,0
82,32,1.43,4506,20716,336,2019,3497,14660,0,0
82,40,2.28,303,1213,24,94,233,930,0,0
82,58,3.86,393,872,311,709,17,34,0,0
82,68,2,151,302,38,75,38,75,0,0
82,74,6,851,2062,213,516,213,516,0,0
84,0,50.84,2598,3942,2187,3277,125,210,0,0
84,4,2.5,232,315,227,310,2,2,0,0
84,6,3.01,874,1856,332,576,181,425,0,0
84,8,2.62,1130,3390,1130,3390,0,0,0,0
84,10,21.29,7420,21737,2550,7339,3735,11152,0,0
84,12,1.63,5229,18003,0,0,5229,18003,0,0
84,14,7.15,4980,13420,119,391,4519,11835,0,0
84,16,24.74,2041,3638,1633,2847,135,263,0,0
84,18,22.78,984,1381,723,1074,126,142,0,0
84,28,5.53,4815,17201,397,1879,3625,11563,0,0
84,32,9.09,2549,6014,424,1007,1276,2992,0,0
84,34,11.92,4435,18927,357,2849,3365,10378,0,0
84,36,12.24,6016,19134,304,876,5105,16504,0,0
84,38,31.74,7215,23169,1247,3505,4663,15266,0,0
84,40,25.59,8669,26516,672,1544,7315,23202,0,0
84,42,23.55,6908,24151,1078,4210,3438,10577,0,0
84,44,15.64,3764,10153,43,84,3634,9901,0,0
84,46,10.77,6130,14757,57,113,5960,14416,0,0
84,48,8.7,5358,12696,48,89,5212,12429,0,0
84,50,0.6,2233,6698,0,0,2233,6698,0,0
84,52,25.38,1911,4040,1252,2687,218,448,0,0
84,54,92.63,7423,16960,4689,10396,828,2052,0,0
84,56,47.86,3465,7225,2889,6156,167,305,0,0
84,58,51.57,4727,9610,2811,5776,449,867,0,0
84,60,21.38,1546,2820,1020,2066,127,185,0,0
84,62,41.82,4776,10467,2934,6355,1600,3759,0,0
84,64,0.36,110,334,67,162,14,57,0,0
84,72,1,139,279,0,0,139,279,0,0
84,84,4.45,755,2517,362,1148,131,456,274,1098
84,86,13.48,1854,5475,896,2747,314,904,0,0
84,90,3.85,1146,3036,4,7,1133,3013,0,0
84,92,26.16,2193,5059,799,1383,1285,3481,0,0
84,94,55.69,4839,10861,3956,9322,251,464,0,0
84,96,98.15,6647,15102,5875,13544,207,409,0,0
84,98,93,6803,12982,6292,12044,145,263,0,0
84,100,90.46,6448,14231,4937,10748,501,1003,0,0
84,102,85.45,6417,15163,5576,13138,307,754,0,0
84,104,52.17,5408,12807,4558,10720,388,1078,0,0
84,106,13.87,1355,2822,1284,2711,24,37,0,0
84,108,59.85,5254,10024,3260,6148,84,151,0,0
84,110,112.56,6852,15901,6348,14912,106,211,0,0
84,112,182.43,9196,20798,7751,18604,180,346,0,0
84,114,72.52,4903,10348,4123,8733,351,860,0,0
84,116,27.46,2362,4764,2056,4186,76,140,0,0
84,118,113.02,8239,18209,7165,16242,425,791,0,0
84,120,67.74,6710,16072,5803,14338,270,531,0,0
84,122,61.08,5463,11975,4725,10264,205,482,0,0
84,124,35.77,3617,8063,2190,4722,477,1122,0,0
84,126,4.06,391,905,348,793,15,38,0,0
84,2,0.64,239,718,0,0,239,718,0,0
84,26,0.47,356,1068,0,0,356,1068,0,0
84,30,2.07,2730,19697,682,4924,682,4924,0,0
84,66,3,200,564,180,531,7,11,0,0
84,68,0.57,1752,1752,1752,1752,0,0,0,0
86,0,20.37,5151,9773,569,1126,4307,8120,0,0
86,2,23.7,9156,20591,283,690,8578,19062,0,0
86,4,6.78,4610,10976,1542,2804,2781,8127,0,0
86,10,0.96,424,1271,0,0,0,0,0,0
86,12,11.13,990,2091,286,592,299,549,0,0
86,14,9.68,1233,3164,130,250,359,479,0,0
86,16,2,867,2501,25,49,793,2353,0,0
86,26,6.05,4396,15507,199,982,3800,12561,0,0
86,28,8.77,5349,19072,468,1850,3946,13524,0,0
86,30,1.07,1015,3350,38,191,900,2778,0,0
86,32,9.89,4466,15982,408,1135,3243,12576,0,0
86,34,7.78,4432,19053,322,832,3467,16557,0,0
86,36,24.41,9001,29023,1351,5031,4665,13645,0,0
86,38,2.96,2215,7544,22,41,2151,7423,0,0
86,40,9.26,10288,32726,24,87,10215,32464,0,0
86,42,9.28,3061,9953,43,78,2694,9240,0,0
86,44,16.81,9466,30790,169,315,9196,30247,0,0
86,46,3.89,2380,5367,4,12,2368,5330,0,0
86,52,46.46,3459,7156,2710,5690,162,323,0,0
86,54,81.45,6177,13046,5312,11379,239,478,0,0
86,56,40.85,3931,8453,3107,6800,203,402,0,0
86,58,39.28,2395,4077,2131,3604,83,143,0,0
86,60,8.94,790,1513,181,344,526,1036,0,0
86,62,2.56,906,1761,254,379,652,1381,0,0
86,64,26.09,1867,3424,1434,2675,82,131,0,0
86,66,6.98,667,1795,124,363,296,707,0,0
86,68,0.43,1323,1323,1323,1323,0,0,0,0
86,70,1.74,181,362,45,91,45,91,0,0
86,72,34.29,5643,11282,1330,2659,3493,6983,0,0
86,74,13.88,2444,6627,697,1847,1133,2868,0,0
86,76,0.01,6,12,2,3,2,3,0,0
86,78,9.48,2734,10933,304,977,2137,8640,0,0
86,80,2.03,8088,83718,2022,20929,2022,20929,0,0
86,82,2.25,2239,23584,560,5896,560,5896,0,0
86,84,0.01,3,11,1,3,1,3,3,11
86,86,0.05,21,83,5,21,5,21,0,0
86,88,1.36,2060,4119,0,1,2058,4117,0,0
86,90,20.46,2867,6994,727,1739,1520,3935,0,0
86,92,51.25,8600,18932,3587,7292,3893,9463,0,0
86,94,64.5,5783,16214,5185,15045,123,244,0,0
86,96,26.96,7514,39494,3272,17099,1542,7722,0,0
86,98,49.84,5621,13371,2916,6768,1660,3729,0,0
86,100,45.6,4353,8705,3267,6461,219,471,346,692
86,102,51.51,3865,8391,2904,6313,425,938,0,0
86,104,46.69,7610,17339,5941,12718,868,2397,0,0
86,106,20.7,1490,3644,1364,3371,25,58,0,0
86,108,57.99,4855,10352,4362,9351,165,334,0,0
86,110,105.74,6683,17151,5634,14474,344,861,0,0
86,112,139.58,7749,16113,6668,14421,255,496,0,0
86,114,71.35,5444,12592,4917,11450,224,527,0,0
86,116,65.34,4950,10475,4284,9195,191,374,0,0
86,118,64.41,5798,12231,5361,11430,102,202,0,0
86,120,16.85,1322,2797,1221,2635,33,54,0,0
86,122,32.47,3229,6693,2515,5267,296,590,0,0
86,124,41.13,3714,7626,2588,5320,423,864,0,0
86,126,1.88,328,777,173,466,52,104,0,0
88,0,9.13,13231,50655,77,155,13001,50192,0,0
88,2,23.43,7301,17619,1050,2246,6139,15330,0,0
88,4,8.98,5212,14022,1151,2883,4221,11223,0,0
88,10,5,578,1083,426,795,51,96,0,0
88,12,4.91,577,1137,387,769,63,123,0,0
88,14,7,447,976,178,360,151,421,0,0
88,16,13,712,1619,454,1143,168,329,0,0
88,26,3.2,2503,9974,2278,9105,131,513,0,0
88,28,10,5485,18838,512,1933,3951,13039,0,0
88,30,1.61,3778,18480,842,4210,1252,5848,0,0
88,32,18,2435,14958,1630,9133,269,1941,0,0
88,34,6,2870,16624,580,3744,1130,5390,0,0
88,36,5.44,5766,27452,1271,6521,1954,7887,0,0
88,38,8.14,10159,29750,1067,3201,6957,20145,0,0
88,40,9.6,7502,22169,1380,3971,3593,10711,0,0
88,42,3.95,7526,27080,277,830,6696,24588,0,0
88,44,75.9,5789,11997,4354,9133,868,1835,0,0
88,46,55.8,5017,11457,3613,8200,444,1040,0,0
88,52,68.47,4039,8004,3481,7007,167,313,0,0
88,54,93.33,4799,9662,3884,7982,270,507,0,0
88,56,101.16,6167,10278,5589,9321,163,246,0,0
88,58,108.07,7226,12132,5413,8918,1213,2327,0,0
88,60,13.94,4279,10171,283,522,3855,9457,0,0
88,62,4.47,6924,32871,1,2,6921,32864,0,0
88,64,27.32,2139,4082,1779,3420,62,133,0,0
88,66,4.25,1336,7162,945,6065,131,366,0,0
88,68,19.87,1175,1756,1097,1625,27,43,0,0
88,72,31.33,8698,35123,4366,15858,1530,6715,0,0
88,74,2.97,507,1555,126,389,126,389,0,0
88,76,5.33,4691,22024,1350,5861,1079,5320,0,0
88,78,25.95,3756,8601,2332,4797,883,2346,116,464
88,80,6.04,3461,16216,1249,4923,724,3722,0,0
88,88,4.91,1430,3386,94,168,1266,3113,0,0
88,90,21.42,4379,8709,718,1434,3103,6203,0,0
88,92,20.44,1498,3032,1153,2418,62,101,0,0
88,94,35.06,3031,6330,2495,4852,171,483,0,0
88,96,30.98,4748,15467,2589,6773,783,3100,0,0
88,98,31.06,3584,11171,3389,10582,111,332,0,0
88,100,9.46,838,2195,582,1652,21,53,0,0
88,102,13.94,2802,6774,1871,4910,311,621,0,0
88,104,25.9,8766,21613,1988,4456,4079,9247,0,0
88,106,88.24,5464,10918,4981,10025,155,291,0,0
88,108,107,7133,14978,6645,14048,163,310,0,0
88,110,97.18,5864,11647,5025,10244,282,515,0,0
88,112,94.57,5091,9691,4700,9023,118,202,0,0
88,114,37.63,5449,13384,2996,6847,947,2514,0,0
88,116,78.02,5751,11422,4681,9264,281,608,28,84
88,118,77.62,5153,11764,4602,10644,150,326,0,0
88,120,57.38,3574,7522,2904,6244,243,471,0,0
88,122,42.85,3629,8181,2490,5550,851,1819,0,0
88,124,13.73,1608,3910,903,2289,235,540,0,0
88,8,2,138,270,134,266,2,2,0,0
88,48,24.61,1447,2954,1334,2752,29,49,0,0
88,50,29.65,1523,3288,1360,3033,49,79,0,0
88,70,5.99,1295,5101,1248,4970,16,44,0,0
88,82,0.15,67,133,0,0,67,133,0,0
90,0,10.83,5445,13830,1281,3329,2527,6365,0,0
90,2,15.06,7673,25690,1137,3883,5114,16335,0,0
90,4,16.69,6880,19752,207,606,6278,17967,0,0
90,6,4,1138,3180,284,795,284,795,0,0
90,26,10.84,5074,19083,824,2723,2931,11625,0,0
90,28,0.54,617,2916,101,461,315,1532,0,0
90,30,6.04,1981,6151,95,338,1695,5138,0,0
90,34,12.18,5036,12572,678,2005,3229,7249,0,0
90,36,19.72,10105,27632,1158,3375,6633,17511,0,0
90,38,5.39,8850,23914,2257,5983,4392,10590,0,0
90,40,3.05,1708,3417,503,1006,1563,3125,0,0
90,44,77.24,4581,8894,4190,8279,100,149,0,0
90,46,88.28,6989,14171,5621,11078,366,875,0,0
90,48,133.03,6439,12885,5766,11813,173,287,0,0
90,50,129.33,8700,18510,5463,12087,1186,2337,0,0
90,52,98.74,6399,12831,5803,11841,172,285,0,0
90,54,113.25,6679,11440,6015,10520,177,262,0,0
90,56,98.52,6548,11574,5873,10501,172,284,0,0
90,58,69.92,6267,12189,3468,5797,2258,5411,0,0
90,60,4.77,7232,20941,6,6,7213,20922,0,0
90,62,2.01,32261,96783,0,0,32261,96783,0,0
90,64,4.87,4707,13586,319,464,4368,13090,0,0
90,66,140.13,7231,15863,5848,13195,500,976,0,0
90,68,280.41,11306,21524,9317,17208,769,1712,0,0
90,70,154.95,6532,12412,5730,11262,237,344,0,0
90,72,2.76,5952,20684,12,24,12,24,0,0
90,76,10.02,4818,16008,106,459,4501,14630,0,0
90,78,14.4,3640,9801,311,1057,2745,6743,760,3042
90,80,43.79,9726,25044,932,2313,8040,20329,0,0
90,82,24.2,5559,10937,829,1661,4260,8542,0,0
90,88,17.59,7328,19171,1141,2445,6547,17244,0,0
90,92,5.12,794,2474,334,1025,153,483,0,0
90,94,0.92,235,509,59,127,59,127,0,0
90,96,19.71,2917,6995,1657,4261,413,906,0,0
90,98,65.09,4222,8689,3791,7877,144,270,0,0
90,100,74.48,5132,10851,4507,9517,191,422,0,0
90,102,1.3,177,875,175,873,1,1,0,0
90,104,59.45,4458,9479,3702,7962,266,539,0,0
90,106,78.26,5493,10902,4920,9797,192,368,0,0
90,108,65.58,5184,11078,4687,10153,165,308,0,0
90,110,99.5,6925,14631,4657,9397,1529,4119,0,0
90,112,115.65,6945,13165,6327,12097,159,295,0,0
90,114,47.63,3563,7570,2832,6092,362,729,0,0
90,116,95.69,5548,11033,4842,9726,196,370,0,0
90,118,66.35,4927,10370,4287,9128,210,406,0,0
90,120,67.55,4634,10275,3984,8785,186,422,0,0
90,122,25.39,2613,6223,1859,4176,235,631,0,0
90,124,75.08,6962,15404,4898,10818,620,1431,0,0
90,126,6.24,633,1712,593,1620,14,30,0,0
90,14,9,128,199,32,50,32,50,0,0
90,16,1.25,22,45,12,24,3,7,0,0
90,18,2,179,358,179,358,0,0,0,0
90,20,1,13,13,3,3,3,3,0,0
90,32,0.32,1355,5421,339,1355,339,1355,0,0
90,84,5.66,374,525,310,461,14,14,0,0
90,86,1.06,970,2902,1,1,967,2899,0,0
92,0,0.52,176,503,0,0,176,503,0,0
92,2,6.64,1629,4598,158,311,1398,4153,0,0
92,16,0.75,19,38,19,37,0,0,0,0
92,18,9.49,1009,2245,605,1182,134,355,0,0
92,20,70.28,4924,9312,4047,7801,292,504,0,0
92,22,35.84,2470,4036,2261,3741,40,53,0,0
92,26,0.92,542,1702,62,200,356,1102,0,0
92,28,15.86,8109,21757,1850,3429,6132,17289,0,0
92,30,1.36,1360,4078,109,328,1032,3095,0,0
92,32,10.56,9327,33230,1527,5894,4746,15550,0,0
92,34,29.88,7453,16108,1389,2725,5002,10999,0,0
92,36,13.03,4339,11429,595,1237,3425,9458,0,0
92,38,7.29,2211,5515,344,438,1755,4779,0,0
92,44,72.28,4413,9286,3702,7663,238,541,0,0
92,46,107.43,6887,10762,6404,10039,134,214,0,0
92,48,117.05,6928,13928,6341,12890,140,257,0,0
92,50,55.64,3830,7380,2842,5616,324,579,0,0
92,52,113.04,6995,12834,6418,11894,154,262,0,0
92,54,141.15,7800,14748,7016,13431,210,376,0,0
92,56,105.43,7332,12212,6451,10574,412,991,0,0
92,58,14.85,6611,17952,583,1165,5978,16692,0,0
92,60,3.03,7131,21720,0,0,7131,21720,0,0
92,62,2.45,30472,95753,0,0,30472,95753,0,0
92,64,28.3,1372,2541,1283,2424,18,27,0,0
92,66,76.24,4796,9414,3761,7373,761,1511,333,666
92,68,208.01,9051,17747,7193,14419,586,1077,0,0
92,70,87.78,3410,6548,3015,5979,110,169,0,0
92,76,5.19,4240,11952,4,7,4226,11931,0,0
92,78,38.09,5153,10965,1459,3213,3271,6918,0,0
92,80,62.69,9134,20687,2520,5059,6025,14482,0,0
92,82,30.12,5373,11343,774,1546,4444,9491,0,0
92,84,16.86,1138,1646,1057,1556,23,26,0,0
92,86,5.36,682,1455,166,372,487,1037,0,0
92,88,5.09,763,2081,233,591,495,1453,0,0
92,90,5,831,2024,407,1303,221,559,0,0
92,94,23.74,3439,7841,1226,3016,1502,3197,0,0
92,96,13.33,1780,4154,958,2530,206,404,0,0
92,98,18.83,1220,2945,1108,2700,33,73,0,0
92,100,3.9,613,1333,578,1298,0,0,0,0
92,102,36.32,2489,6294,2101,5479,115,242,0,0
92,104,76.54,5858,11952,4894,10272,271,511,0,0
92,106,36.42,3523,7648,3182,6979,67,131,0,0
92,108,39.62,3737,8270,2918,6454,331,788,0,0
92,110,60.91,5488,12564,4834,11098,257,572,0,0
92,112,148.07,8110,16707,7415,15320,209,385,0,0
92,114,60.35,3857,8974,3513,8356,92,162,0,0
92,116,100.79,6571,12552,5548,10632,311,598,0,0
92,118,88.96,5482,10665,4871,9598,160,293,0,0
92,120,89.96,5716,12749,4905,11201,199,387,0,0
92,122,59.02,4109,7979,3313,6449,248,493,0,0
92,124,31.47,2927,6208,1986,4393,312,606,0,0
92,24,4.66,538,852,392,575,5,5,0,0
94,14,3.76,345,683,86,171,86,171,0,0
94,16,2.24,140,269,35,67,35,67,0,0
94,18,6.02,614,1278,540,1169,12,12,0,0
94,20,70.7,5146,9701,4145,7912,383,733,0,0
94,22,39.23,5155,9198,2795,4473,719,1430,0,0
94,24,11.8,3249,8530,443,985,332,612,0,0
94,26,2.31,367,735,193,385,58,117,0,0
94,28,4.69,1884,2343,278,393,1332,1447,0,0
94,30,18,9795,30555,2836,8344,2269,7332,0,0
94,32,14.9,7170,19511,956,3056,4607,10652,0,0
94,34,9.82,2182,3843,168,220,1858,3361,0,0
94,40,2.12,498,865,85,137,347,662,0,0
94,42,19.73,2337,6173,863,2100,491,1358,0,0
94,44,22.53,7563,23351,2087,6241,1811,5689,0,0
94,46,98.17,6325,13205,5048,10347,406,980,0,0
94,48,111.26,6097,13537,5517,12426,158,316,0,0
94,50,96.43,6261,11895,5596,10664,369,710,0,0
94,52,104.92,6426,11979,5750,10811,162,285,0,0
94,54,81.72,5296,10300,4822,9500,135,244,0,0
94,56,67.91,6188,11940,5120,9304,311,802,0,0
94,58,13.2,21630,72290,2954,10451,13571,42548,0,0
94,60,11.94,9128,25888,249,733,8376,23688,0,0
94,62,8.52,6764,18330,1075,3108,3527,8969,0,0
94,64,2,1448,4344,1,2,515,1546,0,0
94,66,94.59,3821,7849,3605,7447,70,131,0,0
94,68,214.83,7498,13669,6336,11995,327,476,0,0
94,70,10.43,288,467,195,373,18,18,0,0
94,76,8.49,4012,11738,539,1377,2839,8499,0,0
94,78,53.58,6986,18521,5507,15117,588,1632,0,0
94,80,83.01,5486,10442,4815,9231,207,384,0,0
94,82,2.15,678,1930,242,628,145,434,0,0
94,84,21.46,3095,5943,1030,2517,1362,1902,0,0
94,86,17.01,2098,4261,1202,2981,785,1186,0,0
94,88,4.66,862,2243,357,999,151,381,0,0
94,90,4.64,428,1176,232,670,65,168,0,0
94,92,7.2,583,1423,383,1035,8,12,0,0
94,94,7.37,537,1095,261,545,48,104,0,0
94,96,0.76,172,344,42,84,42,84,0,0
94,100,7.23,812,2660,551,1660,77,293,0,0
94,104,44.26,3892,7752,3354,6779,101,168,0,0
94,106,58.94,4754,9364,3799,7568,202,375,0,0
94,108,56.23,4252,8540,3344,6801,234,453,0,0
94,110,158.83,8266,17918,6035,12757,1097,2919,0,0
94,112,184.86,10884,27224,9287,23832,851,1785,0,0
94,114,18.14,2780,11063,2611,10535,56,176,0,0
94,116,54.76,3029,6446,2684,5761,115,229,0,0
94,118,39.18,3004,5911,2721,5436,85,150,0,0
94,120,73.72,5134,10545,4434,9213,202,384,0,0
94,122,54.91,4362,8763,3310,6910,330,598,0,0
94,124,10.07,1094,2517,273,629,273,629,0,0
94,38,2,76,76,19,19,19,19,0,0
96,18,36.03,3771,7914,2205,4392,211,435,498,1494
96,20,114.1,8206,15734,5490,10722,1730,3378,36,109
96,22,24.6,4976,11073,562,1051,3514,8187,0,0
96,24,11.91,3671,7270,792,1583,1293,2520,0,0
96,30,4,351,640,324,613,9,9,0,0
96,34,17.11,1625,3577,1338,3036,96,180,0,0
96,36,2.64,151,151,143,143,3,3,0,0
96,38,4.56,633,1472,511,1231,11,22,0,0
96,40,13.4,1661,3449,774,1551,437,914,0,0
96,42,59.63,7026,18790,3597,7816,1140,3653,0,0
96,44,76.42,6723,15007,4043,8165,926,2347,0,0
96,46,12.28,1165,2951,742,1763,139,394,0,0
96,48,134.15,6422,13899,5747,12590,197,386,0,0
96,50,140.86,6945,13531,6175,12207,229,411,0,0
96,52,86.46,6169,11251,5789,10621,109,189,0,0
96,54,77.5,7910,18672,6444,13140,401,1734,0,0
96,56,71.16,5790,10931,3801,6823,1772,3702,0,0
96,58,15.63,7844,17385,753,1621,5980,13442,0,0
96,60,8.4,7446,19530,143,425,7320,19163,0,0
96,62,0.27,35,35,9,9,9,9,0,0
96,66,11,2598,7995,942,3132,552,1622,362,1086
96,68,1,54,163,14,41,14,41,0,0
96,72,3,539,745,289,495,83,83,0,0
96,76,10.37,4088,11632,167,500,4006,11386,0,0
96,78,23.45,8665,35597,4552,18944,2587,11630,0,0
96,80,66.12,5843,13886,4412,10031,466,1273,0,0
96,82,4.4,1273,3058,369,867,301,731,0,0
96,84,10.61,4605,14687,739,2323,2683,8299,0,0
96,86,5.25,1382,3817,209,492,911,2671,0,0
96,88,5.5,697,1901,351,1007,115,298,0,0
96,90,10.82,1735,3891,713,1531,341,787,0,0
96,94,1.12,162,324,158,315,0,1,0,0
96,96,2.01,262,523,58,116,43,86,0,0
96,98,6.95,355,654,260,505,31,49,0,0
96,104,37.53,3064,6699,2706,6033,76,151,0,0
96,106,66.32,4424,9005,3879,8010,181,343,0,0
96,108,30,2207,4618,1753,3654,203,485,0,0
96,110,51.5,5357,11744,4063,8381,840,2456,0,0
96,112,102.46,6349,13741,5589,12436,165,328,0,0
96,114,31.47,2279,5569,1821,4616,153,318,0,0
96,116,3.23,176,330,142,278,11,16,0,0
96,118,24.88,2755,5972,1621,3732,378,748,0,0
96,120,68.23,4663,9488,4017,8279,171,324,0,0
96,122,23.88,2336,5371,1987,4681,223,445,0,0
96,124,4,161,288,125,247,5,6,0,0
96,8,0.25,859,2578,0,0,859,2578,0,0
96,10,1.34,1902,8101,300,1499,1002,3606,0,0
96,16,1.98,187,386,115,231,19,39,0,0
96,32,2.13,178,355,109,218,23,46,0,0
96,64,7.88,2378,6744,620,1736,572,1640,0,0
96,92,4.09,779,2273,195,568,195,568,0,0
98,8,4.21,9232,31654,567,1677,7532,26623,0,0
98,10,5.06,11078,44418,1821,7754,5615,21156,0,0
98,14,3,283,567,235,469,4,9,0,0
98,16,67.01,4870,10479,3384,6960,256,534,0,0
98,18,136.2,8348,13925,6862,11799,426,673,0,0
98,20,91.83,5654,12119,4896,10641,322,717,528,1584
98,22,22.33,1529,3128,610,1211,631,1438,0,0
98,24,21.77,1976,3553,1360,2716,549,623,0,0
98,26,30.09,3187,5690,2475,4418,222,404,0,0
98,28,18.02,1624,3303,818,1739,269,522,0,0
98,34,0.75,146,292,36,73,36,73,0,0
98,38,9.44,1090,1935,612,1366,149,170,0,0
98,40,21.87,1408,3245,1229,2925,60,107,0,0
98,42,82.17,6529,14921,5657,13069,186,410,0,0
98,44,42.08,2340,4532,1992,3871,104,191,0,0
98,46,24.37,3295,8075,1929,4237,447,1272,0,0
98,48,93.36,6639,14808,5973,13464,287,713,0,0
98,50,49.6,4791,11474,3973,9243,167,492,0,0
98,52,77.35,7492,21880,4774,12959,1469,4299,0,0
98,54,88.3,5202,10421,4252,8507,259,498,0,0
98,56,31.87,9577,25325,1511,3244,4043,11374,0,0
98,58,27.51,13903,35003,2305,6041,7735,18104,0,0
98,60,6.97,4520,11711,137,324,4187,10978,0,0
98,62,0.14,30,60,30,60,0,0,0,0
98,64,17.98,1503,3111,1109,2244,125,276,0,0
98,66,2.82,463,836,116,209,116,209,0,0
98,68,7.18,2853,6199,984,2361,623,1280,0,0
98,76,6.42,240,410,171,331,14,17,0,0
98,78,92.9,7737,16803,4925,9214,2352,6808,0,0
98,80,128.49,8059,17096,7444,16077,156,296,0,0
98,82,83.35,6023,13248,4726,10454,758,1605,0,0
98,84,5.95,679,1647,309,691,123,319,0,0
98,86,6,552,1144,369,744,61,133,0,0
98,90,0.44,35,83,9,21,9,21,0,0
98,92,0.66,101,303,25,76,25,76,0,0
98,100,6,986,2301,650,1467,99,182,0,0
98,102,3,494,1264,190,380,10,19,0,0
98,104,12.14,920,2218,798,2016,27,53,0,0
98,106,15.78,2559,6059,1820,4462,267,574,0,0
98,110,5.99,1467,3433,726,1940,468,939,0,0
98,112,40.39,4596,11399,1982,5096,870,2101,0,0
98,114,18.75,2158,4606,1751,3692,117,265,0,0
98,116,28.02,2307,4979,2027,4343,60,120,0,0
98,118,68.87,4877,9159,3943,7524,263,473,0,0
98,120,50.33,4043,8096,3654,7421,95,179,0,0
98,122,45.31,3447,6797,2869,5738,210,421,0,0
98,6,2.56,4106,12114,1027,3028,1027,3028,0,0
98,36,1.49,26,46,2,2,2,2,0,0
98,98,0.92,235,705,59,176,59,176,0,0
100,6,4.32,3157,5916,308,998,2232,2922,0,0
100,8,16.27,9165,31112,421,1466,7901,26712,0,0
100,10,1.16,3537,10609,0,0,3537,10609,0,0
100,14,1.98,60,120,0,0,0,0,0,0
100,16,71.13,5132,9316,4401,8114,245,458,0,0
100,18,63.76,5236,10879,4479,9404,517,1026,0,0
100,20,87.93,6142,11718,3386,6062,2120,4525,0,0
100,22,23.91,1836,3208,1137,1911,423,822,0,0
100,24,50.43,4442,7542,3131,5460,418,658,0,0
100,26,131.74,8030,16690,5847,12545,638,1268,0,0
100,28,58.1,4487,7917,3857,7061,103,139,0,0
100,30,45.01,3250,6447,2556,5130,168,355,0,0
100,32,36.97,5384,12699,4888,11615,125,287,0,0
100,36,19.3,1772,3580,1585,3262,28,49,0,0
100,38,5.87,600,1169,562,1121,6,10,0,0
100,40,89.77,5392,11883,4683,10522,207,397,0,0
100,42,114.98,7225,14641,6264,12707,288,581,0,0
100,44,95.37,5780,10878,5263,10080,154,248,0,0
100,46,49.97,3963,8539,3290,7012,214,493,0,0
100,48,72.7,7521,20611,5618,15792,1165,3212,0,0
100,50,103.19,6931,15627,6344,14596,217,416,0,0
100,52,91.05,6758,15288,5929,13040,264,736,0,0
100,54,57.95,7028,16769,3708,8209,2619,6488,0,0
100,56,31.67,11907,29784,1546,3494,7647,18546,0,0
100,58,9.87,6342,19779,1048,3924,3542,8350,0,0
100,60,0.32,288,434,0,0,288,434,0,0
100,78,92.52,7612,12938,7018,12119,160,236,0,0
100,80,89.05,7637,19805,6692,16934,293,960,0,0
100,82,93.95,9028,22006,5967,13937,2315,6342,0,0
100,84,48.95,4016,9066,3565,8023,94,188,0,0
100,98,5.08,501,1206,349,902,46,96,0,0
100,102,1.03,26,26,6,6,6,6,0,0
100,110,7,474,895,406,811,6,12,0,0
100,112,0.84,182,546,182,546,0,0,0,0
100,114,33.73,3488,7427,3004,6317,143,331,0,0
100,116,53.87,4410,8512,3894,7715,223,377,0,0
100,118,33.77,4006,8658,2848,5671,375,971,0,0
100,120,34.82,3107,5295,2601,4399,168,299,0,0
100,122,1.47,358,716,257,515,33,67,0,0
100,4,1,1998,5993,0,0,1998,5993,0,0
100,34,10.46,661,1177,570,995,19,33,0,0
100,86,11,1175,2350,1159,2318,5,11,0,0
100,124,1.91,763,1872,763,1872,0,0,0,0
102,6,5.41,7837,29995,160,643,7355,28068,0,0
102,8,6.43,3487,10679,192,705,2908,8567,0,0
102,16,24.84,7187,18128,1968,4782,2241,5706,0,0
102,18,46.17,5113,10446,2270,3941,1961,4191,0,0
102,20,57.96,5131,8771,2691,4849,1949,3051,0,0
102,22,13.54,1099,1941,882,1563,72,126,0,0
102,24,68.62,5226,9433,3808,6855,430,806,0,0
102,26,43.69,4455,10346,2542,6299,1497,3068,0,0
102,28,103.62,6230,14487,5541,12934,208,467,0,0
102,30,51.57,4745,10521,2939,6173,581,1418,0,0
102,32,63.97,4597,9685,3883,8337,198,386,0,0
102,34,26.93,2108,4391,1569,3579,197,412,0,0
102,36,29.15,2194,6660,981,2628,405,1345,0,0
102,38,102.36,6110,13221,5257,11795,182,317,0,0
102,40,85.17,7980,18064,7438,17155,171,292,0,0
102,42,100.41,7160,14799,6092,12207,334,832,0,0
102,44,87.4,7090,16311,4305,9651,1356,3563,0,0
102,46,107.87,9310,24438,6121,16298,1977,5494,0,0
102,48,83.03,7689,20572,4684,13429,2594,6116,0,0
102,50,81.09,5034,11836,4622,11015,112,231,0,0
102,52,82.14,6043,11803,4902,9585,334,666,0,0
102,54,43.25,6702,16148,1961,4894,3519,7980,0,0
102,56,5.33,1601,3706,51,151,1449,3256,0,0
102,58,1,13,13,3,3,3,3,0,0
102,78,88.07,7260,12908,6609,11944,178,262,0,0
102,80,119.87,9193,24702,8245,22103,401,1225,0,0
102,82,79.36,8174,23414,5271,16112,2448,6805,103,207
102,84,84.38,6544,14733,5700,12973,352,769,0,0
102,86,18.2,1723,3775,1658,3666,22,36,0,0
102,98,10,1206,2972,1096,2777,9,9,0,0
102,100,5,487,1183,391,991,32,64,0,0
102,102,9.97,1090,2222,794,1737,67,130,0,0
102,104,4,516,1017,316,628,67,130,0,0
102,108,5,601,1402,347,950,72,125,0,0
102,110,3,280,561,164,330,38,77,0,0
102,116,1.9,327,654,278,556,16,33,0,0
102,118,2.22,264,528,198,397,22,44,0,0
102,122,8.44,1253,2795,1129,2547,42,82,0,0
102,124,1.73,479,994,229,493,83,167,0,0
102,4,6.68,1175,1675,799,925,125,250,18,70
102,10,1,55,109,14,27,14,27,0,0
102,14,4.89,4857,13973,1214,3493,1214,3493,0,0
102,60,0.31,121,362,30,91,30,91,0,0
102,64,4,329,783,211,453,39,110,0,0
102,76,3,38,38,4,4,4,4,0,0
102,96,5.86,407,813,299,598,36,72,0,0
102,120,1.34,108,149,58,99,17,17,0,0
104,4,6.01,2155,5661,688,1785,1118,3178,0,0
104,6,12.32,1948,3835,648,1173,1053,2414,0,0
104,8,1.34,1354,4038,70,204,1144,3426,0,0
104,10,2.04,3559,13908,889,3477,889,3477,0,0
104,12,10.46,9981,38761,2562,9825,2472,9646,0,0
104,14,26.04,15396,56005,4541,15314,3782,13889,0,0
104,16,47.4,8002,16851,3209,6142,3516,7420,0,0
104,18,82.3,5371,10319,4395,8453,309,618,0,0
104,20,61.52,4721,9981,3394,7324,462,934,0,0
104,22,29.61,2470,5478,2283,5177,46,84,0,0
104,24,11.48,504,957,156,300,94,175,0,0
104,26,21.42,3029,11068,2159,9127,673,1413,0,0
104,28,75.7,5043,11012,4561,10160,161,284,0,0
104,30,48.9,3652,8005,2767,6320,269,515,0,0
104,32,48.54,3180,6766,2781,6027,121,229,0,0
104,34,27.3,2261,6983,628,1874,512,1639,0,0
104,36,95.11,7217,17179,5386,12643,628,1599,0,0
104,38,89.87,7030,15992,6245,14510,211,421,0,0
104,40,58.57,6338,12938,4549,9322,1333,2785,0,0
104,42,88.53,8278,18359,4963,10062,2328,5697,0,0
104,44,84.29,9255,30300,3378,10349,2261,7275,0,0
104,46,75.4,8839,21790,4849,12759,1321,2992,0,0
104,48,81.3,5336,13289,4508,11456,422,1128,0,0
104,50,87.73,6225,13855,5537,12394,172,366,0,0
104,52,75.97,6860,15072,5347,11220,843,2277,0,0
104,54,15.17,4410,12947,529,1599,3466,9460,0,0
104,60,6.69,1159,3003,290,751,290,751,0,0
104,62,2.17,87,135,58,105,10,10,0,0
104,64,2.83,261,530,235,471,9,19,0,0
104,76,10.93,984,1825,641,1167,287,566,0,0
104,78,98.97,7260,12120,6600,11129,173,266,0,0
104,80,70.9,6674,15768,4692,11439,1502,3683,0,0
104,82,52.93,6748,16318,3425,8539,3212,7558,0,0
104,84,55.69,5010,11357,4713,10760,66,134,0,0
104,86,4.05,731,1462,222,446,169,339,0,0
104,88,1.23,396,791,99,198,99,198,0,0
104,92,8,893,1764,769,1537,18,36,0,0
104,96,8.2,723,1314,633,1147,25,51,0,0
104,98,5.94,559,1611,242,699,285,843,0,0
104,100,10,1028,2713,818,2160,70,184,0,0
104,110,1.88,2921,17482,730,4370,730,4370,0,0
104,114,10.67,1610,3263,740,1496,281,581,0,0
104,116,0.33,37,74,9,18,9,18,0,0
104,122,19.79,1455,3554,1081,2735,124,273,0,0
104,124,18.6,1535,4022,1268,3500,67,131,0,0
104,94,4,600,1200,296,592,101,203,0,0
106,0,8.57,1821,4520,858,1947,278,788,0,0
106,4,12.26,5019,13621,1254,3404,1256,3410,0,0
106,6,12.64,2651,6304,837,1801,658,1661,0,0
106,8,3.7,3446,9899,220,551,2785,8245,0,0
106,10,0.5,626,2096,54,217,463,1444,0,0
106,12,11.86,2792,6263,1359,2724,1511,3679,0,0
106,14,65.12,6482,11919,5040,9159,1276,2523,0,0
106,16,54.44,4755,9392,4388,8683,90,173,0,0
106,18,74.07,5375,11196,4933,10389,144,259,0,0
106,20,49.76,4671,12072,3670,9399,292,835,0,0
106,22,33.92,3342,8712,3022,8002,103,229,0,0
106,28,1.98,271,952,271,952,0,0,0,0
106,30,14.26,1032,2197,693,1582,41,61,0,0
106,32,38.56,2815,6130,2513,5627,78,143,0,0
106,36,30.71,4150,13547,2658,7437,491,2030,0,0
106,38,41,6228,18686,3161,8691,992,3221,280,1400
106,40,106,8515,21891,6207,14436,757,2472,0,0
106,42,70.38,8329,28966,6888,25836,1111,2480,0,0
106,44,82.45,8315,27484,5820,17769,826,3234,0,0
106,46,101.45,6547,14930,5779,13177,214,501,0,0
106,48,55.25,3724,7877,3411,7226,98,202,0,0
106,50,91.83,6770,15112,5788,13342,220,435,0,0
106,52,31.67,7811,21287,2273,5276,3497,10318,0,0
106,54,1.76,211,423,179,359,11,21,0,0
106,56,1,28,56,7,14,7,14,0,0
106,76,5.18,1061,2118,43,82,821,1640,0,0
106,78,32.55,4430,9761,1513,2855,532,1032,0,0
106,80,98.43,7373,15321,5670,11225,941,2355,0,0
106,82,77.56,7662,17744,3847,8059,1446,3508,0,0
106,84,72.4,6648,14547,5893,12775,238,579,0,0
106,86,33.56,3904,11658,3721,11269,57,121,0,0
106,92,5,654,1276,609,1218,4,8,0,0
106,94,3.44,202,329,146,274,18,18,0,0
106,96,3.56,429,858,382,763,6,13,0,0
106,110,8.4,1383,4450,473,1366,304,1028,0,0
106,112,5.42,2221,14797,110,138,1890,14383,0,0
106,122,17.78,1332,2686,1018,2035,104,217,0,0
106,124,25.37,3602,8769,1672,4178,637,1518,0,0
106,126,29,2043,4115,1551,3349,75,119,0,0
106,2,5.97,2316,4617,1232,1807,362,936,0,0
106,24,3.01,68,159,27,53,6,13,0,0
106,34,10.8,1878,7181,201,964,1343,4426,0,0
106,60,7.22,564,1159,331,692,78,156,0,0
106,66,1,3,3,1,1,1,1,0,0
106,74,1,51,101,0,0,0,0,0,0
106,88,13.52,902,2340,825,2145,26,66,0,0
106,90,0.29,50,149,50,149,0,0,0,0
106,98,1.6,283,566,266,531,6,12,0,0
106,118,0.51,71,143,5,9,0,0,0,0
108,2,2.18,526,1353,132,338,132,338,0,0
108,4,23.78,7584,17145,2438,5462,1658,3805,0,0
108,6,68.81,6428,14455,4337,9620,914,2306,0,0
108,8,32.94,5769,18807,2630,7916,1038,3622,0,0
108,14,63.91,5008,11241,4555,10264,167,357,0,0
108,16,47.89,3794,8731,3432,7893,91,198,0,0
108,18,48.56,4367,9460,3855,8479,157,299,0,0
108,20,62.37,5296,11313,4765,10216,149,320,0,0
108,22,68.95,4671,9998,4424,9541,71,134,0,0
108,24,39.52,2381,5025,2199,4690,53,104,0,0
108,28,3.34,162,321,143,285,16,33,0,0
108,30,66.65,4229,8698,3901,8087,141,260,0,0
108,32,111.55,7050,14219,6380,12993,193,351,0,0
108,34,25.48,5598,17336,2023,5285,2738,8729,0,0
108,36,10.21,5716,30649,1429,7662,1429,7662,0,0
108,38,25.19,5309,15261,1999,5297,1104,3321,0,0
108,40,87.38,6953,18576,3932,9534,987,2979,0,0
108,42,106.51,6993,17135,5894,13696,189,411,0,0
108,44,38.29,5475,15689,4488,13070,278,768,0,0
108,46,19.21,2008,4280,742,1759,109,215,0,0
108,48,24.73,5234,13145,976,1946,126,247,0,0
108,50,76.39,5475,11461,3557,7694,953,1895,0,0
108,52,1.54,720,2058,247,650,157,470,0,0
108,56,15.22,873,1733,727,1406,32,58,0,0
108,58,16.54,1434,3078,853,1896,114,234,0,0
108,60,15.44,2080,4954,1379,3290,187,470,0,0
108,64,3.73,318,637,80,159,80,159,0,0
108,66,4.61,951,2224,238,556,238,556,0,0
108,74,11.83,2741,6438,894,2103,1432,3508,0,0
108,76,57.08,6795,13999,6020,12322,410,1015,0,0
108,78,102.37,6979,13788,6463,12915,184,340,0,0
108,80,108.06,7187,14595,6611,13522,175,322,0,0
108,82,142.91,6565,17416,5899,15916,208,487,0,0
108,84,87.17,7267,16556,5979,13884,413,897,0,0
108,86,84.45,7205,16476,6899,15929,89,169,0,0
108,88,22.85,1786,4794,1626,4452,32,68,0,0
108,90,0.08,15,44,15,44,0,0,0,0
108,92,10,1156,2348,799,1672,99,205,0,0
108,96,5.56,1073,3167,488,1208,195,653,0,0
108,98,0.4,174,347,174,347,0,0,0,0
108,104,0.28,105,315,26,79,26,79,0,0
108,106,2.72,376,1009,94,253,94,253,0,0
108,110,10.09,2304,6527,536,1510,536,1510,162,487
108,112,0.95,1469,11177,29,86,1383,10920,0,0
108,118,9.5,1349,3136,796,1702,89,287,0,0
108,122,2.57,495,1010,201,407,288,581,0,0
108,124,4.01,532,787,324,475,131,226,0,0
108,126,29,3183,6195,3003,5928,48,78,0,0
108,12,11.1,590,1180,508,1016,22,45,0,0
108,54,0.68,222,443,0,0,222,443,0,0
110,2,8.89,2681,5268,811,1617,2102,4119,0,0
110,4,43.63,6496,15239,3461,7087,1761,4634,0,0
110,6,19.05,3546,10651,2555,8460,912,2091,0,0
110,8,9.01,3084,10692,356,1012,356,1012,0,0
110,10,13.7,2454,6569,1508,4670,655,1313,522,1567
110,12,33.77,3830,10434,2315,5782,504,1551,0,0
110,14,29.15,2626,5931,2156,5014,139,289,0,0
110,16,6.67,737,1690,273,634,109,262,0,0
110,20,25.89,2193,4036,2081,3860,37,59,0,0
110,22,110.93,6183,11727,5735,10989,136,229,0,0
110,24,15.57,655,1301,613,1223,14,26,0,0
110,28,66.1,4021,7699,3743,7274,90,138,0,0
110,30,86.58,8178,18439,5799,12907,788,1818,0,0
110,32,75.62,5571,16552,5016,15168,407,1067,0,0
110,34,4.42,1084,5272,930,4625,316,1507,0,0
110,38,36.11,6911,21643,2043,6170,1623,5158,0,0
110,40,27.19,8351,31103,6288,24907,888,2871,0,0
110,42,72.7,7897,18261,4588,10460,1083,2569,0,0
110,44,71.13,6482,19377,3238,8972,1124,3641,0,0
110,46,131.25,6348,15854,5324,13662,321,701,0,0
110,48,183.5,6560,12733,5609,11226,358,635,0,0
110,50,27.76,2029,4186,1532,3224,123,237,0,0
110,54,9.31,836,1816,339,850,280,548,0,0
110,56,11.5,1595,3739,1099,2378,165,454,0,0
110,58,49.71,3830,7826,2337,4942,608,1200,0,0
110,60,10.23,923,2053,856,1925,22,42,0,0
110,62,4,1061,3102,265,776,265,776,0,0
110,64,0.07,31,62,8,16,8,16,0,0
110,66,3.6,1160,3304,290,826,290,826,492,1966
110,74,5.31,1329,4208,17,38,958,2858,0,0
110,76,108.99,8005,21206,7111,18827,337,732,0,0
110,78,126.65,7333,15254,6645,13930,196,383,0,0
110,80,101.51,4999,11383,4349,10228,116,206,0,0
110,82,140.85,6155,15625,4869,12922,288,694,0,0
110,84,77.76,6526,12553,5437,10853,340,535,0,0
110,86,54.74,5367,10981,4672,9538,270,555,0,0
110,90,2,408,1163,378,1133,0,0,0,0
110,92,1.98,241,267,215,215,65,65,0,0
110,94,6.38,1729,4743,467,982,1143,3419,0,0
110,96,4.08,1753,4371,670,1557,361,937,0,0
110,100,3,782,1967,498,1397,95,190,0,0
110,110,7.27,1297,3235,869,2099,142,378,0,0
110,122,3,104,339,77,187,9,50,0,0
110,124,25.21,1846,3230,1620,2914,69,99,0,0
110,126,28.37,2319,4347,2078,3949,63,104,0,0
110,36,0.68,195,390,195,390,0,0,0,0
110,108,1.97,265,795,265,795,0,0,0,0
112,0,4.82,1152,3478,879,2739,247,712,0,0
112,2,45.96,5665,12452,4882,11354,399,496,0,0
112,4,76.06,5849,11903,5091,10211,212,503,0,0
112,6,18.14,1976,4285,1734,3748,53,96,473,1420
112,10,23.07,6907,17547,5240,12115,556,1811,0,0
112,12,13.01,3526,12366,1669,5229,619,2378,0,0
112,16,26.01,2633,5973,2532,5810,21,41,0,0
112,18,37.02,2387,5141,2137,4638,62,126,0,0
112,20,16.42,1816,3420,1745,3288,23,44,0,0
112,22,43.13,3561,7182,3141,6486,87,149,0,0
112,28,101.08,5930,11127,5438,10252,167,302,0,0
112,30,84.45,6515,19621,5758,17776,534,1165,0,0
112,32,43.91,4908,22779,4444,20772,126,526,0,0
112,38,9.43,1950,6736,487,1684,487,1684,0,0
112,40,0.87,263,1052,263,1052,0,0,0,0
112,42,2.3,238,475,59,119,59,119,0,0
112,44,32.39,3967,8459,1749,3469,619,1209,360,1364
112,46,109.11,6894,13933,5620,11495,711,1392,12,39
112,48,50.31,3822,7491,3321,6767,64,119,0,0
112,50,0.63,190,380,190,380,0,0,0,0
112,56,7.15,549,1044,306,606,39,70,0,0
112,58,5,224,417,114,220,9,11,0,0
112,60,4,905,1774,226,443,226,443,0,0
112,74,4.95,3053,11942,816,3047,439,1739,0,0
112,76,22.76,3333,11793,1995,6454,299,1191,0,0
112,78,29.72,1513,3070,1399,2851,36,72,0,0
112,80,42.29,3696,8003,3523,7703,58,101,0,0
112,82,95.95,5525,11037,4935,9941,273,539,0,0
112,84,121.95,7049,14071,6310,12758,211,385,0,0
112,86,26.04,1734,3946,1355,2830,122,362,0,0
112,92,15.88,4454,12278,1515,3578,2833,8463,0,0
112,94,21.12,3815,9102,1548,3907,925,2264,0,0
112,96,6.59,5005,13838,1444,3979,1186,3286,0,0
112,98,9.42,1096,2153,394,780,233,459,0,0
112,108,5.03,529,1216,397,952,44,87,0,0
112,112,2,312,935,312,935,0,0,0,0
112,114,4,655,1311,386,771,51,103,0,0
112,122,1.15,228,674,57,169,57,169,0,0
112,124,45.5,4150,7134,3116,5029,459,764,0,0
112,126,44.58,4600,6635,4198,5628,108,285,0,0
112,8,1.1,698,907,698,907,0,0,0,0
112,14,5.27,686,1424,461,921,65,131,0,0
112,88,3,611,1223,532,1065,0,0,0,0
112,102,1.74,352,1035,344,1027,3,3,0,0
112,106,1,100,200,25,50,25,50,0,0
114,0,26.3,2294,4903,2101,4513,65,131,0,0
114,2,45.64,4000,8423,3450,7464,157,275,0,0
114,4,75.32,6642,13329,6085,12352,193,314,0,0
114,6,25.91,3705,8436,3558,8114,23,56,0,0
114,8,13.66,2023,3532,1758,2994,85,172,0,0
114,10,47.58,5382,10539,4906,9959,181,254,0,0
114,12,45.02,3219,7213,2930,6696,88,166,0,0
114,14,3.79,680,1483,234,447,115,209,0,0
114,16,68.81,4491,8456,4038,7647,110,197,0,0
114,18,57.95,4490,8849,4076,8005,125,263,0,0
114,20,28.76,2410,4899,2160,4493,65,108,0,0
114,22,14,1135,2269,1027,2053,27,54,0,0
114,28,45.81,6000,15726,2856,5492,453,1245,0,0
114,30,31.61,10165,29187,2759,7897,2447,7075,0,0
114,32,8,578,1304,515,1153,10,33,0,0
114,42,4.37,455,857,390,767,22,31,0,0
114,44,115.61,8530,17313,4784,9957,1232,2425,0,0
114,46,119.04,6624,12060,6052,11051,201,319,0,0
114,48,7.31,395,776,361,719,11,19,0,0
114,54,5,388,753,342,685,6,13,0,0
114,74,1.5,121,283,121,283,0,0,0,0
114,80,7.97,481,961,455,909,9,17,0,0
114,82,82.29,5400,10038,4393,7659,317,770,0,0
114,84,86.1,5246,11200,4561,9927,219,415,0,0
114,88,1,19,39,5,10,5,10,0,0
114,94,5.55,4372,14048,668,2237,2369,7340,0,0
114,96,2.72,425,985,256,647,56,113,0,0
114,98,1,1214,4856,0,0,1214,4856,0,0
114,102,1.26,175,470,134,388,14,28,0,0
114,106,4,580,1161,387,774,65,129,0,0
114,124,12.88,1160,1160,1160,1160,0,0,0,0
114,126,2.64,305,527,299,521,2,2,0,0
114,26,3.04,944,1884,236,471,236,471,0,0
114,38,3,166,335,42,84,42,84,0,0
114,56,7.91,421,843,285,570,45,91,0,0
114,72,4,1162,2564,191,550,873,1770,0,0
114,92,1,262,523,65,131,65,131,0,0
114,100,0.33,124,371,31,93,31,93,0,0
116,0,48.68,4895,11279,4317,10017,134,267,0,0
116,2,89.57,7447,15198,6725,13632,234,515,0,0
116,4,67.23,5267,10594,4874,9845,131,249,0,0
116,6,35.53,7576,17759,4137,8640,1134,3016,0,0
116,8,52.93,4907,10222,4401,9311,224,413,0,0
116,10,58.25,4275,9630,3808,8732,141,293,0,0
116,12,8.6,685,1660,628,1538,19,40,0,0
116,14,17.98,1772,3603,1591,3280,31,58,0,0
116,16,16.61,1255,2434,1087,2164,39,68,0,0
116,18,59.89,4552,9096,3841,7705,217,440,0,0
116,20,31.9,2597,5288,1349,2766,396,808,0,0
116,22,31.35,5440,13331,2062,4794,780,2154,0,0
116,24,35.03,5664,15007,1737,4216,863,2273,0,0
116,26,13.18,1088,2094,635,1255,144,273,0,0
116,28,0.24,451,1805,0,0,0,0,0,0
116,30,0.12,296,593,74,148,74,148,0,0
116,44,29.73,4974,9731,1272,2437,1219,2383,0,0
116,46,8.41,1435,4194,6,6,6,6,0,0
116,56,0.09,6,13,2,3,2,3,0,0
116,78,7,1455,4252,492,1320,309,953,296,1479
116,80,2.97,860,2236,215,559,215,559,0,0
116,82,88.64,7975,12288,6561,7639,472,1549,0,0
116,84,50.01,4960,8693,4139,5072,274,1207,0,0
116,92,4.91,689,1379,689,1379,0,0,0,0
116,94,11.57,4920,11721,1371,3212,1437,3342,0,0
116,96,31.17,5499,12622,1361,2907,3308,7675,0,0
116,98,16.76,3942,6199,712,885,2984,5005,0,0
116,100,5.8,2862,5862,464,962,1907,3847,0,0
116,126,20.96,1769,3690,1363,2919,103,194,0,0
116,42,1,39,77,10,19,10,19,0,0
116,52,3,180,343,164,323,6,7,0,0
116,64,3,313,866,246,732,5,10,0,0
116,102,7.34,1589,3384,753,1559,611,1274,0,0
118,0,68.89,6961,15246,6155,13641,412,1066,0,0
118,2,60.81,6138,14226,5364,12252,528,1513,0,0
118,4,39.99,4818,12416,3022,8593,590,1257,0,0
118,6,16.05,9577,25274,3353,11169,1547,3647,0,0
118,8,24.42,3136,6010,1914,3466,395,837,0,0
118,10,81.82,5876,12115,5276,10895,140,310,0,0
118,12,27.68,2725,6082,1546,3628,334,730,0,0
118,14,10.78,2285,4914,1079,2291,248,566,0,0
118,18,75.18,5529,12452,4985,11509,204,385,0,0
118,20,14.95,1250,3151,957,2499,63,155,0,0
118,22,11.07,785,1539,741,1480,4,6,0,0
118,24,11.59,1376,2861,1127,2408,47,79,0,0
118,26,25.5,1938,3397,1679,2891,65,124,0,0
118,64,5,596,967,583,954,4,4,0,0
118,66,1,38,38,0,0,38,38,0,0
118,72,11.32,1287,3099,607,1345,179,488,0,0
118,82,14.72,1085,1085,1085,1085,0,0,0,0
118,84,15.81,1235,1235,1235,1235,0,0,0,0
118,90,6,748,2160,403,1185,116,326,0,0
118,92,7.27,1198,2396,590,1180,315,629,0,0
118,94,13.25,10954,29662,1518,3126,6991,21633,113,226
118,96,14.74,5461,10835,274,387,5041,10207,65,130
118,98,17.34,7155,17157,1221,2624,4133,10576,0,0
118,100,24.68,4878,9855,1606,2847,2944,6350,0,0
118,102,0.71,491,979,123,245,123,245,0,0
118,122,1,106,319,27,80,27,80,0,0
118,124,6,531,997,482,836,17,54,0,0
118,126,42.64,2575,5719,2212,5122,144,312,0,0
118,70,7.99,688,1795,483,1220,69,192,0,0
118,88,3.55,1213,4230,745,1984,156,749,582,2908
118,108,13.7,1351,2702,1194,2389,52,105,0,0
120,0,96.56,7823,20707,7276,19613,160,343,0,0
120,2,75.52,7629,19334,4967,11913,2102,6163,0,0
120,4,32.13,4867,11004,2445,5335,1380,3341,91,366
120,6,4.79,1020,3671,233,862,351,1184,0,0
120,8,35.46,5159,12722,2845,7229,1509,3303,0,0
120,10,69.11,5468,10707,4943,9726,142,277,0,0
120,12,28.96,2355,5114,1628,3603,228,488,0,0
120,14,19.83,1863,3919,1453,3064,88,181,0,0
120,18,25.31,1717,3616,1480,3250,74,116,0,0
120,20,5.91,452,1055,433,1006,6,16,0,0
120,26,2.28,198,396,187,374,4,7,0,0
120,50,3.09,373,705,266,539,36,55,0,0
120,58,1.81,409,817,102,204,102,204,0,0
120,60,24.95,3256,7133,936,2073,899,1812,0,0
120,68,13.8,1105,2014,178,350,123,240,0,0
120,70,18.76,2521,5189,1659,3515,201,386,0,0
120,72,12.23,1261,2955,923,2021,113,311,0,0
120,74,6.47,1611,4278,1233,3261,93,275,0,0
120,76,11.2,1642,3731,965,2151,186,445,0,0
120,78,3,339,640,273,508,22,44,0,0
120,80,5.96,1031,1973,705,1387,109,195,0,0
120,82,1.04,535,1070,496,992,13,26,0,0
120,88,0.45,48,146,48,146,0,0,0,0
120,92,0.28,69,138,0,0,69,138,0,0
120,94,7.49,4158,11723,14,30,4114,11634,0,0
120,96,17.44,4186,10498,553,1422,3016,7210,0,0
120,98,10.6,2163,4921,623,1810,1387,2729,0,0
120,100,0.93,301,902,75,226,75,226,0,0
120,106,11.04,2085,4829,521,1207,521,1207,0,0
120,108,8.28,1868,4555,912,1868,319,895,0,0
120,110,5.97,1011,2121,925,1927,29,65,0,0
120,122,1,291,874,291,874,0,0,0,0
120,124,4.2,478,1129,252,678,76,150,0,0
120,126,54.63,4296,8888,3556,7279,211,489,0,0
120,24,2.9,354,637,213,408,18,18,0,0
120,28,2,388,1116,352,1044,12,24,0,0
120,30,1,132,396,33,99,33,99,0,0
120,34,7.01,1258,3101,1001,2603,86,166,0,0
120,36,1,23,47,0,0,0,0,0,0
120,40,4.2,695,1377,350,697,115,227,0,0
120,42,2.8,409,819,407,814,1,2,0,0
120,46,21.95,1135,2622,1029,2380,35,80,0,0
120,52,5.91,682,1580,635,1506,7,7,0,0
120,56,6,343,893,285,823,18,21,0,0
122,0,59.35,5441,11035,4247,8447,376,822,0,0
122,2,45.85,6236,12653,3611,7706,847,1595,0,0
122,4,58.66,7610,16805,4644,9921,1629,3258,417,1668
122,6,32.54,4086,10323,2929,6811,379,1158,0,0
122,8,40.98,6660,20052,5168,15919,348,942,0,0
122,10,54.1,5192,10730,4037,8376,435,905,0,0
122,12,16.75,1217,3188,1068,2891,40,84,0,0
122,14,16.47,1874,4668,1425,3556,45,107,0,0
122,24,1.1,55,75,21,41,0,0,0,0
122,26,4,448,895,395,789,17,36,0,0
122,28,4.99,1374,4781,399,1306,325,1159,360,2160
122,32,13.37,1734,3059,1606,2706,43,117,0,0
122,34,55.45,6331,11364,6046,11009,41,56,0,0
122,36,46.49,4742,8978,4447,8429,73,142,0,0
122,44,9.28,775,1548,385,769,113,226,0,0
122,46,68.2,5439,12955,5125,12290,94,209,0,0
122,48,26.32,3014,7590,2456,6141,186,483,0,0
122,50,25.35,2379,5124,2085,4639,40,75,0,0
122,52,0.01,4,11,4,11,0,0,0,0
122,54,3.23,405,701,171,244,79,152,0,0
122,56,9.8,1481,3115,614,1499,420,802,0,0
122,60,0.24,93,279,24,70,24,70,0,0
122,68,4.1,449,1001,403,946,3,6,0,0
122,70,5.75,443,1007,263,597,37,102,0,0
122,72,18.99,2363,6197,1555,3866,142,303,326,1305
122,74,5.97,920,3054,440,1396,159,553,0,0
122,76,6.99,1061,2396,1001,2277,20,39,0,0
122,86,3,370,740,284,568,29,57,0,0
122,96,3.11,511,1175,383,919,43,85,0,0
122,118,8.01,1662,4122,1032,2577,210,516,0,0
122,124,7.94,2157,5758,1065,2569,1489,4456,0,0
122,126,27.7,2008,3521,1607,2896,70,132,0,0
122,38,0.26,36,36,9,9,9,9,0,0
124,0,31.6,2202,3983,1577,2877,176,316,0,0
124,2,48.6,3090,6208,2429,4923,273,542,0,0
124,4,40.19,3622,7117,3315,6610,59,99,0,0
124,6,68.07,5484,11242,5012,10440,317,538,0,0
124,8,44.67,4473,10106,3911,9052,166,321,0,0
124,10,64.57,5103,11227,3900,8645,367,829,0,0
124,12,29.25,2682,5754,2036,4518,138,300,0,0
124,14,22.71,2454,5887,1920,4572,166,400,0,0
124,26,14.86,2024,3935,1472,2770,179,384,0,0
124,28,2.92,250,502,197,395,18,36,0,0
124,30,7.29,693,1548,173,388,173,388,20,78
124,34,25.14,3542,5865,3300,5396,76,151,0,0
124,36,60.47,6950,11072,6476,10468,189,289,0,0
124,38,44.28,5221,9525,4933,9135,47,82,0,0
124,44,44.95,3424,7593,2892,6428,159,337,0,0
124,46,65.49,5022,10565,4551,9688,225,430,0,0
124,48,56.6,4495,9441,3536,7793,392,572,0,0
124,50,15.42,1241,2841,1056,2516,31,56,0,0
124,54,34.04,3581,7164,2831,5673,103,183,0,0
124,56,27.23,2252,4317,1383,2639,266,516,0,0
124,66,6.77,1303,3162,1106,2768,66,131,0,0
124,68,3.23,178,341,96,190,27,51,0,0
124,70,20.45,1731,3842,1323,3094,89,179,0,0
124,72,9,1113,2731,729,1907,127,275,0,0
124,122,10.03,545,1064,466,927,26,46,0,0
124,124,5.97,504,966,408,806,20,30,0,0
124,126,8.14,394,776,272,540,41,79,0,0
124,16,6.75,715,1329,338,606,126,241,0,0
124,24,4.16,223,223,188,188,12,12,0,0
124,40,2.37,340,680,68,135,257,514,0,0
124,52,8.13,374,720,320,636,15,25,0,0
124,58,2.63,374,732,90,179,90,179,0,0
124,76,1,93,278,23,69,23,69,0,0
124,78,1,16,32,4,8,4,8,0,0
124,112,0.29,231,925,231,925,0,0,231,925
126,0,1.87,63,63,4,4,4,4,0,0
126,2,3.11,26,26,7,7,7,7,0,0
126,8,11.4,981,1661,902,1522,26,46,0,0
126,10,28.64,2952,6700,2497,5801,108,214,0,0
126,12,45.2,4705,10098,3906,8373,232,515,0,0
126,14,73.78,6419,15590,5263,12715,582,1570,0,0
126,16,52.32,4308,8184,3310,6430,282,527,0,0
126,18,0.04,8,17,8,17,0,0,0,0
126,20,6,1217,2390,816,1642,107,222,0,0
126,22,1,290,870,290,870,0,0,0,0
126,24,7.66,681,955,621,863,20,31,0,0
126,26,7.4,1024,2048,908,1815,39,78,0,0
126,28,1.27,389,778,370,739,6,13,0,0
126,30,22.63,2964,6529,1569,3535,384,835,0,0
126,32,22.01,2821,6973,2079,4980,217,592,0,0
126,34,47.98,5259,8433,5019,8085,94,171,0,0
126,36,55.43,7214,12708,6787,11979,115,210,0,0
126,38,20.7,2758,4374,2673,4273,8,12,0,0
126,40,1,66,66,17,17,17,17,0,0
126,42,14.86,1097,2342,900,2096,26,42,0,0
126,44,56.65,4385,9971,4008,9268,93,179,0,0
126,46,66.22,4668,10350,3870,8438,202,524,0,0
126,48,40.44,4619,11512,3396,8182,260,696,0,0
126,52,3.9,344,675,309,616,12,20,0,0
126,54,19.02,1514,2923,1094,2167,206,392,0,0
126,68,5.67,714,1558,487,1119,76,146,0,0
126,70,7.79,1214,2863,1086,2622,42,80,0,0
126,98,5.99,1133,2892,529,1683,94,190,0,0
126,112,3.71,1672,4485,846,2834,275,551,571,2284
126,50,0.06,27,80,27,80,0,0,0,0
126,66,8,502,1597,305,1164,36,84,0,0
126,72,10.32,894,2049,569,1400,104,211,0,0
126,78,2.01,187,375,146,292,14,28,0,0
126,88,6.89,816,2113,551,1619,89,165,0,0
126,90,1.36,757,1514,757,1514,0,0,0,0
126,100,0.01,3,7,1,2,1,2,0,0
126,108,1.89,164,327,41,82,41,82,0,0
126,114,3,447,835,403,792,14,14,0,0
