x,y,number,ground_area,floor_area,residential_ground_area,residential_floor_area,economic_activity_ground_area,economic_activity_floor_area,cultural_ground_area,cultural_floor_area
0,10,1,177,177,0,0,0,0,0,0
0,36,6,643,643,643,643,0,0,0,0
0,40,10.13,972,972,972,972,0,0,0,0
0,42,8.62,804,804,804,804,0,0,0,0
0,50,1,81,81,0,0,0,0,0,0
0,60,2,122,122,122,122,0,0,0,0
0,62,4.6,543,543,543,543,0,0,0,0
0,64,3,108,108,0,0,0,0,0,0
0,68,1.41,144,144,144,144,0,0,0,0
0,74,1.85,439,439,439,439,0,0,0,0
0,76,5.01,465,465,431,431,0,0,0,0
0,80,0.92,136,136,136,136,0,0,0,0
0,82,0.17,32,32,32,32,0,0,0,0
0,84,5.81,1019,1019,1019,1019,0,0,0,0
0,86,7,1056,1056,1056,1056,0,0,0,0
0,88,1,101,101,101,101,0,0,0,0
0,90,2,227,227,227,227,0,0,0,0
0,38,1.82,113,113,113,113,0,0,0,0
0,70,1,90,90,90,90,0,0,0,0
0,114,2.11,465,465,465,465,0,0,0,0
0,116,3.89,637,637,637,637,0,0,0,0
2,8,1,29,29,0,0,0,0,0,0
2,22,2.83,447,447,447,447,0,0,0,0
2,36,1.05,136,136,136,136,0,0,0,0
2,38,10.16,1187,1187,1187,1187,0,0,0,0
2,42,3,241,241,241,241,0,0,0,0
2,50,1,163,163,163,163,0,0,0,0
2,64,1,62,62,0,0,0,0,0,0
2,66,1,219,219,219,219,0,0,0,0
2,68,0.59,69,69,69,69,0,0,0,0
2,80,0.01,1,1,1,1,0,0,0,0
2,82,5.99,1092,1092,1092,1092,0,0,0,0
2,84,4.09,508,508,508,508,0,0,0,0
2,86,4,344,344,344,344,0,0,0,0
2,104,3,356,356,279,279,0,0,0,0
2,110,2,407,407,407,407,0,0,0,0
2,114,1,117,117,117,117,0,0,0,0
2,20,2.17,177,177,177,177,0,0,0,0
2,30,0.55,92,92,0,0,92,92,0,0
2,44,1,83,83,83,83,0,0,0,0
2,116,0.33,27,27,27,27,0,0,0,0
2,118,4.67,630,630,630,630,0,0,0,0
2,120,1,206,206,206,206,0,0,0,0
4,20,1,38,38,38,38,0,0,0,0
4,24,4.8,372,372,328,328,0,0,0,0
4,26,2.16,148,148,148,148,0,0,0,0
4,30,2.45,431,431,185,185,246,246,0,0
4,32,2,489,489,489,489,0,0,0,0
4,34,2,89,89,66,66,0,0,0,0
4,38,1,50,50,0,0,0,0,0,0
4,44,1,122,122,122,122,0,0,0,0
4,80,3,340,340,340,340,0,0,0,0
4,82,1,71,71,71,71,0,0,0,0
4,104,5,439,439,439,439,0,0,0,0
4,110,2,168,168,0,0,0,0,0,0
4,112,1,97,97,0,0,0,0,0,0
4,114,3.56,393,393,309,309,0,0,0,0
4,122,3,469,469,469,469,0,0,0,0
4,124,1,164,164,164,164,0,0,0,0
4,6,3,110,110,52,52,0,0,0,0
4,10,1,106,106,106,106,0,0,0,0
4,22,0.04,3,3,3,3,0,0,0,0
4,28,2,100,100,0,0,0,0,0,0
4,52,1,197,197,197,197,0,0,0,0
4,54,3,298,298,298,298,0,0,0,0
4,118,2,886,886,289,289,597,597,0,0
4,126,1,73,73,73,73,0,0,0,0
6,2,1,41,41,0,0,0,0,0,0
6,4,2,157,157,83,83,0,0,0,0
6,20,31.01,2271,2271,1659,1659,0,0,0,0
6,28,4,371,371,371,371,0,0,0,0
6,30,8,1512,1512,1468,1468,0,0,0,0
6,34,1,69,69,69,69,0,0,0,0
6,42,1,41,41,41,41,0,0,0,0
6,44,2,216,216,216,216,0,0,0,0
6,46,2,181,181,181,181,0,0,0,0
6,50,1,293,293,293,293,0,0,0,0
6,52,1,254,254,254,254,0,0,0,0
6,54,1,172,172,172,172,0,0,0,0
6,62,1,134,134,0,0,0,0,0,0
6,78,7.99,920,920,920,920,0,0,0,0
6,88,2,193,193,193,193,0,0,0,0
6,112,1,342,342,342,342,0,0,0,0
6,114,2.37,172,172,172,172,0,0,0,0
6,116,2.07,190,190,94,94,0,0,0,0
6,118,2,241,241,153,153,0,0,0,0
6,120,2,181,181,181,181,0,0,0,0
6,122,1,67,67,0,0,0,0,0,0
6,124,2.53,341,341,341,341,0,0,0,0
6,8,1,50,50,0,0,0,0,0,0
6,10,0.61,36,36,36,36,0,0,0,0
6,32,4,865,865,865,865,0,0,0,0
6,80,3.01,351,351,351,351,0,0,0,0
6,98,1.09,31,31,31,31,0,0,0,0
6,100,1.86,202,202,202,202,0,0,0,0
6,126,1.47,175,175,57,57,0,0,0,0
8,2,2.79,236,236,236,236,0,0,0,0
8,4,2.21,255,255,255,255,0,0,0,0
8,8,2,189,189,189,189,0,0,0,0
8,10,0.39,23,23,23,23,0,0,0,0
8,30,13.68,2681,2681,2489,2489,0,0,193,193
8,44,2.45,184,184,71,71,0,0,0,0
8,46,1.55,178,178,178,178,0,0,0,0
8,48,1,33,33,0,0,0,0,0,0
8,68,1,41,41,0,0,0,0,0,0
8,74,3.77,111,111,91,91,0,0,0,0
8,80,2.64,453,453,453,453,0,0,0,0
8,90,3.64,657,657,657,657,0,0,0,0
8,100,3.05,235,235,235,235,0,0,0,0
8,114,1,54,54,54,54,0,0,0,0
8,116,4,1001,1001,1001,1001,0,0,0,0
8,14,0.61,15,15,0,0,0,0,0,0
8,16,1,36,36,0,0,0,0,0,0
8,22,1,36,36,0,0,0,0,0,0
8,28,1,120,120,120,120,0,0,0,0
8,32,1.28,202,202,132,132,0,0,0,0
8,34,0.26,24,24,24,24,0,0,0,0
8,36,1.16,70,70,70,70,0,0,0,0
8,38,2,256,256,256,256,0,0,0,0
8,70,0.31,45,45,45,45,0,0,0,0
8,72,2.3,251,251,245,245,0,0,0,0
8,78,5.36,724,724,724,724,0,0,0,0
8,92,0.36,74,74,74,74,0,0,0,0
8,112,1.42,163,163,163,163,0,0,0,0
8,118,1.88,337,337,337,337,0,0,0,0
8,122,1.23,130,130,130,130,0,0,0,0
10,0,1,54,54,0,0,0,0,0,0
10,2,3,203,203,171,171,0,0,0,0
10,10,4,580,580,580,580,0,0,0,0
10,12,3.3,152,152,126,126,0,0,0,0
10,14,0.39,10,10,0,0,0,0,0,0
10,22,2,75,75,0,0,0,0,0,0
10,30,0.03,5,5,5,5,0,0,0,0
10,34,2.74,242,242,201,201,0,0,0,0
10,36,3.84,583,583,583,583,0,0,0,0
10,42,2,115,115,82,82,0,0,0,0
10,44,2,165,165,165,165,0,0,0,0
10,46,2,183,183,183,183,0,0,0,0
10,64,1,24,24,0,0,0,0,0,0
10,68,3,218,218,218,218,0,0,0,0
10,72,0.61,141,141,141,141,0,0,0,0
10,78,1,57,57,57,57,0,0,0,0
10,100,2,316,316,148,148,0,0,0,0
10,108,1,101,101,101,101,0,0,0,0
10,110,2,528,528,528,528,0,0,0,0
10,112,2.58,630,630,630,630,0,0,0,0
10,116,4.05,654,654,542,542,0,0,0,0
10,118,2.06,583,583,552,552,0,0,0,0
10,122,0.77,219,219,219,219,0,0,0,0
10,18,1,51,51,0,0,0,0,0,0
10,28,1,103,103,103,103,0,0,0,0
10,38,1,66,66,66,66,0,0,0,0
10,102,3,687,687,687,687,0,0,0,0
12,10,3,311,311,311,311,0,0,0,0
12,12,4.34,551,551,490,490,0,0,0,0
12,22,3,138,138,77,77,0,0,0,0
12,44,1,105,105,0,0,0,0,0,0
12,118,4,561,561,561,561,0,0,0,0
12,122,2,252,252,252,252,0,0,0,0
12,38,2,197,197,197,197,0,0,0,0
12,42,1,82,82,82,82,0,0,0,0
12,46,1,33,33,33,33,0,0,0,0
12,52,0.55,34,34,34,34,0,0,0,0
12,92,7,737,737,737,737,0,0,0,0
12,114,4,910,910,910,910,0,0,0,0
12,116,2,135,135,135,135,0,0,0,0
12,120,2,430,430,430,430,0,0,0,0
14,10,3,249,249,249,249,0,0,0,0
14,12,0.36,44,44,44,44,0,0,0,0
14,30,3,197,197,0,0,0,0,0,0
14,32,2,211,211,211,211,0,0,0,0
14,38,3.36,307,307,307,307,0,0,0,0
14,40,7.63,720,720,720,720,0,0,0,0
14,52,0.45,27,27,27,27,0,0,0,0
14,94,1,11,11,0,0,0,0,0,0
14,104,2,113,113,113,113,0,0,0,0
14,114,4.15,604,604,604,604,0,0,0,0
14,122,3,526,526,526,526,0,0,0,0
14,36,1,62,62,62,62,0,0,0,0
14,56,3.02,461,461,461,461,0,0,0,0
14,84,1,151,151,151,151,0,0,0,0
14,92,4,192,192,192,192,0,0,0,0
14,108,1,122,122,0,0,0,0,0,0
14,116,1.85,208,208,208,208,0,0,0,0
14,118,1,138,138,138,138,0,0,0,0
14,120,1,192,192,192,192,0,0,0,0
14,124,1,105,105,105,105,0,0,0,0
16,6,4.33,180,180,26,26,0,0,0,0
16,8,1.98,135,135,113,113,0,0,0,0
16,26,2,93,93,0,0,0,0,0,0
16,38,3,356,356,356,356,0,0,0,0
16,40,1,50,50,50,50,0,0,0,0
16,50,1,79,79,79,79,0,0,0,0
16,54,1,79,79,79,79,0,0,0,0
16,56,0.98,91,91,91,91,0,0,0,0
16,100,4.42,239,239,111,111,0,0,0,0
16,102,3.58,601,601,601,601,0,0,0,0
16,124,6.97,477,477,477,477,0,0,0,0
16,126,0.81,182,182,182,182,0,0,0,0
16,4,5.51,449,449,411,411,0,0,0,0
16,10,1.02,26,26,0,0,0,0,0,0
16,24,1,112,112,112,112,0,0,0,0
16,42,1,78,78,0,0,0,0,0,0
16,48,1,95,95,95,95,0,0,0,0
16,60,1,60,60,60,60,0,0,0,0
16,114,1.47,48,48,48,48,0,0,0,0
16,116,0.53,23,23,23,23,0,0,0,0
16,118,2.8,488,488,488,488,0,0,0,0
16,120,0.2,34,34,34,34,0,0,0,0
18,2,4,250,250,62,62,0,0,0,0
18,4,0.16,21,21,21,21,0,0,0,0
18,26,1,120,120,120,120,0,0,0,0
18,44,1,65,65,0,0,0,0,0,0
18,56,3.07,233,233,233,233,0,0,0,0
18,58,2.93,289,289,209,209,0,0,0,0
18,84,1,67,67,0,0,0,0,0,0
18,96,2.74,247,247,247,247,0,0,0,0
18,98,0.26,40,40,40,40,0,0,0,0
18,102,2,420,420,420,420,0,0,0,0
18,116,2,499,499,499,499,0,0,0,0
18,122,1.01,223,223,223,223,0,0,0,0
18,124,1.81,371,371,371,371,0,0,0,0
18,126,0.4,105,105,105,105,0,0,0,0
18,0,1.9,221,221,199,199,0,0,0,0
18,54,0.25,25,25,0,0,0,0,0,0
18,68,1,24,24,24,24,0,0,0,0
18,80,5.56,940,940,940,940,0,0,0,0
20,0,3.98,374,374,247,247,0,0,0,0
20,2,3.19,166,166,99,99,0,0,0,0
20,54,3.76,549,549,471,471,0,0,0,0
20,64,2,160,160,0,0,0,0,0,0
20,70,2,78,78,78,78,0,0,0,0
20,74,2,201,201,201,201,0,0,0,0
20,78,1,307,307,307,307,0,0,0,0
20,80,2.44,338,338,338,338,0,0,0,0
20,86,4,204,204,204,204,0,0,0,0
20,94,7.57,1030,1030,985,985,0,0,0,0
20,116,4.22,319,319,319,319,0,0,0,0
20,118,1.81,329,329,329,329,0,0,0,0
20,122,3,525,525,525,525,0,0,0,0
20,18,1,33,33,0,0,0,0,0,0
20,20,1,51,51,0,0,0,0,0,0
20,28,2,112,112,112,112,0,0,0,0
20,72,1,118,118,118,118,0,0,0,0
20,76,3,316,316,279,279,0,0,0,0
20,92,4,741,741,741,741,0,0,0,0
20,108,0.91,59,59,0,0,0,0,0,0
20,110,0.09,6,6,0,0,0,0,0,0
20,114,0.79,64,64,6,6,0,0,0,0
22,0,0.93,45,45,14,14,0,0,0,0
22,6,1,90,90,0,0,0,0,0,0
22,10,2,208,208,208,208,0,0,0,0
22,20,1,48,48,0,0,0,0,0,0
22,44,0.53,35,35,0,0,0,0,0,0
22,46,1.47,184,184,0,0,0,0,0,0
22,50,2.95,280,280,280,280,0,0,0,0
22,52,2.05,266,266,266,266,0,0,0,0
22,56,3,240,240,240,240,0,0,0,0
22,60,1.18,235,235,235,235,0,0,0,0
22,64,2.1,77,77,77,77,0,0,0,0
22,66,1,79,79,0,0,0,0,0,0
22,94,2.44,175,175,40,40,0,0,0,0
22,100,2,199,199,199,199,0,0,0,0
22,110,1,108,108,108,108,0,0,0,0
22,112,2,170,170,170,170,0,0,0,0
22,114,7.88,909,909,557,557,0,0,317,317
22,116,7.9,1629,1629,1511,1511,0,0,0,0
22,54,2,286,286,286,286,0,0,0,0
22,58,1,105,105,105,105,0,0,0,0
22,62,4.72,495,495,495,495,0,0,0,0
22,72,1,97,97,97,97,0,0,0,0
22,74,3,219,219,219,219,0,0,0,0
22,76,0.95,110,110,110,110,0,0,0,0
22,78,0.07,3,3,3,3,0,0,0,0
22,88,1,19,19,0,0,0,0,0,0
22,90,0.44,97,97,97,97,0,0,0,0
22,92,2.82,396,396,313,313,0,0,0,0
24,10,1,106,106,106,106,0,0,0,0
24,18,1,16,16,0,0,0,0,0,0
24,54,5.31,571,571,571,571,0,0,0,0
24,58,1,112,112,112,112,0,0,0,0
24,60,4,521,521,521,521,0,0,0,0
24,62,2.01,446,446,446,446,0,0,0,0
24,64,1,281,281,281,281,0,0,0,0
24,70,2,141,141,141,141,0,0,0,0
24,74,4,514,514,514,514,0,0,0,0
24,76,3.05,169,169,169,169,0,0,0,0
24,78,4.93,330,330,330,330,0,0,0,0
24,92,0.73,334,334,334,334,0,0,0,0
24,112,8,642,642,642,642,0,0,0,0
24,114,4.18,1046,1046,1046,1046,0,0,0,0
24,116,2.07,374,374,374,374,0,0,0,0
24,122,1.65,255,255,255,255,0,0,0,0
24,124,2.35,447,447,447,447,0,0,0,0
24,36,1,64,64,64,64,0,0,0,0
24,38,1,40,40,0,0,0,0,0,0
24,44,3,347,347,347,347,0,0,0,0
24,46,1,45,45,0,0,0,0,0,0
24,52,1.44,391,391,391,391,0,0,0,0
24,72,1,39,39,39,39,0,0,0,0
24,94,1,12,12,0,0,0,0,0,0
24,110,1.15,187,187,19,19,0,0,0,0
26,0,0.69,85,85,85,85,0,0,0,0
26,2,0.31,38,38,38,38,0,0,0,0
26,8,7,660,660,660,660,0,0,0,0
26,30,3,214,214,175,175,0,0,0,0
26,32,3,186,186,133,133,0,0,0,0
26,50,4,307,307,49,49,0,0,0,0
26,52,5.22,886,886,886,886,0,0,0,0
26,62,2,245,245,245,245,0,0,0,0
26,64,5,596,596,596,596,0,0,0,0
26,74,1,142,142,142,142,0,0,0,0
26,98,3,365,365,365,365,0,0,0,0
26,100,6,679,679,599,599,0,0,0,0
26,108,3,204,204,204,204,0,0,0,0
26,110,3,171,171,95,95,0,0,0,0
26,116,1.88,402,402,402,402,0,0,0,0
26,122,3,425,425,425,425,0,0,0,0
26,6,0.1,12,12,12,12,0,0,0,0
26,34,1,19,19,0,0,0,0,0,0
26,44,1,215,215,215,215,0,0,0,0
26,46,1,48,48,48,48,0,0,0,0
26,48,1,31,31,31,31,0,0,0,0
26,72,1,76,76,76,76,0,0,0,0
26,76,1,117,117,117,117,0,0,0,0
26,80,3,434,434,434,434,0,0,0,0
26,126,1,17,17,0,0,0,0,0,0
28,0,2,346,346,346,346,0,0,0,0
28,6,1.9,147,147,147,147,0,0,0,0
28,30,2,103,103,103,103,0,0,0,0
28,34,2,238,238,238,238,0,0,0,0
28,38,3,264,264,264,264,0,0,0,0
28,44,2,177,177,177,177,0,0,0,0
28,46,1.73,183,183,183,183,0,0,0,0
28,48,2.27,127,127,127,127,0,0,0,0
28,52,4.78,467,467,467,467,0,0,0,0
28,70,7,678,678,678,678,0,0,0,0
28,74,4,320,320,277,277,0,0,0,0
28,92,2.98,783,783,783,783,0,0,0,0
28,100,0.08,17,17,17,17,0,0,0,0
28,102,2.26,350,350,350,350,0,0,0,0
28,108,1,143,143,143,143,0,0,0,0
28,114,0.07,6,6,6,6,0,0,0,0
28,116,3.06,284,284,284,284,0,0,0,0
28,122,3.64,419,419,419,419,0,0,0,0
28,126,2,358,358,141,141,0,0,0,0
28,8,1.2,107,107,68,68,0,0,0,0
28,10,1,83,83,83,83,0,0,0,0
28,32,1,125,125,125,125,0,0,0,0
28,36,1,107,107,0,0,0,0,0,0
28,50,1.25,236,236,236,236,0,0,0,0
28,66,0.98,151,151,151,151,0,0,0,0
28,68,1,214,214,214,214,0,0,0,0
28,72,1,49,49,49,49,0,0,0,0
28,78,1.21,89,89,89,89,0,0,0,0
28,80,0.79,67,67,67,67,0,0,0,0
28,98,1,64,64,64,64,0,0,0,0
28,110,1,60,60,60,60,0,0,0,0
28,124,0.36,65,65,65,65,0,0,0,0
30,8,0.8,159,159,0,0,0,0,0,0
30,10,2,223,223,223,223,0,0,0,0
30,32,3,315,315,315,315,0,0,0,0
30,36,2,239,239,239,239,0,0,0,0
30,48,1,67,67,67,67,0,0,0,0
30,50,2,226,226,196,196,0,0,0,0
30,56,3.01,364,364,364,364,0,0,0,0
30,60,1,104,104,104,104,0,0,0,0
30,62,2,207,207,207,207,0,0,0,0
30,66,5.02,314,314,314,314,0,0,0,0
30,68,7,887,887,887,887,0,0,0,0
30,72,4.68,575,575,575,575,0,0,0,0
30,86,1,27,27,27,27,0,0,0,0
30,92,0.01,3,3,3,3,0,0,0,0
30,102,0.67,182,182,182,182,0,0,0,0
30,110,1,84,84,84,84,0,0,0,0
30,114,5,705,705,705,705,0,0,0,0
30,116,1.55,346,346,346,346,0,0,0,0
30,122,2.97,687,687,687,687,0,0,0,0
30,20,1,32,32,0,0,0,0,0,0
30,52,2,211,211,211,211,0,0,0,0
30,58,1,39,39,0,0,0,0,0,0
30,74,1.39,167,167,167,167,0,0,0,0
30,76,0.61,51,51,51,51,0,0,0,0
30,98,1,12,12,12,12,0,0,0,0
30,126,1.31,299,299,299,299,0,0,0,0
32,32,1.89,419,419,419,419,0,0,0,0
32,34,8.13,1318,1318,1274,1274,0,0,0,0
32,38,2,165,165,165,165,0,0,0,0
32,48,1,116,116,116,116,0,0,0,0
32,50,5,416,416,416,416,0,0,0,0
32,52,3,380,380,380,380,0,0,0,0
32,66,5,541,541,541,541,0,0,0,0
32,72,0.33,27,27,27,27,0,0,0,0
32,114,3,453,453,453,453,0,0,0,0
32,116,4.45,666,666,666,666,0,0,0,0
32,122,0.15,32,32,32,32,0,0,0,0
32,124,0.88,199,199,199,199,0,0,0,0
32,126,1.69,265,265,265,265,0,0,0,0
32,20,1,122,122,122,122,0,0,0,0
32,36,2,286,286,286,286,0,0,0,0
32,42,1,42,42,42,42,0,0,0,0
32,56,2,244,244,244,244,0,0,0,0
32,58,1,184,184,0,0,0,0,0,0
32,64,4,249,249,249,249,0,0,0,0
32,68,1.01,152,152,152,152,0,0,0,0
32,78,4,335,335,335,335,0,0,0,0
34,34,0.99,40,40,40,40,0,0,0,0
34,38,2,151,151,138,138,0,0,0,0
34,50,4,364,364,364,364,0,0,0,0
34,66,1,53,53,53,53,0,0,0,0
34,68,2.99,238,238,238,238,0,0,0,0
34,72,1,61,61,61,61,0,0,0,0
34,80,3,231,231,231,231,0,0,0,0
34,98,4,374,374,268,268,0,0,0,0
34,108,1,101,101,101,101,0,0,0,0
34,116,0.99,84,84,84,84,0,0,0,0
34,36,2,103,103,103,103,0,0,0,0
34,48,2,87,87,87,87,0,0,0,0
34,64,4,589,589,589,589,0,0,0,0
34,82,1.14,125,125,125,125,0,0,0,0
34,100,1,42,42,42,42,0,0,0,0
34,110,1,137,137,137,137,0,0,0,0
34,124,0.89,166,166,166,166,0,0,0,0
36,12,1.87,266,266,266,266,0,0,0,0
36,20,1,55,55,0,0,0,0,0,0
36,24,1,28,28,0,0,0,0,0,0
36,38,1,70,70,0,0,0,0,0,0
36,48,4,237,237,156,156,0,0,0,0
36,50,1,75,75,75,75,0,0,0,0
36,52,4,325,325,297,297,0,0,0,0
36,66,3,481,481,481,481,0,0,0,0
36,70,3,295,295,295,295,0,0,0,0
36,72,4,307,307,307,307,0,0,0,0
36,76,4,364,364,364,364,0,0,0,0
36,80,1,105,105,105,105,0,0,0,0
36,82,0.86,98,98,98,98,0,0,0,0
36,98,1.17,190,190,18,18,172,172,0,0
36,100,7.17,1499,1499,1499,1499,0,0,0,0
36,102,17.85,4007,4007,4007,4007,0,0,0,0
36,104,9,1610,1610,1499,1499,0,0,0,0
36,106,6.01,983,983,983,983,0,0,0,0
36,116,2,123,123,78,78,0,0,0,0
36,124,3.11,198,198,198,198,0,0,0,0
36,126,5,586,586,586,586,0,0,0,0
36,10,2.08,139,139,139,139,0,0,0,0
36,36,1,22,22,0,0,0,0,0,0
36,58,1,148,148,148,148,0,0,0,0
36,64,3.66,366,366,334,334,0,0,0,0
36,108,2,422,422,422,422,0,0,0,0
36,110,1,59,59,59,59,0,0,0,0
36,114,2,402,402,402,402,0,0,0,0
38,10,0.71,125,125,125,125,0,0,0,0
38,12,0.34,64,64,64,64,0,0,0,0
38,36,1,22,22,0,0,0,0,0,0
38,44,1,31,31,0,0,0,0,0,0
38,50,2,146,146,146,146,0,0,0,0
38,52,2.55,209,209,209,209,0,0,0,0
38,54,2,226,226,226,226,0,0,0,0
38,56,3,277,277,277,277,0,0,0,0
38,62,2,121,121,60,60,0,0,0,0
38,64,0.34,34,34,34,34,0,0,0,0
38,66,0.99,100,100,100,100,0,0,0,0
38,86,2,177,177,0,0,0,0,0,0
38,98,15.04,2282,2282,2246,2246,0,0,0,0
38,100,12.55,5106,5106,3185,3185,1920,1920,0,0
38,102,13.49,5231,5231,4295,4295,936,936,0,0
38,104,21.94,7177,7177,7177,7177,0,0,0,0
38,106,8.46,1784,1784,1784,1784,0,0,0,0
38,108,2,163,163,163,163,0,0,0,0
38,114,2,588,588,588,588,0,0,0,0
38,116,3.6,354,354,354,354,0,0,0,0
38,118,4.38,770,770,770,770,0,0,0,0
38,124,3,407,407,378,378,0,0,0,0
38,126,3,301,301,301,301,0,0,0,0
38,26,1,19,19,0,0,0,0,0,0
38,34,2,122,122,122,122,0,0,0,0
38,46,0.09,30,30,30,30,0,0,0,0
38,48,2,283,283,283,283,0,0,0,0
38,58,1,90,90,90,90,0,0,0,0
38,70,1,103,103,103,103,0,0,0,0
38,94,13.04,1855,1855,959,959,0,0,169,169
38,96,5.92,934,934,469,469,0,0,242,242
40,4,2,44,44,0,0,0,0,0,0
40,10,0.58,89,89,89,89,0,0,0,0
40,12,2.42,350,350,350,350,0,0,0,0
40,46,0.58,190,190,190,190,0,0,0,0
40,48,1.33,333,333,333,333,0,0,0,0
40,50,3,165,165,165,165,0,0,0,0
40,52,3.44,335,335,335,335,0,0,0,0
40,54,5,344,344,344,344,0,0,0,0
40,56,6.85,666,666,629,629,0,0,0,0
40,62,5,628,628,628,628,0,0,0,0
40,64,6,517,517,517,517,0,0,0,0
40,94,17.5,2217,2217,1455,1455,0,0,0,0
40,96,18.55,3678,3678,2515,2515,0,0,363,363
40,98,9.66,2539,2539,2539,2539,0,0,0,0
40,100,18.91,11607,11607,10640,10640,0,0,967,967
40,102,30.16,17691,17691,16811,16811,0,0,881,881
40,104,30.27,11579,11579,11579,11579,0,0,0,0
40,106,8.85,2223,2223,2009,2009,0,0,214,214
40,116,2,58,58,37,37,0,0,0,0
40,118,1.02,89,89,89,89,0,0,0,0
40,124,1.32,194,194,194,194,0,0,0,0
40,126,1.68,457,457,457,457,0,0,0,0
40,44,1,103,103,103,103,0,0,0,0
40,58,6.15,630,630,630,630,0,0,0,0
40,60,1,67,67,67,67,0,0,0,0
40,66,3,432,432,432,432,0,0,0,0
40,80,1,215,215,0,0,215,215,0,0
40,84,0.35,81,81,81,81,0,0,0,0
40,86,1,58,58,58,58,0,0,0,0
40,108,2.28,1018,1018,1018,1018,0,0,0,0
42,2,1,460,460,0,0,0,0,0,0
42,6,2.37,431,431,411,411,0,0,0,0
42,14,2,122,122,122,122,0,0,0,0
42,20,1,111,111,111,111,0,0,0,0
42,32,2,45,45,0,0,0,0,0,0
42,34,3.66,211,211,177,177,0,0,0,0
42,46,4,338,338,253,253,0,0,0,0
42,52,2,112,112,112,112,0,0,0,0
42,54,6.99,605,605,605,605,0,0,0,0
42,56,2,212,212,212,212,0,0,0,0
42,58,6.89,712,712,712,712,0,0,0,0
42,62,1,157,157,157,157,0,0,0,0
42,68,8,707,707,707,707,0,0,0,0
42,72,1,44,44,44,44,0,0,0,0
42,74,5,2131,2131,643,643,1488,1488,0,0
42,76,4.31,994,994,994,994,0,0,0,0
42,80,7.14,1229,1229,1229,1229,0,0,0,0
42,82,12.46,2322,2322,2322,2322,0,0,0,0
42,84,26.15,5666,5666,5666,5666,0,0,0,0
42,86,27.01,4857,4857,4857,4857,0,0,0,0
42,88,7.25,1470,1470,1470,1470,0,0,0,0
42,94,1,22,22,0,0,0,0,0,0
42,102,0.05,63,63,63,63,0,0,0,0
42,104,3.85,2515,2515,2515,2515,0,0,0,0
42,106,3.28,767,767,767,767,0,0,0,0
42,110,2,1141,1141,0,0,1112,1112,0,0
42,122,1,79,79,79,79,0,0,0,0
42,18,1,71,71,0,0,0,0,0,0
42,42,3.69,400,400,355,355,0,0,0,0
42,44,0.31,20,20,0,0,0,0,0,0
42,60,2,213,213,176,176,0,0,0,0
42,64,1,118,118,118,118,0,0,0,0
42,66,1,41,41,41,41,0,0,0,0
42,70,2,201,201,201,201,0,0,0,0
42,78,1,224,224,224,224,0,0,0,0
42,116,1.25,88,88,31,31,0,0,0,0
44,2,4,477,477,477,477,0,0,0,0
44,6,3.31,454,454,454,454,0,0,0,0
44,8,3.32,217,217,139,139,0,0,0,0
44,34,1.34,103,103,103,103,0,0,0,0
44,42,5,377,377,180,180,197,197,0,0
44,48,1,25,25,0,0,0,0,0,0
44,50,1,27,27,0,0,0,0,0,0
44,54,0.54,63,63,63,63,0,0,0,0
44,56,3.46,183,183,183,183,0,0,0,0
44,58,2.11,317,317,317,317,0,0,0,0
44,60,1,124,124,0,0,0,0,0,0
44,64,5,702,702,702,702,0,0,0,0
44,76,1.07,268,268,268,268,0,0,0,0
44,78,2.62,411,411,411,411,0,0,0,0
44,80,2.1,401,401,401,401,0,0,0,0
44,82,6.03,1491,1491,941,941,0,0,550,550
44,84,7.86,2049,2049,1727,1727,322,322,0,0
44,86,10.65,2436,2436,2436,2436,0,0,0,0
44,88,3,334,334,334,334,0,0,0,0
44,94,1.96,350,350,142,142,0,0,0,0
44,96,4.04,329,329,329,329,0,0,0,0
44,112,5,553,553,248,248,305,305,0,0
44,116,2.72,1751,1751,219,219,1532,1532,0,0
44,118,6.6,1647,1647,999,999,648,648,0,0
44,4,2,265,265,265,265,0,0,0,0
44,14,1,78,78,0,0,0,0,0,0
44,26,1,72,72,0,0,0,0,0,0
44,44,2,230,230,230,230,0,0,0,0
44,46,1,78,78,78,78,0,0,0,0
44,92,1,88,88,88,88,0,0,0,0
44,106,1,53,53,53,53,0,0,0,0
44,108,1,26,26,0,0,0,0,0,0
44,120,0.42,40,40,40,40,0,0,0,0
46,0,1,37,37,0,0,0,0,0,0
46,2,1,50,50,50,50,0,0,0,0
46,6,4,646,646,646,646,0,0,0,0
46,8,1,23,23,0,0,0,0,0,0
46,10,1.7,137,137,72,72,0,0,0,0
46,12,2.3,159,159,159,159,0,0,0,0
46,46,3.1,191,191,143,143,0,0,0,0
46,52,2.55,335,335,224,224,0,0,0,0
46,66,2,117,117,0,0,0,0,0,0
46,70,1,32,32,0,0,0,0,0,0
46,78,1.74,184,184,184,184,0,0,0,0
46,82,3,438,438,438,438,0,0,0,0
46,90,0.83,108,108,108,108,0,0,0,0
46,92,2.17,341,341,341,341,0,0,0,0
46,108,1,62,62,0,0,0,0,0,0
46,114,5.12,411,411,411,411,0,0,0,0
46,116,0.93,290,290,290,290,0,0,0,0
46,118,4.99,612,612,603,603,9,9,0,0
46,120,9.09,1214,1214,1214,1214,0,0,0,0
46,26,1,20,20,0,0,20,20,0,0
46,42,1,141,141,141,141,0,0,0,0
46,64,1,75,75,75,75,0,0,0,0
46,80,0.26,35,35,35,35,0,0,0,0
46,96,0.15,25,25,25,25,0,0,0,0
46,112,1.94,362,362,362,362,0,0,0,0
46,122,1.98,659,659,659,659,0,0,0,0
46,124,0.02,14,14,14,14,0,0,0,0
48,10,0.01,0,0,0,0,0,0,0,0
48,12,1.99,148,148,148,148,0,0,0,0
48,16,3,269,269,222,222,0,0,0,0
48,26,1,21,21,0,0,21,21,0,0
48,44,5.86,633,633,564,564,0,0,0,0
48,46,3.04,300,300,300,300,0,0,0,0
48,48,1,51,51,0,0,0,0,0,0
48,52,0.45,83,83,83,83,0,0,0,0
48,60,1,111,111,111,111,0,0,0,0
48,82,2,126,126,126,126,0,0,0,0
48,90,2,96,96,61,61,0,0,0,0
48,96,0.85,145,145,145,145,0,0,0,0
48,100,2,361,361,361,361,0,0,0,0
48,110,1,49,49,0,0,0,0,0,0
48,118,9.89,1401,1401,1401,1401,0,0,0,0
48,120,16.84,2386,2386,2348,2348,0,0,0,0
48,122,6.26,917,917,917,917,0,0,0,0
48,6,1,15,15,0,0,0,0,0,0
48,18,1,65,65,0,0,0,0,0,0
48,42,1,149,149,149,149,0,0,0,0
48,54,2,87,87,26,26,0,0,0,0
48,70,1,19,19,0,0,0,0,0,0
48,72,1.55,96,96,96,96,0,0,0,0
48,74,4.62,462,462,462,462,0,0,0,0
48,76,0.79,51,51,51,51,0,0,0,0
48,126,4,224,224,224,224,0,0,0,0
50,12,1,207,207,207,207,0,0,0,0
50,46,1,96,96,0,0,0,0,0,0
50,66,4,268,268,0,0,0,0,0,0
50,74,2.01,65,65,65,65,0,0,0,0
50,76,3,502,502,502,502,0,0,0,0
50,78,3,304,304,304,304,0,0,0,0
50,82,3,318,318,318,318,0,0,0,0
50,100,1,85,85,85,85,0,0,0,0
50,102,1,164,164,164,164,0,0,0,0
50,114,6,740,740,740,740,0,0,0,0
50,116,2,510,510,510,510,0,0,0,0
50,118,4.22,502,502,502,502,0,0,0,0
50,120,21.09,3221,3221,3221,3221,0,0,0,0
50,122,5.2,544,544,491,491,0,0,0,0
50,124,1.03,104,104,104,104,0,0,0,0
50,126,7.97,931,931,931,931,0,0,0,0
50,4,1,74,74,0,0,0,0,0,0
50,8,1,45,45,45,45,0,0,0,0
50,10,0.53,108,108,108,108,0,0,0,0
50,34,1,125,125,125,125,0,0,0,0
50,40,1,133,133,133,133,0,0,0,0
50,42,1.23,57,57,57,57,0,0,0,0
50,44,1,114,114,114,114,0,0,0,0
50,68,2.27,361,361,361,361,0,0,0,0
50,70,0.71,142,142,142,142,0,0,0,0
50,72,9.16,1149,1149,1085,1085,0,0,0,0
50,112,5,402,402,267,267,0,0,0,0
52,0,1,39,39,0,0,0,0,0,0
52,10,2.47,293,293,293,293,0,0,0,0
52,32,4,329,329,0,0,276,276,0,0
52,40,2,114,114,114,114,0,0,0,0
52,42,3.77,282,282,194,194,0,0,0,0
52,44,4.62,294,294,294,294,0,0,0,0
52,46,1,107,107,107,107,0,0,0,0
52,50,3.16,218,218,218,218,0,0,0,0
52,60,1.93,174,174,174,174,0,0,0,0
52,62,3.63,237,237,237,237,0,0,0,0
52,70,11.02,1087,1087,1087,1087,0,0,0,0
52,72,0.87,372,372,372,372,0,0,0,0
52,92,5,682,682,293,293,0,0,0,0
52,106,1.89,137,137,137,137,0,0,0,0
52,108,3.05,192,192,192,192,0,0,0,0
52,116,2.02,397,397,397,397,0,0,0,0
52,118,1.08,277,277,277,277,0,0,0,0
52,120,4.33,325,325,325,325,0,0,0,0
52,124,4,889,889,889,889,0,0,0,0
52,126,3,183,183,183,183,0,0,0,0
52,34,1,86,86,0,0,0,0,0,0
52,64,2.44,287,287,287,287,0,0,0,0
52,66,0.65,84,84,84,84,0,0,0,0
52,68,0.91,103,103,103,103,0,0,0,0
52,74,6.07,482,482,482,482,0,0,0,0
52,76,2.2,244,244,244,244,0,0,0,0
52,80,2,367,367,367,367,0,0,0,0
52,110,4.06,533,533,533,533,0,0,0,0
52,114,0.98,383,383,383,383,0,0,0,0
54,4,2,241,241,241,241,0,0,0,0
54,10,1,63,63,0,0,0,0,0,0
54,30,45.79,11348,11348,11330,11330,0,0,18,18
54,32,39.96,13392,13392,13073,13073,0,0,318,318
54,40,7.12,684,684,684,684,0,0,0,0
54,42,8.87,747,747,689,689,0,0,0,0
54,44,5.71,344,344,344,344,0,0,0,0
54,46,4,218,218,218,218,0,0,0,0
54,48,4,524,524,379,379,0,0,0,0
54,50,1.84,133,133,133,133,0,0,0,0
54,52,2.32,229,229,229,229,0,0,0,0
54,54,1.68,132,132,132,132,0,0,0,0
54,60,1,62,62,62,62,0,0,0,0
54,62,1,38,38,38,38,0,0,0,0
54,64,1,78,78,0,0,0,0,0,0
54,66,10.35,758,758,758,758,0,0,0,0
54,68,1.16,207,207,207,207,0,0,0,0
54,70,2,138,138,138,138,0,0,0,0
54,74,2.48,185,185,185,185,0,0,0,0
54,76,1.25,207,207,207,207,0,0,0,0
54,80,2,339,339,339,339,0,0,0,0
54,84,7.77,1144,1144,1144,1144,0,0,0,0
54,88,2,209,209,209,209,0,0,0,0
54,90,6,958,958,958,958,0,0,0,0
54,98,1,106,106,0,0,0,0,0,0
54,110,1,190,190,190,190,0,0,0,0
54,114,5.54,807,807,807,807,0,0,0,0
54,116,0.46,56,56,56,56,0,0,0,0
54,122,1.56,126,126,91,91,0,0,0,0
54,124,4.94,915,915,915,915,0,0,0,0
54,126,5,690,690,690,690,0,0,0,0
54,28,4.6,1099,1099,1099,1099,0,0,0,0
54,38,1,37,37,37,37,0,0,0,0
54,82,2.96,396,396,396,396,0,0,0,0
56,8,3,268,268,268,268,0,0,0,0
56,14,3,316,316,304,304,0,0,0,0
56,26,8.81,2792,2792,2511,2511,0,0,280,280
56,28,40.12,13787,13787,12900,12900,0,0,887,887
56,30,49.04,17096,17096,17046,17046,0,0,50,50
56,32,57.48,19121,19121,17458,17458,435,435,1226,1226
56,38,5.3,289,289,289,289,0,0,0,0
56,40,13,927,927,895,895,32,32,0,0
56,42,9,498,498,405,405,0,0,0,0
56,44,3.67,201,201,201,201,0,0,0,0
56,48,5.24,413,413,341,341,0,0,0,0
56,50,1.91,168,168,168,168,0,0,0,0
56,52,7.15,771,771,771,771,0,0,0,0
56,58,3,180,180,180,180,0,0,0,0
56,60,3.68,632,632,632,632,0,0,0,0
56,62,3,418,418,418,418,0,0,0,0
56,64,4.76,732,732,732,732,0,0,0,0
56,66,2.18,426,426,426,426,0,0,0,0
56,68,0.01,2,2,2,2,0,0,0,0
56,70,1.99,314,314,314,314,0,0,0,0
56,72,4,1130,1130,1130,1130,0,0,0,0
56,74,1,94,94,94,94,0,0,0,0
56,82,5,205,205,205,205,0,0,0,0
56,84,2.28,280,280,280,280,0,0,0,0
56,98,1,66,66,66,66,0,0,0,0
56,118,5.71,1031,1031,516,516,515,515,0,0
56,120,6.29,605,605,605,605,0,0,0,0
56,122,2.5,210,210,210,210,0,0,0,0
56,0,0.26,26,26,26,26,0,0,0,0
56,2,1.22,48,48,21,21,0,0,0,0
56,22,1,33,33,33,33,0,0,0,0
56,34,2.9,717,717,717,717,0,0,0,0
56,36,2.7,218,218,218,218,0,0,0,0
56,54,1,33,33,33,33,0,0,0,0
56,56,2,247,247,247,247,0,0,0,0
56,114,2,204,204,204,204,0,0,0,0
58,0,2,208,208,208,208,0,0,0,0
58,2,1.78,278,278,0,0,0,0,0,0
58,16,0.08,3,3,3,3,0,0,0,0
58,18,1.88,82,82,82,82,0,0,0,0
58,20,0.04,4,4,0,0,0,0,0,0
58,22,1.96,151,151,0,0,0,0,0,0
58,24,11.13,2788,2788,2653,2653,0,0,0,0
58,26,16.31,8297,8297,5931,5931,2366,2366,0,0
58,28,8.38,3948,3948,3948,3948,0,0,0,0
58,30,4.53,1706,1706,1705,1705,0,0,0,0
58,32,18.27,3550,3550,3550,3550,0,0,0,0
58,34,6.72,1946,1946,1296,1296,0,0,615,615
58,36,11.92,2694,2694,2694,2694,0,0,0,0
58,38,13.63,1283,1283,1283,1283,0,0,0,0
58,40,10,1619,1619,320,320,1268,1268,0,0
58,42,12.38,822,822,801,801,0,0,0,0
58,44,6.63,722,722,722,722,0,0,0,0
58,46,5.86,793,793,708,708,0,0,0,0
58,48,3.7,574,574,574,574,0,0,0,0
58,50,3,315,315,315,315,0,0,0,0
58,52,3.38,342,342,342,342,0,0,0,0
58,58,1,35,35,35,35,0,0,0,0
58,60,10.45,1402,1402,987,987,0,0,0,0
58,62,2.87,416,416,416,416,0,0,0,0
58,118,2.14,198,198,198,198,0,0,0,0
58,120,3.86,369,369,369,369,0,0,0,0
58,122,1,60,60,0,0,60,60,0,0
58,54,3.62,465,465,465,465,0,0,0,0
58,56,1,105,105,105,105,0,0,0,0
58,104,2,433,433,433,433,0,0,0,0
60,2,1,20,20,0,0,0,0,0,0
60,6,1,90,90,90,90,0,0,0,0
60,10,1.97,206,206,206,206,0,0,0,0
60,14,1,68,68,0,0,0,0,0,0
60,18,1.04,36,36,36,36,0,0,0,0
60,26,3,925,925,743,743,182,182,0,0
60,30,0.97,38,38,0,0,0,0,0,0
60,32,2,165,165,165,165,0,0,0,0
60,34,3.52,1061,1061,1061,1061,0,0,0,0
60,36,17.67,4312,4312,4312,4312,0,0,0,0
60,38,11.14,2639,2639,2611,2611,28,28,0,0
60,40,16.56,5147,5147,4900,4900,0,0,0,0
60,42,9.85,1923,1923,884,884,1007,1007,0,0
60,44,6.97,2664,2664,1501,1501,1163,1163,0,0
60,46,6.72,774,774,757,757,0,0,0,0
60,50,3,138,138,138,138,0,0,0,0
60,54,5.09,3716,3716,456,456,1308,1308,0,0
60,58,4.1,274,274,274,274,0,0,0,0
60,60,7,502,502,502,502,0,0,0,0
60,62,6,1262,1262,1262,1262,0,0,0,0
60,70,1.7,229,229,229,229,0,0,0,0
60,72,2.3,425,425,425,425,0,0,0,0
60,82,5.53,1264,1264,1015,1015,0,0,0,0
60,86,2,451,451,451,451,0,0,0,0
60,108,3,328,328,328,328,0,0,0,0
60,122,1,44,44,0,0,0,0,0,0
60,8,1,114,114,114,114,0,0,0,0
60,12,1.39,107,107,107,107,0,0,0,0
60,28,1,55,55,55,55,0,0,0,0
60,48,2,112,112,112,112,0,0,0,0
60,56,5.48,2314,2314,165,165,1531,1531,0,0
60,74,1.83,225,225,225,225,0,0,0,0
60,84,0.04,17,17,17,17,0,0,0,0
60,88,1,95,95,95,95,0,0,0,0
60,106,3,175,175,148,148,0,0,0,0
62,10,1.03,120,120,120,120,0,0,0,0
62,12,0.61,100,100,100,100,0,0,0,0
62,18,4,449,449,322,322,0,0,0,0
62,32,1,36,36,36,36,0,0,0,0
62,34,1,245,245,245,245,0,0,0,0
62,40,1.17,675,675,675,675,0,0,0,0
62,42,5.11,921,921,921,921,0,0,0,0
62,44,8.81,3141,3141,3141,3141,0,0,0,0
62,46,5.07,1675,1675,1675,1675,0,0,0,0
62,48,2,340,340,340,340,0,0,0,0
62,54,1.46,2327,2327,0,0,2327,2327,0,0
62,56,3.89,2931,2931,0,0,2792,2792,0,0
62,58,3,263,263,263,263,0,0,0,0
62,60,6,514,514,503,503,0,0,0,0
62,64,3.44,414,414,414,414,0,0,0,0
62,72,1,524,524,524,524,0,0,0,0
62,74,2.17,236,236,236,236,0,0,0,0
62,82,1.43,223,223,223,223,0,0,0,0
62,88,1,60,60,0,0,0,0,0,0
62,4,1,35,35,0,0,0,0,0,0
62,20,2,388,388,50,50,338,338,0,0
62,62,2,149,149,149,149,0,0,0,0
62,90,0.11,23,23,23,23,0,0,0,0
62,92,2.43,351,351,263,263,0,0,0,0
62,118,1,33,33,33,33,0,0,0,0
64,10,1.46,75,75,75,75,0,0,0,0
64,12,3.54,357,357,271,271,0,0,0,0
64,20,2,120,120,120,120,0,0,0,0
64,22,1,135,135,135,135,0,0,0,0
64,46,1.29,296,296,296,296,0,0,0,0
64,48,5.72,901,901,901,901,0,0,0,0
64,50,3.99,1338,1338,1338,1338,0,0,0,0
64,58,3.53,191,191,178,178,0,0,0,0
64,64,0.56,58,58,58,58,0,0,0,0
64,78,2.12,133,133,65,65,0,0,0,0
64,80,3.88,925,925,925,925,0,0,0,0
64,90,7.82,1286,1286,1286,1286,0,0,0,0
64,92,7.64,1134,1134,1134,1134,0,0,0,0
64,108,3,651,651,651,651,0,0,0,0
64,4,1,49,49,0,0,0,0,0,0
64,18,1,51,51,51,51,0,0,0,0
64,60,0.47,40,40,40,40,0,0,0,0
64,62,3,539,539,539,539,0,0,0,0
64,68,2,149,149,149,149,0,0,0,0
64,70,1,41,41,41,41,0,0,0,0
64,72,1,230,230,230,230,0,0,0,0
64,94,0.05,5,5,5,5,0,0,0,0
64,112,2,111,111,111,111,0,0,0,0
64,118,0.2,16,16,16,16,0,0,0,0
66,8,2,523,523,523,523,0,0,0,0
66,14,1,216,216,216,216,0,0,0,0
66,18,1.68,173,173,173,173,0,0,0,0
66,20,5.32,611,611,611,611,0,0,0,0
66,48,5.51,1235,1235,1235,1235,0,0,0,0
66,50,9.71,2052,2052,2052,2052,0,0,0,0
66,52,2.32,192,192,192,192,0,0,0,0
66,62,2,211,211,211,211,0,0,0,0
66,70,3,140,140,57,57,0,0,0,0
66,72,0.5,112,112,112,112,0,0,0,0
66,74,9.51,1640,1640,1640,1640,0,0,0,0
66,82,6,685,685,685,685,0,0,0,0
66,92,7.43,1189,1189,1189,1189,0,0,0,0
66,94,0.95,93,93,93,93,0,0,0,0
66,116,3,316,316,316,316,0,0,0,0
66,118,6.8,533,533,397,397,0,0,0,0
66,54,1,127,127,127,127,0,0,0,0
66,60,2,76,76,76,76,0,0,0,0
66,86,1,121,121,121,121,0,0,0,0
66,90,1.57,191,191,191,191,0,0,0,0
66,122,2.04,156,156,156,156,0,0,0,0
68,14,3,305,305,305,305,0,0,0,0
68,18,8,1122,1122,1122,1122,0,0,0,0
68,34,1,90,90,90,90,0,0,0,0
68,36,3,220,220,70,70,150,150,0,0
68,50,1.77,224,224,224,224,0,0,0,0
68,52,4.68,463,463,463,463,0,0,0,0
68,54,7,928,928,928,928,0,0,0,0
68,74,5,602,602,602,602,0,0,0,0
68,78,1,18,18,18,18,0,0,0,0
68,90,3.58,1030,1030,1030,1030,0,0,0,0
68,92,10.14,1398,1398,1398,1398,0,0,0,0
68,122,4.96,970,970,970,970,0,0,0,0
68,20,3,204,204,204,204,0,0,0,0
68,24,1,82,82,82,82,0,0,0,0
70,4,2,108,108,91,91,0,0,0,0
70,14,2,218,218,218,218,0,0,0,0
70,60,1,68,68,68,68,0,0,0,0
70,70,2,137,137,101,101,0,0,0,0
70,76,2.91,382,382,382,382,0,0,0,0
70,78,1.09,268,268,268,268,0,0,0,0
70,84,6,904,904,904,904,0,0,0,0
70,90,0.12,26,26,26,26,0,0,0,0
70,92,1.16,126,126,126,126,0,0,0,0
70,122,6,1093,1093,821,821,0,0,0,0
70,12,1,24,24,0,0,0,0,0,0
70,22,1,279,279,0,0,279,279,0,0
70,34,0.55,53,53,53,53,0,0,0,0
70,36,0.45,43,43,43,43,0,0,0,0
70,40,1,19,19,0,0,0,0,0,0
70,124,4,583,583,550,550,0,0,0,0
72,18,1,15,15,0,0,0,0,0,0
72,22,2.67,705,705,329,329,376,376,0,0
72,24,1.47,169,169,169,169,0,0,0,0
72,48,0.77,8,8,0,0,0,0,0,0
72,50,1.23,285,285,0,0,0,0,0,0
72,74,3,404,404,359,359,0,0,0,0
72,100,5.18,771,771,771,771,0,0,0,0
72,102,3.83,460,460,460,460,0,0,0,0
72,124,6.87,990,990,990,990,0,0,0,0
72,12,1,19,19,19,19,0,0,0,0
72,14,3,470,470,470,470,0,0,0,0
72,20,1.48,1335,1335,47,47,1288,1288,0,0
72,56,0.7,74,74,74,74,0,0,0,0
72,84,1,91,91,91,91,0,0,0,0
72,98,1,239,239,239,239,0,0,0,0
72,126,10.27,1284,1284,1284,1284,0,0,0,0
74,12,1,86,86,86,86,0,0,0,0
74,20,2.66,2402,2402,247,247,2155,2155,0,0
74,22,3.43,5309,5309,21,21,5288,5288,0,0
74,24,5.14,728,728,676,676,0,0,0,0
74,26,4.59,1293,1293,1293,1293,0,0,0,0
74,38,5.46,499,499,464,464,0,0,0,0
74,56,1.3,112,112,112,112,0,0,0,0
74,88,1,85,85,85,85,0,0,0,0
74,94,3,717,717,717,717,0,0,0,0
74,98,13.21,2176,2176,2176,2176,0,0,0,0
74,108,2,324,324,324,324,0,0,0,0
74,120,2,346,346,293,293,0,0,0,0
74,126,5.62,971,971,519,519,452,452,0,0
74,10,1,125,125,125,125,0,0,0,0
74,18,0.65,285,285,285,285,0,0,0,0
74,36,0.54,42,42,42,42,0,0,0,0
74,58,1,25,25,0,0,0,0,0,0
74,60,2.93,380,380,380,380,0,0,0,0
74,62,1,125,125,125,125,0,0,0,0
74,70,3,356,356,356,356,0,0,0,0
74,78,2,105,105,0,0,0,0,0,0
74,80,1,218,218,218,218,0,0,0,0
74,96,2.49,711,711,711,711,0,0,0,0
74,106,1,12,12,12,12,0,0,0,0
74,112,0.48,10,10,10,10,0,0,0,0
74,114,0.23,27,27,27,27,0,0,0,0
74,118,1,91,91,91,91,0,0,0,0
76,10,1,148,148,148,148,0,0,0,0
76,12,5.78,926,926,926,926,0,0,0,0
76,16,4,859,859,859,859,0,0,0,0
76,20,6.39,3813,3813,0,0,3813,3813,0,0
76,22,4.55,4023,4023,530,530,3493,3493,0,0
76,26,3.94,1118,1118,1118,1118,0,0,0,0
76,28,3.38,407,407,379,379,0,0,0,0
76,42,1,37,37,0,0,0,0,0,0
76,58,2,342,342,342,342,0,0,0,0
76,60,1.07,142,142,142,142,0,0,0,0
76,68,3.52,596,596,596,596,0,0,0,0
76,80,1,156,156,156,156,0,0,0,0
76,82,2,183,183,183,183,0,0,0,0
76,84,5,367,367,367,367,0,0,0,0
76,90,1.99,370,370,370,370,0,0,0,0
76,92,5,1059,1059,1059,1059,0,0,0,0
76,96,5.55,909,909,909,909,0,0,0,0
76,98,1.76,258,258,258,258,0,0,0,0
76,106,8.53,1017,1017,704,704,314,314,0,0
76,108,4.59,715,715,715,715,0,0,0,0
76,112,10.98,1337,1337,1286,1286,50,50,0,0
76,114,5.89,913,913,714,714,198,198,0,0
76,116,1,176,176,176,176,0,0,0,0
76,122,4,693,693,693,693,0,0,0,0
76,14,0.22,44,44,44,44,0,0,0,0
76,38,1,31,31,0,0,0,0,0,0
76,46,1,13,13,0,0,0,0,0,0
76,110,2.87,487,487,487,487,0,0,0,0
78,8,1,37,37,0,0,0,0,0,0
78,14,2.25,170,170,70,70,0,0,0,0
78,16,0.75,102,102,102,102,0,0,0,0
78,20,6.92,423,423,423,423,0,0,0,0
78,22,3,561,561,561,561,0,0,0,0
78,24,4,762,762,762,762,0,0,0,0
78,26,3,399,399,399,399,0,0,0,0
78,28,3.64,545,545,497,497,0,0,0,0
78,36,1,23,23,0,0,0,0,0,0
78,62,1.14,110,110,110,110,0,0,0,0
78,68,3.48,522,522,522,522,0,0,0,0
78,82,2.78,273,273,273,273,0,0,0,0
78,84,6.21,935,935,935,935,0,0,0,0
78,90,1.43,453,453,319,319,134,134,0,0
78,98,13,2974,2974,2139,2139,836,836,0,0
78,100,9.25,2006,2006,2006,2006,0,0,0,0
78,102,7.57,1252,1252,1057,1057,195,195,0,0
78,112,3.41,432,432,364,364,68,68,0,0
78,114,1,164,164,164,164,0,0,0,0
78,120,4,555,555,555,555,0,0,0,0
78,124,4.23,815,815,815,815,0,0,0,0
78,126,4.62,905,905,475,475,430,430,0,0
78,4,2,218,218,218,218,0,0,0,0
78,46,1,94,94,94,94,0,0,0,0
78,58,0.27,41,41,41,41,0,0,0,0
78,60,4.58,531,531,531,531,0,0,0,0
78,88,1,164,164,164,164,0,0,0,0
78,92,0.58,212,212,173,173,39,39,0,0
78,122,0.93,153,153,153,153,0,0,0,0
80,12,5,479,479,479,479,0,0,0,0
80,14,3.08,392,392,364,364,0,0,0,0
80,16,0.92,95,95,95,95,0,0,0,0
80,20,4.08,244,244,244,244,0,0,0,0
80,28,1,159,159,159,159,0,0,0,0
80,88,3,805,805,805,805,0,0,0,0
80,90,6.01,1230,1230,1047,1047,0,0,183,183
80,94,1,6,6,6,6,0,0,0,0
80,98,18.66,3757,3757,3413,3413,343,343,0,0
80,100,2.49,536,536,536,536,0,0,0,0
80,102,2.02,469,469,222,222,247,247,0,0
80,120,2,216,216,216,216,0,0,0,0
80,122,2.07,431,431,203,203,228,228,0,0
80,126,2.9,478,478,478,478,0,0,0,0
80,8,4,407,407,407,407,0,0,0,0
80,26,1,68,68,68,68,0,0,0,0
80,62,0.85,49,49,49,49,0,0,0,0
80,66,0.41,102,102,102,102,0,0,0,0
80,68,2.59,469,469,469,469,0,0,0,0
80,78,0.25,48,48,48,48,0,0,0,0
80,80,3,132,132,131,131,0,0,0,0
80,96,1.19,215,215,215,215,0,0,0,0
80,118,1.02,154,154,154,154,0,0,0,0
82,6,2,249,249,249,249,0,0,0,0
82,14,3.89,858,858,858,858,0,0,0,0
82,20,1,118,118,118,118,0,0,0,0
82,22,5,846,846,846,846,0,0,0,0
82,24,2.66,294,294,294,294,0,0,0,0
82,62,0.15,8,8,8,8,0,0,0,0
82,78,1.75,405,405,405,405,0,0,0,0
82,86,4.27,1175,1175,517,517,658,658,0,0
82,88,1.73,388,388,388,388,0,0,0,0
82,92,2.79,1187,1187,330,330,856,856,0,0
82,94,3.28,835,835,214,214,620,620,0,0
82,96,2,220,220,220,220,0,0,0,0
82,98,7.81,1358,1358,1148,1148,209,209,0,0
82,116,5.5,1356,1356,0,0,1356,1356,0,0
82,118,0.98,148,148,148,148,0,0,0,0
82,120,2.36,503,503,503,503,0,0,0,0
82,122,1.64,378,378,378,378,0,0,0,0
82,16,4.76,893,893,893,893,0,0,0,0
82,18,1,79,79,79,79,0,0,0,0
82,26,2.92,360,360,360,360,0,0,0,0
82,64,2,249,249,249,249,0,0,0,0
82,70,1,98,98,98,98,0,0,0,0
82,82,2,318,318,318,318,0,0,0,0
82,90,3.2,633,633,633,633,0,0,0,0
82,100,2,447,447,336,336,111,111,0,0
84,14,0.12,48,48,48,48,0,0,0,0
84,16,0.23,48,48,48,48,0,0,0,0
84,20,2.86,239,239,207,207,0,0,0,0
84,24,3.28,388,388,388,388,0,0,0,0
84,26,0.14,11,11,11,11,0,0,0,0
84,28,3,179,179,179,179,0,0,0,0
84,78,1,149,149,149,149,0,0,0,0
84,80,4,802,802,802,802,0,0,0,0
84,82,2.71,409,409,409,409,0,0,0,0
84,88,1.97,260,260,83,83,177,177,0,0
84,90,6.03,1154,1154,820,820,334,334,0,0
84,92,1,273,273,273,273,0,0,0,0
84,94,16.72,3024,3024,2710,2710,314,314,0,0
84,96,4,693,693,693,693,0,0,0,0
84,114,9.31,1072,1072,1072,1072,0,0,0,0
84,116,6.5,1415,1415,280,280,1134,1134,0,0
84,118,3.1,533,533,533,533,0,0,0,0
84,120,1,30,30,30,30,0,0,0,0
84,8,2.94,554,554,554,554,0,0,0,0
84,10,0.06,8,8,8,8,0,0,0,0
84,12,1,34,34,34,34,0,0,0,0
84,22,1.14,131,131,131,131,0,0,0,0
84,84,7.37,2052,2052,2001,2001,50,50,0,0
84,86,5.03,1298,1298,1298,1298,0,0,0,0
86,12,1,15,15,0,0,0,0,0,0
86,14,1,72,72,72,72,0,0,0,0
86,18,2,144,144,94,94,0,0,0,0
86,22,1.9,284,284,284,284,0,0,0,0
86,24,1.1,62,62,19,19,0,0,0,0
86,28,3.5,233,233,206,206,0,0,0,0
86,30,3.5,325,325,325,325,0,0,0,0
86,32,3,893,893,893,893,0,0,0,0
86,50,2,157,157,157,157,0,0,0,0
86,66,1,95,95,0,0,95,95,0,0
86,82,12.85,2392,2392,2392,2392,0,0,0,0
86,84,6,1131,1131,940,940,192,192,0,0
86,86,1.04,92,92,92,92,0,0,0,0
86,90,1.68,310,310,310,310,0,0,0,0
86,92,2.31,371,371,371,371,0,0,0,0
86,94,3,631,631,631,631,0,0,0,0
86,110,7.06,1743,1743,1743,1743,0,0,0,0
86,112,11.09,2103,2103,2103,2103,0,0,0,0
86,114,2.69,176,176,176,176,0,0,0,0
86,118,0.9,15,15,15,15,0,0,0,0
86,8,2,191,191,191,191,0,0,0,0
86,10,1,60,60,60,60,0,0,0,0
86,20,4,234,234,234,234,0,0,0,0
86,78,1,179,179,179,179,0,0,0,0
86,80,2,359,359,359,359,0,0,0,0
86,102,5.3,1007,1007,1007,1007,0,0,0,0
88,22,2,141,141,141,141,0,0,0,0
88,34,3,830,830,830,830,0,0,0,0
88,76,0.49,108,108,108,108,0,0,0,0
88,78,7.55,1591,1591,1591,1591,0,0,0,0
88,80,1.28,187,187,187,187,0,0,0,0
88,82,2.12,380,380,293,293,88,88,0,0
88,84,1,223,223,223,223,0,0,0,0
88,102,1.7,286,286,286,286,0,0,0,0
88,108,7.27,966,966,966,966,0,0,0,0
88,110,14.47,2271,2271,2271,2271,0,0,0,0
88,4,1,140,140,140,140,0,0,0,0
88,10,1,17,17,17,17,0,0,0,0
88,18,0.97,96,96,96,96,0,0,0,0
88,20,1,137,137,137,137,0,0,0,0
88,30,4,425,425,425,425,0,0,0,0
88,92,0.49,637,637,637,637,0,0,0,0
88,94,0.3,388,388,388,388,0,0,0,0
88,112,4.88,596,596,237,237,359,359,0,0
88,114,1.24,28,28,28,28,0,0,0,0
88,116,5,297,297,297,297,0,0,0,0
90,10,1,37,37,37,37,0,0,0,0
90,18,2.03,195,195,195,195,0,0,0,0
90,24,1,42,42,42,42,0,0,0,0
90,42,1,22,22,0,0,0,0,0,0
90,72,1,167,167,167,167,0,0,0,0
90,74,1,168,168,168,168,0,0,0,0
90,76,2.56,347,347,347,347,0,0,0,0
90,80,1,151,151,151,151,0,0,0,0
90,86,6.16,979,979,797,797,183,183,0,0
90,88,6,2010,2010,688,688,1323,1323,0,0
90,92,3.64,4601,4601,550,550,4051,4051,0,0
90,94,0.03,43,43,20,20,23,23,0,0
90,108,28.25,5417,5417,5417,5417,0,0,0,0
90,110,7.23,2497,2497,1731,1731,766,766,0,0
90,112,11.46,3242,3242,1399,1399,1843,1843,0,0
90,114,10.95,2455,2455,1965,1965,490,490,0,0
90,116,11,932,932,932,932,0,0,0,0
90,118,21.51,2352,2352,1838,1838,514,514,0,0
90,122,1,63,63,63,63,0,0,0,0
90,16,1,63,63,0,0,0,0,0,0
90,32,1,98,98,98,98,0,0,0,0
90,34,1,80,80,0,0,0,0,0,0
90,84,0.11,8,8,8,8,0,0,0,0
90,98,2.07,438,438,438,438,0,0,0,0
90,100,2,265,265,265,265,0,0,0,0
90,120,1,104,104,104,104,0,0,0,0
92,34,3,217,217,145,145,0,0,0,0
92,48,1,33,33,33,33,0,0,0,0
92,72,3.38,577,577,577,577,0,0,0,0
92,74,7.62,1356,1356,1356,1356,0,0,0,0
92,84,1.89,299,299,299,299,0,0,0,0
92,86,2.84,325,325,325,325,0,0,0,0
92,90,4,684,684,377,377,307,307,0,0
92,92,2.56,450,450,450,450,0,0,0,0
92,96,1,120,120,120,120,0,0,0,0
92,98,2.93,685,685,685,685,0,0,0,0
92,106,12.54,3746,3746,3431,3431,314,314,0,0
92,108,14.23,3146,3146,2629,2629,516,516,0,0
92,110,4.07,570,570,550,550,20,20,0,0
92,112,12.99,2231,2231,1369,1369,862,862,0,0
92,114,5.4,789,789,789,789,0,0,0,0
92,118,12.48,903,903,903,903,0,0,0,0
92,38,1,31,31,0,0,0,0,0,0
92,82,0.57,58,58,58,58,0,0,0,0
92,88,2,63,63,63,63,0,0,0,0
92,104,2,144,144,144,144,0,0,0,0
92,120,1,36,36,36,36,0,0,0,0
94,4,1,28,28,0,0,0,0,0,0
94,76,2.99,452,452,359,359,92,92,0,0
94,82,3.43,346,346,346,346,0,0,0,0
94,84,1,25,25,25,25,0,0,0,0
94,86,2,162,162,162,162,0,0,0,0
94,88,4.29,413,413,413,413,0,0,0,0
94,90,1.71,329,329,329,329,0,0,0,0
94,94,2,44,44,44,44,0,0,0,0
94,96,1,112,112,112,112,0,0,0,0
94,102,7.67,1886,1886,1886,1886,0,0,0,0
94,104,5.01,944,944,944,944,0,0,0,0
94,106,30.1,13820,13820,11462,11462,2097,2097,261,261
94,108,6.16,1083,1083,912,912,171,171,0,0
94,112,3.07,187,187,187,187,0,0,0,0
94,114,2,249,249,249,249,0,0,0,0
94,124,1.35,58,58,0,0,58,58,0,0
94,126,0.65,47,47,0,0,47,47,0,0
94,78,4.01,834,834,713,713,120,120,0,0
94,80,3,305,305,305,305,0,0,0,0
94,100,1,65,65,65,65,0,0,0,0
94,110,15.72,1969,1969,1969,1969,0,0,0,0
94,118,0.83,131,131,131,131,0,0,0,0
96,74,2.1,256,256,256,256,0,0,0,0
96,76,6.61,748,748,748,748,0,0,0,0
96,78,12.47,2805,2805,2475,2475,330,330,0,0
96,80,0.07,68,68,68,68,0,0,0,0
96,100,28.07,7360,7360,6492,6492,865,865,5,5
96,102,39.23,12205,12205,10301,10301,1884,1884,21,21
96,104,17.83,7570,7570,7570,7570,0,0,0,0
96,106,27,14070,14070,12936,12936,84,84,1050,1050
96,108,48.71,19370,19370,19072,19072,298,298,0,0
96,110,39.33,5862,5862,5503,5503,0,0,359,359
96,112,1,118,118,118,118,0,0,0,0
96,116,3,469,469,469,469,0,0,0,0
96,118,1.17,38,38,38,38,0,0,0,0
96,120,2,24,24,24,24,0,0,0,0
96,96,1,107,107,107,107,0,0,0,0
96,98,7.55,1813,1813,1683,1683,130,130,0,0
96,114,4,182,182,182,182,0,0,0,0
98,74,1,74,74,74,74,0,0,0,0
98,76,1,334,334,334,334,0,0,0,0
98,78,7.75,1429,1429,1429,1429,0,0,0,0
98,80,3,668,668,668,668,0,0,0,0
98,82,3,368,368,368,368,0,0,0,0
98,94,6.3,1690,1690,1460,1460,230,230,0,0
98,96,4,740,740,740,740,0,0,0,0
98,98,13.42,4063,4063,3456,3456,607,607,0,0
98,100,7.37,2090,2090,2090,2090,0,0,0,0
98,102,13.12,5853,5853,3283,3283,2570,2570,0,0
98,104,2,226,226,0,0,226,226,0,0
98,106,11.58,3028,3028,2729,2729,299,299,0,0
98,108,8.11,1652,1652,1652,1652,0,0,0,0
98,112,3,230,230,123,123,107,107,0,0
98,122,1.3,149,149,149,149,0,0,0,0
98,92,4.69,997,997,471,471,526,526,0,0
98,118,1,29,29,29,29,0,0,0,0
98,124,1,62,62,62,62,0,0,0,0
100,74,4.08,1052,1052,1052,1052,0,0,0,0
100,76,6.72,1231,1231,1231,1231,0,0,0,0
100,78,9.39,2122,2122,1306,1306,815,815,0,0
100,80,4.61,1165,1165,1165,1165,0,0,0,0
100,94,7.21,2728,2728,402,402,1252,1252,1074,1074
100,96,15.15,1394,1394,1251,1251,142,142,0,0
100,98,19.14,3648,3648,3648,3648,0,0,0,0
100,100,3.66,906,906,906,906,0,0,0,0
100,102,3,613,613,613,613,0,0,0,0
100,104,1,114,114,114,114,0,0,0,0
100,106,0.46,98,98,98,98,0,0,0,0
100,108,3.43,400,400,265,265,135,135,0,0
100,110,1,17,17,17,17,0,0,0,0
100,114,1,88,88,88,88,0,0,0,0
100,122,1.7,77,77,77,77,0,0,0,0
100,36,1,83,83,83,83,0,0,0,0
100,90,1,338,338,338,338,0,0,0,0
100,92,4,1041,1041,1041,1041,0,0,0,0
100,126,0.98,523,523,0,0,523,523,0,0
102,6,1,28,28,28,28,0,0,0,0
102,74,0.05,5,5,5,5,0,0,0,0
102,76,11.35,1630,1630,1630,1630,0,0,0,0
102,78,11.83,1788,1788,1788,1788,0,0,0,0
102,80,5.58,1321,1321,625,625,696,696,0,0
102,82,5.78,1061,1061,806,806,255,255,0,0
102,84,4.08,906,906,906,906,0,0,0,0
102,86,1,402,402,0,0,402,402,0,0
102,90,8.08,1634,1634,1634,1634,0,0,0,0
102,92,7.41,1578,1578,786,786,792,792,0,0
102,94,2.44,353,353,171,171,0,0,183,183
102,96,5.9,796,796,796,796,0,0,0,0
102,98,5.81,810,810,810,810,0,0,0,0
102,102,4.46,667,667,667,667,0,0,0,0
102,104,0.11,13,13,13,13,0,0,0,0
102,0,1,169,169,169,169,0,0,0,0
102,88,0.94,206,206,206,206,0,0,0,0
102,100,2.43,206,206,206,206,0,0,0,0
104,6,4,1345,1345,1345,1345,0,0,0,0
104,74,2,64,64,64,64,0,0,0,0
104,76,10.38,1018,1018,1018,1018,0,0,0,0
104,78,10.49,1293,1293,1293,1293,0,0,0,0
104,80,11.57,1358,1358,1234,1234,124,124,0,0
104,82,9,809,809,809,809,0,0,0,0
104,84,1.05,72,72,0,0,72,72,0,0
104,88,2.71,730,730,493,493,237,237,0,0
104,90,2.29,448,448,448,448,0,0,0,0
104,92,0.01,2,2,0,0,2,2,0,0
104,94,8,1020,1020,1020,1020,0,0,0,0
104,96,7.26,841,841,841,841,0,0,0,0
104,102,2,224,224,224,224,0,0,0,0
104,110,1,47,47,47,47,0,0,0,0
104,116,1,69,69,69,69,0,0,0,0
104,118,1,107,107,107,107,0,0,0,0
104,122,1,115,115,0,0,115,115,0,0
104,124,2,627,627,177,177,0,0,0,0
104,32,0.94,58,58,58,58,0,0,0,0
104,34,1.06,95,95,95,95,0,0,0,0
104,40,1,140,140,140,140,0,0,0,0
106,6,1,75,75,75,75,0,0,0,0
106,12,5.13,992,992,992,992,0,0,0,0
106,76,4.1,348,348,348,348,0,0,0,0
106,80,2,507,507,507,507,0,0,0,0
106,82,1,10,10,10,10,0,0,0,0
106,84,2.89,827,827,782,782,45,45,0,0
106,86,2.9,916,916,916,916,0,0,0,0
106,88,1.91,308,308,308,308,0,0,0,0
106,92,5,589,589,589,589,0,0,0,0
106,94,1,210,210,210,210,0,0,0,0
106,102,8,963,963,963,963,0,0,0,0
106,106,4.79,556,556,556,556,0,0,0,0
106,108,2.21,402,402,402,402,0,0,0,0
106,112,6.05,543,543,410,410,133,133,0,0
106,114,2,215,215,215,215,0,0,0,0
106,118,3,595,595,344,344,251,251,0,0
106,96,1,125,125,125,125,0,0,0,0
106,100,1,84,84,84,84,0,0,0,0
106,110,3.14,406,406,252,252,154,154,0,0
108,0,1,315,315,315,315,0,0,0,0
108,2,3.17,400,400,332,332,0,0,0,0
108,4,11.6,3775,3775,1335,1335,2440,2440,0,0
108,6,5.5,5697,5697,522,522,5174,5174,0,0
108,12,0.87,131,131,131,131,0,0,0,0
108,18,1,16,16,0,0,0,0,0,0
108,20,1,25,25,0,0,0,0,0,0
108,26,1,301,301,301,301,0,0,0,0
108,30,2,159,159,159,159,0,0,0,0
108,42,3,149,149,149,149,0,0,0,0
108,74,5,615,615,615,615,0,0,0,0
108,76,13,893,893,893,893,0,0,0,0
108,78,6,507,507,507,507,0,0,0,0
108,84,1.06,342,342,342,342,0,0,0,0
108,86,1.19,244,244,244,244,0,0,0,0
108,92,3.57,331,331,331,331,0,0,0,0
108,94,3.43,448,448,448,448,0,0,0,0
108,96,0.27,16,16,16,16,0,0,0,0
108,98,3.65,540,540,540,540,0,0,0,0
108,104,4,538,538,538,538,0,0,0,0
108,106,2,331,331,144,144,187,187,0,0
108,108,7,1161,1161,1161,1161,0,0,0,0
108,110,4.81,474,474,474,474,0,0,0,0
108,114,3,495,495,267,267,228,228,0,0
108,8,1,128,128,128,128,0,0,0,0
108,10,4,872,872,872,872,0,0,0,0
108,72,2,144,144,144,144,0,0,0,0
108,80,1,132,132,132,132,0,0,0,0
110,4,3.72,3663,3663,452,452,3212,3212,0,0
110,6,3.44,1552,1552,99,99,1452,1452,0,0
110,16,1,33,33,0,0,0,0,0,0
110,28,1,158,158,158,158,0,0,0,0
110,30,2,610,610,610,610,0,0,0,0
110,40,2,199,199,0,0,0,0,0,0
110,74,5.11,970,970,970,970,0,0,0,0
110,78,3,465,465,465,465,0,0,0,0
110,80,1,30,30,30,30,0,0,0,0
110,92,3.18,498,498,404,404,94,94,0,0
110,94,1,304,304,304,304,0,0,0,0
110,98,1.08,173,173,173,173,0,0,0,0
110,102,3,658,658,658,658,0,0,0,0
110,106,5,455,455,455,455,0,0,0,0
110,108,3,630,630,208,208,422,422,0,0
110,114,1,160,160,160,160,0,0,0,0
110,116,2,161,161,161,161,0,0,0,0
110,118,3,247,247,247,247,0,0,0,0
110,122,1,22,22,22,22,0,0,0,0
110,38,2,195,195,195,195,0,0,0,0
110,72,1,59,59,59,59,0,0,0,0
110,86,1,152,152,152,152,0,0,0,0
110,100,1,198,198,198,198,0,0,0,0
110,104,1,165,165,165,165,0,0,0,0
112,6,4.38,3156,3156,77,77,3078,3078,0,0
112,14,7,1977,1977,1977,1977,0,0,0,0
112,32,1,118,118,118,118,0,0,0,0
112,74,7.63,1764,1764,1764,1764,0,0,0,0
112,76,9.92,2127,2127,2127,2127,0,0,0,0
112,78,4.18,1057,1057,1010,1010,46,46,0,0
112,82,1,261,261,261,261,0,0,0,0
112,86,7,1209,1209,915,915,294,294,0,0
112,88,3,561,561,561,561,0,0,0,0
112,90,6,1201,1201,1097,1097,0,0,105,105
112,92,8.83,1658,1658,1549,1549,109,109,0,0
112,96,2,205,205,205,205,0,0,0,0
112,100,10.67,1900,1900,1900,1900,0,0,0,0
112,102,2,90,90,90,90,0,0,0,0
112,104,1,235,235,235,235,0,0,0,0
112,0,1,148,148,148,148,0,0,0,0
112,8,0.19,202,202,0,0,202,202,0,0
112,22,1,69,69,69,69,0,0,0,0
112,24,1,97,97,97,97,0,0,0,0
112,26,1,176,176,176,176,0,0,0,0
112,80,1.82,716,716,505,505,211,211,0,0
112,84,1,294,294,294,294,0,0,0,0
112,98,3.28,545,545,545,545,0,0,0,0
112,116,1.86,121,121,121,121,0,0,0,0
112,118,0.14,20,20,20,20,0,0,0,0
114,6,1,144,144,0,0,0,0,0,0
114,8,1,895,895,0,0,895,895,0,0
114,20,2,1956,1956,0,0,1956,1956,0,0
114,32,1,99,99,99,99,0,0,0,0
114,74,3,509,509,509,509,0,0,0,0
114,76,0.39,82,82,82,82,0,0,0,0
114,78,7.95,944,944,944,944,0,0,0,0
114,82,4,609,609,609,609,0,0,0,0
114,84,1,98,98,98,98,0,0,0,0
114,86,4,539,539,539,539,0,0,0,0
114,88,8.2,1443,1443,1199,1199,244,244,0,0
114,90,4.97,931,931,931,931,0,0,0,0
114,92,4.79,772,772,479,479,291,291,0,0
114,96,1.08,114,114,114,114,0,0,0,0
114,98,6.92,1097,1097,1013,1013,84,84,0,0
114,100,5.05,470,470,470,470,0,0,0,0
114,102,1,158,158,158,158,0,0,0,0
114,106,1,201,201,201,201,0,0,0,0
114,4,0.72,299,299,299,299,0,0,0,0
114,14,0.76,23,23,0,0,0,0,0,0
114,116,2,197,197,197,197,0,0,0,0
114,122,3.55,628,628,409,409,219,219,0,0
116,4,12.01,2052,2052,2052,2052,0,0,0,0
116,6,3.32,159,159,159,159,0,0,0,0
116,12,1,187,187,187,187,0,0,0,0
116,14,1.24,135,135,128,128,0,0,0,0
116,22,6.81,1531,1531,693,693,838,838,0,0
116,34,1,106,106,106,106,0,0,0,0
116,74,7.1,996,996,904,904,92,92,0,0
116,76,4,629,629,629,629,0,0,0,0
116,82,4.65,422,422,422,422,0,0,0,0
116,84,7.48,805,805,805,805,0,0,0,0
116,86,3.2,582,582,582,582,0,0,0,0
116,88,10.05,1881,1881,1881,1881,0,0,0,0
116,92,7.74,1227,1227,1064,1064,163,163,0,0
116,96,5.53,954,954,954,954,0,0,0,0
116,98,5,703,703,703,703,0,0,0,0
116,104,2.59,593,593,592,592,1,1,0,0
116,106,1.41,227,227,92,92,135,135,0,0
116,108,4.98,457,457,457,457,0,0,0,0
116,110,0.02,0,0,0,0,0,0,0,0
116,118,1,161,161,161,161,0,0,0,0
116,120,5,907,907,816,816,91,91,0,0
116,122,3.46,573,573,263,263,309,309,0,0
116,124,13.57,1701,1701,1335,1335,366,366,0,0
116,2,2.14,330,330,330,330,0,0,0,0
116,20,1.05,128,128,73,73,55,55,0,0
116,24,2,569,569,569,569,0,0,0,0
116,28,2,210,210,210,210,0,0,0,0
116,80,2,213,213,213,213,0,0,0,0
116,90,2.21,538,538,538,538,0,0,0,0
116,94,0.03,4,4,4,4,0,0,0,0
116,100,0.07,21,21,21,21,0,0,0,0
116,102,0.93,298,298,298,298,0,0,0,0
116,116,1,371,371,0,0,371,371,0,0
116,126,0.43,62,62,62,62,0,0,0,0
118,2,2.86,329,329,329,329,0,0,0,0
118,4,0.95,210,210,210,210,0,0,0,0
118,14,1.94,223,223,48,48,0,0,0,0
118,16,4.05,1359,1359,427,427,836,836,0,0
118,18,1,96,96,96,96,0,0,0,0
118,20,0.02,20,20,0,0,20,20,0,0
118,22,1.12,220,220,94,94,126,126,0,0
118,74,7.89,1524,1524,1239,1239,285,285,0,0
118,76,2.01,387,387,387,387,0,0,0,0
118,80,6.41,1231,1231,1133,1133,98,98,0,0
118,82,5.41,480,480,480,480,0,0,0,0
118,84,3,535,535,452,452,83,83,0,0
118,86,1.8,497,497,497,497,0,0,0,0
118,88,2.26,409,409,307,307,101,101,0,0
118,90,5.77,648,648,648,648,0,0,0,0
118,96,1.43,113,113,113,113,0,0,0,0
118,98,4.1,535,535,535,535,0,0,0,0
118,124,1,96,96,96,96,0,0,0,0
118,24,0.08,21,21,21,21,0,0,0,0
118,78,1.11,195,195,195,195,0,0,0,0
118,92,0.33,91,91,91,91,0,0,0,0
118,94,2,208,208,23,23,185,185,0,0
118,100,2,264,264,264,264,0,0,0,0
118,102,1.86,345,345,345,345,0,0,0,0
118,104,4,732,732,732,732,0,0,0,0
118,106,5.99,939,939,939,939,0,0,0,0
118,118,2,337,337,184,184,153,153,0,0
118,126,1,56,56,56,56,0,0,0,0
120,2,1,81,81,81,81,0,0,0,0
120,24,0.92,248,248,248,248,0,0,0,0
120,80,3.94,410,410,410,410,0,0,0,0
120,88,2.87,358,358,358,358,0,0,0,0
120,90,5.94,749,749,749,749,0,0,0,0
120,92,7.61,1438,1438,841,841,597,597,0,0
120,98,5.38,1186,1186,788,788,398,398,0,0
120,100,7.14,1130,1130,1130,1130,0,0,0,0
120,102,4.61,677,677,419,419,258,258,0,0
120,106,0.01,1,1,1,1,0,0,0,0
120,84,1,41,41,41,41,0,0,0,0
120,86,1,13,13,13,13,0,0,0,0
120,94,4.47,818,818,592,592,226,226,0,0
120,96,3.52,553,553,553,553,0,0,0,0
120,104,7,1111,1111,836,836,274,274,0,0
120,120,1,166,166,166,166,0,0,0,0
122,6,4.42,1091,1091,599,599,492,492,0,0
122,8,0.57,233,233,233,233,0,0,0,0
122,20,8.53,1161,1161,904,904,0,0,258,258
122,22,1.48,169,169,169,169,0,0,0,0
122,84,1.1,125,125,125,125,0,0,0,0
122,86,6.91,762,762,598,598,164,164,0,0
122,88,2,249,249,249,249,0,0,0,0
122,90,1.18,153,153,153,153,0,0,0,0
122,92,2.07,300,300,197,197,104,104,0,0
122,94,0.53,183,183,0,0,183,183,0,0
122,96,3.46,484,484,200,200,284,284,0,0
122,98,3.46,943,943,632,632,311,311,0,0
122,100,4.09,494,494,494,494,0,0,0,0
122,102,7.37,1043,1043,732,732,310,310,0,0
122,104,1.7,198,198,136,136,62,62,0,0
122,106,1,43,43,43,43,0,0,0,0
122,118,3,448,448,260,260,189,189,0,0
122,16,0.72,146,146,146,146,0,0,0,0
122,24,0.66,172,172,172,172,0,0,0,0
122,26,1.43,473,473,473,473,0,0,0,0
122,28,1,133,133,0,0,0,0,0,0
122,82,7.99,899,899,899,899,0,0,0,0
124,16,0.28,58,58,58,58,0,0,0,0
124,20,8,1490,1490,1117,1117,0,0,0,0
124,22,7.5,1988,1988,1767,1767,26,26,0,0
124,24,0.04,41,41,41,41,0,0,0,0
124,26,0.86,811,811,811,811,0,0,0,0
124,28,1,111,111,111,111,0,0,0,0
124,84,4,658,658,658,658,0,0,0,0
124,90,1,123,123,123,123,0,0,0,0
124,96,1.33,98,98,98,98,0,0,0,0
124,98,4,758,758,758,758,0,0,0,0
124,100,3.43,676,676,676,676,0,0,0,0
124,102,1.57,313,313,313,313,0,0,0,0
124,104,1.3,127,127,100,100,27,27,0,0
124,108,7.1,1298,1298,922,922,375,375,239,239
124,110,0.68,143,143,143,143,0,0,0,0
124,122,1.77,423,423,58,58,365,365,0,0
124,94,1.67,122,122,122,122,0,0,0,0
124,106,0.22,40,40,0,0,40,40,0,0
124,124,0.23,18,18,18,18,0,0,0,0
126,20,6.07,1145,1145,1145,1145,0,0,0,0
126,22,4.98,1197,1197,208,208,988,988,0,0
126,36,0.88,150,150,0,0,0,0,0,0
126,38,0.12,20,20,0,0,0,0,0,0
126,96,3,400,400,400,400,0,0,0,0
126,108,0.27,37,37,37,37,0,0,0,0
126,110,1.73,279,279,279,279,0,0,0,0
126,120,1,88,88,88,88,0,0,0,0
126,122,2.15,573,573,66,66,507,507,0,0
126,124,5,993,993,769,769,224,224,0,0
126,4,0.16,34,34,34,34,0,0,0,0
126,18,0.96,215,215,215,215,0,0,0,0
126,84,2.17,524,524,326,326,198,198,0,0
126,126,2,410,410,410,410,0,0,0,0
