x,y,number,ground_area,floor_area,residential_ground_area,residential_floor_area,economic_activity_ground_area,economic_activity_floor_area,cultural_ground_area,cultural_floor_area
0,63,3,221,547,22,55,22,55,0,0
0,64,4.22,211,522,92,229,13,33,0,0
0,65,14.42,1722,3594,463,949,140,294,0,0
0,66,99.73,4104,7756,2693,5670,252,377,0,0
0,67,2.17,536,1915,71,142,88,430,0,0
0,95,0.26,454,909,0,0,454,909,0,0
0,96,10.52,3289,7865,107,367,2326,4559,0,0
0,123,1,12,12,0,0,12,12,0,0
0,125,0.72,95,191,0,0,95,191,0,0
0,126,0.06,4,8,0,0,4,8,0,0
1,57,73.88,1789,3740,782,1702,414,1001,0,0
1,58,59.99,1510,2456,950,1557,68,112,0,0
1,66,73.39,3906,8494,2888,6597,100,192,0,0
1,67,56.66,4554,11624,1566,3163,944,2578,0,0
1,68,58.51,4178,10465,2663,7223,556,1230,0,0
1,69,1,23,23,2,3,2,2,0,0
1,95,111.36,6808,22117,3605,12219,1673,6198,0,0
1,96,335.77,13627,39933,9037,28655,501,1237,0,0
1,97,49.7,3121,11244,2320,8890,310,861,0,0
1,125,0.27,2059,10297,0,0,2059,10297,0,0
1,126,2.54,1988,8700,16,65,1841,8114,0,0
1,127,0.59,12375,49503,1239,4950,1239,4950,0,0
2,56,3,213,417,17,38,59,79,0,0
2,58,44.14,997,1795,647,1306,37,52,0,0
2,59,6,196,439,107,244,10,22,0,0
2,67,2.93,213,383,158,326,6,6,0,0
2,68,227.62,17297,53817,8837,26000,5631,21629,235,624
2,69,46.07,2081,5772,1423,4086,271,731,0,0
2,95,196.95,9863,31822,5830,21160,1076,3873,0,0
2,96,338.68,15753,54471,9858,38935,2657,9805,0,0
2,97,347.15,14580,52401,10100,41136,1019,3365,0,0
2,98,177.56,7493,24197,4947,18132,1088,3191,0,0
2,120,1,146,292,0,0,146,292,0,0
2,124,3.85,10540,51998,0,0,10540,51998,0,0
2,125,2.48,5477,23509,0,0,5477,23509,0,0
2,126,2.05,4511,9637,75,301,3833,6925,0,0
2,127,8.37,15913,73790,636,2434,10848,54504,0,0
3,67,5.14,479,1266,48,127,48,127,0,0
3,68,21.77,6522,19108,737,1788,4233,12814,0,0
3,69,92.33,4865,12265,3216,8045,394,1102,0,0
3,94,5.36,205,729,70,226,46,118,0,0
3,95,127.86,6162,17483,3328,10407,428,1134,0,0
3,96,271.74,14219,39913,9154,28404,1853,5063,0,0
3,97,280.38,13903,44945,8602,31241,954,3026,443,1615
3,98,229.76,14572,67545,10699,57434,762,2542,0,0
3,99,73.66,9468,59573,7513,52513,1973,13483,0,0
3,100,0.02,49,396,49,396,0,0,0,0
3,101,3.42,900,2087,84,189,84,189,0,0
3,104,1,31,63,3,6,3,6,0,0
3,118,1.96,504,994,0,0,504,994,0,0
3,119,0.04,23,45,0,0,23,45,0,0
3,123,1.43,280,897,2,7,261,838,0,0
3,124,12.03,10763,52980,5,23,10723,52778,0,0
3,125,4.8,13194,43442,0,0,13194,43442,0,0
3,126,0.22,737,2936,0,0,737,2936,0,0
3,127,1,8,8,1,1,1,1,0,0
4,67,1,14,14,1,1,1,1,0,0
4,68,18.09,5320,21121,2348,11590,811,2036,0,0
4,69,85.4,9238,38860,7225,33135,223,637,0,0
4,70,53.61,3766,12294,2470,8667,148,471,0,0
4,71,13.5,682,2396,445,1674,20,68,0,0
4,93,31.17,2538,8546,1613,5881,497,1960,0,0
4,94,82.48,4238,13985,2421,8630,178,533,0,0
4,95,80.2,8353,48645,4336,27345,421,2314,2177,17416
4,96,207.65,10503,32204,5809,17335,593,1747,17,137
4,97,356.21,17333,58194,11217,42795,1021,3190,0,0
4,98,423.54,19381,63039,14348,50726,896,2595,0,0
4,99,208.97,15323,70898,11064,56467,2620,11607,0,0
4,100,40.96,6853,37535,2127,15538,3972,19326,0,0
4,101,54.9,13365,68407,3687,29713,1927,8397,20,39
4,102,29.58,6028,25586,1942,13620,3680,11072,355,827
4,103,15.54,1602,3203,176,392,916,1830,0,0
4,119,1,458,1832,0,0,458,1832,0,0
4,121,1,19,19,2,2,2,2,0,0
4,122,6.52,3251,9559,1,1,3239,9547,0,0
4,123,2.68,1293,2673,0,0,1293,2673,0,0
4,124,4.55,11704,56988,0,0,11704,56988,0,0
4,125,11.3,3328,11989,5,23,3286,11784,0,0
4,126,19.99,2274,5064,1489,4124,87,105,0,0
4,127,40.31,2854,27499,2229,24965,115,322,0,0
5,65,13.84,358,857,202,584,16,29,0,0
5,66,19.11,1365,3528,922,2464,39,98,0,0
5,67,43.25,5802,21190,4390,18927,147,232,0,0
5,68,171.59,9514,23693,5774,14933,1396,3906,0,0
5,69,177.63,10197,26334,7378,20640,207,442,0,0
5,70,145.1,14507,44018,11601,37802,1462,4324,0,0
5,71,222.58,11865,31428,8463,24659,751,2388,0,0
5,72,18.57,3071,8714,1005,2908,1254,3855,0,0
5,73,21.95,880,1918,47,123,47,123,36,107
5,74,2.23,419,1086,42,108,45,118,0,0
5,92,33.01,2544,8220,1416,4891,198,686,0,0
5,93,155.03,7700,21689,3936,11734,347,917,0,0
5,94,169,8042,23392,5840,18134,189,435,0,0
5,95,118.52,9659,29543,6063,22396,1227,2477,0,0
5,96,233.14,12691,45862,10190,41179,242,448,0,0
5,97,301.85,17442,64847,11608,47115,2031,8314,0,0
5,98,369.63,20603,76938,15142,58663,2170,8832,0,0
5,99,132.93,16378,90664,8045,45060,5659,41128,0,0
5,100,88.8,21376,112644,9820,69847,6010,28913,0,0
5,101,126.6,19315,120660,13541,94147,3389,13777,0,0
5,102,24.03,7603,44319,2813,18301,2406,14683,1388,11108
5,103,1.04,68,458,1,1,57,447,56,446
5,105,3,257,759,26,76,26,76,0,0
5,113,0.24,42,84,0,0,42,84,0,0
5,114,2.38,832,2318,0,0,832,2318,0,0
5,118,2.11,1511,5986,2,2,1493,5969,0,0
5,120,0.03,0,1,0,0,0,0,0,0
5,121,7.02,4360,14492,99,240,3476,12339,0,0
5,122,5.84,5401,19848,51,192,4945,18115,0,0
5,123,74.88,3370,11438,2103,7656,460,1432,0,0
5,124,97.91,5961,19809,3207,11021,1768,6355,0,0
5,125,30.15,5853,19277,1616,7258,3822,11299,0,0
5,126,24.9,4759,25696,3582,22296,553,3074,0,0
5,127,57.65,8581,46018,3669,22516,1668,7379,0,0
6,65,56.78,3007,7367,2267,5825,46,91,0,0
6,66,157.59,7228,18538,4853,13344,219,487,0,0
6,67,179.85,8332,19403,6423,15926,190,415,0,0
6,68,200.86,9256,21377,6598,16636,254,499,0,0
6,69,160.14,11645,30254,8858,24261,1149,2916,0,0
6,70,136.96,8808,21928,6509,17681,159,326,0,0
6,71,174.14,11464,25952,7745,17721,1566,4891,10,29
6,72,124.33,8582,24132,6441,19433,324,806,0,0
6,73,92.09,7459,17322,4234,10509,575,1310,127,380
6,74,22.16,2791,7271,147,410,1466,3578,0,0
6,75,6,319,715,32,72,32,72,0,0
6,90,5.65,297,1100,231,938,8,30,0,0
6,91,31.69,1274,3917,623,2232,152,333,0,0
6,92,163.98,10713,38683,6612,25527,744,2911,146,292
6,93,215.2,9585,25872,5965,17128,664,1876,366,732
6,94,244.24,11381,34044,8045,25633,906,2760,0,0
6,95,214.6,11857,36934,7761,26053,525,1469,0,0
6,96,337.02,17192,53811,11603,39110,1102,3680,0,0
6,97,299.74,19052,67651,12170,47393,3307,13062,0,0
6,98,275.17,19286,91548,14155,71339,2554,11137,0,0
6,99,226.09,21207,112797,13594,87854,4821,19750,0,0
6,100,59.93,11815,85288,7811,74605,955,5813,0,0
6,101,37.4,10185,56445,2554,25009,5270,24165,0,0
6,102,9.91,4029,12543,60,131,3487,11367,0,2
6,103,0.15,73,145,7,15,7,15,0,0
6,104,0.75,2065,12216,0,0,2065,12216,0,0
6,106,1,1005,3016,0,0,1005,3016,0,0
6,109,0.74,792,2375,0,0,792,2375,0,0
6,112,1.17,898,2886,0,0,898,2886,0,0
6,113,2.59,665,2665,0,0,665,2665,0,0
6,114,2.13,1744,6716,3,7,1716,6659,0,0
6,115,0.49,1572,6289,0,0,1572,6289,0,0
6,116,0.42,3578,14314,0,0,3578,14314,0,0
6,117,1,41,41,0,0,41,41,0,0
6,118,2.39,3595,14297,1,1,3589,14285,0,0
6,119,3.13,3486,17267,2,4,3467,17228,0,0
6,120,16.37,9807,35432,129,384,8648,31976,0,0
6,121,8.51,2372,6963,289,823,231,682,0,0
6,122,61.98,8743,50659,3678,14323,3872,30203,0,0
6,123,218.55,10512,31142,5510,16473,854,2682,0,0
6,124,127.04,9899,29757,6120,20152,1065,2861,0,0
6,125,21.13,8208,34393,1966,8665,5799,25209,0,0
6,126,59.66,12793,50682,4058,20380,3221,11237,0,0
6,127,70.32,7528,49450,5433,40995,1680,8864,0,0
7,66,2.37,78,157,63,127,1,2,0,0
7,67,70.3,3142,6800,2268,5308,65,117,0,0
7,68,76.78,4202,10614,2563,6430,820,2717,0,0
7,69,34.94,4892,14818,757,2248,2018,6333,0,0
7,70,47.55,7499,20125,1328,3764,4500,12443,0,0
7,71,27.19,2418,6845,610,1744,634,1880,538,1615
7,72,37.92,2308,7343,1363,5487,215,535,0,0
7,73,99.64,7023,15787,5362,12606,482,1042,0,0
7,74,11.44,2565,6538,60,161,2024,5083,0,0
7,75,2.33,640,1338,4,8,604,1266,0,0
7,89,33.36,3171,12048,1484,6353,154,566,0,0
7,90,241.06,10615,31411,6450,20613,511,1662,0,0
7,91,127.09,6708,20695,4141,13762,528,1591,0,0
7,92,128.79,5910,17472,3563,11234,235,578,6,17
7,93,205.43,8031,23881,4578,14605,465,1231,0,0
7,94,177.95,8555,26689,5514,19118,497,1341,0,0
7,95,308.53,13450,35559,9082,26313,440,1014,0,0
7,96,295.67,16175,53338,10291,35087,2630,11982,0,0
7,97,326.62,15168,45535,10403,34440,1529,3882,134,269
7,98,233.34,21023,103666,13712,78396,3822,18868,0,0
7,99,169.49,19406,105343,11912,76370,4336,18420,0,0
7,100,19.01,6502,49710,2281,19335,2299,18997,0,0
7,101,7.27,7181,42197,23,167,6848,40459,239,1670
7,102,8.79,4851,18026,865,2578,3880,15231,5,43
7,103,23.93,5126,23436,487,3263,2635,9685,1444,8497
7,104,7.68,6210,35894,181,689,5881,34869,0,0
7,105,1.22,231,583,11,22,132,385,0,0
7,106,1.28,874,2773,0,0,874,2773,0,0
7,107,0.66,3871,26661,0,0,3871,26661,0,0
7,109,0.26,283,849,0,0,283,849,0,0
7,111,3,341,985,34,99,34,99,0,0
7,112,2,1100,5503,0,0,1100,5503,0,0
7,116,2.96,6074,21956,91,203,5947,21508,0,0
7,117,18.74,5026,14919,284,788,3805,11817,0,0
7,118,5.26,300,741,25,68,74,128,0,0
7,119,6.08,3607,26651,6,11,3556,26550,0,0
7,120,34.43,3595,11456,950,3970,1433,4293,0,0
7,121,48.18,13625,53458,2872,9960,6979,26195,0,0
7,122,213.27,14637,45085,7865,27398,3435,10220,0,0
7,123,251.73,14419,38232,7520,22303,2137,5986,0,0
7,124,142.2,18865,56010,4195,13387,6122,16786,0,0
7,125,173.54,15169,39230,5948,17715,4109,10267,0,0
7,126,134.68,13439,40026,3911,11466,2911,8794,0,0
7,127,22.06,11338,38044,1288,4274,1360,4414,0,0
8,38,1,21,43,2,4,2,4,0,0
8,55,5.44,383,532,81,96,33,48,0,0
8,69,0.98,22,43,2,4,2,4,0,0
8,70,1,22,45,2,4,2,4,0,0
8,71,3.34,739,2012,74,201,74,201,0,0
8,72,33.73,2152,5940,1613,5071,38,59,92,173
8,73,115.61,8500,32961,6223,28909,248,487,0,0
8,74,72.61,7759,21262,4399,13887,2137,4967,0,0
8,75,21.48,3076,7758,155,339,2190,5832,0,0
8,88,0.05,29,136,3,14,3,14,0,0
8,89,24.03,3483,10020,338,960,444,1385,0,0
8,90,100.15,6716,19906,5036,15794,131,317,0,0
8,91,31.12,6482,43931,3186,21050,643,4794,0,0
8,92,60.15,4503,13331,1638,5143,749,2708,175,350
8,93,79.46,3514,10240,2237,7092,152,403,0,0
8,94,95.9,5450,16506,2738,8413,1669,6175,0,0
8,95,178.06,9281,31739,6247,23588,503,1278,0,0
8,96,154.2,10029,27718,6483,18717,971,2608,0,0
8,97,173.55,11422,43291,6816,26268,1621,6919,0,0
8,98,331.85,18784,81754,14011,68720,1390,5918,0,0
8,99,147.86,20422,107862,9148,61179,4830,20753,0,0
8,100,65.06,13083,72458,7453,48335,3201,16792,1649,9893
8,101,1.14,94,381,39,271,6,12,0,0
8,102,2.13,624,1247,62,125,62,125,0,0
8,103,30.04,7852,39998,4171,28890,3147,10366,388,2140
8,104,123.15,14700,87981,10188,73815,3469,11205,0,0
8,105,27.33,7727,56939,942,5595,1245,5800,5434,45126
8,106,13.1,10989,72927,2803,27206,6456,32956,800,4084
8,107,13.78,7910,63327,967,8684,4763,33630,0,0
8,108,8.53,13415,66777,141,893,13292,65953,0,0
8,109,1.49,27916,208766,313,1250,25103,197518,0,0
8,110,5.49,11229,63296,659,2615,5301,39760,0,0
8,112,0.3,825,4125,0,0,825,4125,0,0
8,113,4.95,6429,22775,269,749,6175,22118,0,0
8,114,0.41,1980,7917,0,0,1980,7917,0,0
8,115,2.63,5561,23034,91,182,5470,22852,0,0
8,116,14.02,9142,38568,252,1041,6873,29190,0,0
8,117,14.26,2632,7152,136,384,1403,3691,0,0
8,118,2.98,304,768,11,18,207,607,0,0
8,119,1.07,482,2312,0,0,482,2312,0,0
8,120,13.43,13848,64434,18,26,13696,64202,0,0
8,121,124.12,11574,41571,5578,24047,4116,13667,0,0
8,122,149.19,14615,64509,6087,23801,1865,7989,0,0
8,123,243.43,13035,33441,7683,21273,1184,3128,0,0
8,124,236.4,19450,51324,7141,21530,7868,19274,335,734
8,125,149.45,17716,57130,6441,21752,6002,18282,589,1767
8,126,73.64,13029,38468,2636,8553,5921,17780,0,0
8,127,114.22,14913,53293,5804,22045,3875,14478,0,0
9,37,0.6,23,23,2,2,2,2,0,0
9,38,0.4,16,16,2,2,2,2,0,0
9,55,2.56,509,964,508,963,0,0,0,0
9,68,0.92,66,262,7,27,7,27,21,126
9,69,18.52,1604,5529,724,3017,479,1039,185,1108
9,70,1.05,43,120,26,102,0,0,0,0
9,71,21.88,5109,19808,4316,18160,475,963,0,0
9,72,83.73,6355,16735,5034,14291,98,191,0,0
9,73,211.32,11484,28720,6915,18984,1309,3604,0,0
9,74,217.33,11693,33608,5233,17342,4326,12326,0,0
9,75,14.53,313,607,111,202,47,96,0,0
9,86,2,322,893,32,89,32,89,0,0
9,88,33.31,7297,31696,1364,5170,864,3587,0,0
9,89,70.1,6373,16358,2355,7193,425,980,0,0
9,90,20.8,2243,8353,1700,6793,43,139,0,0
9,91,7.16,4189,28759,2417,14635,228,1599,0,0
9,92,13.07,1564,5590,893,3194,72,258,0,0
9,93,115.09,7437,32538,3618,11891,2773,18229,0,0
9,94,175.17,9938,32254,4263,15824,2527,8708,431,1724
9,95,239.33,9826,26710,5784,17933,780,1911,0,0
9,96,267.95,12630,42744,8515,32516,506,1353,0,0
9,97,92.92,11008,62788,6359,46790,1189,4903,0,0
9,98,230.3,16689,68953,11794,54400,914,3592,0,0
9,99,227.79,17477,80021,10086,55431,1580,6799,0,0
9,100,141.87,21460,122899,12597,74480,5584,29714,0,0
9,101,92,19115,99997,10795,60627,5886,31895,0,0
9,103,32.05,7790,50072,4564,34470,2140,14589,0,0
9,104,311.45,20948,117822,13673,79288,4613,25595,0,0
9,105,258.28,21201,112928,12882,72285,6530,35258,0,0
9,106,51.43,19933,117869,9060,69435,8447,39351,692,2769
9,107,103.67,21095,148086,8800,68100,10452,69041,0,0
9,108,69.07,15044,115001,6015,47242,8275,65566,0,0
9,109,7.25,18675,172580,0,0,18675,172580,0,0
9,110,5.45,6747,65405,35,175,6423,63832,0,0
9,111,1.49,4770,65519,110,332,3775,62533,0,0
9,112,0.74,1048,12788,0,0,1048,12788,0,0
9,113,15.17,10352,92268,956,6584,3882,42322,0,0
9,114,2.18,2547,80125,61,394,1995,76578,0,0
9,115,6.54,20053,87347,77,215,19126,84724,0,0
9,116,6.71,13220,49988,235,912,12397,47376,0,0
9,117,16.42,6120,19367,886,3143,3260,11530,0,0
9,118,11.96,10401,56801,401,1693,6799,41563,0,0
9,119,7.6,5732,74371,468,6620,1520,14788,0,0
9,120,12.51,10275,27348,258,1197,7960,16574,0,0
9,121,43.95,3933,14039,1953,8583,2232,7133,0,0
9,122,229.54,20865,84164,13364,58035,5056,17596,0,0
9,123,43.86,9454,36722,2617,11838,4269,16366,0,0
9,124,93.03,10084,32649,4358,16802,4397,13016,815,3259
9,125,85.54,17410,57295,2078,7134,12916,42129,0,0
9,126,46.95,20387,114343,862,3467,19038,109305,0,0
9,127,154.31,10356,29876,3769,9694,3608,12935,0,0
10,69,2.11,500,2078,94,297,27,162,269,1615
10,70,19.58,7915,38281,2411,11134,2237,10311,0,0
10,71,11.26,1961,6966,1146,5095,791,1822,0,0
10,72,183.59,8620,26164,6190,21373,195,420,0,0
10,73,199.45,10029,22836,5901,14599,1608,3217,0,0
10,74,157.69,10923,27448,6056,16818,3102,6863,213,629
10,75,95.7,11915,33144,4004,12774,4233,12299,0,0
10,76,27.71,2704,11016,2117,9975,578,2268,0,0
10,79,1,394,789,40,79,40,79,0,0
10,84,2.6,297,594,30,59,30,59,0,0
10,85,3.4,301,601,30,60,30,60,0,0
10,86,0.8,179,536,179,536,0,0,0,0
10,87,43.64,3842,12861,1592,6394,458,1049,0,0
10,88,65.74,5737,18658,2762,7937,719,2181,0,0
10,89,89.9,6651,20952,4638,15984,178,432,0,0
10,90,62.72,4676,16730,2635,9676,204,733,1289,5655
10,91,87.84,6763,21587,3567,11405,301,996,0,0
10,92,81.84,4979,16246,3745,13189,136,387,0,0
10,93,258.59,11779,36938,8390,27420,383,1136,0,0
10,94,265.94,11332,31783,7881,23274,364,914,0,0
10,95,146.55,6443,17876,4717,14222,153,322,0,0
10,96,14.52,3733,20120,45,89,45,89,3276,19230
10,97,13.63,1262,4272,221,438,80,156,444,2833
10,98,218.32,12120,46331,9160,38083,800,3171,0,0
10,99,126.35,14929,69492,6992,39389,2421,9249,155,928
10,100,103.93,18153,106936,10054,64316,5595,33064,0,0
10,101,100.99,22968,128376,14686,93551,9505,45558,0,0
10,102,1,403,1209,41,121,41,121,0,0
10,103,13.26,6391,34676,2229,17638,4573,21012,0,0
10,104,111.8,12786,78649,6697,42837,3623,22426,508,2189
10,105,289.1,25392,152875,17777,101613,4700,25604,237,948
10,106,124.19,20409,143912,11036,90096,6872,38139,108,136
10,107,96.39,20548,157094,12254,104139,7067,53056,0,0
10,108,114.53,18720,139124,10179,84102,7613,55101,0,0
10,109,23.65,16559,74146,4434,27152,7605,35270,0,0
10,110,10.81,15322,81732,513,3331,10702,51749,0,0
10,111,13.05,14672,130073,2957,23735,9372,90183,0,0
10,112,5.59,8605,77950,386,5356,7547,61223,0,0
10,113,12.83,11725,91089,4644,46441,5222,39736,0,0
10,114,11.01,7538,32103,990,5822,2658,10699,0,0
10,115,73.68,14307,59997,5503,24252,8696,36021,0,0
10,116,45.75,11072,43177,3247,15318,5227,17780,0,0
10,117,25.96,16219,68090,1584,7105,6930,32897,0,0
10,118,108.79,10645,42493,5044,21828,4515,19184,0,0
10,119,114.75,11028,37290,4443,17051,3410,12042,712,2116
10,120,36.29,11606,40063,1881,7347,4093,15024,0,0
10,121,29.15,10911,51109,1261,5881,9163,43755,0,0
10,122,32.05,9597,52788,861,4970,8488,46383,0,0
10,123,1.1,940,4496,265,1540,566,2741,0,0
10,124,5.62,3198,12473,94,298,2779,11090,0,0
10,125,9.09,17382,66731,249,822,15139,59328,0,0
10,126,8.59,5975,20085,214,844,4097,12800,0,0
10,127,19.92,11000,33596,166,641,9501,27824,0,0
11,69,1.57,489,2322,479,2311,11,11,0,0
11,70,21.56,7815,25833,1440,5887,5541,18320,0,0
11,71,29.28,9956,36152,5224,23324,2819,7944,0,0
11,72,80,7066,27136,5151,23602,972,3733,0,0
11,73,96.2,8234,26798,5247,19206,1478,3127,0,0
11,74,64.02,7222,34179,5340,28918,141,475,0,0
11,75,69.58,8304,31128,6002,25263,123,313,0,0
11,76,163.9,13634,39303,9388,28976,1586,4164,0,0
11,77,187.45,11599,32024,8694,25395,1414,3923,0,0
11,78,124.3,9423,27183,6983,20897,1159,3093,0,0
11,79,44.58,5074,14402,4280,12769,81,155,0,0
11,80,4.78,4749,15225,1297,4967,1776,5318,0,0
11,81,2.46,1673,4719,168,472,168,472,0,0
11,82,2.34,94,188,9,19,9,19,0,0
11,83,1,166,348,32,78,20,44,0,0
11,84,8.8,7998,23342,7487,22524,2726,7475,0,0
11,85,102.39,10300,37631,5701,25741,2508,5639,0,0
11,86,116.39,12422,51289,10202,44077,586,2299,0,0
11,87,118.1,7614,21338,5988,17454,145,378,0,0
11,88,89.86,5860,18281,4645,15406,197,649,0,0
11,89,93.79,6524,20590,4434,14868,216,635,0,0
11,90,23.02,5848,48808,1037,6156,519,4714,0,0
11,91,54.67,3885,10524,2798,7765,100,269,0,0
11,92,100.69,5887,16689,3718,11245,354,997,0,0
11,93,155.53,8972,37211,6070,27509,296,1015,0,0
11,94,294.7,11980,33301,7444,22337,845,1915,0,0
11,95,336.49,15620,48916,10079,32736,1747,6562,190,761
11,96,193.78,12635,49199,9266,38298,1201,4915,144,577
11,97,67.58,10369,53498,6141,34676,986,3336,0,0
11,98,144.12,17915,96479,14853,87369,1182,6362,79,550
11,99,207.42,21802,131227,16717,110361,3208,19517,0,0
11,100,155.05,20709,123387,11922,76000,9173,52859,0,0
11,101,108.46,23501,152293,14947,97635,10412,70531,0,0
11,102,14.18,3959,27547,2777,19664,1056,7430,0,0
11,103,37.59,4786,38700,3720,30566,1734,13642,0,0
11,104,99.62,18184,154323,13470,115125,7259,63735,43,260
11,105,88.43,19247,158059,11827,102495,8052,64559,158,631
11,106,68.34,19231,128583,10490,76273,6000,44265,928,3713
11,107,131.94,24881,124715,10173,57513,12721,65258,0,0
11,108,79.44,21221,102534,7893,46282,7606,31689,0,0
11,109,85.64,20247,132234,14872,115522,3135,12464,0,0
11,110,101.67,16591,125307,12324,102391,1949,14033,0,0
11,111,17.85,19483,142277,7061,72361,5350,33813,0,0
11,112,33.34,10074,74871,2710,18619,3138,25478,929,5573
11,113,81.49,16422,102842,7399,52786,8300,41213,0,0
11,114,99.75,22915,106201,5307,27449,6804,35229,0,0
11,115,39.44,11495,45804,3849,20410,6605,23280,0,0
11,116,41.78,12314,37115,1993,7053,8202,23899,0,0
11,117,31.64,22052,69493,1905,6098,5990,19860,0,0
11,118,55.01,12150,42392,2645,9747,4507,15140,0,0
11,119,46.19,9501,26884,2276,8721,3589,8143,0,0
11,120,4.83,2920,8612,262,772,560,1665,0,0
11,121,2.42,82,216,8,18,17,56,0,0
11,122,17.2,6417,22375,157,796,5002,15214,0,0
11,123,13.13,9933,33815,35,133,9611,32617,0,0
11,124,15.52,7834,26376,230,832,6274,20411,0,0
11,125,23.88,12142,32774,25,58,11919,32248,0,0
11,126,19.42,11163,47602,4163,24626,6975,22897,0,0
11,127,20.26,13435,40185,701,3140,12381,35875,0,0
12,69,2.94,3343,22915,2431,17442,101,608,0,0
12,70,4.12,2355,10962,1773,9797,377,753,0,0
12,71,10.81,8123,38222,0,0,8123,38222,0,0
12,72,23.54,3554,10005,999,2477,617,2195,0,0
12,73,47.26,7100,25609,5651,20919,160,521,0,0
12,74,64.02,7011,25780,5415,22214,452,817,0,0
12,75,193.35,11466,29698,7516,20928,670,1758,0,0
12,76,133.99,10330,31518,6177,18588,2395,9125,0,0
12,77,191.6,13371,40521,10460,34946,330,741,0,0
12,78,174.92,13014,38401,9666,31145,593,1443,0,0
12,79,142.63,11235,32203,7993,25094,1021,2894,0,0
12,80,30.15,7808,21976,4176,14910,544,1499,0,0
12,81,4.54,1385,5356,102,386,316,1246,0,0
12,83,3,37,37,3,3,3,3,0,0
12,84,43.29,10172,43671,8278,37442,2372,9021,0,0
12,85,41.26,5878,22699,3315,17699,923,2155,0,0
12,86,53.66,7657,26273,4796,18935,694,2775,0,0
12,87,56.14,4619,11857,3502,8994,90,229,0,0
12,88,46.55,4283,14483,2790,8943,132,514,0,0
12,89,33.2,3584,11566,2094,6034,147,580,0,0
12,90,13.39,6098,43125,3544,27318,283,1755,0,0
12,91,14.47,4298,36258,3011,20145,602,3120,0,0
12,92,46.29,5926,28119,3353,20846,297,719,0,0
12,93,163.9,9091,31877,6021,23336,254,744,0,0
12,94,340.95,16530,53324,12944,45343,599,1708,0,0
12,95,219.81,12215,45416,9143,37097,881,2923,0,0
12,96,319.77,18174,76749,13424,62613,1932,8926,0,0
12,97,127.58,19406,115821,14303,102966,2322,11056,0,0
12,98,194.57,23359,138904,16656,112241,2341,10542,488,3415
12,99,187.5,24655,160119,12201,89593,9027,60083,7,49
12,100,95.53,19774,141306,4655,33439,15628,117568,0,0
12,101,216.19,25963,175202,14086,101478,12410,87983,741,4448
12,102,141.51,15840,111799,7731,58241,8183,60947,0,0
12,103,49.43,13220,107813,2548,23324,7505,62955,4154,32897
12,104,52.84,18436,136524,1973,16796,10175,72136,1404,8379
12,105,78.21,17904,123421,8725,70826,9320,59286,0,0
12,106,48.67,11664,74297,3297,22753,4581,27309,637,2664
12,107,131.98,14693,74464,8497,48626,6412,29500,0,0
12,108,87.14,12698,72934,5257,36170,3919,17884,1078,4489
12,109,103.8,18539,115033,11134,88793,5786,28200,0,0
12,110,92.55,14945,87532,9123,62040,4692,30976,0,0
12,111,11.21,18238,106207,4177,29195,7591,40005,0,0
12,112,70.76,14560,71847,5965,37813,881,3641,0,0
12,113,90.88,19220,101404,8781,54943,6208,29361,0,0
12,114,20.37,13825,145802,6870,96561,5729,55860,0,0
12,115,14.15,7920,69111,4882,50934,3156,16021,0,0
12,116,21.18,4489,35875,1979,25683,1763,7891,0,0
12,117,19.9,6202,19141,1052,3278,1348,4093,0,0
12,118,2.1,686,1681,45,121,288,588,0,0
12,119,13.31,7505,26976,44,88,7109,26189,0,0
12,120,14.27,7104,19692,69,127,7003,19590,0,0
12,121,7.08,12021,44579,63,190,11450,42866,0,0
12,122,27.32,18698,55256,84,337,17945,52219,0,0
12,123,22.43,14495,53971,34,65,14192,53388,0,0
12,124,8.64,27820,90287,9,18,27737,90124,0,0
12,125,25.36,19456,64739,8,18,19375,64585,0,0
12,126,16.51,18837,61723,23,61,18749,61588,0,0
12,127,13.16,14329,49011,259,1004,12000,39975,0,0
13,68,0.07,67,402,7,40,7,40,0,0
13,69,1.49,2149,12896,214,1289,214,1289,0,0
13,70,8.28,5728,32598,932,3383,4788,29195,0,0
13,71,16.01,3484,11355,2796,9501,511,1547,0,0
13,72,44.65,6865,21224,5401,16111,113,495,0,0
13,73,35.71,7662,24316,2225,5280,4659,16930,0,0
13,74,34.51,5860,20878,4257,17964,666,1322,0,0
13,75,57.24,7748,32879,5404,23624,232,949,0,0
13,76,157.57,11883,35026,6391,20503,2699,7640,0,0
13,77,187.2,11994,30831,6944,20328,2810,6563,0,0
13,78,63.29,9471,27219,2991,10455,2234,7410,0,0
13,79,81.36,7727,25256,5360,19626,202,533,0,0
13,80,38.17,5863,19765,4137,15816,423,1073,0,0
13,81,1,64,128,6,13,6,13,0,0
13,84,30.57,4174,15333,2775,11944,481,1375,18,35
13,85,40.24,7610,25088,2750,8319,2781,11774,639,1278
13,86,41.07,4937,17740,1657,5088,1986,7438,0,0
13,87,65.56,8553,34001,4392,17930,905,4171,0,0
13,88,56.9,5482,13679,2296,7131,2410,4623,0,0
13,89,4.2,2786,44015,2517,43295,233,487,0,0
13,90,14.42,2250,8607,1193,6253,115,256,0,0
13,91,33.47,5803,33035,4070,28197,259,740,0,0
13,92,58.98,6370,30197,4303,24274,201,513,0,0
13,93,127.1,11851,62586,9534,55835,742,3776,0,0
13,94,218.33,13430,64040,9430,50778,537,2384,0,0
13,95,105,11937,78324,8135,63694,748,2763,192,961
13,96,174.29,13694,76214,8443,54148,3425,19587,0,0
13,97,173.69,21183,120274,12574,80816,6119,32602,0,0
13,98,201.38,22355,124316,12521,78015,5319,27212,2159,12284
13,99,222.2,25530,152171,14644,93584,8960,58069,455,1497
13,100,168.31,23821,156160,6059,41995,13841,92642,0,0
13,101,252.24,28162,178499,9556,66075,16834,114652,96,480
13,102,235.43,27530,188133,10743,75197,14190,97575,0,0
13,103,129.82,16056,126192,3967,29840,10061,82223,6,51
13,104,123.76,20902,142534,6500,50141,11511,78972,0,0
13,105,245.61,25769,160541,13939,91743,7102,43387,1085,6512
13,106,142.48,17825,121640,10392,82389,5119,29943,0,0
13,107,21.87,11005,79861,2992,20698,1017,7846,0,0
13,108,46.48,11588,75119,3636,31924,7543,42665,0,0
13,109,50.95,7242,32824,2365,14327,2911,9874,0,0
13,110,91.9,12513,72659,4968,25926,4688,28270,0,0
13,111,84.2,12260,56857,6990,45061,2486,10015,0,0
13,112,65.95,9532,32312,2446,11573,2273,7647,0,0
13,113,103.23,15209,65987,7933,41751,3927,14715,0,0
13,114,123.33,15735,62839,7318,29234,5033,18300,0,0
13,115,136.97,16182,63507,9702,45856,3207,11600,0,0
13,116,180.02,15370,52131,8613,32712,3986,13241,0,0
13,117,48.67,9041,33034,2336,12988,4089,14073,0,0
13,118,218.54,12353,36906,8505,28549,1550,3808,0,0
13,119,233.25,19023,66643,11541,45455,5408,18974,0,0
13,120,129.64,18882,58981,4892,18198,12976,40281,220,661
13,121,53.85,14253,64601,2466,16044,10939,45745,0,0
13,122,29.26,16419,64269,2414,14743,13289,47556,0,0
13,123,15.32,15009,49866,6,7,14961,49799,0,0
13,124,13.5,16160,56844,214,418,15898,56419,0,0
13,125,25.82,13749,46760,112,309,12888,44416,0,0
13,126,17.48,10732,29037,152,300,9983,27572,0,0
13,127,85.68,8315,19123,1869,4197,4597,11068,0,0
14,70,3.85,1757,16705,1613,16417,206,412,0,0
14,71,9.56,4945,21733,4910,21690,0,0,0,0
14,72,15.64,4280,18889,3486,15684,36,123,0,0
14,73,45.64,6002,19154,4479,16742,472,874,0,0
14,74,94.14,6441,16877,4324,10864,239,657,0,0
14,75,77.64,9668,28152,6475,21775,1346,3009,0,0
14,76,205.04,9232,21312,5948,15089,475,1082,0,0
14,77,92.37,11187,44008,7012,31234,804,2547,0,0
14,78,62,8205,25314,5270,18393,918,1682,0,0
14,79,59.62,6405,20248,3438,11517,830,2098,0,0
14,80,86.53,12755,37782,6509,22209,3145,9570,0,0
14,81,46.68,7911,28403,3449,14318,2655,7077,927,5561
14,82,10.94,679,1625,340,938,36,89,88,177
14,83,5,502,1984,93,370,46,179,0,0
14,84,16.06,1616,5465,1149,4594,98,142,0,0
14,85,71.91,8626,31878,5893,20269,487,2377,0,0
14,86,26.45,8527,40103,632,2935,3387,15338,0,0
14,87,50.55,7520,26908,1706,5509,2529,9333,0,0
14,88,35.18,5553,34822,3295,27402,473,2614,0,0
14,89,32.16,8126,48295,3960,31507,1224,5027,0,0
14,90,70.3,5460,17108,3679,12259,679,2459,0,0
14,91,60.29,5467,15358,2630,7958,1817,5379,0,0
14,92,70,8725,32968,3371,14019,3550,13028,123,734
14,93,117.43,11259,62485,9261,56582,858,3285,0,0
14,94,98.3,10507,54565,2713,16532,6316,31453,0,0
14,95,194.02,18779,85514,9795,49806,5801,26374,0,0
14,96,169,23813,145026,12263,75735,10418,67114,0,0
14,97,150.78,23197,130407,13190,84226,10230,50290,567,2269
14,98,191.2,24223,134952,13414,81301,9342,54890,81,406
14,99,225.02,27029,166713,14267,93723,10949,72893,356,1782
14,100,98.26,15061,111455,2947,21003,11236,86793,33,65
14,101,257.72,27795,173934,13344,90219,12747,84749,425,1859
14,102,377.12,27018,170674,17000,118921,8250,55651,1012,2821
14,103,274.93,24910,187078,14501,107625,10615,84445,0,0
14,104,237,28224,184839,15202,102703,9853,63364,749,5238
14,105,209.75,22600,126883,12949,82177,8503,46390,0,0
14,106,149.98,16789,94823,7566,45645,4034,23799,0,0
14,107,32.13,15414,106244,1819,8771,12141,89703,0,0
14,108,65.08,13341,81350,1203,6143,11380,71479,0,0
14,109,34.02,11372,68716,4175,27829,5543,35271,0,0
14,110,78.49,18205,130171,13956,114649,3488,15141,0,0
14,111,146.33,19134,95534,10866,65223,6169,28397,63,127
14,112,50.27,14447,60847,6717,40312,6410,19841,0,0
14,113,217.98,15090,45963,9857,31889,1489,5206,659,1976
14,114,77.43,12000,53549,4411,25276,5808,20838,0,0
14,115,92.2,7724,23741,4077,13752,2803,8417,0,0
14,116,6.46,3588,13958,132,488,532,2086,0,0
14,117,13.17,6705,22082,594,1709,1866,9782,0,0
14,118,166.12,10313,30805,6922,24627,519,2475,0,0
14,119,150.04,13802,47997,7004,28814,4947,17734,0,0
14,120,209.72,17129,53029,8613,30004,5078,14921,0,0
14,121,110.12,12173,43653,3122,10675,5899,26678,0,0
14,122,75.19,11787,38943,3911,17860,5451,14906,0,0
14,123,21.06,9580,28136,63,251,9009,25879,0,0
14,124,5.53,14483,57268,0,0,14483,57268,0,0
14,125,5.28,13496,58739,2,5,13480,58693,0,0
14,126,11.16,8400,23531,1472,3016,6764,20188,0,0
14,127,57.24,2858,6921,1360,3437,855,2443,0,0
15,69,1,63,189,6,19,6,19,0,0
15,70,4.01,1564,14984,1091,7413,54,871,0,0
15,71,22.5,3484,9104,1891,5395,336,951,0,0
15,72,32.89,8239,25901,4444,15503,1954,4219,0,0
15,73,44.28,7705,28894,4958,19648,1509,3769,0,0
15,74,40.69,5089,18949,1181,4025,1478,4801,0,0
15,75,70.65,9583,28329,5668,17749,2500,6226,0,0
15,76,90.63,8129,31040,6879,28462,129,267,0,0
15,77,56.2,9542,43533,5861,25506,1318,6575,0,0
15,78,61.62,8708,35524,2898,11407,1466,5885,179,606
15,79,48.66,6762,21645,2377,7174,2923,9995,584,2093
15,80,70.2,9038,29768,5625,17840,2121,8855,0,0
15,81,96.02,7285,18554,5266,14493,222,435,0,0
15,82,49.57,5239,14801,3389,10768,1425,3317,0,0
15,83,13.49,3240,6175,161,303,1795,3448,0,0
15,84,10.23,3884,11568,211,647,589,2890,0,0
15,85,8.31,5935,21172,2004,9853,416,1230,0,0
15,86,75.75,8387,28275,4487,15663,2685,10084,0,0
15,87,47.58,5602,28627,2985,19261,1325,5077,0,0
15,88,63.99,11455,58751,4100,31632,4718,20154,0,0
15,89,67.82,7940,32681,4443,19012,2535,11243,0,0
15,90,70.91,7335,29534,5396,23241,1000,4736,0,0
15,91,109.26,15098,88522,12230,76598,1983,11269,0,0
15,92,81.63,15947,97367,10044,73441,3536,18262,208,1253
15,93,126.95,15372,99210,11597,81237,1889,11568,0,0
15,94,160.06,18437,123262,13683,104860,1739,10503,0,0
15,95,154.57,18955,109687,8992,62407,5856,36992,0,0
15,96,233.73,23438,128253,15003,92163,5997,32785,0,0
15,97,159.88,20982,108759,10837,67019,7947,37420,603,2413
15,98,235.02,26005,137080,15580,93803,8159,40345,90,361
15,99,222.92,24195,152001,18368,123260,5083,34427,370,1156
15,100,218.76,20987,133249,12913,89992,7070,43703,0,0
15,101,280.36,20236,129217,13051,91839,3365,22104,466,4194
15,102,341.39,24373,161724,16616,117875,5809,41003,0,0
15,103,160.87,19135,123312,10314,72956,7650,45252,549,3682
15,104,168.32,19192,126572,6959,53854,9611,62795,0,0
15,105,174.48,19435,141701,13802,104704,5978,44704,97,97
15,106,94.56,13451,83676,7247,52773,5384,33023,0,0
15,107,25.48,17175,104358,493,4403,16119,98557,0,0
15,108,103.15,21696,133825,7766,60754,7324,41572,0,0
15,109,139.22,21493,119657,12277,82920,4897,28856,0,0
15,110,165.79,21078,106370,11611,70758,5725,24565,655,2094
15,111,83.47,17004,89816,9044,61440,5278,22018,0,0
15,112,195.91,12648,47661,9544,39283,1663,5084,0,0
15,113,263.18,17185,54517,13142,45409,1122,3017,0,0
15,114,65.9,17040,76621,5795,35958,4138,12796,0,0
15,115,77.68,16280,54206,2279,8204,10351,37102,0,0
15,116,81.92,13358,52598,2928,16017,7472,24575,0,0
15,117,104.39,16893,52174,5087,18177,8627,23643,0,0
15,118,53.68,4622,18432,2702,9451,208,989,0,0
15,119,24.09,4047,16290,231,512,3384,15002,0,0
15,120,24.56,5556,21072,52,166,5091,19575,0,0
15,121,13.67,4497,18038,2132,8037,1023,4416,0,0
15,122,14.98,4250,34334,2505,30780,1038,6500,0,0
15,123,46.13,7497,41792,3335,31208,2667,6567,0,0
15,124,91.61,15305,40677,3191,7198,10723,30867,0,0
15,125,42.8,6373,17143,1542,4012,4501,12820,0,0
15,126,5.65,9593,28986,12,24,9482,28764,0,0
15,127,30.99,12066,38056,335,595,11525,37169,0,0
16,70,5.26,3532,37123,2303,34472,327,3520,0,0
16,71,13.35,4554,16968,3170,11682,145,574,0,0
16,72,22.19,4643,14656,3119,9659,500,1217,0,0
16,73,17.2,2888,16900,1634,11271,578,1506,0,0
16,74,59.41,7484,27928,5476,21421,878,2435,0,0
16,75,55.05,7257,26445,5089,21540,1587,3593,0,0
16,76,97.45,8511,30710,3980,16094,3237,12174,0,0
16,77,43.78,11357,45067,2394,10010,7233,30424,0,0
16,78,31.64,7719,29576,3535,16559,3273,8937,0,0
16,79,20.09,4548,20791,2067,9023,1317,6038,0,0
16,80,38.21,5386,20129,4252,16433,665,2634,0,0
16,81,14.53,3722,14271,2835,12770,61,90,0,0
16,82,17.34,3908,14467,300,622,96,212,0,0
16,83,57.58,8134,21858,2421,8018,3528,8215,0,0
16,84,30.12,5980,22069,1628,5270,4265,16881,0,0
16,85,13.79,7020,38207,4460,31666,1450,4158,0,0
16,86,21.49,7465,34223,4719,25869,1026,3557,0,0
16,87,45.88,9924,53132,5144,34910,2121,8045,0,0
16,88,80.72,10208,58279,6944,46108,2139,9753,0,0
16,89,145.09,18221,100411,10863,72761,3327,16046,553,1660
16,90,87,16534,91943,7746,53642,3913,19922,205,818
16,91,100.76,16794,113553,10681,91679,1655,6358,456,1826
16,92,105.19,15211,79218,11260,67573,779,3070,0,0
16,93,127.6,16563,87262,8247,53609,4395,20334,0,0
16,94,113.06,16132,100415,11740,79546,1468,9021,0,0
16,95,124.6,15033,76411,8491,51013,3687,18116,549,549
16,96,75.33,17550,103971,10378,76471,6279,27099,0,0
16,97,116.34,17074,102419,9800,74854,5360,28584,0,0
16,98,201.24,24537,152503,16706,120308,5953,30915,0,0
16,99,247.53,21466,133096,16360,110070,3107,18228,0,0
16,100,236.61,21192,111419,14267,86011,3888,17701,750,3001
16,101,362.67,23037,113206,15895,88890,5856,29492,0,0
16,102,311.94,25034,128485,16147,96728,5822,29023,0,0
16,103,312.13,22408,131932,13080,83054,6671,41440,0,0
16,104,226.98,19504,103791,9566,62742,5994,28201,0,0
16,105,252.14,21828,145917,15134,105123,6156,42163,338,1522
16,106,140.29,17318,115697,11310,88241,4184,24083,0,0
16,107,7.25,8864,26836,105,522,8288,24888,0,0
16,108,98.65,18691,90201,9405,59762,6135,24906,0,0
16,109,108.58,18974,105873,11145,66062,6609,36670,0,0
16,110,99.56,14540,52636,4429,22365,6532,18693,0,0
16,111,218.43,17749,77121,12354,60236,3483,13858,0,0
16,112,191.22,17225,67698,12015,51461,2868,10006,0,0
16,113,99.25,17645,71441,9541,45142,6668,26616,0,0
16,114,48.35,13584,81963,4822,32900,3155,12178,0,0
16,115,221.22,15597,49924,7491,23074,2748,8190,0,0
16,116,244.7,14460,47453,9296,33255,1985,5726,520,2161
16,117,139.26,17882,65581,8760,37418,5380,15868,0,0
16,118,73.6,9908,41399,6579,30851,2095,6900,0,0
16,119,41.52,11456,38970,278,712,8951,32556,0,0
16,120,22.2,9128,30585,507,3121,8129,26093,0,0
16,121,27.04,5956,20785,2111,8747,2175,5695,0,0
16,122,104.51,9898,36278,4597,21237,3273,10195,0,0
16,123,89.41,12913,42950,3106,17014,8252,22412,0,0
16,124,60.77,6296,15236,1805,3480,3524,10338,0,0
16,125,13.71,11639,34678,460,868,11039,33646,0,0
16,126,11.63,10389,28391,25,44,10166,27997,0,0
16,127,44.44,5290,13029,2920,7990,1720,3883,0,0
17,69,0.9,312,4161,172,2808,15,150,0,0
17,70,5.12,3384,13899,357,2927,1937,6021,0,0
17,71,24.79,3256,8052,2003,4859,97,244,278,833
17,72,15.02,2259,2868,779,939,971,1018,0,0
17,73,43.46,3382,8331,2142,6256,122,203,0,0
17,74,65.66,9536,38830,4695,15006,4119,22285,0,0
17,75,51.71,9378,27235,2806,9270,6005,16383,0,0
17,76,19.56,18691,95452,1186,7895,11356,46228,2127,25513
17,77,22.76,8838,32869,2432,8954,4052,18558,0,0
17,78,23.04,10421,46128,5680,29312,2592,10890,0,0
17,79,65.02,8601,27287,7064,23877,68,170,0,0
17,80,82.02,8074,24807,5799,20531,192,490,0,0
17,81,29.32,9113,33374,1902,8635,5497,18878,0,0
17,82,11.79,8815,24060,15,29,7866,21266,0,0
17,83,120.09,9764,24219,5070,13477,2120,6117,0,0
17,84,191.36,10563,25359,7439,19470,764,1550,0,0
17,85,68.81,7751,25822,3921,15891,3402,9541,0,0
17,86,65.78,9778,60237,5753,40761,646,3700,0,0
17,87,60.07,11987,50518,6388,34880,4137,11895,0,0
17,88,64.21,18889,80802,4558,32037,10371,34715,328,1310
17,89,95.85,15932,91926,7467,60726,5691,21397,6,23
17,90,76.63,13855,100414,7572,70862,2449,10006,0,0
17,91,60.26,18168,130817,10268,96965,1504,10857,0,0
17,92,70.95,13409,84871,6104,54678,5165,26571,0,0
17,93,95.99,14346,81812,5329,31631,6812,36584,0,0
17,94,70.32,19316,120603,9648,67122,5782,39397,0,0
17,95,80.12,20544,101032,11241,69810,4185,19025,1108,1132
17,96,49.7,13104,97478,8760,84669,1861,8797,0,0
17,97,168.96,19300,99896,10613,64303,6791,32673,0,0
17,98,178.75,18034,107733,11350,74336,5630,34051,0,0
17,99,249.29,22067,116597,14039,80217,5473,26681,0,0
17,100,280.47,21577,94118,13069,67442,5861,21086,0,0
17,101,358.87,21945,107448,17439,92893,2401,10997,0,0
17,102,165.32,12399,69816,9207,58447,2014,10379,0,0
17,103,277.86,20979,124964,15041,101015,2967,15608,273,1548
17,104,300.53,22327,139606,14360,94582,4012,22129,1701,16525
17,105,199.01,18616,121569,14351,101726,5428,36028,0,0
17,106,220.28,24264,155568,17568,125274,3412,19976,0,0
17,107,46.49,14799,57821,4335,25183,5285,17845,0,0
17,108,25.09,9048,29967,2123,9357,2667,9168,0,0
17,109,28.54,11119,34928,413,1304,7463,23538,0,0
17,110,136.19,15293,75017,7292,34447,6207,31202,0,0
17,111,292.76,20311,90169,16914,81364,2291,10620,0,0
17,112,198.68,20326,89381,10458,52363,8152,35345,1247,5282
17,113,78.99,16307,71183,5685,36471,9124,29989,0,0
17,114,198.95,17121,47571,8722,27400,5348,14598,0,0
17,115,215.32,13861,59565,10084,48719,860,3863,0,0
17,116,166.64,11090,40477,8437,31293,297,1485,0,0
17,117,75.07,8062,43971,4489,20609,429,2825,0,0
17,118,67.19,9496,33312,3152,13611,3207,8251,0,0
17,119,115.77,6336,27158,2330,6957,874,3708,0,0
17,120,180.03,11708,33531,6291,19713,4200,11324,0,0
17,121,21.59,7361,51336,1949,24312,5313,26287,0,0
17,122,146.43,7568,25235,5124,19394,398,887,0,0
17,123,127.06,6935,22381,4193,12407,570,1947,189,943
17,124,9.84,9882,36052,113,293,9075,33843,0,0
17,125,14.18,13037,40179,1215,4846,12973,40041,0,0
17,126,17.97,6390,23930,1970,10120,3774,11553,0,0
17,127,42.12,7073,23048,4829,17285,393,784,0,0
18,66,5.08,362,706,151,300,21,42,0,0
18,67,3.59,261,389,141,269,13,13,0,0
18,69,1,593,10672,593,10672,0,0,0,0
18,70,5.97,1722,6171,999,4749,81,158,0,0
18,71,13.89,1465,3430,282,757,123,213,0,0
18,72,46.84,8009,24353,4009,14290,1982,3590,0,0
18,73,67.6,8173,36629,6345,29822,692,2263,0,0
18,74,84.86,9004,31460,5560,14625,2618,14936,0,0
18,75,55.32,7895,38407,4093,24686,2265,10754,0,0
18,76,52.23,9477,35465,5077,21821,2300,8380,0,0
18,77,40.7,6125,36836,4773,27815,129,680,0,0
18,78,87.5,6340,24380,5269,21550,92,278,0,0
18,79,80.92,7384,30503,5968,27004,222,623,0,0
18,80,53.96,9277,29840,4133,16961,2255,5216,0,0
18,81,148.41,12036,33415,8469,24512,903,2347,26,96
18,82,97.96,10194,30584,5229,15606,4178,14130,0,0
18,83,64.4,7173,25084,5697,21955,579,2994,0,0
18,84,115.9,9939,38166,5229,18169,3593,16098,364,2548
18,85,92.52,12808,48399,6667,26003,2379,7600,0,0
18,86,42.02,8836,25850,2462,8848,463,1328,0,0
18,87,24.19,9957,46770,3818,25033,4772,20935,0,0
18,88,19.17,12314,99690,7545,79123,4190,23334,0,0
18,89,66.63,9102,65137,2774,36919,2157,16259,0,0
18,90,41.33,15333,82755,5047,38530,9208,42533,0,0
18,91,48.04,17454,103391,7203,48593,5683,38955,0,0
18,92,119.24,18591,100833,9060,59023,3379,15868,0,0
18,93,123.26,22658,107564,9454,49971,9613,44316,0,0
18,94,135.07,17058,112412,11849,91807,4018,23493,0,0
18,95,26.83,9915,67370,6449,54090,1028,8859,0,0
18,96,45.96,15000,112140,8125,76004,3022,13719,0,0
18,97,168.97,20261,122438,13032,92216,5284,25137,631,3110
18,98,304.02,21344,105336,14784,83753,3404,16464,0,0
18,99,195.67,23419,109120,13430,74406,2868,11622,0,0
18,100,207.76,17807,86218,10894,58677,3857,19196,0,0
18,101,329.12,25082,117294,17895,93993,2985,14069,0,0
18,102,315.61,20681,110985,17465,101839,1490,7534,0,0
18,103,317.07,21449,124107,17172,108788,1207,6019,0,0
18,104,252.28,18389,98149,12909,77936,1608,7539,658,2633
18,105,292.1,21708,126568,14065,94257,5527,32005,0,0
18,106,189.91,19705,117548,13296,88507,5213,29289,0,0
18,107,79.01,15949,102997,9245,66387,2160,8809,248,1241
18,108,34.21,11440,64075,4195,43899,1725,5520,0,0
18,109,9.98,3698,15721,234,1005,1588,6677,0,0
18,110,36.63,18637,145325,2316,12729,9515,88571,204,204
18,111,133.88,15421,64166,8181,40050,6491,23838,4,4
18,112,277.77,18723,73270,12583,55356,3703,11546,0,0
18,113,149.85,12975,43649,6783,24744,4284,14669,0,0
18,114,110.71,15211,55570,5191,27251,3051,7246,0,0
18,115,56.31,7388,32351,2951,17346,1824,6689,0,0
18,116,52.72,9317,38133,3062,14232,4022,16050,0,0
18,117,35.26,6856,39720,1226,10794,3102,10640,0,0
18,118,40.99,9671,32222,976,3541,6053,17565,0,0
18,119,76.57,6932,30902,4520,20723,446,2214,0,0
18,120,110.08,8957,34931,6037,28320,482,2440,0,0
18,121,56,6329,22785,2082,9746,1905,5945,0,0
18,122,24.15,3530,16115,1099,5229,1001,3410,0,0
18,123,12.5,10664,13562,709,963,5294,7926,0,0
18,124,7.02,15520,15520,1004,1004,6486,6486,0,0
18,125,5.31,3546,8559,135,489,3509,8447,0,0
18,126,12.29,7541,21420,2036,12280,4954,5806,0,0
18,127,32.88,5669,34069,3318,24024,429,1446,0,0
19,64,5.42,529,1379,464,1273,28,104,0,0
19,65,23.36,1969,5268,1285,3281,72,214,0,0
19,66,13.78,634,1029,414,718,14,18,0,0
19,67,23.32,2393,5904,2159,5149,72,150,0,0
19,68,6.34,765,1558,595,1192,19,41,0,0
19,70,21.91,2255,14860,725,2490,162,1363,0,0
19,71,24.34,5170,16474,810,1448,3365,13149,0,0
19,72,32.86,6924,21848,2116,6558,4462,13967,0,0
19,73,74.97,8699,36218,5766,25774,1052,2799,0,0
19,74,101.77,8119,28511,6790,25862,278,1227,0,0
19,75,39.65,6172,31480,4754,25444,99,552,0,0
19,76,23.43,5555,28416,3962,24040,119,371,0,0
19,77,110.35,10039,35776,5230,22894,3383,8738,483,1882
19,78,162.58,10877,34722,8507,29936,759,3621,0,0
19,79,155.09,11724,34269,8758,27337,1359,3594,0,0
19,80,139.85,12350,44084,7382,26610,949,2741,0,0
19,81,213.83,13547,36433,8556,24938,3253,8225,502,1595
19,82,46.09,14641,76538,5620,41544,8641,35308,0,0
19,83,42.22,9849,36549,4537,22270,3374,11774,0,0
19,84,22.07,16272,44658,452,1013,11607,30995,0,0
19,85,36.84,7088,33600,1695,7271,3067,9806,0,0
19,86,13.21,5171,48931,929,9022,592,5639,0,0
19,87,29.7,5967,37048,2036,19650,1310,5293,0,0
19,88,1.22,16638,275837,10,178,7626,68630,0,0
19,89,17.54,10589,49268,1059,4918,1059,4918,0,0
19,90,49.96,12807,66723,3997,29887,2570,14058,0,0
19,91,36.7,19395,117421,873,6640,16660,107534,550,1651
19,92,129.18,20339,88679,9789,49650,7694,30590,12,35
19,93,240.48,21074,78193,14417,55513,4059,14864,0,0
19,94,26.17,13877,112150,11626,103786,525,2497,0,0
19,95,17.75,4076,21367,673,4555,1900,7954,0,0
19,96,101.01,19040,96521,9892,62082,2815,12689,0,0
19,97,221.73,22612,103793,16062,81650,3748,16112,0,0
19,98,240.94,20362,100427,14107,81702,2710,12264,0,0
19,99,137.23,20212,94508,11934,69219,5192,18307,0,0
19,100,155.22,21781,107023,13923,79440,3801,15714,0,0
19,101,297.63,23480,101361,16447,80532,3819,14517,0,0
19,102,309.96,19368,93531,14827,79573,2184,9861,0,0
19,103,316.93,18335,93248,14937,84275,838,3899,0,0
19,104,188,17547,112978,14639,103129,1229,5759,0,0
19,105,206.49,21482,107566,11967,71466,5540,26011,0,0
19,106,298.08,22439,125680,17413,108164,3041,16895,584,2335
19,107,188.53,20871,117335,15347,95900,1395,7378,0,0
19,108,63.19,12033,63505,4495,27104,5655,30173,533,1599
19,109,10.43,3580,7910,357,789,357,789,0,0
19,110,10.5,9583,70987,65,240,9021,68892,0,0
19,111,86.07,19699,99229,3684,18446,14710,77552,0,0
19,112,214.11,13539,54839,8819,43105,1709,6209,0,0
19,113,190.55,9711,30521,6209,23569,863,3067,0,0
19,114,39.4,9241,38766,4818,25170,2650,6247,0,0
19,115,58.45,10229,32688,1618,6307,6170,17591,0,0
19,116,136.73,11016,30371,2931,8824,6570,18507,0,0
19,117,43.61,13490,43836,1980,9102,10084,31059,0,0
19,118,22.88,5343,28644,3100,21308,1741,6028,0,0
19,119,28.98,4805,23014,3345,16605,588,2843,0,0
19,120,14.61,4999,27677,2259,11935,683,2590,0,0
19,121,10.71,3641,21745,1470,15505,1607,3599,0,0
19,122,14.73,6261,17140,137,740,5326,13188,0,0
19,123,14.4,17079,19082,1336,2086,8613,9853,0,0
19,124,24.88,16546,24106,3772,9833,2739,3479,0,0
19,125,8.07,6871,11739,364,369,3592,8421,0,0
19,126,53.85,10361,22752,1514,2907,5771,15505,0,0
19,127,58.4,4879,13066,2375,5892,882,3252,0,0
20,63,4.31,1608,5893,509,2011,1043,3825,0,0
20,64,78.68,5008,12146,4065,10511,91,182,0,0
20,65,99.63,6588,13176,4447,9402,369,707,0,0
20,66,68.85,4533,9457,3004,6313,265,629,0,0
20,67,39.28,6931,24246,2033,7343,1757,5341,0,0
20,68,21,7201,30535,3558,16149,2060,6569,0,0
20,69,15.9,3181,10526,1489,5606,794,2366,0,0
20,70,34.2,4287,9314,2493,6566,185,277,0,0
20,71,17.1,8272,26053,32,83,7983,25321,0,0
20,72,39.71,9247,23916,3165,9509,4970,12189,0,0
20,73,28.47,12086,45798,2585,8006,8731,34902,0,0
20,74,38.02,5382,24147,4120,19372,202,721,0,0
20,75,29.37,5284,29526,2278,12061,720,2725,0,0
20,76,62.06,8699,27942,3721,16043,1227,3005,0,0
20,77,70.24,6069,27782,3571,18524,984,2510,0,0
20,78,55.6,15106,63039,5244,17891,8611,41943,0,0
20,79,91.12,9290,33933,7601,29203,98,310,0,0
20,80,131.02,9055,30591,6621,25025,267,651,0,0
20,81,137.9,11383,33090,6687,18453,2365,8530,0,0
20,82,77.07,7492,41633,2709,18340,1393,6039,843,3374
20,83,8.01,4312,61757,3883,59783,12,97,0,0
20,84,15.23,7924,35428,3314,25118,3594,8203,0,0
20,85,73.38,10298,55593,8038,49806,563,1640,0,0
20,86,36.84,5742,51260,5480,50557,182,1611,0,0
20,87,14.77,11831,163199,2853,34048,1603,7273,0,0
20,88,0.63,25840,594322,0,0,0,0,0,0
20,89,10.18,13439,96588,1169,5650,1169,5650,0,0
20,90,6.82,17838,72252,1041,5197,10224,41196,0,0
20,91,47.77,14467,94912,9134,66959,4435,20291,0,0
20,92,98.63,15044,70399,9025,49252,3225,14296,0,0
20,93,120.04,14545,79869,9349,57448,1143,5104,0,0
20,94,86.02,4566,14428,2627,9301,1046,3030,0,0
20,95,193.72,12831,46254,7805,30882,1766,6125,345,1724
20,96,192.21,20224,86163,11218,57679,5517,19834,0,0
20,97,269.14,21981,91994,15832,73216,2147,11285,0,0
20,98,224.57,20422,99785,14328,77646,2267,10250,0,0
20,99,43.86,15233,90245,3775,28716,11312,61250,0,0
20,100,57.43,20010,94715,3017,14864,16213,77433,0,0
20,101,245.51,23904,97916,15192,72059,3971,12901,0,0
20,102,249.62,20244,109203,16969,100001,1930,10325,0,0
20,103,200.17,21432,109900,15467,85285,1244,5582,1880,13784
20,104,77.11,12034,59601,4793,31141,4225,14783,0,0
20,105,124.65,15344,63711,6159,32353,6426,22980,0,0
20,106,236.67,19208,108461,14888,92543,3213,18124,219,875
20,107,82.44,10712,72499,5959,39452,1405,8260,0,0
20,108,114.29,15205,78409,9934,60823,3104,14444,0,0
20,109,48.09,20956,80235,6665,43370,5524,11844,0,0
20,110,131.46,11005,38784,4070,14124,4112,15037,0,0
20,111,187.64,12632,47155,9170,37612,1845,5122,0,0
20,112,143.01,9583,39326,5456,25491,2257,8706,0,0
20,113,51.88,7099,27543,1762,10393,3497,13794,0,0
20,114,33.5,7583,20599,1854,6924,3883,7893,0,0
20,115,24.68,5803,23562,1553,9654,3200,11489,0,0
20,116,101.13,7003,17161,3067,8551,2153,5507,0,0
20,117,75.64,12236,37194,2293,6077,8026,27115,0,0
20,118,21.16,5599,13068,791,1786,5357,12430,0,0
20,119,1.88,1250,3765,629,2438,785,1591,0,0
20,120,6.66,4458,22855,2645,16314,2264,9219,0,0
20,121,2.43,3136,21596,2768,20691,365,892,0,0
20,122,36.05,7131,36398,5198,29850,503,1183,0,0
20,123,182.7,11619,28804,7298,17960,1584,4098,0,0
20,124,69.24,6974,21956,3207,9394,1727,7598,499,2859
20,125,39.59,8871,21340,1259,3260,2586,9626,118,480
20,126,188,12005,36263,6281,20802,3606,10468,0,0
20,127,83.17,8033,30604,6531,26215,186,490,0,0
21,60,4.05,2719,11249,0,0,2719,11249,0,0
21,61,15.96,9423,28904,87,347,8641,25780,0,0
21,62,2.19,538,1169,134,278,45,99,0,0
21,63,79.84,5415,12883,3728,9067,451,1090,0,0
21,64,65.27,5739,13335,4922,11515,195,482,0,0
21,65,104.18,7967,20939,5649,16017,647,1269,0,0
21,66,45.63,8372,28428,5268,19573,1877,4277,0,0
21,67,14.08,12858,43225,1657,7522,10320,30966,0,0
21,68,13.8,13022,45863,953,4494,10096,33229,0,0
21,69,26.63,9811,33923,4528,19611,4944,13108,0,0
21,70,8.98,2294,7892,1380,5267,100,288,0,0
21,71,30.19,10630,42445,581,2476,5409,20154,0,0
21,72,70.21,8912,30234,2958,7429,3376,11830,0,0
21,73,82.66,6219,17602,4603,11190,123,603,0,0
21,74,27.97,6703,31068,4727,25373,1434,3627,0,0
21,75,161.79,11134,45216,6587,27046,2805,9920,0,0
21,76,264.89,15412,48991,8311,28293,3671,11712,0,0
21,77,116.87,5806,17214,2973,10384,1424,3541,0,0
21,78,58.61,6184,19019,3987,14996,523,1005,0,0
21,79,116.15,8952,26995,6695,22280,572,1179,0,0
21,80,90.8,6681,21672,5455,18553,140,377,0,0
21,81,59.75,6884,24948,3698,13312,2652,10019,0,0
21,82,47.95,4997,16054,3711,12620,457,1731,0,0
21,83,36.78,6933,34584,5476,28847,448,2091,0,0
21,84,32.82,7631,42383,6499,38448,180,770,0,0
21,85,190.22,14513,41109,9290,29565,3165,8197,0,0
21,86,74.21,6542,20625,3079,12838,1761,5719,0,0
21,87,73.51,5722,24486,2849,13716,1006,4415,0,0
21,88,6.15,4324,25620,1379,10800,38,76,0,0
21,89,33.27,14037,77386,1711,10120,1369,7475,0,0
21,90,31.19,11439,55261,2752,22212,7141,28478,0,0
21,91,29.3,11506,51350,3266,18031,6897,25053,0,0
21,92,16.85,4288,12507,580,1473,1374,4755,0,0
21,93,17.41,1763,7973,923,5406,379,1559,0,0
21,94,67.65,16416,89945,11246,57959,2039,16900,0,0
21,95,173.43,13672,55095,7990,35989,1946,6979,19,94
21,96,35.04,11853,43356,1207,4271,10444,38145,0,0
21,97,53.73,8426,44179,7161,38984,727,3642,0,0
21,98,291.58,21061,77388,14354,58154,2033,6565,0,0
21,99,220.07,18317,68445,7619,34360,7210,26588,0,0
21,100,105.86,19125,106301,4997,27470,10612,59832,0,0
21,101,183.41,22132,100000,11355,56418,4656,18844,0,0
21,102,189.59,18174,102039,13284,88116,2497,11937,0,0
21,103,198.61,21072,107372,15822,92751,1211,3999,0,0
21,104,100.21,21042,100679,12000,71797,4817,18434,0,0
21,105,167.73,18864,99688,10305,67721,5809,25484,0,0
21,106,175.4,20420,123701,13129,95229,5477,28721,0,0
21,107,68.92,5790,27936,3096,18112,1256,4189,0,0
21,108,52.24,6950,31362,3347,21146,1114,3946,0,0
21,109,59.54,13949,89000,6193,50774,3610,19305,0,0
21,110,131.2,14630,74138,9777,56056,2653,9920,36,145
21,111,218.13,17361,66425,10689,47589,3301,8921,738,2951
21,112,144.97,10991,48795,6619,35264,678,3166,0,0
21,113,133.57,9354,32257,3690,15230,1526,7476,0,0
21,114,41.26,7917,37501,6327,33429,161,415,0,0
21,115,10.72,4913,30401,3671,28353,127,837,0,0
21,116,47.59,8036,35583,3837,21054,2478,9744,0,0
21,117,146.19,11939,40596,6287,20952,1855,6483,0,0
21,118,80.82,9459,38215,2632,8941,1674,5182,532,2576
21,119,21.57,10380,38577,3544,20785,5878,15493,0,0
21,120,25.71,5758,19687,1388,8865,4094,10545,0,0
21,121,11.35,1479,3477,407,1198,391,892,0,0
21,122,29.54,6687,22169,1622,8407,1755,6668,344,687
21,123,105.05,6097,13559,3365,7523,758,1717,0,0
21,124,51.33,9545,17138,1946,3826,1882,4471,0,0
21,125,76.62,11774,27362,2609,6239,2108,6797,0,0
21,126,166.64,9517,22635,5070,12920,2429,5828,0,0
21,127,138.77,6075,13194,3982,9112,171,321,0,0
22,61,2,252,474,70,136,3,3,0,0
22,63,1.87,102,177,27,68,8,12,0,0
22,64,0.24,94,189,94,189,0,0,0,0
22,65,24.25,4494,12614,3445,9985,70,227,242,485
22,66,53.75,6810,30116,5033,24214,194,646,0,0
22,67,66.11,6972,26531,5501,20112,129,477,0,0
22,68,59.6,7777,29210,5470,22713,1019,3416,0,0
22,69,71.71,5687,14720,4007,10861,376,1041,0,0
22,70,51.93,4913,10417,3433,6728,940,2689,0,0
22,71,79.4,7418,26948,3007,9637,1640,8025,0,0
22,72,82.98,5660,21912,3028,7952,534,2151,0,0
22,73,108.12,5975,19830,2909,7338,378,1672,0,0
22,74,53.97,7869,37709,4780,26100,940,2898,274,1098
22,75,320.07,16388,48192,12633,38381,3057,8964,64,255
22,76,307.78,15302,43648,10405,32163,1660,4679,0,0
22,77,228.35,11653,36438,7144,25127,1881,5520,0,0
22,78,80.99,6798,27026,4427,17036,833,2753,0,0
22,79,95.76,6291,17370,4463,13177,413,1356,0,0
22,80,107.79,7737,24118,6479,21701,255,630,0,0
22,81,100.24,7143,29606,5064,16183,259,1547,0,0
22,82,92.7,5940,15678,4605,13084,332,688,0,0
22,83,13.79,5170,48150,3716,45321,674,825,0,0
22,84,37.02,9852,43409,3059,25868,3770,7565,0,0
22,85,124.44,10062,25346,6973,19939,1127,2674,0,0
22,86,126.74,8442,25821,6620,22759,316,870,0,0
22,87,125.38,8515,26821,5668,20064,1352,3583,0,0
22,88,14.69,7573,52550,525,2166,670,2996,0,0
22,89,21.2,7258,42151,1836,14342,735,2131,0,0
22,90,9.64,7075,50503,5927,45892,768,3086,0,0
22,91,29.82,9626,28710,1608,8632,6961,17811,0,0
22,92,12.26,11895,38055,528,4356,10328,30674,0,0
22,93,13.2,2964,10109,565,3200,1740,5441,0,0
22,94,28.75,10857,57450,4922,29939,3882,21470,0,0
22,95,42.74,2621,11946,1649,6198,379,2214,0,0
22,96,113.29,27408,88371,4746,25667,19477,55173,0,0
22,97,75.16,15496,87765,8413,59946,4141,12346,0,0
22,98,98.48,14481,82482,7072,44937,2875,19257,0,0
22,99,117.24,17219,86085,7969,51581,4271,25903,0,0
22,100,34,10385,61682,3228,30402,3925,13818,0,0
22,101,97.33,16515,89995,9809,66278,3200,12058,0,0
22,102,88.7,14468,77817,9210,56251,1499,5406,0,0
22,103,109.52,14265,74318,3972,22143,5722,19899,0,0
22,104,253.31,22312,105802,15785,87997,3202,13318,0,0
22,105,150.2,19303,141411,13899,117275,2876,16989,0,0
22,106,227.72,17778,112766,12803,95030,2672,15617,0,0
22,107,189.69,18164,101467,12715,82193,3960,19341,0,0
22,108,145.27,10752,57896,7195,46299,1181,6812,0,0
22,109,140.55,9267,32633,5391,21351,1287,5319,0,0
22,110,153.28,15933,84507,12540,77192,420,961,0,0
22,111,159.78,12503,48222,7124,27322,3368,14560,408,2600
22,112,234.26,14232,50393,9131,35854,2502,9296,0,0
22,113,121.35,10622,42325,5755,26106,2043,8712,37,150
22,114,100.16,7031,25051,4154,20105,333,747,0,0
22,115,37.73,6236,25151,2826,13674,2167,6346,0,0
22,116,43.9,5096,13915,1817,4620,2822,8571,0,0
22,117,61.63,5314,16813,3811,13924,162,317,0,0
22,118,7.8,2829,15211,1485,8786,295,1150,0,0
22,119,58.56,9294,31525,1379,6102,6306,20155,633,2978
22,120,77.95,5533,17620,3232,9826,228,803,0,0
22,121,13.23,2333,15667,1722,14469,61,120,0,0
22,122,10.09,6458,36662,2638,16303,1442,6334,0,0
22,123,18.33,6371,40355,4859,36381,377,1450,0,0
22,124,19.94,6862,36315,1934,20696,4950,17734,0,0
22,125,99.07,10925,33710,3713,10108,1017,3038,0,0
22,126,122.14,6285,15921,4061,10921,379,994,568,1740
22,127,41.24,2455,5696,1300,3135,229,477,0,0
23,61,6,342,596,282,480,6,13,0,0
23,66,35.03,2913,6080,2746,5739,18,38,0,0
23,67,97.85,7986,20916,5873,13162,226,496,0,0
23,68,83.41,8187,25214,6044,22057,211,300,0,0
23,69,72.58,6465,20260,4961,16915,120,291,0,0
23,70,96.39,7318,15012,6005,12411,164,342,0,0
23,71,48.87,4476,14815,2406,9957,198,464,0,0
23,72,147.53,7811,19603,4668,11598,432,1169,0,0
23,73,125.44,6394,14092,4970,11749,140,259,0,0
23,74,195.44,9971,25326,6259,16453,315,729,723,2890
23,75,167.97,8497,22816,5689,16625,1156,3098,7,28
23,76,28.01,2566,7213,651,1789,395,1158,0,0
23,77,59.32,6310,37891,3127,12488,1380,3673,0,0
23,78,97.06,6858,19744,5851,17500,195,525,0,0
23,79,71.95,9418,26188,2589,7447,3770,10486,0,0
23,80,39.11,6703,26058,3111,15547,1743,6526,0,0
23,81,82.17,9218,32063,5565,20116,2001,5027,0,0
23,82,91.21,6341,18032,4347,13221,203,488,0,0
23,83,82.57,7014,20001,4451,14209,274,682,0,0
23,84,62.64,8684,24901,2118,6909,4552,12502,0,0
23,85,216.11,12134,35283,7842,23469,2592,8560,0,0
23,86,275.52,12409,35185,9282,28499,942,3215,0,0
23,87,76.87,11374,58470,7824,49814,1035,3039,0,0
23,88,44.06,6576,38486,3488,28139,351,1169,0,0
23,89,4.65,1333,3267,1,3,1321,3242,0,0
23,90,14.3,5766,19035,195,534,4007,14225,0,0
23,91,13,8029,26033,415,1202,4294,15220,0,0
23,92,15.55,13124,36430,862,2274,5365,15973,0,0
23,93,10.88,6144,18288,260,572,3809,13139,0,0
23,94,13.99,10350,69120,2053,15959,2138,15631,0,0
23,95,94.05,16069,95794,3501,15938,6421,31648,0,0
23,96,49.74,15015,70010,7094,43902,4537,19361,0,0
23,97,159.05,14876,70262,6250,31158,5785,24159,0,0
23,98,27.88,14311,103795,223,886,12887,99622,0,0
23,99,7.32,22810,210783,0,0,22810,210783,0,0
23,100,39.25,17612,132858,2548,9674,13354,112122,0,0
23,101,97.6,15616,97206,8715,73984,2875,9989,0,0
23,102,129.18,16740,95542,11547,78473,2232,9881,0,0
23,103,59.9,11499,65582,7263,53290,1843,7761,0,0
23,104,61.42,9615,64034,5305,46545,1160,9237,0,0
23,105,77.76,12532,75844,7227,54888,1250,8344,0,0
23,106,140.95,16339,82487,7642,50172,6482,29342,672,2338
23,107,198.8,17199,81300,11220,58185,1815,6638,0,0
23,108,197.48,13637,60911,10118,51014,2281,9945,0,0
23,109,146.67,16600,88048,12406,74934,2461,12130,0,0
23,110,175.74,17027,73876,11299,57159,3646,12585,474,3691
23,111,62.35,8982,46950,4279,29381,3628,16669,0,0
23,112,161.18,11228,45368,7725,35857,1451,4072,0,0
23,113,115.37,9635,36223,7010,29299,311,737,456,1824
23,114,92.46,11058,42580,5283,23620,3107,9633,0,0
23,115,124.18,12222,47744,6486,26293,3505,15332,0,0
23,116,55.9,6414,27679,2913,14260,579,1914,0,0
23,117,98.56,4600,9643,3076,7095,130,210,0,0
23,118,58.01,4308,12139,1799,4970,1590,4576,226,903
23,119,45.13,7390,31553,2873,17338,3484,8434,0,0
23,120,16.95,4449,19744,937,5831,2179,8750,0,0
23,121,12.93,20191,108109,47,172,19876,106773,0,0
23,122,7.19,8630,64673,796,11234,7028,48434,0,0
23,123,17.91,9148,49552,2687,29712,4948,17520,0,0
23,124,22.65,5491,28238,1867,14629,2854,9545,0,0
23,125,25.79,2726,8939,2087,7551,150,303,0,0
23,126,7.25,1040,2914,104,292,104,292,0,0
23,127,102.59,5812,13490,3967,9626,332,698,0,0
24,67,13.55,1493,3808,682,1750,49,98,0,0
24,68,171.5,7996,17250,4489,10441,884,2025,0,0
24,69,160.43,7377,13756,4727,9285,208,379,0,0
24,70,90.46,7854,27086,5248,18578,715,1891,0,0
24,71,35.18,5052,15484,4011,12743,226,525,0,0
24,72,48.47,7116,26196,4044,14241,2702,11169,0,0
24,73,76.65,6746,20319,5455,17879,106,205,0,0
24,74,141.71,8070,24816,6572,21824,107,202,0,0
24,75,78.63,9310,29127,3771,14571,4139,11151,0,0
24,76,42.69,7430,24471,1461,5444,3793,8613,210,1259
24,77,89.83,7216,25783,6313,22794,55,153,0,0
24,78,22.58,3450,18762,2947,17219,49,140,0,0
24,79,84.38,7150,27586,3905,17806,2686,10753,0,0
24,80,31.55,8312,29640,1225,11889,6324,16199,0,0
24,81,66.43,9556,27397,1927,4966,7392,21942,0,0
24,82,37.43,11330,32112,1731,4558,7104,19110,0,0
24,83,65.34,10590,40120,3778,14327,3415,12333,0,0
24,84,144.83,8387,23564,6848,20167,141,313,0,0
24,85,242.99,11278,29072,8933,24421,282,700,0,0
24,86,177.91,10092,37724,7121,29372,836,2626,0,0
24,87,238.78,19389,56294,8849,33831,3513,11216,0,0
24,88,81.96,8821,38703,3606,22662,4356,13748,0,0
24,89,124.37,6378,17911,2954,10277,1811,4410,0,0
24,90,37.03,10308,24631,882,2219,5001,12567,0,0
24,91,42.96,17488,51062,1268,3562,9830,28631,0,0
24,92,23.68,9118,52673,3617,34399,2916,6706,0,0
24,93,24.2,8981,72118,8565,69919,460,3215,0,0
24,94,185.51,17315,88098,11221,71084,3840,16834,730,2281
24,95,195.49,13665,47586,6262,23980,3120,9733,0,0
24,96,127.25,9388,35984,5164,23429,1610,5420,0,0
24,97,262.04,16778,68995,9076,42456,4160,17416,0,0
24,98,19.83,16684,60932,10,11,16266,59848,0,0
24,99,50.54,10724,104207,2047,12434,8247,90291,0,0
24,100,128.06,15763,77269,8341,43925,2036,7044,0,0
24,101,186.88,14032,65494,10555,56176,1168,4747,0,0
24,102,173.35,16195,73457,9776,56202,2050,6518,0,0
24,103,153.87,14165,66825,8812,46764,3046,14911,0,0
24,104,145.11,14442,79835,7770,50824,1967,11760,765,3855
24,105,154.13,16261,68899,8996,48649,2208,7062,0,0
24,106,240.88,17946,72772,12024,55415,3320,11724,0,0
24,107,184.41,11916,52973,8785,45134,608,1795,0,0
24,108,201.22,15669,64784,11225,53368,2123,6787,0,0
24,109,217.07,19217,79698,14270,60812,4248,17901,0,0
24,110,154.7,16326,84365,9628,49389,3697,15861,1240,9416
24,111,82.88,15740,85408,8218,45421,6237,36156,0,0
24,112,141.95,16153,61926,9322,43185,5596,16804,0,0
24,113,14.45,5204,31355,4291,28256,272,831,0,0
24,114,13.48,8947,48794,2161,11034,3485,18881,0,0
24,115,83.65,11805,41702,4804,17535,5189,18805,0,0
24,116,77.13,5765,18018,3924,14147,1227,2796,0,0
24,117,206.58,10546,24595,7957,17662,521,1038,0,0
24,118,244.11,10961,34582,6529,18085,1351,5122,0,0
24,119,19.62,3559,10534,631,2538,2021,5733,0,0
24,120,1.12,80,455,11,61,8,44,0,0
24,121,30.23,2513,4650,745,1426,190,349,0,0
24,122,98.01,5245,13276,3541,9489,160,381,0,0
24,123,33.22,4599,31048,2707,21120,647,4840,0,0
24,124,43.82,7531,39265,3029,16815,3141,16734,0,0
24,125,27.29,2831,10804,2373,9892,68,137,0,0
24,126,5.82,612,2067,329,947,31,124,0,0
24,127,43.34,3914,16059,3425,15225,49,86,0,0
25,63,1,8,16,1,2,1,2,0,0
25,64,21.49,849,1912,504,1188,33,63,0,0
25,65,15.73,776,1673,228,620,56,113,0,0
25,66,62.73,2230,5428,1272,3272,93,211,0,0
25,67,76.36,4790,14018,3076,9126,159,466,0,0
25,68,66.47,6374,29570,2322,10495,2636,14890,0,0
25,69,41.62,3605,12347,2698,8612,169,1175,0,0
25,70,31.83,3480,12118,1864,5895,171,677,0,0
25,71,44.32,2991,7234,2485,6492,41,63,0,0
25,72,50.13,6357,24200,3085,8572,1711,5709,0,0
25,73,30.16,5242,32102,2343,12912,322,2133,0,0
25,74,32.55,2209,10309,1801,9100,39,118,0,0
25,75,18.64,6097,22304,2996,15509,1704,3488,0,0
25,76,43.57,9288,40062,4129,24884,613,1740,0,0
25,77,53.19,4210,20237,3359,16936,365,2606,0,0
25,78,88.93,5269,23139,3571,19573,156,281,0,0
25,79,26.46,4063,21518,2722,17801,765,2290,0,0
25,80,13.98,6989,28108,4601,14787,1622,6302,0,0
25,81,19.6,11096,92391,314,1150,9317,84714,0,0
25,82,15.3,12120,55618,0,0,12120,55618,0,0
25,83,14.18,13355,61728,625,5420,11275,48352,0,0
25,84,136.7,10624,42661,5759,14834,3311,24378,0,0
25,85,176.74,14256,42090,7706,22934,3245,8509,1347,6380
25,86,48.65,7303,26388,3111,15346,3740,10268,0,0
25,87,114.67,12067,49422,6849,33207,3918,13096,0,0
25,88,85.02,7942,36506,4954,30201,1218,3659,0,0
25,89,127,9906,29083,2796,9046,4441,9657,0,0
25,90,94.77,6186,24130,3254,13030,331,1283,0,0
25,91,47.33,11290,35341,1572,5357,5277,17818,0,0
25,92,38.99,18195,61560,1192,5910,11258,37224,0,0
25,93,89.32,19249,99579,12742,79219,1527,4516,0,0
25,94,296.85,21214,74244,9150,39666,6843,21733,0,0
25,95,75.58,11384,66477,7599,49876,745,3891,0,0
25,96,56.19,4958,15478,1953,6794,1331,5412,0,0
25,97,205.45,11922,37104,7154,22920,1837,7625,0,0
25,98,127.38,8661,32737,3792,10860,2914,15424,0,0
25,99,54.7,4034,14804,1477,8020,1100,2971,0,0
25,100,182.46,16364,74107,9121,49572,3891,12275,0,0
25,101,150.4,11745,53107,6106,32096,1865,7618,0,0
25,102,51.62,7364,44840,3566,24145,3415,21135,0,0
25,103,141.62,11138,51924,8906,46163,632,2048,0,0
25,104,111.61,10902,41627,7695,32014,2251,7558,0,0
25,105,65.95,6533,29943,4729,24907,513,1471,0,0
25,106,196.07,16751,78996,9941,52562,2384,9185,0,0
25,107,162.5,10792,38340,6501,25419,2283,7221,0,0
25,108,148.34,12360,56194,9242,45197,902,3237,0,0
25,109,204.55,14678,60878,10301,42015,1430,5336,0,0
25,110,261.78,15834,58099,10611,39139,966,3650,0,0
25,111,135.09,13299,79665,10078,67387,1224,5740,0,0
25,112,11.86,10898,106482,7267,72558,2975,28462,0,0
25,113,21.4,16369,102706,650,2456,15565,100023,0,0
25,114,104.27,11049,43624,5881,27361,2921,11492,0,0
25,115,186.64,11225,35817,6799,21753,2021,6177,0,0
25,116,75.29,8438,22386,1589,4846,5930,14904,619,2005
25,117,53.94,2863,7452,1645,5245,84,136,0,0
25,118,40.07,6047,24628,1796,8353,1996,7291,0,0
25,119,23.53,5779,30011,1942,9691,427,2258,0,0
25,120,24.43,6434,32715,784,3700,3344,11587,0,0
25,121,18.88,3467,11950,788,2310,2077,5573,0,0
25,122,42.92,6953,33763,1916,10660,3209,8526,0,0
25,123,18.84,5525,26633,1846,9574,1475,5098,0,0
25,124,39.25,4596,23317,2658,14911,599,1781,0,0
25,125,4.43,1283,5032,36,141,957,3765,0,0
25,126,10.29,344,979,225,859,13,13,0,0
25,127,30.36,3335,10956,2360,8331,97,266,0,0
26,62,0.5,208,415,21,42,21,42,0,0
26,63,4.07,2486,6809,21,41,2300,6438,0,0
26,64,149.63,6574,15336,4489,11575,181,313,0,0
26,65,92.2,5229,10986,3230,7460,593,1298,0,0
26,66,64.42,10854,15370,3172,6738,842,936,0,0
26,67,33.72,12313,12911,1450,1890,1180,1194,216,216
26,68,33.2,7095,7320,784,901,675,684,193,193
26,69,47.59,4681,18014,1344,7351,806,2489,0,0
26,70,108.56,7783,22564,3255,8902,1427,4883,0,0
26,71,92.74,5009,12517,3722,9769,242,655,0,0
26,72,144.36,6910,15839,4733,11858,125,235,0,0
26,73,61.59,3745,11631,2281,8407,97,238,0,0
26,74,60.89,5856,13464,2563,6685,2135,4575,0,0
26,75,14.96,10092,56962,1746,16806,3361,9833,0,0
26,76,21.37,4375,35817,2035,16009,261,2201,0,0
26,77,85.42,7979,29350,4183,10221,2170,9901,106,212
26,78,65.01,6172,24293,3389,14842,264,879,0,0
26,79,41.5,6221,28823,4401,21291,166,623,0,0
26,80,23.86,6072,32105,2581,7530,244,2219,0,0
26,81,10.94,6376,29833,257,668,5923,28826,0,0
26,82,36.44,16969,70099,5,14,16926,69969,0,0
26,83,44.8,8535,23171,247,624,6224,17465,0,0
26,84,17.52,5689,37963,37,149,5651,37814,0,0
26,85,105.19,6773,15854,4309,10895,1112,2399,102,610
26,86,78.32,9486,25083,3525,11289,4286,9410,0,0
26,87,44.35,6230,35804,4473,31949,415,961,0,0
26,88,64.23,7105,31112,3536,21007,1974,6656,0,0
26,89,156.9,10545,39500,4762,20256,2692,8609,935,3026
26,90,27.04,7801,44060,6798,40535,152,682,133,399
26,91,66.4,9189,32720,2572,10273,5769,20468,0,0
26,92,102.97,11492,34527,3199,13855,4356,11727,0,0
26,93,113.59,12021,43448,4910,24042,5509,16596,0,0
26,94,112.73,11060,38988,6317,27462,3002,8750,0,0
26,95,38.06,7239,35997,5567,28585,259,1278,0,0
26,96,5.48,4010,31893,3448,24534,507,7292,0,0
26,97,74.8,5192,23438,3962,20522,104,232,0,0
26,98,64.87,4459,11880,2610,6329,912,3562,0,0
26,99,9.61,1342,4775,435,2385,101,266,0,0
26,100,192.32,19783,93042,11239,62944,2864,12127,865,5190
26,101,193.27,13383,55049,8418,37567,757,2525,0,0
26,102,34.67,4699,29261,3207,26109,351,697,0,0
26,103,109.42,11179,53694,7654,41094,629,2510,0,0
26,104,110.17,7575,20179,3983,11566,394,964,0,0
26,105,56.78,4037,11483,2024,6563,130,273,810,2247
26,106,78.98,5912,22805,2854,9646,401,1772,0,0
26,107,68.69,8632,37278,4976,22425,1914,9249,0,0
26,108,57.88,10207,45295,5618,30891,2191,7491,0,0
26,109,73.76,7479,27959,4554,18711,1453,3840,0,0
26,110,197.77,11661,36359,8922,29057,1105,3149,0,0
26,111,148.03,11379,46978,8295,35014,391,1407,0,0
26,112,66.42,9835,44281,5438,32466,2706,7513,0,0
26,113,44.09,5844,40022,1204,3889,3954,34284,0,0
26,114,103.77,12161,37823,3950,14642,2964,9873,0,0
26,115,196.95,13308,40928,5844,19304,5029,15663,0,0
26,116,176.04,11650,43840,9627,39442,802,3596,0,0
26,117,109.04,7209,30612,4847,23746,497,2031,0,0
26,118,21.71,4500,26638,428,3122,2055,6992,0,0
26,119,20.08,4339,39944,1622,12427,239,2064,0,0
26,120,15.1,5724,46640,1609,13165,1941,8571,0,0
26,121,45.5,4401,18686,1764,4900,1158,3426,0,0
26,122,45.54,6276,33806,4902,30947,607,1276,0,0
26,123,109.07,7224,20612,5012,15098,426,1429,0,0
26,124,174.83,8510,18322,5744,13661,481,1130,0,0
26,125,33.51,7611,25968,4662,17478,1804,5646,101,356
26,126,47.86,8731,35837,2251,13896,2278,7485,0,0
26,127,50.36,7629,32728,5762,26338,817,2578,0,0
27,54,11.62,307,489,282,465,3,3,0,0
27,55,29.62,938,1667,868,1538,8,14,0,0
27,56,0.38,58,116,58,116,0,0,0,0
27,62,15.35,3108,5927,731,1383,1552,3081,0,0
27,63,104.51,5213,10478,2710,5626,376,743,0,0
27,64,63.06,4353,10013,2864,7396,448,849,0,0
27,65,27.44,2582,5982,2551,5900,4,10,0,0
27,66,2.37,3059,3059,306,306,306,306,0,0
27,67,2.58,4409,4409,441,441,441,441,0,0
27,68,20.41,4264,8292,525,1139,408,786,0,0
27,69,71.42,3339,7789,1800,4496,126,272,0,0
27,70,75.54,4681,16346,3161,12528,134,347,0,0
27,71,39.67,2331,6983,1741,5783,41,88,0,0
27,72,56.48,2618,7116,1539,4368,113,345,0,0
27,73,104.17,6410,22384,4871,18454,115,306,0,0
27,74,35.96,4324,17215,1643,7617,762,2184,0,0
27,75,18.21,6416,43931,2057,19588,1145,4273,0,0
27,76,14.66,5704,27221,4714,23893,88,304,0,0
27,77,16.75,4080,17930,1827,9470,2030,7980,0,0
27,78,31.62,7812,28509,3600,16921,2515,6682,0,0
27,79,35.8,5422,32615,2341,12972,415,2326,0,0
27,80,18.96,3006,12337,1137,2929,308,1145,0,0
27,81,26.73,4585,27385,971,6263,690,2924,0,0
27,82,18.07,3651,18668,2431,14675,140,454,0,0
27,83,32.75,5806,16635,1176,5212,4263,10920,0,0
27,84,22.13,6683,22942,420,839,5972,21519,291,582
27,85,126.7,7088,22644,4424,14985,654,2221,0,0
27,86,167.4,8810,20855,3745,9824,911,2187,0,0
27,87,50.91,5503,26492,1860,9206,612,2853,0,0
27,88,33,4352,27753,2095,15044,215,1357,0,0
27,89,176.46,11848,35625,6198,17229,1196,3883,0,0
27,90,101.23,10584,37919,6690,27711,2091,5964,0,0
27,91,279.9,13732,32651,8271,21386,1082,2566,0,0
27,92,160.5,18431,73845,8341,38710,4707,20236,0,0
27,93,157.16,19675,74707,7543,37828,8582,29268,0,0
27,94,237.54,24654,68359,7430,20448,12406,35131,0,0
27,95,147.22,11642,34296,4017,16258,5369,12896,0,0
27,96,65.55,7434,18453,1244,2904,3645,10765,0,0
27,97,62.47,6981,24735,2550,12254,2862,8457,0,0
27,98,4.15,230,801,55,145,19,73,0,0
27,99,4.91,583,1290,58,129,58,129,0,0
27,100,94.87,15689,46275,3774,12612,8438,26028,0,0
27,101,91.41,16648,66734,3604,13263,3539,16461,0,0
27,102,25.66,3427,13617,1415,7104,317,911,0,0
27,103,21,7437,37490,2130,14300,4845,21733,0,0
27,104,12.12,5823,35535,3357,28412,1760,5190,0,0
27,105,24.67,6641,25237,2553,14516,3539,9472,0,0
27,106,41.06,8606,40499,4614,24248,1048,5982,0,0
27,107,165.81,8276,24547,5280,18257,922,2229,0,0
27,108,103.38,5596,16934,3378,11161,264,710,0,0
27,109,67.26,14090,70681,2196,7456,7834,37246,0,0
27,110,55.97,11599,48980,1157,4985,9928,42613,339,1016
27,111,183.56,12322,42521,5381,16603,4365,19565,118,355
27,112,83.77,11574,59771,2190,5834,8526,52087,0,0
27,113,91.84,5295,12383,3610,9032,307,609,0,0
27,114,116.44,8787,26980,2780,8982,3961,13941,0,0
27,115,248.5,13857,39097,7039,22072,3320,9041,541,1956
27,116,99.9,16509,82330,10111,59305,3769,16056,0,0
27,117,93.69,9139,37456,6165,26626,224,1020,0,0
27,118,22.85,3600,30505,591,4296,334,2912,0,0
27,119,15.95,5047,32758,1293,13696,1957,6673,0,0
27,120,14.74,10061,56303,128,656,8739,50066,0,0
27,121,19.52,1852,5850,617,1485,242,807,0,0
27,122,41.67,6868,28247,2812,9921,1160,4890,0,0
27,123,71.67,5974,16512,4664,13533,507,1379,0,0
27,124,103.27,9416,32261,3794,10302,1425,4626,0,0
27,125,71.56,8758,27594,4048,15899,855,2605,143,715
27,126,102.47,12475,36752,4944,17236,3038,7908,0,0
27,127,45.56,8947,27562,3202,14103,2585,7398,0,0
28,54,19.04,666,1575,592,1445,15,21,0,0
28,55,40.85,1694,3497,727,1462,394,924,0,0
28,56,1.51,98,177,81,159,2,2,0,0
28,68,1.59,964,3403,96,340,96,340,0,0
28,72,1,12,12,1,1,1,1,0,0
28,73,57.71,3487,11147,2822,9238,55,158,0,0
28,74,69.07,6558,22263,2918,8169,855,2809,0,0
28,75,28.32,12068,50099,429,3502,8880,20603,0,0
28,76,29.42,7660,61383,432,5470,3776,12158,0,0
28,77,10.33,2348,11692,156,334,1685,9181,246,1478
28,78,23.46,6760,34548,3226,16162,1211,6414,0,0
28,79,17.92,7152,66151,1406,19054,639,5232,0,0
28,80,58.62,6648,36798,3414,22261,744,4271,0,0
28,81,147.98,8539,30244,4296,15171,2144,7076,0,0
28,82,41.6,6145,23368,4042,17848,989,2359,0,0
28,83,23.16,6823,48579,4397,38970,1177,2879,0,0
28,84,6.39,1610,6284,787,3749,729,2156,0,0
28,85,11.91,1854,15311,314,2748,151,1285,0,0
28,86,12.64,1416,4113,307,872,453,1677,0,0
28,87,43,6022,28132,3102,16268,1652,6769,0,0
28,88,31.11,10370,45783,2600,12895,6971,30700,0,0
28,89,47.21,6641,35145,1892,10307,1727,6818,0,0
28,90,85.02,9795,46088,3102,17345,2085,6784,0,0
28,91,165.02,14746,41671,5718,18389,6808,19143,0,0
28,92,284.15,15107,40403,8170,22107,3107,10028,0,0
28,93,70.5,8323,37399,3956,24799,1126,3356,0,0
28,94,23.44,9865,35022,909,2672,7033,21925,0,0
28,95,20.02,6943,23834,387,1985,5228,16326,0,0
28,96,146.78,8524,22132,5134,14009,1603,4451,0,0
28,97,24.81,2686,8687,750,4369,1433,3127,0,0
28,98,0.21,42,83,4,8,4,8,0,0
28,99,0.79,155,309,15,31,15,31,0,0
28,100,31.63,6328,15125,415,1168,3098,5617,0,0
28,101,55.26,8556,28478,1790,5435,2386,6273,0,0
28,102,10.23,1863,6354,227,707,262,867,0,0
28,103,25.6,7665,37104,1983,17308,2525,10058,0,0
28,104,39.04,8157,26465,2473,9193,2672,9657,0,0
28,105,116.82,7139,22112,5271,17910,316,1227,0,0
28,106,179.65,10122,27043,6017,17558,1386,3580,0,0
28,107,131.2,9341,32307,5416,20838,1746,6026,0,0
28,108,111.94,9150,32451,5786,19822,438,1562,0,0
28,109,172.85,9386,25393,6312,19449,565,1420,0,0
28,110,130.68,11493,36147,5580,17343,4203,15357,0,0
28,111,137.67,9131,21922,3876,10379,2851,7054,65,327
28,112,126.09,7961,22347,4816,14932,835,2642,0,0
28,113,55.35,8238,47716,4722,28211,555,2686,0,0
28,114,27.81,4805,17669,1959,12351,251,625,0,0
28,115,63.43,8429,37633,4521,24525,1329,3455,0,0
28,116,100.37,12898,73348,7823,49972,2482,13162,0,0
28,117,186.15,12630,38613,8911,31303,959,2841,0,0
28,118,42.01,8068,29789,3754,18077,2090,4535,0,0
28,119,15.47,3371,18948,1184,12958,1301,3628,0,0
28,120,19.81,5950,55752,2776,36284,352,2165,0,0
28,121,6.34,2215,7501,175,1884,1644,4596,0,0
28,122,10.64,6067,35986,2937,16596,2598,15907,0,0
28,123,29.6,4886,26797,3847,19949,273,2968,0,0
28,124,12.38,5395,32458,257,1272,4705,29158,0,0
28,125,12.24,8825,52746,27,72,8236,51419,0,0
28,126,17.08,6323,30273,48,169,5892,28750,0,0
28,127,26.51,3640,12636,329,832,3203,11578,0,0
29,55,83.2,2214,4270,1898,3604,35,74,0,0
29,72,1,14,14,1,1,1,1,0,0
29,73,122.61,6427,16520,4874,13276,102,218,0,0
29,74,112.38,6571,21056,3380,8825,351,1343,0,0
29,75,71.85,4910,12017,1995,4988,1734,4323,0,0
29,76,6,600,3174,197,521,4,8,369,2583
29,77,5.64,3546,11573,384,2142,3109,9327,0,0
29,78,34.76,8046,36081,3778,19375,3379,13936,0,0
29,79,21.64,6635,28675,1781,9677,544,2162,0,0
29,80,50.09,6657,25680,3266,17633,1692,4598,0,0
29,81,69.12,10096,42595,5453,24545,1666,5218,0,0
29,82,74.34,6857,23474,4920,17824,260,628,0,0
29,83,121.95,8163,25967,5419,17586,330,1065,0,0
29,84,4.21,2198,13065,63,313,2084,12497,0,0
29,85,33.49,3598,9760,2755,8465,94,144,0,0
29,86,44.87,5253,16376,3808,13089,435,1237,0,0
29,87,25.07,5116,40414,3756,33761,500,2541,0,0
29,88,38.52,5894,34179,3908,22615,194,1145,0,0
29,89,75.35,6613,24929,2574,8574,1727,6994,0,0
29,90,64.23,8129,36199,5696,29916,143,447,0,0
29,91,142.14,10477,27007,3679,8602,3199,9106,446,891
29,92,135.3,16809,54560,6727,21778,6053,20666,0,0
29,93,100.02,8511,30643,3075,14571,4818,15246,0,0
29,94,1.44,72,77,8,8,8,8,0,0
29,95,28.43,9913,29037,1469,5700,6341,18674,0,0
29,96,59.34,6213,15846,2045,4421,2450,8190,0,0
29,97,9.78,4522,24847,436,2287,579,2759,371,2228
29,98,5.05,800,1801,78,169,78,169,19,115
29,99,6,1042,2183,15,40,905,1821,0,0
29,100,5.84,11492,52759,12,17,11378,52610,0,0
29,101,18.36,5687,19729,624,2080,917,2911,0,0
29,102,68.7,11684,36382,2928,8420,1227,3886,0,0
29,103,105.27,8434,37784,4833,26322,764,2032,0,0
29,104,88.77,7353,33477,4652,20552,965,5640,0,0
29,105,235.2,10332,26780,6052,18414,549,1180,0,0
29,106,330.71,16867,52748,11513,40231,3054,10401,0,0
29,107,239.28,14906,46377,9156,30253,3906,12878,0,0
29,108,148.1,8812,24809,5750,17382,1540,4616,0,0
29,109,170.15,8696,22904,6087,18185,244,445,0,0
29,110,168.08,9237,23347,6361,16862,501,1338,0,0
29,111,258.4,11068,28516,7783,22450,417,910,0,0
29,112,220.3,10542,26989,6252,17876,831,1815,0,0
29,113,108.93,8188,26149,4391,16831,2273,5833,0,0
29,114,56.03,5498,20559,3301,8921,1534,6424,0,0
29,115,20.94,3314,11427,448,1210,1041,4547,0,0
29,116,147.35,10399,28319,6816,19044,991,3695,0,0
29,117,78.61,8508,29743,4584,13000,2615,12782,0,0
29,118,14.84,14179,90900,1526,9156,3324,18649,0,0
29,119,27.34,13736,28489,1085,2162,3975,9032,0,0
29,120,15.06,4911,13115,101,203,4000,11295,0,0
29,121,63.36,4805,19902,3566,17127,489,1377,0,0
29,122,37.1,4870,30101,2578,10238,221,2182,0,0
29,123,44.07,4598,11489,3002,7855,725,2134,0,0
29,124,65.11,9161,38137,2487,6747,5514,29177,0,0
29,125,28,6933,34601,340,718,6153,32725,0,0
29,126,40.53,7180,25678,1670,3264,5653,22804,0,0
29,127,57.44,9126,31408,4569,13639,3868,16524,0,0
30,54,3,124,233,111,220,1,1,0,0
30,55,4.8,117,244,104,231,1,1,0,0
30,72,10.92,877,6329,88,633,88,633,0,0
30,73,58.95,3472,10042,2595,7617,68,216,0,0
30,74,142.03,8166,22078,6253,18075,164,353,0,0
30,75,181.83,8694,22076,5736,15465,861,2524,0,0
30,76,30.35,2939,11572,1549,4298,846,2637,0,0
30,77,29.19,4751,23940,2197,17095,636,1950,0,0
30,78,24.98,8071,30789,1650,7251,388,922,0,0
30,79,25.73,9431,41160,7144,36628,455,907,0,0
30,80,75.74,6100,23155,4517,18094,241,690,0,0
30,81,105.72,6784,24680,4375,13592,1323,8714,0,0
30,82,67.35,7179,25303,4839,19698,1113,2330,0,0
30,83,110.41,6840,18041,4365,11328,379,949,0,0
30,84,43.7,8803,32796,1776,5562,1099,3904,0,0
30,85,19.04,6568,28949,1847,6415,4063,20203,0,0
30,86,46.07,6354,23882,2822,9374,2527,11278,0,0
30,87,39.91,4984,16995,1987,9160,2107,5027,0,0
30,88,34.11,5445,25871,2713,17533,2142,6706,0,0
30,89,30.46,4669,21034,2630,14242,1089,4277,638,1931
30,90,73.63,5868,19894,3177,12508,282,789,0,0
30,91,59.67,8395,39096,3416,15751,647,1792,50,101
30,92,86.97,13061,45103,2241,5847,2706,8977,0,0
30,93,103,9871,30581,4108,16141,3783,9867,0,0
30,94,81.01,3677,13019,2610,11081,89,147,0,0
30,95,67.12,6737,22279,1886,4385,3012,14379,0,0
30,96,17.37,4391,12552,399,1124,2493,7413,0,0
30,97,2.41,3288,27022,329,2702,329,2702,0,0
30,98,4,398,853,40,86,40,86,0,0
30,99,20.4,11666,44868,649,1454,9158,38465,0,0
30,100,15.61,8038,28904,1934,13256,5654,14722,0,0
30,101,19.54,2361,11259,1085,5131,142,681,0,0
30,102,46.34,5566,20646,1996,8077,2075,7029,0,0
30,103,70.66,7534,33903,6445,30771,384,2019,0,0
30,104,167.41,9402,25632,6331,18711,498,809,0,0
30,105,183.72,9263,24909,5908,16394,1382,4337,0,0
30,106,177.58,15274,59531,5670,21396,4016,13673,720,3080
30,107,86.53,12135,58819,7331,32913,2047,12683,0,0
30,108,77.2,7045,22962,6101,21207,237,602,0,0
30,109,167.85,9461,22209,7174,17955,323,695,0,0
30,110,214.78,9811,21858,7033,16632,194,347,0,0
30,111,216.09,10457,27108,6730,17656,334,921,0,0
30,112,201.28,10104,27630,6478,19540,347,774,0,0
30,113,155.49,9444,29577,5608,16183,439,1705,0,0
30,114,119.91,6591,15323,4451,12129,284,371,0,0
30,115,63.03,3720,7894,2146,4515,144,319,0,0
30,116,85.57,5345,13507,3617,10078,163,332,0,0
30,117,185.33,10320,23304,7887,19253,697,1862,0,0
30,118,62.41,5297,22464,3261,14982,518,1326,0,0
30,119,26.99,7335,27363,2866,18615,1144,2588,0,0
30,120,74.17,7023,27162,2919,13228,2944,10139,0,0
30,121,230.87,10354,24264,6389,15787,1470,4133,0,0
30,122,142.76,7943,16201,6083,13107,189,321,0,0
30,123,63.22,5078,11594,4450,10538,81,110,0,0
30,124,48.06,4873,14436,2412,9240,1026,2718,0,0
30,125,24.72,4673,22394,3090,16390,1028,4952,0,0
30,126,59.01,6322,18541,5366,15879,393,1178,0,0
30,127,206.69,8638,17235,6085,13310,242,377,0,0
31,72,15.08,1466,7017,825,4048,50,288,0,0
31,73,32.22,6268,31417,926,4652,799,3414,0,0
31,74,62.63,5937,20485,3199,12473,547,1772,420,1937
31,75,46.37,6081,26972,4664,21091,558,1853,0,0
31,76,19.63,3317,22263,3065,21027,117,676,0,0
31,77,4.84,3927,52466,2276,45962,1651,6504,0,0
31,78,15.83,4627,65605,2065,37696,229,2880,0,0
31,79,84.13,10157,27336,4423,14458,568,1291,0,0
31,80,71.11,5647,14258,4286,9722,286,828,395,1974
31,81,34.42,6770,49457,2639,21832,3720,25034,66,330
31,82,28.62,3782,27163,2925,23532,108,442,423,1736
31,83,25.56,6525,19582,200,591,6179,18516,0,0
31,84,59.5,6079,22389,4933,17799,392,2180,0,0
31,85,52.62,5495,21226,4569,18676,86,227,0,0
31,86,70.38,7925,28609,4894,18803,304,1261,0,0
31,87,165.88,9439,24280,5142,12849,866,2326,0,0
31,88,33.13,4063,30584,3403,28762,511,1593,0,0
31,89,3.48,1113,9687,1092,9516,0,0,0,0
31,90,67.73,7785,28036,2230,10835,617,1912,0,0
31,91,45.27,6294,27532,3826,21383,146,463,0,0
31,92,26.08,4400,14656,1635,7182,1129,4456,0,0
31,93,36.19,12812,70780,3303,26859,7228,37672,0,0
31,94,46.9,19108,85203,4391,18615,5316,19705,0,0
31,95,34.88,5056,18406,924,2404,1782,6036,0,0
31,96,26.78,1684,3118,308,655,702,1268,0,0
31,99,51.47,8885,21680,1410,3663,6761,16688,0,0
31,100,49.44,13908,30200,581,1051,10467,24298,0,0
31,101,41.63,8721,26728,2224,11394,4536,11571,0,0
31,102,34.12,5183,31933,4118,26649,566,2626,0,0
31,103,42.29,5897,25611,4168,20736,1275,4899,0,0
31,104,116.64,11692,28583,6216,17820,3927,7830,0,0
31,105,144.93,10218,22081,5520,15151,3213,4326,0,0
31,106,212.74,13536,43062,9255,31179,482,1222,199,794
31,107,74.75,7571,30933,5924,25840,111,381,0,0
31,108,65.4,8301,27754,4113,13412,753,2118,0,0
31,109,112.14,9456,31144,7383,26274,623,1576,0,0
31,110,178.01,9282,21674,6503,16303,707,1751,0,0
31,111,192.08,9604,22334,6457,16009,926,2000,0,0
31,112,62.76,8305,38742,4409,25703,3155,10669,0,0
31,113,177.78,9312,24311,5274,14558,504,1983,0,0
31,114,153.81,7870,20558,4601,12031,1030,4227,0,0
31,115,63.35,3582,8524,2677,6560,74,159,0,0
31,116,14.35,3968,17851,1470,10086,1981,6236,0,0
31,117,59.62,7792,37681,2499,6021,4957,31863,0,0
31,118,82.66,10667,34315,4564,14640,4365,12214,0,0
31,119,35.63,5503,35269,2238,17396,951,3190,0,0
31,120,85.76,10223,36862,4378,13795,5053,21954,0,0
31,121,263.61,15285,39869,8321,22576,4702,13661,137,412
31,122,144.9,9871,24209,7694,19702,922,2424,0,0
31,123,60.96,6407,17709,4803,14593,316,559,0,0
31,124,19.17,4174,15803,2054,11368,1527,3328,0,0
31,125,16.74,7230,34991,4384,27882,239,686,0,0
31,126,36.5,4423,20709,3367,15158,116,612,0,0
31,127,130.82,7567,15039,5536,11289,573,1052,0,0
32,69,9.4,4068,8488,453,816,1049,2010,0,0
32,70,10.12,2218,4106,512,990,1526,3018,0,0
32,72,2,251,998,246,984,1,2,0,0
32,73,12.46,1941,7548,679,2228,536,1392,0,0
32,74,97.58,4016,11367,2548,6701,164,567,0,0
32,75,10.47,14703,68990,77,394,14106,65904,0,0
32,76,5.48,3250,24626,714,13961,1492,6303,0,0
32,77,6.55,5660,79932,1209,27663,3037,21066,0,0
32,78,46.62,2608,6380,1660,4253,49,106,0,0
32,79,72.33,4364,10634,3528,8856,73,149,0,0
32,80,66.13,5534,13077,3776,9246,805,1690,0,0
32,81,3.53,503,1338,147,321,138,365,0,0
32,82,1.36,165,695,136,666,3,3,133,663
32,84,86.56,8797,18743,7088,15419,135,269,0,0
32,85,59.52,7290,18686,4006,10534,355,880,0,0
32,86,51.11,4729,13978,2398,7740,1122,3067,0,0
32,87,177.25,9399,24316,7173,19805,512,1315,0,0
32,88,87.01,5950,19310,3427,9881,880,4730,0,0
32,89,16.85,11717,52409,777,4606,7426,33743,0,0
32,90,41.11,5598,21092,746,2147,4470,17884,0,0
32,91,18.27,4010,18093,3102,16868,115,183,0,0
32,92,17.6,11010,51316,239,707,10149,48911,0,0
32,93,205.31,12869,46904,5442,14711,5593,28972,0,0
32,94,71.91,23539,123543,9446,70837,10080,39763,0,0
32,95,3.73,11911,55010,1689,14881,9733,38281,0,0
32,97,11.93,793,1954,699,1783,11,20,0,0
32,98,77.76,3876,7319,2057,4362,376,687,0,0
32,99,43.72,4696,9761,533,1054,2816,6026,0,0
32,100,29.1,3728,10092,675,1586,2424,7126,0,0
32,101,9.5,1669,4457,170,630,1286,3374,0,0
32,102,16.83,7183,22328,87,302,6839,21501,0,0
32,103,44.94,6020,18019,2494,7412,3008,9582,0,0
32,104,159.36,7244,16527,5740,13978,115,192,0,0
32,105,107,8131,23377,4602,11553,1631,7326,0,0
32,106,64.65,6224,19129,3763,9975,1087,4641,0,0
32,107,87.45,7885,26751,6779,24026,85,241,0,0
32,108,141.19,9109,28163,4305,13743,1140,3949,0,0
32,109,110.45,9454,29149,5233,16387,2076,6237,0,0
32,110,193.04,9343,23753,6892,18837,388,768,185,554
32,111,163.58,8968,25361,5254,14783,1782,6697,0,0
32,112,24.2,3808,14617,1914,9165,1151,3591,0,0
32,113,113.49,5304,12312,3745,9431,125,231,0,0
32,114,73.87,6484,17548,3241,8453,1335,4786,0,0
32,115,4.91,288,547,160,316,13,23,0,0
32,116,13.09,6485,23802,305,728,5625,21708,0,0
32,117,44.85,7884,54409,1447,3739,5578,47888,0,0
32,118,45.56,2584,5125,2144,4371,35,61,0,0
32,119,53.19,9783,29190,1949,5920,6414,19281,0,0
32,120,119.77,9713,29547,6918,22551,226,498,0,0
32,121,86.84,8489,32482,4921,22484,884,2333,651,1952
32,122,29.68,6713,28982,2346,9941,1130,3529,0,0
32,123,31.4,5525,13977,696,1343,3040,9096,0,0
32,124,49.64,5458,18964,3234,13810,612,1307,0,0
32,125,36.73,5943,35285,5217,33043,270,1102,0,0
32,126,18.1,5169,13619,3313,10747,944,1854,0,0
32,127,95.48,11295,29625,4555,14592,5133,12049,0,0
33,69,1.44,1724,5023,14,30,14,30,0,0
33,70,7.03,1316,2672,132,267,132,267,0,0
33,73,5.04,417,1508,356,1424,7,9,0,0
33,74,135.53,5353,12779,3414,8720,168,373,0,0
33,75,65.02,3784,10133,2585,7026,397,1667,0,0
33,76,26.61,2431,5373,2112,4715,85,174,0,0
33,77,1.92,142,142,14,14,14,14,0,0
33,78,119.6,3882,9290,2080,5564,145,293,0,0
33,79,117.13,5597,13663,3881,10312,133,261,0,0
33,80,59.71,5097,11828,3748,9156,116,233,0,0
33,81,6.62,461,1184,401,1043,4,7,0,0
33,84,11.74,823,1785,210,563,68,136,0,0
33,85,40.97,4742,19363,2691,11464,238,888,0,0
33,86,35.77,7186,31624,4467,20058,1766,6425,294,1762
33,87,75.27,6679,34346,5413,29133,138,573,0,0
33,88,27.41,9523,54923,5099,38906,3446,10838,0,0
33,89,15.48,7469,39416,2890,23567,60,177,0,0
33,90,254.9,10586,25116,6654,17907,487,911,140,495
33,91,288.09,11511,27600,6609,17590,1098,2347,0,0
33,92,35.7,3306,24450,1735,19166,643,1894,0,0
33,93,45.21,5906,23878,1093,4094,824,3096,0,0
33,94,199.05,14730,50510,6414,25332,5523,19180,0,0
33,95,181.44,7500,14924,4063,8362,632,1234,0,0
33,96,80.24,4858,13763,2713,9062,835,2315,0,0
33,97,54.46,8676,50229,6265,40817,1054,2706,0,0
33,98,148.38,8144,18728,3999,9702,2637,6449,0,0
33,99,11.54,6201,73568,2052,19351,735,7117,0,0
33,100,87.57,8245,64064,4319,17720,455,5171,187,560
33,101,13.64,6460,21394,1008,5429,3814,9033,0,0
33,102,19.48,10192,31159,225,650,9043,27924,0,0
33,103,9.41,7350,25102,230,601,5827,20380,0,0
33,104,5.99,3454,23080,3249,22356,18,60,0,0
33,105,14.42,2793,7747,130,258,1331,3727,0,0
33,106,13.61,5075,18680,501,1816,2858,8647,0,0
33,107,13.19,3933,13716,1323,5985,2474,7325,0,0
33,108,32.49,4327,17009,3208,14128,544,1482,0,0
33,109,29.14,3219,12412,1242,5464,1659,6212,0,0
33,110,104.44,4758,13919,3486,11364,102,205,0,0
33,111,39.83,2254,7290,837,2310,660,2105,426,2558
33,112,103.7,7432,28317,3100,10211,456,2126,0,0
33,113,117.14,6574,18612,5049,14435,359,1653,0,0
33,114,173.27,10251,32154,5996,19589,1776,5828,388,1941
33,115,57.51,4811,16068,3532,12001,68,160,0,0
33,116,25.29,2553,5368,2283,4835,26,53,0,0
33,117,29.91,3197,16720,1112,3676,920,2814,0,0
33,118,14.2,6031,34848,187,1028,3582,24047,0,0
33,119,188.2,11106,34556,6940,24064,2098,6366,548,2194
33,120,8.74,4167,16538,615,2249,2929,10711,550,3851
33,121,27.52,4752,20998,2213,11874,1287,3036,878,6146
33,122,14.84,2309,10126,1632,9193,75,103,0,0
33,123,17.41,1961,5091,883,2877,94,190,9,45
33,124,38.97,4752,15564,2041,5703,2171,8356,105,527
33,125,51.32,7279,31257,6501,29864,245,1122,0,0
33,126,46.82,6049,20532,3307,13321,787,2012,0,0
33,127,46.71,8437,27851,2493,7383,4253,15118,0,0
34,64,18,5454,16287,522,1264,4543,14246,0,0
34,65,3.66,2743,8473,0,0,2743,8473,0,0
34,66,6.73,10565,31433,4281,12807,7800,23176,0,0
34,67,2.27,1053,3622,230,690,1053,3622,0,0
34,68,2,524,1048,0,0,524,1048,0,0
34,74,58.93,2872,5620,2268,4693,46,75,0,0
34,75,21.28,972,2049,842,1844,12,17,0,0
34,77,1.41,79,224,68,202,1,2,0,0
34,78,90.54,3780,10247,2189,6449,131,321,0,0
34,79,118.33,5820,14532,3860,10048,349,924,0,0
34,80,95.24,6535,18112,3369,8698,2031,7225,0,0
34,81,12.5,1116,3509,995,3260,11,24,0,0
34,83,0.04,18,36,0,0,18,36,0,0
34,84,30.26,4752,19762,568,1657,3473,16302,0,0
34,85,6.16,1153,3477,70,239,526,1332,0,0
34,86,32.02,3189,9083,2427,6106,81,323,0,0
34,87,63.21,4857,26022,3093,11007,179,1627,0,0
34,88,19.92,8339,43512,5257,32056,3188,11850,0,0
34,89,60.94,5428,22960,3396,18843,972,2674,0,0
34,90,214.14,8994,19492,5103,12373,878,1984,0,0
34,91,110.44,7340,24108,3306,15008,1254,3270,0,0
34,92,87.55,6606,15994,3174,6871,2031,4841,0,0
34,93,164.71,10884,31391,4135,11623,3742,11177,0,0
34,94,276.47,13803,40607,5834,19004,3449,11273,735,3051
34,95,127.03,7580,25185,4770,20399,807,1521,0,0
34,96,177.42,8784,18358,4476,9343,1927,4635,0,0
34,97,135.49,9673,24591,4215,10990,2030,4920,0,0
34,98,51.7,8123,33586,3123,19071,2964,9400,0,0
34,99,22.54,7227,54288,1705,13890,3493,13047,0,0
34,100,18.44,5727,72046,1529,9226,446,6875,0,0
34,101,19.76,6272,36282,2645,17331,278,1404,0,0
34,102,31.22,6703,24595,2038,8433,3462,10633,0,0
34,103,14.12,9286,39238,2111,13916,5294,21220,0,0
34,104,29.83,6070,24541,1820,7702,2879,10895,0,0
34,105,30.79,3696,16977,1663,7376,249,1114,0,0
34,106,30.59,5345,24589,2171,13168,1619,4189,0,0
34,107,11.63,4508,41636,3360,36968,467,1481,0,0
34,108,34.6,8178,47918,7194,43237,136,607,0,0
34,109,38.49,3782,11610,2455,8384,130,368,0,0
34,110,147.43,6778,16706,4551,12052,309,655,0,0
34,111,66.9,8738,26504,2127,6645,3838,10854,77,539
34,112,143.24,7849,19016,5013,13491,249,513,0,0
34,113,140.74,7868,20992,5233,14334,533,1222,103,410
34,114,132.76,8412,24237,4566,13894,1774,4405,0,0
34,115,86.42,5501,13908,4210,11443,117,227,0,0
34,116,51.45,3429,7399,2020,4938,86,159,0,0
34,117,11.61,4567,39362,864,14583,1686,5303,0,0
34,118,49.14,6206,37590,1025,4877,3231,12756,0,0
34,119,71.27,5958,21882,2938,11707,802,2333,0,0
34,120,161.72,8963,24615,4270,13989,2555,7365,0,0
34,121,73.98,5139,14583,1520,4539,772,1912,90,270
34,122,65.49,4317,12490,2199,5625,1086,4776,0,0
34,123,26.09,4750,19652,2639,15151,1896,4136,0,0
34,124,43.04,6082,29715,3734,24505,1435,2886,0,0
34,125,75.1,5899,20449,4576,17381,115,285,0,0
34,126,45.37,4825,26178,4001,22835,94,380,0,0
34,127,76.04,6012,12739,3514,7669,745,1995,0,0
35,63,2.18,369,1055,0,0,369,1055,0,0
35,64,32.58,7594,22901,251,501,7343,22399,0,0
35,65,6.59,1425,5012,210,449,1215,4563,0,0
35,66,3.64,5278,30600,1938,5814,3319,24722,0,0
35,67,0.35,1204,12038,0,0,1204,12038,0,0
35,74,14.51,1145,3022,935,2605,21,44,0,0
35,75,19.59,781,1754,521,1320,24,43,0,0
35,78,26.61,1112,3082,684,1876,21,40,0,0
35,79,96.51,6101,15604,3685,10059,559,1200,0,0
35,80,29.01,1889,5020,1399,3825,178,522,0,0
35,83,6.36,1320,4999,8,17,1244,4846,0,0
35,84,13.52,3981,15275,51,101,3523,14363,0,0
35,85,16.52,1577,4707,17,32,1427,4416,0,0
35,87,10.89,2971,23985,179,2164,179,2164,0,0
35,88,75.46,5965,24334,4652,21459,256,1471,0,0
35,89,64.82,5437,24685,4845,23534,56,113,0,0
35,90,96.46,6322,17570,4176,11735,1011,2967,0,0
35,91,34.33,7733,35037,4977,24608,298,1144,0,0
35,92,160.72,8851,23009,5920,16997,293,612,0,0
35,93,266.37,12264,31232,6507,18760,879,2413,0,0
35,94,205.77,13162,42289,7329,28379,3781,10629,2,9
35,95,6.75,4893,35006,842,11784,3430,13675,0,0
35,96,0.29,92,608,25,429,67,179,0,0
35,97,55.93,7928,27339,4026,18955,2230,6229,0,0
35,98,26.86,6026,53241,2719,16175,601,4835,0,0
35,99,24.24,6503,70084,1102,8102,587,6863,0,0
35,100,219.38,9589,19707,6569,13904,300,585,203,405
35,101,84.08,7642,23022,3918,13584,2662,7486,0,0
35,102,92.88,7135,30982,4157,18308,1726,7019,0,0
35,103,46.29,7500,38204,1851,9812,1362,3822,0,0
35,104,44.24,9282,37597,4002,15526,541,2314,0,0
35,105,23.14,2721,27380,1679,22278,607,2513,0,0
35,106,96.89,7678,24981,4400,12850,1450,7863,436,2182
35,107,77.11,6046,19094,3834,12190,97,248,163,817
35,108,36.71,6504,31070,3313,16077,1252,3706,0,0
35,109,150.41,7370,19675,4713,13695,389,1212,0,0
35,110,185.52,8681,22050,6534,17769,169,334,0,0
35,111,185.51,8240,18069,5600,13584,414,761,0,0
35,112,217.07,9231,17908,6511,13707,389,669,0,0
35,113,228.64,10155,23452,6922,17133,271,528,0,0
35,114,199.33,9803,23611,6753,17893,682,1536,0,0
35,115,105.58,7654,20555,6185,18008,110,187,0,0
35,116,32.5,3113,10730,2536,9663,57,103,0,0
35,117,11.53,2445,15653,1284,5391,129,1140,0,0
35,118,12.71,5492,34534,3520,20169,219,1596,0,0
35,119,60.95,4517,17117,2843,10066,291,950,0,0
35,120,90.33,6964,20560,3001,11160,2545,6487,0,0
35,121,16.81,7213,46651,4298,33624,2404,7686,0,0
35,122,25.72,7086,28517,1907,6962,2058,6017,0,0
35,123,11.4,11658,38355,1825,13443,1371,3326,0,0
35,124,61.18,6958,22725,4126,13719,283,906,0,0
35,125,111.28,7814,20462,5516,14490,1202,3728,0,0
35,126,123.13,8076,23719,4922,14829,380,1250,0,0
35,127,140.74,8681,19199,6390,14896,261,513,0,0
36,55,3.36,87,136,16,28,8,12,0,0
36,56,40.4,1570,2586,1221,2048,35,56,0,0
36,63,6.32,2677,9707,0,0,2677,9707,0,0
36,64,7.08,3658,19122,0,0,3658,19122,0,0
36,65,8.33,6630,32208,0,0,3522,13565,0,0
36,66,8.26,6353,31192,0,0,6353,31192,0,0
36,67,8.49,4796,12372,0,0,4796,12372,0,0
36,68,13.12,5038,14464,0,0,5038,14464,0,0
36,69,6,3641,12798,403,2361,3537,12694,0,0
36,72,3.7,497,2717,460,2664,4,6,0,0
36,73,6,1604,5213,626,3183,109,225,0,0
36,74,4.44,2744,12213,389,1549,2719,12161,0,0
36,75,29.52,4475,14896,1742,5539,2677,10148,0,0
36,76,0.79,40,95,4,10,4,10,0,0
36,78,6.84,909,2663,725,2144,10,27,0,0
36,79,43.03,5147,15612,1981,5567,1784,4682,0,0
36,80,0.5,15,54,1,4,5,16,0,0
36,84,0.03,44,175,0,0,44,175,0,0
36,85,0.5,744,2977,0,0,744,2977,0,0
36,88,46.74,2152,4386,1706,3507,44,87,0,0
36,89,70.96,6005,18836,4127,14438,1008,2502,0,0
36,90,67.35,8678,46241,6092,39091,315,934,0,0
36,91,114.04,8018,17113,4386,9855,561,1139,0,0
36,92,185.5,7367,16496,4492,11101,320,614,0,0
36,93,220.86,9735,23380,4920,13875,1493,3432,0,0
36,94,122.91,12794,46181,5370,19239,4700,18008,0,0
36,95,43.88,10397,81021,3528,25883,8360,75294,0,0
36,96,1.82,489,1854,49,185,49,185,0,0
36,97,48.78,5506,15716,3025,10542,1143,2811,0,0
36,98,96.28,6973,32634,4758,17914,287,1788,0,0
36,99,67.88,5947,29915,2283,8342,989,3439,0,0
36,100,116.97,7914,34709,4846,21710,688,2359,0,0
36,101,53.47,6149,24878,3075,8347,886,2989,0,0
36,102,36.03,8491,32309,3930,15670,3604,14244,0,0
36,103,175.9,7458,17571,3483,8187,530,1371,0,0
36,104,89.51,7382,38521,5610,28382,181,1097,0,0
36,105,18.21,3602,28165,3178,27233,48,205,0,0
36,106,112.81,6672,22599,5285,18942,368,1913,0,0
36,107,120.4,7321,18820,5469,14796,156,355,0,0
36,108,158.63,7940,19484,5551,15003,575,1618,0,0
36,109,125.21,5181,11653,3685,8925,110,194,0,0
36,110,110.01,6128,14728,4462,11445,139,289,0,0
36,111,161.77,8219,17374,5639,12646,593,1240,0,0
36,112,262.64,10377,20274,6408,13601,329,549,0,0
36,113,195.57,9211,21179,6566,16407,252,498,0,0
36,114,171.97,8436,20275,6097,15962,515,1227,0,0
36,115,75.81,8146,22992,3728,12642,3243,8261,0,0
36,116,50.01,7077,30434,3594,17077,340,1449,0,0
36,117,46.48,3230,11678,937,2909,249,959,0,0
36,118,21.39,7795,28741,1878,11191,5102,14648,0,0
36,119,65.41,4698,15445,2896,12023,400,603,0,0
36,120,85.26,6028,19298,2970,10536,914,2872,0,0
36,121,51.83,8797,42422,2504,13095,4858,16934,0,0
36,122,42.59,7960,32971,3107,14615,1408,3774,0,0
36,123,32.13,17619,56315,1377,4822,5425,13311,0,0
36,124,50.03,8838,28665,2117,5591,1957,5877,0,0
36,125,58.01,11403,34015,4331,11428,8141,26134,0,0
36,126,54.34,8584,22237,3380,9158,1038,2370,0,0
36,127,38.17,14137,42228,4134,12680,1103,3266,0,0
37,55,52.72,1877,3907,1194,2709,183,351,0,0
37,56,40.87,1192,2391,867,1817,34,61,0,0
37,63,0.8,373,746,0,0,0,0,0,0
37,64,3.01,4848,16289,1505,7523,451,2256,0,0
37,65,3.53,4341,20870,1729,8647,3130,14817,0,0
37,66,13.33,10600,62174,4,8,10566,62106,0,0
37,67,15.96,6496,22124,59,177,5965,20532,0,0
37,68,5.32,6275,29774,0,0,6275,29774,0,0
37,72,0.78,361,2302,361,2302,0,0,0,0
37,73,16.09,3575,20732,3243,20283,36,50,0,0
37,74,9.47,1133,3130,953,2831,20,33,0,0
37,75,77.27,4989,11204,3264,7584,533,1443,0,0
37,76,12.05,1337,3252,607,1394,448,1308,0,0
37,78,8.72,493,1245,347,1031,16,24,0,0
37,79,39.79,3308,8735,1332,3580,1140,3359,0,0
37,87,21,1089,3012,424,1348,72,182,0,0
37,88,57.84,2700,5833,1657,4011,101,180,0,0
37,89,129.51,6586,17686,5181,15026,134,248,0,0
37,90,73.04,4520,11980,2412,6986,229,546,0,0
37,91,139.83,5707,13546,2686,6817,394,942,0,0
37,92,229.23,10139,26488,5846,17286,620,1562,0,0
37,93,112.55,7611,33273,3818,14644,492,2586,0,0
37,94,125.07,7951,25166,3446,11302,2046,7874,0,0
37,95,128.45,7451,21916,3811,11954,1993,6784,0,0
37,96,9.18,3008,23361,1556,17364,1160,4519,0,0
37,97,24.65,4471,42187,1678,8118,1057,5790,0,0
37,98,81.4,6221,20592,3303,14034,1208,2544,0,0
37,99,50.27,5544,20300,3569,16144,1437,3199,0,0
37,100,23.17,9017,42824,4799,23881,3121,7932,0,0
37,101,46.19,6010,25457,3660,13497,307,1536,0,0
37,102,103.41,8410,21014,6666,15204,781,4261,0,0
37,103,119.88,8188,27201,4698,15492,1841,7399,0,0
37,104,36.37,5144,25845,3995,20573,110,552,0,0
37,105,31.85,4270,19226,2954,15581,108,273,78,388
37,106,168.45,7689,21854,4597,12044,338,1184,0,0
37,107,233.33,9702,21470,6381,14793,319,664,0,0
37,108,165.24,11727,35469,7301,25574,2976,7350,0,0
37,109,129.51,7692,22638,5360,16929,415,954,0,0
37,110,147.86,8644,24152,6346,19499,173,322,0,0
37,111,125.59,5793,13438,3938,9559,161,331,0,0
37,112,150.99,6699,14529,4608,10593,167,320,0,0
37,113,79.86,4925,13345,2809,8435,390,1364,0,0
37,114,114.41,7632,27992,2835,7370,498,2224,0,0
37,115,22.37,5708,23142,1193,3599,1544,4964,0,0
37,116,20.36,6086,24617,1971,10683,2322,5978,0,0
37,117,34.28,5899,29512,2872,24048,295,557,0,0
37,118,33.74,7559,19773,3091,8506,1890,4376,0,0
37,119,96.24,7556,24754,4384,18172,572,2573,0,0
37,120,120.61,6160,16818,4635,13561,273,1073,0,0
37,121,65.73,8158,20587,2403,6886,3918,9754,0,0
37,122,55.66,7819,27725,3915,8979,969,3244,0,0
37,123,16.13,4102,27448,1481,13742,517,2131,0,0
37,124,22.64,4728,11440,716,1475,2446,6494,0,0
37,125,45.07,6687,20669,1977,6069,2456,7655,0,0
37,126,14.54,7763,22479,501,1371,3849,11444,0,0
37,127,6.48,11933,39273,937,3016,4534,16937,0,0
38,55,5.64,154,307,75,150,8,18,0,0
38,63,1.86,782,4636,0,0,782,4636,0,0
38,64,5.8,2721,14333,0,0,1151,6483,0,0
38,65,7.01,3498,11301,0,0,3498,11301,0,0
38,66,11.84,8344,25061,1186,3557,6058,18205,0,0
38,67,16.8,7369,23368,0,0,7369,23368,0,0
38,68,0.16,160,518,0,0,160,518,0,0
38,73,0.43,149,651,149,651,0,0,0,0
38,74,10.21,470,1014,380,850,10,18,0,0
38,75,86.33,5145,11481,3428,7972,386,1007,0,0
38,76,11.66,1643,3448,764,1781,98,185,0,0
38,87,33.13,1438,3489,813,2205,57,113,0,0
38,88,180.41,6567,15514,4146,10819,223,436,0,0
38,89,90.96,3102,7195,1945,5023,99,176,0,0
38,90,62.05,4308,11930,2922,9172,130,247,0,0
38,91,163.59,7131,16904,4452,11176,302,628,0,0
38,92,81.44,6157,23941,4319,19386,907,3548,0,0
38,93,28.03,6679,30592,3604,21911,2772,6090,0,0
38,94,62.57,5028,23623,2317,17779,350,779,0,0
38,95,53.56,5247,20922,1882,7787,1305,5096,0,0
38,96,21.04,9413,25648,621,1915,7831,18390,0,0
38,97,30.71,7799,28918,328,1727,4844,13379,0,0
38,98,117,7394,21176,4010,13810,1601,4027,0,0
38,99,85.65,7734,33275,5646,27911,334,920,0,0
38,100,35,6027,42419,4993,36123,214,2056,0,0
38,101,38.2,4166,14535,3786,13642,35,83,0,0
38,102,46.89,8530,37515,6228,31095,614,2239,0,0
38,103,13.3,4824,24407,3504,19581,554,2891,0,0
38,104,14.54,4263,27313,3955,26608,125,260,0,0
38,105,32.31,4745,15411,2564,9330,618,1491,0,0
38,106,116.85,9369,26340,5050,14979,1359,3309,0,0
38,107,209.64,9834,25526,6086,16116,1513,5238,69,195
38,108,229.97,11458,29106,6877,18599,2285,6656,109,309
38,109,190.98,8991,21006,5458,13951,1165,3102,0,0
38,110,150.38,7546,21427,5110,16469,284,582,0,0
38,111,158.91,7909,17528,5354,12303,715,2086,0,0
38,112,267.85,12107,24551,7949,16841,1065,2477,344,687
38,113,86.93,6488,16220,3070,8005,373,894,0,0
38,114,38.03,4958,23856,1550,10826,612,1912,0,0
38,115,45,3245,6909,2537,5620,65,120,0,0
38,116,32.97,6904,28578,3502,13246,332,1562,302,907
38,117,35.43,7576,28212,3076,11019,3837,15270,0,0
38,118,106.45,7500,20620,3819,10406,911,2860,0,0
38,119,97.82,6671,20750,4398,14543,1308,4571,0,0
38,120,101.58,5556,16492,4183,13827,122,225,0,0
38,121,52.87,5675,15433,2066,5856,2209,6127,0,0
38,122,21.72,9825,44842,3559,19676,3994,12219,0,0
38,123,8.54,7226,31425,670,1802,4578,21741,0,0
38,124,29.71,6193,29485,714,3607,610,2876,0,0
38,125,43.01,6046,18715,2315,6819,2763,10608,0,0
38,126,54.22,8804,37392,5161,21244,1343,5557,0,0
38,127,23.81,7774,27124,659,2106,6067,19833,0,0
39,64,1,891,5346,0,0,891,5346,0,0
39,65,2,2020,11681,0,0,2020,11681,0,0
39,66,8.8,4104,15906,0,0,4104,15906,0,0
39,67,1.2,337,1080,0,0,337,1080,0,0
39,74,3.53,239,478,125,248,13,25,0,0
39,75,85.05,4259,8956,2846,6561,121,205,0,0
39,76,24.22,1829,4326,605,1314,134,328,0,0
39,77,13.34,3410,8894,423,1134,332,862,0,0
39,82,1,273,2182,27,218,27,218,0,0
39,87,33.83,1098,2878,513,1386,54,141,0,0
39,88,29.88,1393,3688,937,2613,50,119,0,0
39,90,20.83,1288,3189,664,1669,52,142,0,0
39,91,61.5,2654,6630,1730,4648,87,190,0,0
39,92,23.97,5690,38549,4187,24710,164,1532,0,0
39,93,27.19,5560,24867,3040,16564,1019,2833,0,0
39,94,16.4,4695,34766,2815,26979,208,865,0,0
39,95,89.47,8827,35487,3740,17335,2471,9006,0,0
39,96,100.97,10577,33006,3619,9945,2761,8849,0,0
39,97,49.53,5410,14952,1224,4144,1570,4412,0,0
39,98,126.38,10841,35819,4721,17866,2666,7676,320,1281
39,99,52.95,7320,36180,4918,26661,377,1701,0,0
39,100,83.25,6421,20541,4636,15390,191,561,0,0
39,101,61.98,5630,16086,1021,3024,1075,2512,0,0
39,102,32.31,7624,37207,4926,26553,255,1003,0,0
39,103,13.94,4533,19027,2756,14940,1249,3160,0,0
39,104,39.24,4136,13754,3599,11149,420,2457,0,0
39,105,78.15,7736,28199,5144,16109,281,1329,0,0
39,106,60.25,7111,26795,5644,22890,142,409,0,0
39,107,131.62,6895,15794,5228,12520,146,292,0,0
39,108,239.21,9796,20472,7288,16497,281,500,0,0
39,109,143.48,8463,17589,5893,12973,822,1698,242,484
39,110,201.64,8739,18044,5741,12829,354,685,0,0
39,111,186.2,9864,23449,5752,14511,597,1299,0,0
39,112,191.98,8731,24656,5867,19152,326,637,0,0
39,113,84.79,6860,19112,3095,12614,2091,3087,0,0
39,114,39.27,6147,26019,2015,15861,2637,6470,0,0
39,115,63.89,7322,20802,4722,14225,1394,4282,0,0
39,116,52.88,4729,17554,3931,16208,50,77,0,0
39,117,61.19,7067,28754,6193,26747,319,1639,0,0
39,118,89,6064,16317,3439,9809,1383,3887,0,0
39,119,92.72,6757,22225,4774,16530,649,2220,0,0
39,120,85.59,6312,26961,5200,24222,95,254,0,0
39,121,25,1637,5715,1153,4747,46,90,0,0
39,122,10.31,5690,36206,1107,9578,1826,6593,0,0
39,123,74.96,6637,20026,3593,12553,432,1044,0,0
39,124,99.16,9196,32129,5303,19530,797,2391,0,0
39,125,26.37,2389,7550,574,1436,750,2152,0,0
39,126,8.63,7300,21891,0,1,7298,21880,0,0
39,127,8.63,9199,42015,0,0,9199,42015,0,0
40,75,41.36,3358,7463,2369,5451,105,219,0,0
40,76,16.51,2450,5522,529,1165,1168,2392,0,0
40,90,9,643,2200,406,1245,45,162,0,0
40,92,24.34,1637,4618,679,2051,103,279,0,0
40,93,111.63,8336,25649,5716,16628,357,1203,0,0
40,94,11.46,4926,27318,1424,6688,390,2292,0,0
40,95,140.82,9728,32552,6387,22055,680,1793,0,0
40,96,81.6,16259,52684,4175,14167,1536,4745,0,0
40,97,6.86,15638,45720,1075,3108,5956,17750,0,0
40,98,17.3,2068,5210,275,640,630,1591,0,0
40,99,36.1,5312,27077,3300,20735,1103,3772,0,0
40,100,26.56,5244,41148,2525,25000,976,4089,0,0
40,101,5.1,14214,29656,26,58,13974,29131,0,0
40,102,9.41,3367,9774,475,1831,2397,6431,0,0
40,103,56.48,6803,19550,5275,16864,443,1300,0,0
40,104,96.45,6156,16446,4691,12774,140,382,0,0
40,105,48.31,4474,13131,3347,11031,500,728,0,0
40,106,46.22,3645,11277,2712,9341,50,114,0,0
40,107,34.52,4762,12303,2721,6734,1481,4415,0,0
40,108,146.72,6096,12470,4070,9252,203,359,0,0
40,109,90.31,5399,14415,3981,11080,258,853,0,0
40,110,93.1,5525,16687,2953,7887,211,847,0,0
40,111,143.77,9035,25341,5603,15709,2144,7619,0,0
40,112,106.97,7462,22677,5669,18872,699,2489,0,0
40,113,37.52,5657,33894,3459,22890,534,1889,0,0
40,114,16.27,3511,22076,3042,21103,53,111,0,0
40,115,24.2,2995,8861,1755,6467,631,1257,0,0
40,116,17.84,9656,40452,6941,25834,295,1614,0,0
40,117,64.62,4161,18872,2942,16315,256,957,0,0
40,118,124.99,6814,14882,2781,5838,2522,6689,0,0
40,119,84.38,6501,16145,4650,12422,163,340,0,0
40,120,34.76,3744,12661,3488,12203,25,50,0,0
40,121,77.36,5446,12886,3866,8634,173,467,0,0
40,122,4.58,1223,10566,666,6699,62,429,0,0
40,123,24.71,4508,17749,3969,16414,59,147,0,0
40,124,39.83,2628,8095,1229,3485,150,508,0,0
40,125,29.35,3583,10596,531,1560,1900,6240,0,0
40,126,13.74,2226,3112,352,1018,32,56,0,0
40,127,5.42,1927,7286,629,1203,1186,5859,0,0
41,75,36.05,2276,4702,1641,3717,68,107,0,0
41,76,5.09,420,841,121,242,33,67,0,0
41,91,10,562,1448,379,1111,19,38,0,0
41,93,4.33,1657,8845,329,1289,147,839,0,0
41,94,42.13,4711,18490,1499,4486,983,4050,0,0
41,95,46.42,6286,25821,4348,19776,1512,4025,0,0
41,96,82.46,6567,24773,3764,17850,507,1359,0,0
41,97,9.06,17308,50959,346,942,16407,49126,0,0
41,98,4.21,637,2102,50,169,190,589,0,0
41,99,36.25,8812,41937,4081,27847,1230,3683,0,0
41,100,67.64,7577,35932,3061,15430,569,2576,0,0
41,101,26.82,6154,38843,2397,16584,946,6112,0,0
41,102,13.04,2200,10273,1270,6627,128,571,0,0
41,103,66.18,7301,15218,2891,6485,3566,7119,0,0
41,104,103.21,6131,14522,4424,11440,142,241,0,0
41,105,79.05,5266,12269,3541,8436,712,1824,0,0
41,106,40.01,3087,6590,2830,6172,31,49,0,0
41,107,31.73,5110,14195,4291,12594,363,887,0,0
41,108,18.06,2684,11263,423,817,2011,10181,0,0
41,109,48.97,2548,6443,1902,4991,54,115,0,0
41,110,194.52,9782,25808,6469,18061,905,2748,0,0
41,111,109.49,5791,13660,4296,10803,137,262,0,0
41,112,154.05,8543,20501,6911,17752,165,295,0,0
41,113,75.04,7289,26641,5749,20812,149,601,0,0
41,114,67.9,9033,21658,8403,20543,60,101,0,0
41,115,81.25,5902,15321,4063,12250,167,289,0,0
41,116,50.76,4534,20366,3051,12307,111,821,0,0
41,117,143.06,9158,28385,4696,14392,1893,7620,106,425
41,118,127.25,6535,15054,4620,10720,284,729,0,0
41,119,83.55,5984,15518,4249,12078,285,664,0,0
41,120,112,8010,23194,6331,19780,617,1697,0,0
41,121,88.69,4943,13238,3204,8844,190,495,0,0
41,122,10.09,4454,23150,1765,13269,492,2371,0,0
41,123,48.21,5717,16788,3642,10008,808,2793,0,0
41,124,44.39,7195,31071,6538,28988,44,154,0,0
41,125,2.94,746,2322,729,2287,2,4,0,0
41,126,0.94,1037,5052,0,0,1037,5052,0,0
41,127,25.89,3653,9856,426,1344,2572,7453,0,0
42,75,46.06,4333,10907,2068,5082,984,2789,0,0
42,91,4,283,713,130,378,17,37,0,0
42,93,5.71,1726,10343,1559,10019,18,36,0,0
42,94,19.83,4583,30904,2071,15572,1170,3699,0,0
42,95,20.44,7177,43654,4774,36786,1698,4605,0,0
42,96,164.05,9315,32294,5069,19242,1108,5869,0,0
42,97,43.4,13575,30581,1377,2955,4313,10988,0,0
42,98,6.59,1732,5631,186,631,655,2973,0,0
42,99,29.05,4132,15596,2990,12084,358,1049,0,0
42,100,55.2,8172,36048,4462,27835,2526,5752,0,0
42,101,61.72,4544,20713,2413,13052,1260,4284,0,0
42,102,20.73,3827,30250,3281,27564,59,295,0,0
42,103,37.88,5581,13406,2033,4946,2445,5834,0,0
42,104,69.85,9487,32040,2778,7946,3023,7120,0,0
42,105,84.68,5508,11687,3477,7325,296,809,0,0
42,106,96.17,5370,11413,4191,9229,83,150,0,0
42,107,63.29,6934,15642,3340,6846,375,1095,0,0
42,108,44.54,7526,20070,2362,6892,4489,11803,0,0
42,109,118.35,6297,16076,3934,10969,783,2340,0,0
42,110,256.55,14614,42744,8815,27126,3291,10068,696,1983
42,111,123.75,7740,21137,5825,17006,372,887,0,0
42,112,139.03,7499,18712,5256,14062,232,442,0,0
42,113,119.66,7422,21965,4666,14740,601,1442,0,0
42,114,92.83,6438,20480,4572,15255,194,506,0,0
42,115,90.29,6469,19707,5094,16885,144,274,0,0
42,116,141.24,7117,16042,5084,12398,286,564,0,0
42,117,68.6,5882,16334,4251,12246,661,2293,0,0
42,118,142.28,6721,12959,4879,10049,174,266,0,0
42,119,142.21,7923,17785,6702,15724,96,173,0,0
42,120,114.15,7591,22266,6184,18553,321,914,0,0
42,121,15.91,1201,3137,1130,3009,8,14,0,0
42,122,4.63,1861,5725,65,130,1276,4556,0,0
42,123,80.1,6249,14281,4004,9482,867,2285,0,0
42,124,71.81,9731,29983,4545,14779,431,1130,0,0
42,125,10.94,3273,13359,314,1284,314,1284,2241,8965
42,126,8.02,1589,3910,316,696,115,389,0,0
42,127,9.25,7841,19831,2920,3808,2262,7613,0,0
43,71,3,215,270,72,127,16,16,0,0
43,74,34.2,2880,6575,2323,5626,79,145,0,0
43,75,20.8,1098,2440,550,1355,58,115,0,0
43,76,1,56,167,56,167,0,0,0,0
43,77,4,164,283,57,109,12,19,0,0
43,91,3,74,102,8,11,8,11,0,0
43,93,26.79,1361,3450,1121,3057,27,44,0,0
43,94,89.56,6310,31691,3217,9357,330,2453,0,0
43,95,144.52,8294,27682,5638,22230,454,1031,305,1218
43,96,291.51,13398,30462,8676,21333,1295,2925,3,11
43,97,101.82,22394,70617,4245,11219,9272,28850,0,0
43,98,5.06,1047,2651,105,265,105,265,0,0
43,99,4.94,12692,34769,81,326,11959,31837,0,0
43,100,64.26,3935,15104,3273,13726,60,134,0,0
43,101,83.42,5289,14372,3296,9942,107,235,114,441
43,102,6.5,324,679,229,524,5,6,0,0
43,103,72.72,5982,17548,4810,15599,96,160,0,0
43,104,31.52,7018,29849,4814,20639,212,984,0,0
43,105,178.94,9844,26847,7226,21230,539,1440,70,211
43,106,116.6,6154,12683,4914,10426,249,474,0,0
43,107,73.81,5191,10143,4320,8527,60,118,0,0
43,108,59.67,6140,17920,5082,14358,87,347,0,0
43,109,74.51,5058,12293,3971,10074,106,209,0,0
43,110,77.87,5216,14399,3404,9854,349,1080,0,0
43,111,95.99,5008,13354,3446,10595,143,247,0,0
43,112,80.11,5364,14672,1456,4702,3140,8381,0,0
43,113,134.8,8669,27439,5463,16083,308,1175,0,0
43,114,124.16,5057,14236,3007,8301,284,722,0,0
43,115,19.15,2131,12066,1761,11360,98,193,0,0
43,116,77.25,4280,10518,1815,4198,488,1040,0,0
43,117,97.74,6605,14534,4580,10557,813,1616,0,0
43,118,105.74,8345,17644,7214,15574,249,487,0,0
43,119,151.98,10100,18014,8973,16373,140,216,0,0
43,120,67.68,5743,12930,5034,11437,141,288,0,0
43,121,49.04,3784,11617,3130,10037,57,100,0,0
43,122,17.86,2937,12027,1665,9521,62,166,0,0
43,123,93.37,6109,13831,4409,10824,89,133,332,663
43,124,111.51,6868,16596,5321,13538,120,241,0,0
43,125,84.87,6225,13103,5287,11040,71,113,0,0
43,126,16.12,4479,17613,1662,6843,597,2333,0,0
43,127,41.91,7219,27081,2484,10805,3474,11722,0,0
44,74,2,162,162,162,162,0,0,0,0
44,93,18.11,1624,3726,399,1280,133,265,0,0
44,94,227.26,9359,21265,5884,14525,290,535,0,0
44,95,119.39,7447,32355,4223,16626,484,2127,0,0
44,96,215.17,11460,31192,5768,14333,1790,4519,0,0
44,97,70.53,17390,54935,2153,5930,11680,36707,0,0
44,98,11.17,6443,19164,481,1429,2105,6299,0,0
44,99,8.44,4796,11061,231,700,4500,10115,0,0
44,100,105.12,6148,14450,4938,11812,387,1104,0,0
44,101,57.02,6785,15612,6425,14892,34,73,0,0
44,102,77.31,8484,22508,7451,20783,70,129,0,0
44,103,13.38,2565,14254,2227,13644,76,152,0,0
44,104,30.89,6440,27709,5151,25000,846,1706,0,0
44,105,111.14,6927,13904,4876,9970,353,774,281,797
44,106,66.41,6802,17940,5156,14540,155,314,0,0
44,107,35.76,2756,6643,1658,4197,179,430,0,0
44,108,9.5,602,1403,411,1092,99,269,0,0
44,109,51.79,2840,6976,1865,5006,115,266,0,0
44,110,78.74,4278,10356,2602,6631,160,358,0,0
44,111,104.1,6282,15812,4025,9871,207,594,0,0
44,112,58.46,4342,10278,3278,7923,101,226,0,0
44,113,152.7,7830,16830,4634,10282,841,2202,0,0
44,114,75.82,4116,9850,3001,7609,141,272,0,0
44,115,35.4,8186,47845,4353,36898,944,2251,0,0
44,116,17.28,2045,7565,1015,3320,109,467,0,0
44,117,52.08,6275,13191,1844,4108,3719,7457,0,0
44,118,58.54,5036,12446,4000,9699,482,1887,0,0
44,119,83.89,7657,17587,6072,14489,256,609,0,0
44,120,69.16,6965,19644,5068,15914,1168,2308,0,0
44,121,19.02,4462,23350,3895,21470,193,700,0,0
44,122,38.82,4877,16511,2681,10549,1300,3849,0,0
44,123,80.62,6797,19437,4760,15413,1146,3661,0,0
44,124,91.78,6664,14751,5356,11943,143,346,0,0
44,125,76.48,6446,14075,4894,11287,449,1166,0,0
44,126,75.78,6352,15412,4871,12384,218,450,0,0
44,127,108.11,8010,22588,6115,16921,249,710,0,0
45,94,68.05,5051,26995,3952,24270,113,290,0,0
45,95,67.26,4182,17249,2590,14192,165,308,0,0
45,96,103.93,7997,22551,2876,6712,2434,6434,0,0
45,97,78.17,11765,34413,3014,10171,5653,16399,0,0
45,98,11.48,7476,21481,259,681,3483,10317,0,0
45,99,8.6,1202,2402,78,155,505,1010,0,0
45,100,83.5,7263,17803,3761,7924,2824,8405,0,0
45,101,70.13,5756,19511,4080,14250,124,477,203,405
45,102,28.87,6133,29793,5807,29273,12,23,0,0
45,103,9.98,3212,16693,2302,13299,102,377,0,0
45,104,25.3,2237,6267,1084,4043,221,432,0,0
45,105,82.54,5025,11494,3551,8533,420,929,0,0
45,106,70.31,4524,9380,2938,5965,151,320,0,0
45,107,37.73,2726,5419,2152,4457,51,88,0,0
45,108,2.92,582,1127,548,1093,4,4,0,0
45,109,132.02,5808,12334,4328,9949,239,445,0,0
45,110,97.77,5487,12185,3389,7835,309,669,0,0
45,111,92.31,6564,14600,4589,10746,145,268,0,0
45,112,62.06,3585,8761,2402,6167,107,246,0,0
45,113,42.63,3146,6551,1208,2756,731,921,0,0
45,114,56.96,4673,10473,3857,8843,82,163,0,0
45,115,111.69,6684,18087,4595,14013,186,368,0,0
45,116,72.62,7305,18491,2555,6738,2599,6656,0,0
45,117,168.38,9420,25181,6711,18599,912,2798,0,0
45,118,113.42,8080,18245,4248,9028,2627,7234,0,0
45,119,77.41,6105,21462,4307,13591,229,875,0,0
45,120,79.42,8462,23554,5056,13420,3008,9499,0,0
45,121,45.07,5331,22263,3364,13201,1233,6041,0,0
45,122,17.51,9966,38566,2397,9467,7473,29000,0,0
45,123,101.69,6624,16937,4299,11375,803,2180,0,0
45,124,127.37,7894,18220,4434,11058,1430,4187,0,0
45,125,116.6,7549,16668,6101,13821,296,754,0,0
45,126,113.63,6336,14032,4837,10836,127,296,0,0
45,127,56.24,2566,5215,1655,3559,85,159,0,0
46,94,9.51,2994,35749,2823,35520,258,3372,0,0
46,95,36.4,4598,27663,3633,25500,36,46,0,0
46,96,66.29,7242,25772,4687,19127,220,578,0,0
46,97,40.43,9800,29574,2462,10383,4189,12109,0,0
46,98,4.19,1753,3609,109,226,769,1577,0,0
46,99,48.99,8000,20217,1118,2639,4751,13286,0,0
46,100,8.65,3307,12770,996,6218,1603,4613,0,0
46,101,28.53,6064,34893,5451,32334,346,1155,0,0
46,102,16.51,3534,18707,2660,15949,431,1672,0,0
46,103,35.82,6170,18876,2055,6194,1230,3609,0,0
46,104,29.24,3496,10062,1901,4982,149,525,0,0
46,105,52.62,4826,12176,3049,6830,175,564,0,0
46,106,61.07,4314,9517,2708,6101,151,329,0,0
46,107,32,1752,3855,1175,2826,38,70,0,0
46,108,23.07,2384,4528,1801,3665,32,37,0,0
46,109,47.44,3237,7511,2273,5534,105,211,0,0
46,110,52.43,4541,10377,2140,5042,1583,3825,0,0
46,111,98.8,5514,12258,4340,9875,100,201,0,0
46,112,101.68,5258,11899,3792,9037,130,265,0,0
46,113,71.31,4761,13626,3896,12061,78,138,0,0
46,114,42.82,6316,27226,5556,25780,99,240,0,0
46,115,148.17,6775,13976,4125,9147,696,1584,0,0
46,116,134.94,8739,23851,4233,10645,1872,4410,0,0
46,117,129.98,9532,24686,3973,9924,2695,7369,260,781
46,118,95.09,6310,13203,4744,10510,381,716,0,0
46,119,35.03,5342,23202,3197,10950,2124,12900,0,0
46,120,37.69,5052,29111,4574,28177,182,400,0,0
46,121,32.25,8266,35553,5616,30132,2527,5269,0,0
46,122,31.44,6918,29037,3128,17544,2245,5579,0,0
46,123,83.47,6046,12799,2773,6727,2170,4321,0,0
46,124,137.98,7826,15461,6154,12355,319,696,0,0
46,125,121.11,7909,15613,5390,10917,595,1521,0,0
46,126,60.3,4121,8870,3186,7155,89,174,0,0
46,127,94.6,6838,15408,5905,13435,67,145,0,0
47,91,3.84,178,312,139,273,4,4,0,0
47,92,0.16,26,53,26,53,0,0,0,0
47,93,26.54,1008,2048,469,1009,55,107,0,0
47,94,89.38,5430,13489,2777,5923,1194,4607,0,0
47,95,128.34,7378,22348,2969,8441,1980,6013,0,0
47,96,143.82,6564,15952,4271,11877,363,987,0,0
47,97,84.69,16875,49401,3001,10981,9986,29724,0,0
47,98,31.97,8246,21821,1028,2619,3799,9858,0,0
47,99,64.85,6314,16263,1854,4707,2821,8258,0,0
47,100,8.5,982,2142,344,792,499,1007,0,0
47,101,34.56,4571,29160,2832,23685,1062,3918,0,0
47,102,36.48,2908,8896,1367,5478,438,892,0,0
47,103,44.94,7693,19165,1464,3439,6064,15436,0,0
47,104,24.56,3845,9592,1296,3721,2109,4932,0,0
47,105,27.74,6790,19246,212,423,6475,18677,0,0
47,106,31.15,2547,5873,1479,3132,172,418,0,0
47,107,45.36,3444,8246,2165,4668,662,2534,0,0
47,108,55.81,4950,11448,3684,8674,94,211,0,0
47,109,93.32,6601,17214,5262,14337,125,263,0,0
47,110,127.68,7714,17683,5920,14079,135,275,0,0
47,111,79.54,5610,11835,4488,9674,66,110,0,0
47,112,85.2,6023,14119,4482,11152,479,717,0,0
47,113,20.31,6456,30194,1564,7103,3753,17374,0,0
47,114,43.41,2555,6431,1805,5016,67,133,0,0
47,115,112.34,6114,16973,3214,7912,591,1552,0,0
47,116,7.48,3096,13562,1827,10286,688,1458,0,0
47,117,50.75,5267,13303,4901,12422,34,84,0,0
47,118,50.52,6445,17344,5096,12825,135,479,0,0
47,119,76.24,6637,12541,6142,11773,23,33,0,0
47,120,50.27,6323,14968,3452,7153,529,1343,0,0
47,121,54.18,5330,17239,1933,5252,868,2633,0,0
47,122,42.68,4959,23172,4431,21351,56,200,0,0
47,123,34.38,4102,10935,1014,2696,342,912,0,0
47,124,77.11,5121,10239,3406,6855,222,499,0,0
47,125,75.59,4794,10394,3594,7920,477,1295,0,0
47,126,149.44,8677,17369,5806,12397,1043,2030,0,0
47,127,105.13,7854,17650,4560,9864,893,2070,0,0
48,91,4,254,737,223,665,4,8,0,0
48,92,16,1441,2754,722,1263,80,171,0,0
48,93,46.81,2508,6149,1474,3856,79,160,203,603
48,94,137.49,6307,15399,4587,12257,178,313,0,0
48,95,125.14,8772,20627,4677,11814,2220,5582,0,0
48,96,246.79,15281,52150,9442,33260,2536,8931,0,0
48,97,46.87,4723,13750,1602,5640,809,2610,0,0
48,98,63.67,7676,20351,2495,6045,2017,4472,0,0
48,99,147.95,6316,15290,3663,8876,244,611,0,0
48,100,52.71,2430,4207,1482,2836,96,138,0,0
48,101,58.23,3224,7372,1803,4756,84,139,0,0
48,102,29.96,1715,3771,1103,2767,62,106,0,0
48,103,23.8,7373,17555,314,824,6914,16375,0,0
48,104,5.24,887,2040,120,239,714,1719,0,0
48,105,3.6,1359,4879,238,500,924,3786,0,0
48,106,6.61,1159,2631,643,1318,57,146,0,0
48,107,39.74,3937,9236,2936,6762,270,928,0,0
48,108,72.27,4362,9724,3560,8421,70,110,0,0
48,109,99.43,6966,19828,4751,13719,1571,6084,0,0
48,110,79.87,6301,20373,4942,17941,227,433,0,0
48,111,86.04,5870,13641,3162,8101,1526,3064,0,0
48,112,64.79,6325,14723,2714,7523,2665,5184,0,0
48,113,90.52,6689,14871,4793,11196,471,921,0,0
48,114,67.68,4284,9616,3107,7293,233,470,0,0
48,115,41.98,5529,15626,3045,10447,1384,2793,0,0
48,116,58.94,5308,13379,4628,12159,124,297,0,0
48,117,51.05,6467,17991,6237,17601,14,21,0,0
48,118,46.15,3455,6522,2891,5459,53,104,0,0
48,119,84.21,6271,12261,5751,11424,84,164,0,0
48,120,58.26,4803,9975,3116,6776,378,589,0,0
48,121,85.11,7361,16708,5562,12550,175,429,0,0
48,122,51.39,3023,6821,2360,5651,43,81,0,0
48,123,20.6,1672,4720,540,1881,124,314,0,0
48,124,13.16,931,1969,549,1265,36,66,0,0
48,125,28.63,2929,7897,821,2068,456,1246,0,0
48,126,27.69,2022,5798,1642,4852,39,97,0,0
48,127,118.31,6934,14395,5140,11018,546,1080,0,0
49,69,1,13,13,0,0,13,13,0,0
49,91,15.78,881,1928,571,1350,27,50,0,0
49,92,9.21,1061,2196,743,1595,174,353,0,0
49,93,17.96,737,1521,395,973,34,52,0,0
49,94,47.81,3011,8865,2270,6830,56,124,0,0
49,95,121.58,9653,34023,5078,20423,847,2270,816,3265
49,96,245.16,15289,55486,9384,37414,2928,10048,370,1179
49,97,82.65,7667,26218,4020,11520,2481,11427,0,0
49,98,31.98,1910,4971,1264,3593,54,116,0,0
49,99,86.91,3916,8882,2293,5369,143,318,0,0
49,100,56.09,2041,4614,1221,3041,54,101,0,0
49,101,40.35,2031,4732,1163,3058,96,186,0,0
49,102,4.95,127,240,25,49,3,5,0,0
49,103,17.27,1685,4954,924,2548,163,518,0,0
49,104,1.37,104,302,1,2,103,300,0,0
49,105,1.54,610,610,0,0,610,610,0,0
49,106,14.2,849,2239,619,1762,19,41,0,0
49,107,74.85,4538,10070,3191,7474,125,245,0,0
49,108,78.61,5149,11492,3730,8929,113,199,0,0
49,109,47.8,4878,19531,3516,15791,121,361,0,0
49,110,58.28,6986,19820,4102,13066,1625,4010,523,1046
49,111,97.73,5876,18365,3442,12143,689,1970,0,0
49,112,37.43,7586,26357,7037,24846,31,56,0,0
49,113,102.06,6336,12811,5123,10766,80,130,0,0
49,114,21.79,1656,3442,584,1311,481,962,0,0
49,115,42.92,3103,6680,1306,3259,293,575,0,0
49,116,24.81,1240,2789,819,1953,48,94,0,0
49,117,19.08,1138,2335,858,1942,19,27,0,0
49,118,20,1556,3348,1071,2546,44,75,0,0
49,119,58.27,4126,7753,3484,6779,70,110,0,0
49,120,75.25,5510,12491,3518,8220,534,1111,0,0
49,121,64.89,9537,34074,7617,29505,756,2316,0,0
49,122,81.06,8665,24213,7746,22304,80,183,0,0
49,123,1.08,1083,4631,0,0,1083,4631,0,0
49,124,31.73,2533,5819,1758,4193,168,430,0,0
49,125,40.57,2270,4728,1482,3367,55,98,0,0
49,126,2.15,583,1569,420,1244,18,36,0,0
49,127,54.42,3292,6973,2354,5402,107,164,0,0
50,94,7.01,431,1422,25,54,25,54,0,0
50,95,47.32,4231,10355,1190,2916,2128,5580,0,0
50,96,21.22,2686,9718,686,2233,650,2401,0,0
50,97,95.76,5846,15591,3168,9155,1035,2365,0,0
50,98,1.58,95,240,75,219,2,2,0,0
50,99,55.83,3372,7300,1878,4523,396,975,0,0
50,100,18.03,719,1701,319,880,26,55,0,0
50,101,17.32,926,2062,567,1307,34,72,0,0
50,102,14.08,696,1437,426,1073,29,39,0,0
50,103,11.53,598,1155,415,789,21,41,0,0
50,104,11.2,1179,2066,155,282,114,199,0,0
50,105,27.83,2512,9662,227,398,112,315,1409,6812
50,106,6.88,318,813,250,685,8,14,0,0
50,107,26.2,4208,10474,1609,3701,2018,5416,0,0
50,108,79.51,4267,10053,2746,6767,125,287,0,0
50,109,84.97,4402,10170,2993,7498,165,361,0,0
50,110,98.67,7075,15565,4755,10380,945,2040,0,0
50,111,94.67,6607,18121,4069,10394,250,790,0,0
50,112,81.95,6161,15810,4016,9934,120,304,0,0
50,113,90.17,5238,10922,3503,7864,129,219,0,0
50,114,4.02,397,740,245,487,16,28,0,0
50,115,2.68,1573,3514,157,352,157,352,0,0
50,116,51.04,2482,5334,1643,3643,83,169,0,0
50,117,49.01,2503,5830,1933,4962,61,94,0,0
50,118,14.48,791,1488,275,611,138,259,0,0
50,119,46.4,2669,5720,1956,4477,71,118,0,0
50,120,110.54,6446,14143,4333,10150,268,518,0,0
50,121,74.42,6612,18877,4802,13697,307,931,0,0
50,122,39.28,3753,9428,3049,7802,67,165,0,0
50,123,34.12,7055,28221,1264,2771,3675,15852,0,0
50,124,82.34,5310,11898,4026,9511,98,163,0,0
50,125,82.47,6208,13695,4637,10439,128,273,0,0
50,126,38.83,4348,10251,2271,5569,886,1871,0,0
50,127,38.35,6907,25572,2854,11915,1759,5168,0,0
51,94,1.89,1133,3400,1097,3291,0,0,0,0
51,95,67.36,11415,35023,5318,16009,3770,13740,0,0
51,96,66.97,5245,10799,2240,4796,1013,2771,0,0
51,97,33.9,6915,19645,981,2414,4292,12429,0,0
51,98,94.08,6290,19440,4096,9881,226,1047,0,0
51,99,80.94,3785,9201,2302,5839,164,371,0,0
51,100,3.69,1028,2416,4,8,993,2350,0,0
51,101,49.15,3780,8223,3182,6967,66,141,0,0
51,102,93.83,5111,10732,3252,6851,185,389,0,0
51,103,27.22,2314,4899,1177,2545,312,635,0,0
51,104,40.15,2643,5995,1629,3863,264,561,0,0
51,105,27.27,1713,4045,955,2241,102,281,0,0
51,106,10.57,2329,6292,611,1188,1285,4112,0,0
51,107,56.87,8112,16975,1179,2726,5797,12304,0,0
51,108,43.06,2456,5740,1639,3981,70,154,0,0
51,109,38.73,1882,4944,1089,2894,68,186,0,0
51,110,39.48,4327,13820,1855,4638,2134,8407,0,0
51,111,69.03,3624,8460,2428,5952,206,435,0,0
51,112,76.32,5107,11642,3089,7208,1300,2970,0,0
51,113,77.18,4362,10781,2708,7177,560,1319,0,0
51,114,20.93,1518,3560,996,2286,57,140,0,0
51,115,4.98,3455,11562,64,125,1774,5998,0,0
51,116,18.32,5397,19069,772,2221,4365,16349,0,0
51,117,10,682,1570,575,1369,12,22,0,0
51,118,42.58,3261,7151,2632,6065,64,115,0,0
51,119,55.54,4030,9319,3230,7841,78,138,0,0
51,120,90.96,7231,16988,5789,14778,132,208,0,0
51,121,65.03,4582,10990,3970,10001,132,241,0,0
51,122,39.12,7330,24660,4491,18064,1932,4545,0,0
51,123,77.08,6388,14504,4297,10069,1047,2005,0,0
51,124,82.05,5627,12393,3821,8787,797,1862,0,0
51,125,64.37,4518,9393,3393,7417,98,168,0,0
51,126,48.25,7515,26010,3231,9775,1054,3386,0,0
51,127,65.53,6242,15327,2320,6048,2338,5818,0,0
52,91,1.48,36,36,2,2,2,2,0,0
52,92,1.51,182,182,162,162,2,2,0,0
52,94,79.58,4539,11366,3234,8483,155,331,0,0
52,95,191.99,10146,23818,6711,17842,1235,2483,0,0
52,96,24.8,11843,37213,1557,4532,1197,3745,0,0
52,97,27.44,16096,60690,1693,6339,1864,6609,0,0
52,98,55.31,6858,25135,2379,8964,3759,13824,0,0
52,99,17.78,4664,15948,91,326,4017,13396,0,0
52,100,93.93,10521,24352,2997,6369,1390,3547,0,0
52,101,120.14,6362,13106,4796,10443,136,228,0,0
52,102,123.51,5554,11535,4525,9840,105,178,0,0
52,103,31.6,2690,6007,1779,3976,101,226,0,0
52,104,94.52,4589,10092,2068,5072,1054,2399,71,212
52,105,51.18,10980,70826,1442,7662,3017,15356,0,0
52,106,30.47,3480,10115,2115,6098,844,2863,0,0
52,107,42.96,3637,9993,1316,3483,211,630,0,0
52,108,18.48,988,2341,505,1530,48,85,0,0
52,109,18,793,1838,427,1037,16,25,0,0
52,110,18.83,2358,6654,1890,5470,38,110,0,0
52,111,20.13,2031,5216,1386,3596,70,176,0,0
52,112,32.83,5643,18410,1024,2668,3457,12985,0,0
52,113,73.79,4640,11390,2726,6391,559,2363,0,0
52,114,66.58,5108,11012,2956,6505,214,444,0,0
52,115,39.97,2000,4512,1201,3011,118,230,0,0
52,116,16.81,797,1765,340,698,50,120,0,0
52,117,30.91,2397,5276,1700,4083,60,112,0,0
52,118,77.51,5569,11359,3243,7034,214,405,0,0
52,119,105.88,6915,14565,4933,10826,321,762,0,0
52,120,95.76,6239,12222,4695,9396,227,429,0,0
52,121,29.05,1819,4574,1330,3699,45,83,0,0
52,122,44.5,7561,27496,1704,5395,5431,21081,0,0
52,123,54.07,5949,17529,5308,16402,61,109,0,0
52,124,92.51,6113,13585,4352,10171,175,354,0,0
52,125,80.28,5066,10959,3668,8322,116,239,0,0
52,126,66.91,6500,16463,3754,9798,855,1997,0,0
52,127,35.05,3579,7819,1169,2791,1947,4157,0,0
53,92,16.87,1282,2665,1025,2278,4,6,0,0
53,93,30.52,1706,3678,1320,3013,35,59,0,0
53,94,142.31,7278,17058,4571,10816,307,1227,0,0
53,95,137.27,7350,20038,3438,9065,1931,7182,0,0
53,96,0.87,465,1396,16,47,323,970,0,0
53,97,10.45,8102,28197,254,927,5814,19855,0,0
53,98,3.4,26792,92715,886,3542,18949,61344,0,0
53,99,8.88,1732,5880,72,78,1478,5574,0,0
53,100,91.89,12210,39460,2635,5386,8183,30981,0,0
53,101,70.01,6223,15308,3776,8676,1674,4965,0,0
53,102,61.54,7656,21726,1361,3531,4527,13086,0,0
53,103,43.56,7613,23608,1551,4566,5479,17896,0,0
53,104,36.8,4651,11054,920,2357,2706,6942,0,0
53,105,71.69,9025,23434,1097,3016,3727,7974,0,0
53,106,64.61,6357,16896,4043,9204,1536,5753,0,0
53,107,51.62,4942,11429,2685,6297,334,751,0,0
53,108,27.29,2454,6959,2056,5968,22,48,0,0
53,109,3.57,404,1121,321,955,9,19,0,0
53,110,2,98,156,10,15,10,15,0,0
53,111,32.85,2014,4966,1560,4191,42,75,0,0
53,112,48.77,2951,6563,2040,4623,82,185,0,0
53,113,65.12,4184,8994,3139,6876,209,559,0,0
53,114,114.29,7143,14813,6288,13308,86,153,0,0
53,115,37,2913,7119,1854,4791,110,244,0,0
53,116,14.58,1030,2066,479,1147,59,98,0,0
53,117,49.24,3859,7497,2874,5982,90,142,0,0
53,118,73.98,4625,8273,2990,5597,147,249,0,0
53,119,60.69,4337,8575,3199,6425,107,193,0,0
53,120,97.11,5194,11233,4174,9416,132,245,0,0
53,121,45.66,3580,8348,2258,5440,122,257,0,0
53,122,86.94,6393,13880,4876,10425,909,2608,0,0
53,123,103.02,6947,14906,6040,13256,187,358,0,0
53,124,79.08,7482,17876,3870,8371,2531,7466,0,0
53,125,102.73,6721,13813,5585,11683,97,183,0,0
53,126,50.26,5664,14013,2652,5917,2448,6986,0,0
53,127,54.24,2460,5020,1843,3908,120,172,0,0
54,92,46.76,2273,5850,1831,5028,45,82,0,0
54,93,189.71,7344,15816,4787,10933,241,455,0,0
54,94,135.16,6584,13766,4839,10839,169,300,0,0
54,95,45.98,10288,29859,1258,3230,7966,24757,0,0
54,96,10.2,1452,4356,127,343,312,1270,0,0
54,97,23.02,5936,17588,285,755,4369,13805,0,0
54,98,36.96,12781,37122,1311,3273,10607,31667,0,0
54,99,1.23,8283,33067,0,0,8283,33067,0,0
54,100,9.94,26028,102607,24,69,25815,101985,0,0
54,101,7.68,9823,32726,2,3,9805,32701,0,0
54,102,29.68,10269,28299,209,717,9549,26388,0,0
54,103,41.11,5509,17918,605,1944,2781,8998,0,0
54,104,43.91,5514,15726,1579,3912,1185,3339,0,0
54,105,7.33,4660,13464,509,1431,461,1337,0,0
54,106,39.85,3908,8665,2432,5370,157,359,0,0
54,107,26.9,2390,6045,1628,4287,75,186,0,0
54,108,8.02,1320,4037,535,1716,88,257,0,0
54,109,2,314,628,250,499,7,14,0,0
54,110,1,41,82,4,8,4,8,0,0
54,111,25.09,2000,6047,1005,2734,893,3514,0,0
54,112,17.08,1289,3446,557,1704,68,165,0,0
54,113,53.56,4123,9415,2488,6195,425,844,0,0
54,114,34.95,2212,5496,1334,3546,91,199,0,0
54,115,45.5,2043,3837,1098,2246,87,150,0,0
54,116,11.17,846,1569,464,916,42,73,0,0
54,117,46.75,3646,7374,2261,4603,146,296,0,0
54,118,73.13,5002,10235,3021,6827,193,330,0,0
54,119,43.6,3366,7928,2674,6468,70,152,0,0
54,120,38.27,1887,3792,1472,3137,37,59,0,0
54,121,15,833,1449,463,851,41,67,0,0
54,122,65.98,7722,24847,3260,9551,486,1667,0,0
54,123,96.48,5960,13789,4314,9700,1014,2985,0,0
54,124,71.26,5475,12404,3693,8221,788,2244,0,0
54,125,105.73,6499,14200,5277,11872,153,263,0,0
54,126,82.1,6756,19270,5668,17252,106,203,0,0
54,127,21.8,2281,9992,788,2521,165,831,0,0
55,92,31.27,1214,2747,830,2056,34,60,0,0
55,93,113.94,6091,14230,3570,8527,987,2017,0,0
55,94,214.42,10107,24302,4691,11404,1939,6043,0,0
55,95,17.94,5020,15149,640,1973,3436,10378,0,0
55,96,7.24,5756,26790,92,323,4929,23883,0,0
55,97,28.47,10099,37427,465,949,9004,34357,0,0
55,98,44.81,6996,23048,1166,2585,4697,17949,0,0
55,99,5.57,15285,59897,15,43,15148,59507,0,0
55,100,34.81,4992,14252,925,2922,3114,8782,0,0
55,101,110.94,8992,24477,2978,6070,4273,15436,0,0
55,102,113.26,8445,22290,3536,8779,3732,11508,0,0
55,103,58.01,3878,8014,2792,5943,180,417,0,0
55,104,79.51,5014,11042,3364,7429,355,965,0,0
55,105,21.03,1696,4020,1056,2448,426,1241,0,0
55,106,3.48,444,1194,7,8,378,1121,0,0
55,107,2,68,164,7,16,7,16,0,0
55,108,2,76,76,8,8,8,8,0,0
55,111,29.99,2189,4980,1548,3739,63,123,0,0
55,112,11.77,990,1977,422,942,64,115,0,0
55,113,26.2,2229,4997,1170,3023,388,762,0,0
55,114,39,2412,5428,1614,3771,63,133,0,0
55,115,55.32,3261,5867,1607,3421,319,403,0,0
55,116,96.68,5882,9841,4307,7513,167,249,0,0
55,117,49.98,2839,5355,2022,3785,82,166,0,0
55,118,28.21,6288,19975,3159,9472,348,1166,0,0
55,119,34.82,1903,4275,1091,2750,91,170,0,0
55,120,4.38,140,272,71,142,6,12,0,0
55,121,0.57,19,38,2,4,2,4,0,0
55,122,34.19,2063,4374,1335,3244,95,156,0,0
55,123,156.3,8290,17390,7251,15702,90,150,0,0
55,124,132.28,6805,13484,4966,10407,169,304,0,0
55,125,124.07,7086,19049,5601,15725,404,987,0,0
55,126,19.55,1642,4066,1225,3283,43,85,0,0
55,127,99.28,5543,11975,3713,8256,216,500,0,0
56,90,2.99,539,1672,54,167,54,167,0,0
56,91,3.01,546,1566,54,156,54,156,0,0
56,93,144.59,6656,16183,4224,11289,202,409,1,5
56,94,105.09,5251,11080,3051,7269,486,896,7,30
56,95,16.07,8205,24231,359,973,5611,16747,0,0
56,96,19.68,4109,16191,387,796,2612,12997,0,0
56,97,8.54,9286,47655,333,1256,6292,36355,0,0
56,98,5.46,11216,39669,97,215,10346,37734,0,0
56,99,7.65,12867,27915,297,1069,10199,18294,0,0
56,100,30.56,18199,56255,675,2293,15497,46737,0,0
56,101,269.83,14722,39731,8143,22211,2581,7029,312,937
56,102,153.59,8127,19435,6884,17523,386,1217,0,0
56,103,112.43,6812,15332,5895,13565,158,407,0,0
56,104,57.66,4560,9871,3897,8698,120,271,0,0
56,105,2,62,114,7,11,7,11,0,0
56,106,3,218,436,22,44,22,44,0,0
56,107,4,184,392,18,39,18,39,104,312
56,108,6,182,311,18,31,18,31,0,0
56,112,8.61,680,1536,285,749,45,87,0,0
56,113,12.06,1004,2059,610,1419,33,57,0,0
56,114,19.46,2839,7918,343,910,277,778,0,0
56,115,9.82,1480,2839,796,1685,76,128,0,0
56,116,43.97,2874,5417,2091,4199,68,105,0,0
56,117,25.86,1607,2725,1135,1985,48,75,0,0
56,118,52.27,3928,7502,3089,5933,65,119,0,0
56,119,37.49,2400,4311,1476,2634,94,177,0,0
56,120,45.97,2285,3706,1463,2519,68,97,0,0
56,121,9.53,550,1055,157,218,44,93,0,0
56,122,88.27,5464,13278,4280,11008,399,909,30,30
56,123,79.07,6427,20012,5169,17006,569,1635,41,41
56,124,55.18,4341,9043,2669,5800,1007,2193,0,0
56,125,52.01,6179,17720,3776,12512,1533,3464,0,0
56,126,79.86,6732,16693,2908,8570,290,489,0,0
56,127,85.49,4334,9616,2784,6543,133,268,0,0
57,49,1,9,18,1,2,1,2,0,0
57,92,9.4,364,839,238,549,14,32,0,0
57,93,230.78,9256,20271,5715,13687,330,607,31,124
57,94,88.33,6870,18195,2877,7927,1951,5539,513,1653
57,95,5.4,6822,18757,325,802,3904,11539,0,0
57,96,4.03,7365,27236,731,2698,781,2952,0,0
57,97,40.35,5524,15913,491,1276,1967,6141,0,0
57,98,8.71,944,2355,207,446,214,605,0,0
57,99,55.84,6382,15646,1401,2829,4053,10759,0,0
57,100,75.92,23352,82707,1961,5476,20798,76346,0,0
57,101,153.62,10528,32452,4933,12739,2177,9600,84,252
57,102,77.28,4425,9953,2948,6815,148,322,0,0
57,103,88.03,6099,13229,4679,9818,126,262,226,1065
57,104,63.03,3548,7444,2363,5621,125,196,0,0
57,105,47.24,3635,8246,2167,5214,160,334,0,0
57,106,13.75,890,1773,657,1315,25,51,0,0
57,107,1,38,75,4,8,4,8,0,0
57,112,1.59,189,373,147,293,5,9,0,0
57,113,12.8,839,1676,632,1358,20,32,0,0
57,114,9.03,477,675,384,543,10,14,0,0
57,115,3.5,374,622,261,509,12,12,0,0
57,116,8.78,397,865,193,548,22,36,0,0
57,117,11.82,912,1858,596,1480,103,247,0,0
57,118,19.42,1273,2141,737,1266,73,141,0,0
57,119,5.93,707,1928,593,1724,13,23,0,0
57,120,35.35,1498,3176,779,1581,76,170,0,0
57,121,32.89,2870,6755,1521,4084,703,1403,0,0
57,122,305.79,18376,63259,14800,52125,3087,11995,8,31
57,123,126.65,11754,45410,7683,32361,2330,8314,610,2439
57,124,74.67,3985,8795,2818,6535,200,506,0,0
57,125,139.12,6841,14142,5145,11106,467,804,0,0
57,126,84.03,4104,8959,2472,5928,164,295,0,0
57,127,41.03,2407,6042,1659,4399,74,165,0,0
58,90,1,65,194,6,19,6,19,0,0
58,92,29.24,1127,2811,792,2168,37,70,0,0
58,93,218.53,9543,20452,6439,14929,312,572,0,0
58,94,97.06,8926,23853,2175,5483,5291,15476,0,0
58,95,5.63,3336,10206,206,464,2589,8238,0,0
58,96,8.6,5328,9297,320,875,3161,3540,406,2441
58,97,4.6,2892,7953,281,779,361,940,0,0
58,98,20.74,805,1427,193,419,64,101,0,0
58,99,172.53,9456,18755,7840,16036,159,283,0,0
58,100,114.55,11413,34039,5227,14284,5263,18054,0,0
58,101,90.29,9187,22755,4050,9622,594,1237,0,0
58,102,16.58,3530,8175,412,1009,2006,4348,0,0
58,103,34.72,2560,6379,793,2039,294,682,352,1563
58,104,43.28,3250,6571,1900,3641,139,308,0,0
58,105,31.57,2370,4975,963,2083,553,1110,0,0
58,106,5.54,461,814,233,553,25,30,0,0
58,113,6,332,361,33,36,33,36,0,0
58,114,22.11,1703,3162,1239,2568,39,53,0,0
58,115,10.41,825,1470,625,1252,21,21,0,0
58,116,92.32,5735,10955,4372,8596,128,228,0,0
58,117,5.43,2186,6772,364,968,202,645,0,0
58,118,10.44,1789,5182,277,814,354,684,0,0
58,119,38.19,4248,8732,1713,2933,2035,4982,0,0
58,120,58.94,6731,18871,1865,3859,2946,8883,0,0
58,121,95.5,5954,14707,4141,10916,558,1342,0,0
58,122,166.71,9316,29335,6947,22233,1232,4234,42,169
58,123,13.9,964,3019,574,2321,41,72,0,0
58,124,16.63,2686,13006,1323,7675,152,592,0,0
58,125,59.82,3386,7715,2884,6813,44,72,0,0
58,126,61.98,3648,8270,2192,5238,142,286,0,0
58,127,59.38,4262,9403,2933,7006,126,225,0,0
59,66,8,904,1924,129,269,86,184,0,0
59,67,3,222,268,1,2,1,2,0,0
59,69,3,1853,4338,134,329,659,1380,0,0
59,70,1,21,43,0,0,21,43,0,0
59,73,1,27,54,0,0,27,54,0,0
59,92,110.87,4350,9449,2983,6775,116,223,0,0
59,93,253.37,8941,19670,5049,12250,415,906,0,0
59,94,1.17,36,99,28,84,1,2,0,0
59,95,2.68,12375,49297,2,4,12196,48777,0,0
59,96,4.11,513,1739,152,474,40,141,0,0
59,97,20.75,5660,15752,381,1000,3612,9743,0,0
59,98,61.84,4947,13593,2340,7374,804,1991,0,0
59,99,68.58,4472,8632,2031,4529,846,1215,0,0
59,100,19.77,1626,3694,799,1580,350,875,0,0
59,101,49.33,4426,11266,2723,7964,296,583,0,0
59,102,14.45,1287,2519,763,1519,53,100,0,0
59,103,24.56,2178,5008,1392,3430,78,156,0,0
59,104,37.57,2740,6246,1966,4641,167,342,0,0
59,105,24.23,2104,5108,1160,3031,95,210,0,0
59,106,27.94,2548,7155,1833,5332,80,203,0,0
59,107,16.37,1314,3171,621,1510,75,179,0,0
59,108,19.51,2016,6091,201,609,201,609,0,0
59,110,1,13,13,1,1,1,1,0,0
59,111,1,23,91,2,9,2,9,0,0
59,113,1,20,20,2,2,2,2,0,0
59,114,4.35,112,184,57,109,6,8,0,0
59,115,120.79,7699,14312,6701,12600,82,149,0,0
59,116,88.75,5936,10647,4181,7447,802,1577,0,0
59,117,41.33,11330,30954,761,1861,7974,21187,0,0
59,118,37.27,7411,24391,2165,4867,857,3004,0,0
59,119,52.59,3602,7852,2573,5286,92,247,0,0
59,120,89.31,7057,18822,3522,8645,359,1062,0,0
59,121,41.71,2940,7005,2366,5906,59,111,0,0
59,122,6,685,1795,68,179,68,179,0,0
59,123,1,328,1313,0,0,0,0,328,1313
59,124,3.95,696,2647,104,333,66,257,0,0
59,125,0.29,32,97,32,97,0,0,0,0
59,126,60.02,3196,6828,2241,5047,103,224,0,0
59,127,94.32,5001,11137,3590,8441,246,492,0,0
60,70,2.96,2323,4645,177,354,729,1457,0,0
60,71,0.93,664,2600,67,260,67,260,0,0
60,72,1.8,410,1168,35,104,97,229,0,0
60,92,82.83,3790,8399,2676,6583,110,182,0,0
60,93,140.89,7435,19756,3589,9037,460,1284,0,0
60,94,2.18,1167,5107,188,726,133,559,0,0
60,95,7.1,11346,53844,74,256,10680,51541,0,0
60,96,0.35,54,54,5,5,5,5,0,0
60,97,31.77,4590,10444,521,996,3366,8128,0,0
60,98,22.45,2097,5683,636,1710,696,2306,0,0
60,99,21.85,8344,19652,383,1198,7799,18153,0,0
60,100,20.81,1778,4986,469,1461,368,1150,0,0
60,101,23.51,5110,15656,1248,2877,444,1449,0,0
60,102,18.37,3392,13347,271,730,2940,11963,94,472
60,103,22.27,2302,5637,1291,3395,884,2138,0,0
60,104,32.27,2645,6079,1364,3465,783,1572,0,0
60,105,26.51,2354,5623,1739,4264,64,146,0,0
60,106,34.12,2121,4638,1051,2649,248,346,0,0
60,107,43.99,2970,8310,2253,6794,67,144,0,0
60,108,15.32,1147,3535,585,1530,50,146,116,697
60,109,5,230,660,135,517,10,15,0,0
60,114,5.25,308,513,178,345,15,19,0,0
60,115,62.2,4479,10103,2313,4829,1382,4040,511,1830
60,116,77.03,5196,10757,3926,8365,136,261,0,0
60,117,68.29,6189,14249,2702,5152,2773,7682,0,0
60,118,56.45,5324,13012,2143,4291,2634,7803,0,0
60,119,63.41,4507,10009,3107,6776,141,344,0,0
60,120,24.27,2578,6153,954,2353,178,420,0,0
60,121,2.81,357,1417,315,1291,5,14,0,0
60,124,8,799,2020,93,180,507,1493,0,0
60,125,1,109,109,11,11,11,11,0,0
60,127,34.1,1572,4180,1232,3542,25,48,0,0
61,47,1,43,86,4,9,4,9,0,0
61,59,0.05,11,26,11,26,0,0,0,0
61,70,1.69,1876,6135,188,613,188,613,0,0
61,71,3.41,2486,6893,214,586,559,1621,0,0
61,72,4.49,863,2613,87,261,87,261,0,0
61,73,0.01,1,1,0,0,0,0,0,0
61,90,7.85,321,852,234,694,8,16,0,0
61,91,121.7,5338,11650,2958,7046,251,487,0,0
61,92,117.55,4846,10043,3192,7360,150,246,0,0
61,93,125.58,8357,22802,2542,6346,2225,6570,0,0
61,94,4.73,2410,9520,356,1067,229,940,0,0
61,95,21.61,16047,50718,1588,5018,1784,5598,0,0
61,96,14.27,2375,5741,1055,3026,414,1104,0,0
61,97,62.6,7361,20652,1683,4356,3866,11527,0,0
61,98,84.65,6069,17446,1328,2927,3549,12050,0,0
61,99,23.05,12540,30693,449,1141,12001,29416,0,0
61,100,41.83,4569,12449,3451,9775,152,344,0,0
61,101,53.27,5491,16605,2130,6558,2737,9361,0,0
61,102,33.37,3079,8028,1464,3480,732,2593,0,0
61,103,30.14,2699,6976,2249,5592,5,6,382,1290
61,104,80.73,6397,14482,5525,12576,316,768,0,0
61,105,38.83,2550,6631,2016,5711,46,84,0,0
61,106,34.32,2308,5587,1561,3850,83,192,0,0
61,107,12.38,1316,2973,1187,2813,14,18,0,0
61,108,6.49,957,2179,850,1965,12,24,0,0
61,110,2.72,212,787,174,691,4,11,0,0
61,113,6.7,355,740,184,445,164,321,0,0
61,114,18.96,1177,2623,892,2126,32,56,0,0
61,115,26.81,5687,13645,1956,4595,3753,9682,0,0
61,116,41.41,2836,5755,1762,3984,114,190,0,0
61,117,76.71,5081,9791,3855,7699,119,210,0,0
61,118,69.99,4752,10271,4150,9156,62,115,0,0
61,119,73.65,5239,11883,4236,9988,101,184,0,0
61,120,16.98,1556,4105,951,2593,63,165,0,0
61,124,4.03,235,427,63,84,19,38,0,0
61,125,5.99,305,512,132,272,19,27,0,0
61,127,1.8,71,127,57,113,1,1,0,0
62,58,1,12,12,1,1,1,1,0,0
62,59,5.95,576,1305,507,1187,8,13,0,0
62,71,1,147,440,15,44,15,44,0,0
62,72,3.13,1335,3254,84,228,571,1200,0,0
62,73,3.88,2846,7794,284,779,284,779,0,0
62,74,1,20,20,0,0,20,20,0,0
62,89,26.41,1483,3665,1069,2759,33,81,0,0
62,90,108.79,3626,7482,1854,4101,187,349,0,0
62,91,257.45,8701,16131,4899,10033,391,651,0,0
62,92,266.86,9419,19479,6085,14089,299,488,0,0
62,93,131.34,11359,27730,2792,6137,5611,16004,0,0
62,94,20.51,5867,16290,477,1300,2089,5602,0,0
62,95,13.6,1309,2795,130,241,153,287,357,1071
62,96,83.32,5847,16202,3093,8812,2204,7164,0,0
62,97,38.47,2254,4121,1393,2579,54,97,0,0
62,98,105.8,6473,15142,3383,6700,1644,5593,0,0
62,99,29.5,7086,22459,248,826,4939,15135,0,0
62,100,35.14,5195,13453,1564,3233,2511,7372,0,0
62,101,74.76,6838,15022,2877,5294,2654,7553,0,0
62,102,91.54,5768,11262,4641,9232,117,212,0,0
62,103,51.28,3727,7605,2908,6131,113,216,0,0
62,104,75.42,6433,15514,4769,9788,158,589,0,0
62,105,87.12,5093,9716,2754,5571,259,459,0,0
62,106,72.71,3897,8359,1743,4051,216,431,0,0
62,107,32.93,2442,4809,1064,2107,394,786,175,525
62,108,2.19,678,2521,577,2219,11,34,0,0
62,109,1,42,85,4,8,4,8,0,0
62,110,2.28,24,24,2,2,2,2,0,0
62,112,3.36,374,712,168,333,23,42,0,0
62,113,24.21,2067,4182,1502,3231,279,565,0,0
62,114,29.3,4269,11249,1762,4105,394,1072,0,0
62,115,25.42,2230,4941,1266,2883,107,229,0,0
62,116,52.41,3789,7485,3043,6406,68,88,0,0
62,117,23.86,2285,5973,1754,4311,59,185,0,0
62,118,4.15,476,1425,65,194,45,136,0,0
62,119,8.8,419,1013,210,549,24,52,0,0
62,123,3.75,270,360,88,97,20,29,0,0
62,124,2.22,106,211,11,21,11,21,0,0
62,125,13.08,754,1351,123,166,51,95,0,0
62,126,0.19,28,55,3,6,3,6,0,0
62,127,1.36,67,133,23,45,0,0,0,0
63,72,1.32,2261,6727,226,673,226,673,0,0
63,73,3.98,11123,36127,1114,3613,1114,3613,0,0
63,74,1.18,2160,5929,216,593,216,593,0,0
63,88,18.68,1194,2650,909,2066,77,206,0,0
63,89,150.67,6804,13909,4912,10936,170,262,0,0
63,90,164.36,7618,16243,5078,11617,247,456,0,0
63,91,144.89,6260,17483,4230,14142,296,616,0,0
63,92,185.43,8891,23126,4332,12135,2114,7023,0,0
63,93,76.32,5707,11739,1802,4266,656,1351,0,0
63,94,33.85,8801,24139,879,2413,879,2413,0,0
63,95,0.4,78,157,8,16,8,16,0,0
63,96,17.1,3246,10803,329,1034,2393,7679,461,2231
63,97,8.3,1087,3225,14,41,944,2835,95,370
63,98,82.11,3830,7181,3034,5971,109,246,0,0
63,99,153.31,5861,12590,4267,9202,94,238,0,0
63,100,52.04,3139,7056,2016,4739,123,256,0,0
63,101,35.24,2747,5095,1240,2205,328,808,0,0
63,102,104.37,5838,12279,3809,8494,515,1053,0,0
63,103,65.9,4497,10692,2647,6243,192,475,0,0
63,104,46.54,6465,16062,1932,3903,2356,6540,0,0
63,105,62.04,6050,14953,3783,9893,521,1631,0,0
63,106,121.84,6380,12406,4640,9594,162,264,0,0
63,107,70.61,6823,16461,4697,10858,1761,4951,0,0
63,108,15.81,1014,2905,532,1678,306,861,0,0
63,109,2,34,81,3,8,3,8,0,0
63,112,6.12,304,492,170,335,7,10,0,0
63,113,42.32,2422,4373,1599,2911,87,159,0,0
63,114,16,1379,2996,835,1865,61,126,0,0
63,115,2,75,75,8,8,8,8,0,0
63,118,1,5,5,1,1,1,1,0,0
63,119,4,332,914,261,778,5,10,0,0
63,122,18,1138,2177,505,980,71,133,0,0
63,123,8,444,891,229,464,19,43,0,0
63,124,3.02,99,277,10,28,10,28,0,0
63,125,2.12,121,235,12,23,12,23,0,0
63,126,0.59,86,173,9,17,9,17,0,0
64,56,3.75,607,1037,448,878,18,18,0,0
64,72,2.28,1572,4475,4,13,1534,4361,0,0
64,73,4.6,11706,31199,1113,3002,1702,4180,0,0
64,74,2.61,2600,5545,260,555,260,555,0,0
64,76,1,1223,2446,0,0,1223,2446,0,0
64,77,0.71,2318,6952,232,695,232,695,0,0
64,87,12.83,496,1189,325,883,15,28,0,0
64,88,117.7,5385,13123,3713,10026,159,300,0,0
64,89,145.37,6453,13329,4337,9692,207,351,0,0
64,90,151.94,6144,11719,3706,7702,234,388,0,0
64,91,67.93,6240,21404,4312,17662,179,357,0,0
64,92,69.65,4116,12626,3320,11383,78,121,0,0
64,93,39.03,10579,79857,2094,11248,1133,8196,0,0
64,94,23.68,7758,45343,776,4535,776,4535,0,0
64,95,2,1252,3723,3,7,1222,3662,0,0
64,96,11,963,2693,91,258,147,370,0,0
64,98,16.49,722,1335,555,1105,7,10,0,0
64,99,69.11,4237,9715,2506,5199,183,482,451,2255
64,100,51.81,2558,4809,1894,3767,50,66,14,72
64,101,99.9,6056,13591,3133,7018,1408,3954,0,0
64,102,76,6885,20043,1888,5997,3758,10682,0,0
64,103,57.93,6597,20452,3937,13334,1801,5328,0,0
64,104,74.46,6137,12832,5423,11566,108,203,0,0
64,105,59.65,5922,12982,4025,7985,1381,4081,0,0
64,106,96.6,6978,14291,4901,10376,1098,2179,0,0
64,107,50.35,4179,9159,3605,7945,58,126,0,0
64,108,66.38,3378,6659,2226,4711,119,199,0,0
64,109,28.8,1265,2727,477,1111,88,180,0,0
64,110,31.85,1407,2783,615,1472,86,140,0,0
64,111,6.53,245,476,86,171,18,34,0,0
64,112,21.37,1578,3618,1186,3077,38,51,0,0
64,113,30.89,1650,3217,1123,2416,42,71,0,0
64,114,9.89,961,2646,467,1248,48,148,0,0
64,115,1,24,24,2,2,2,2,0,0
64,116,18.94,1323,3449,881,2200,33,78,0,0
64,117,23.07,1409,2785,298,682,109,204,0,0
64,119,1,47,94,0,0,0,0,0,0
64,122,10,798,1756,137,278,177,474,0,0
64,123,6,419,1061,139,241,31,91,0,0
64,127,1,79,157,8,16,8,16,0,0
65,49,0.53,27,27,3,3,3,3,0,0
65,50,0.47,24,24,2,2,2,2,0,0
65,56,0.25,9,11,2,3,0,0,0,0
65,72,0.73,561,1123,0,0,561,1123,0,0
65,73,8.82,5512,15237,488,1398,1120,2661,0,0
65,74,6.84,3204,10990,120,226,2121,8952,0,0
65,75,1.98,1145,7418,5,5,1104,7377,0,0
65,76,1,673,1346,68,134,68,134,0,0
65,77,2.8,4307,14847,155,467,2908,10650,0,0
65,87,6.52,275,546,210,461,7,9,0,0
65,88,2.09,131,341,111,300,2,4,0,0
65,89,2.32,114,216,11,22,11,22,0,0
65,90,23.59,1414,3480,1196,3225,25,28,0,0
65,91,67.25,6033,14849,4234,9134,198,633,0,0
65,92,45.35,4485,25556,3293,21601,345,1132,0,0
65,93,15.7,1760,3311,222,386,190,382,0,0
65,94,14,1108,2117,257,454,108,213,0,0
65,95,11.38,5304,14284,119,243,4729,13033,0,0
65,96,8.95,1215,5902,565,2282,83,434,649,4321
65,97,4.8,957,2820,666,1993,223,662,0,0
65,99,96.42,4749,8167,4003,7053,92,156,0,0
65,100,97.47,4887,9565,3418,7073,130,227,0,0
65,101,20.17,2909,12631,647,1849,1784,9703,0,0
65,102,24.36,6827,33189,2945,15896,2319,12200,0,0
65,103,50.59,6927,23427,1932,2993,3721,16841,0,0
65,104,89.87,5575,10154,4820,8974,72,112,0,0
65,105,73.87,4751,10089,4140,9093,63,102,0,0
65,106,100.75,5359,10731,3957,8498,150,241,0,0
65,107,66.46,4918,11146,3288,7322,690,1485,0,0
65,108,50.12,7763,21014,2197,4981,2690,5891,0,0
65,109,18.4,2611,11751,546,1307,1358,8422,0,0
65,110,5.11,164,300,11,18,10,17,0,0
65,111,14.76,791,1611,505,1157,28,46,0,0
65,112,40.92,2823,6337,1855,4531,87,175,0,0
65,113,37.27,2289,5495,1365,3773,95,181,0,0
65,114,11.96,644,1780,330,1167,34,67,0,0
65,115,8,518,990,150,296,19,35,0,0
65,117,8,296,531,212,416,10,13,0,0
65,120,3,157,351,16,35,16,35,0,0
65,121,1,26,26,3,3,3,3,0,0
65,123,5,198,351,134,216,7,15,0,0
65,127,1,52,208,5,21,5,21,0,0
66,52,1,39,78,4,8,4,8,0,0
66,65,1.24,104,209,10,21,10,21,0,0
66,66,5.76,481,961,37,75,145,291,0,0
66,72,1,476,1905,0,0,476,1905,0,0
66,73,1.9,1238,3559,54,216,618,1345,0,0
66,74,5.32,4541,18654,0,0,4541,18654,0,0
66,75,1.64,2928,9987,0,0,2928,9987,0,0
66,77,3.32,3952,13175,72,217,3297,11212,0,0
66,89,21.16,3100,11135,1224,3856,208,809,0,0
66,90,107.19,6976,14720,5949,12824,111,208,0,0
66,91,75.91,7570,17203,5442,13359,1829,3258,0,0
66,92,78.88,4282,10245,3333,8490,117,269,0,0
66,93,8.54,756,1333,75,133,75,133,0,0
66,94,22.22,519,858,0,0,519,858,0,0
66,95,10.55,4198,14393,540,1622,3685,12695,0,0
66,96,11.8,2192,11230,2005,10685,12,45,0,0
66,98,2.63,346,670,35,67,35,67,0,0
66,99,36.54,1521,2777,1250,2368,31,49,0,0
66,100,78.93,3635,8200,2278,5256,135,307,0,0
66,101,28.96,1558,3040,901,1885,63,111,0,0
66,102,26.92,1966,4406,1863,4139,11,29,0,0
66,103,83.5,6533,14107,3366,6691,1704,4161,0,0
66,104,63.05,6495,16429,3933,9976,647,1880,0,0
66,105,112.52,9510,22884,2699,5770,4752,12891,0,0
66,106,103.34,5838,12001,4549,9781,152,247,0,0
66,107,59.15,4712,9066,2793,5911,942,1874,0,0
66,108,45.04,9411,27854,985,2450,6611,20130,0,0
66,109,32.91,4542,14666,2114,4986,1848,8616,0,0
66,110,42.7,2764,6492,1684,3925,94,234,0,0
66,111,67.42,4319,9376,2425,5583,190,401,0,0
66,112,38.7,2664,6329,1355,3532,97,234,0,0
66,113,10.57,478,952,211,476,30,54,0,0
66,114,7.95,504,807,236,453,30,39,0,0
66,115,3.7,187,366,153,306,4,7,0,0
66,116,1.3,61,103,42,82,2,2,0,0
66,124,1,19,19,19,19,0,0,0,0
66,126,1,123,245,12,25,12,25,0,0
66,127,1,46,93,5,9,5,9,0,0
67,49,7.85,663,1266,307,528,22,40,66,198
67,50,3,64,64,7,7,7,7,0,0
67,51,3.77,555,1419,246,802,81,254,0,0
67,72,2,859,1677,817,1634,42,42,0,0
67,73,1.79,914,1611,0,0,552,887,0,0
67,74,4.6,5041,20155,0,0,5041,20155,0,0
67,75,1,838,1676,0,0,838,1676,0,0
67,76,3,569,1138,57,114,57,114,0,0
67,77,2.16,1053,2106,87,175,268,537,0,0
67,87,1,25,51,3,5,3,5,0,0
67,89,7.08,2514,9795,251,980,251,980,0,0
67,90,1.91,213,815,181,719,4,11,0,0
67,91,14.09,1400,4190,733,2557,74,182,0,0
67,92,37.75,4067,21062,2532,12845,559,2476,0,0
67,93,11.3,5306,14008,22,34,3482,7954,0,0
67,94,8.78,1567,5435,11,12,1307,5007,0,0
67,95,13.63,5535,19534,2019,8549,3607,11342,0,0
67,96,10.83,4611,22343,2150,9757,274,1399,0,0
67,97,17.84,2515,6923,2089,6128,46,85,0,0
67,98,39.42,4711,9803,1732,4101,280,531,0,0
67,99,66.15,3669,7738,1930,4291,187,370,0,0
67,100,67.88,3965,8743,2178,4760,183,410,0,0
67,101,38.46,3352,7686,1930,4291,188,476,0,0
67,102,103.04,7450,15844,5634,12136,853,1837,0,0
67,103,65,5456,13496,3310,9180,236,468,0,0
67,104,64.69,4458,10515,2969,7468,158,325,0,0
67,105,82.4,4679,10503,3200,7346,136,288,55,164
67,106,180.08,7726,15197,5161,10887,421,910,0,0
67,107,76.54,4448,9241,2848,6081,163,330,0,0
67,108,57.39,2980,6471,1800,4296,124,233,0,0
67,109,41.26,2898,6804,1952,4640,88,205,0,0
67,110,39.27,2824,6078,1654,4033,116,198,0,0
67,111,41.29,2183,4936,1027,2495,120,259,0,0
67,112,61.61,2718,5338,1169,2539,148,282,0,0
67,113,1.76,193,382,182,364,1,2,0,0
67,114,13.05,836,1637,562,1176,31,52,0,0
67,115,1,81,81,8,8,8,8,0,0
67,127,2,58,90,6,9,6,9,0,0
68,49,6.15,723,1398,33,63,543,1081,0,0
68,50,13.71,807,1596,648,1348,36,64,0,0
68,51,12.01,683,1798,475,1416,37,98,0,0
68,52,2,21,48,2,5,2,5,0,0
68,68,6,587,1286,59,129,59,129,0,0
68,72,5,412,742,331,661,0,0,0,0
68,73,12.09,2017,4854,1683,4184,210,422,0,0
68,74,3.69,5333,24577,0,0,5333,24577,0,0
68,75,3.95,3509,14635,0,0,3509,14635,0,0
68,88,2.21,127,356,127,356,0,0,0,0
68,89,39.13,2135,4844,1604,3832,50,95,0,0
68,90,31.31,2919,7374,1299,2925,180,494,0,0
68,91,13.01,2007,6883,473,1527,365,992,43,128
68,92,56.42,3754,11502,2158,7651,565,1897,0,0
68,93,19.98,6578,21792,376,1137,5214,17165,0,0
68,94,16.03,3919,12448,193,485,3019,10454,0,0
68,95,44.3,5575,16177,1424,5187,3153,8550,0,0
68,96,36.85,3991,11336,2301,7937,788,1579,0,0
68,97,40.75,2897,7387,1787,4597,113,278,0,0
68,98,92.97,3798,7079,1805,3448,190,359,0,0
68,99,58.69,3433,7053,2120,4432,134,266,0,0
68,100,75.6,3709,7453,2569,5420,104,191,0,0
68,101,122.88,6109,13380,3831,9288,233,419,0,0
68,102,122.41,7267,15046,4064,7901,1736,4566,0,0
68,103,87.14,6446,18263,3944,12323,645,1656,0,0
68,104,43.22,2902,6261,1539,3714,146,271,0,0
68,105,104.18,5356,10968,3646,7986,211,380,0,0
68,106,100.96,5079,10436,3178,6773,184,355,0,0
68,107,65.41,3814,8855,1906,4458,196,458,0,0
68,108,50.93,3374,8030,2123,5137,182,458,0,0
68,109,32.43,1862,5401,1164,3633,74,187,0,0
68,110,65.34,3457,8486,2555,6129,146,550,240,962
68,111,36.48,2392,5274,1859,4192,60,120,0,0
68,112,37.72,1877,4201,1194,2792,72,145,0,0
68,113,14.95,759,1894,549,1610,23,32,0,0
68,114,11,393,1011,179,518,25,54,0,0
68,115,15.53,871,2106,409,1089,48,108,0,0
68,116,1,52,103,5,10,5,10,0,0
68,118,1,20,20,2,2,2,2,0,0
68,119,1,105,105,11,11,11,11,0,0
68,120,1,34,34,3,3,3,3,0,0
69,50,35.23,2650,6185,2073,5104,115,304,0,0
69,51,63.95,4897,10915,4284,9866,51,84,0,0
69,52,6.64,505,1082,180,323,36,84,0,0
69,53,2,221,221,22,22,22,22,0,0
69,72,4,810,3243,810,3243,0,0,0,0
69,73,14.91,2750,6789,2713,6715,37,74,0,0
69,74,4.65,2718,11599,0,0,2718,11599,0,0
69,75,0.05,118,471,0,0,118,471,0,0
69,88,23.73,1270,3274,1034,2860,26,46,0,0
69,89,72.42,6981,23461,4993,19854,1401,2764,0,0
69,90,96.97,6384,14246,3714,9089,477,950,0,0
69,91,100.07,7645,22190,4872,14281,1096,3309,388,1554
69,92,107.95,8242,19200,4051,8634,1805,5694,0,0
69,93,65.9,5535,13291,1828,3926,3145,8654,0,0
69,94,86.2,7409,18490,2807,8017,4207,9964,0,0
69,95,72.75,4093,10044,2447,6203,133,316,0,0
69,96,72.23,2999,6272,1659,3667,342,470,0,0
69,97,65.8,2695,5746,1237,3256,199,448,0,0
69,98,59.56,2906,6441,1469,3195,124,264,0,0
69,99,34.66,2150,4644,1372,3266,85,152,0,0
69,100,20.34,1171,2821,819,2148,39,74,0,0
69,101,93.59,3995,7971,2386,5140,153,265,0,0
69,102,143.15,5843,12595,4004,9311,269,609,0,0
69,103,186.4,9667,26665,7112,20769,309,778,303,924
69,104,57.17,4419,8970,2833,6510,943,1439,0,0
69,105,15.99,1622,3257,727,1525,679,1267,0,0
69,106,43.26,3633,9539,2457,6530,116,293,0,0
69,107,30.92,1693,4340,655,1821,113,276,0,0
69,108,35.8,1852,3970,1231,2901,70,119,0,0
69,109,93.32,4010,9550,2258,5897,159,333,0,0
69,110,87.79,3937,11363,2880,8695,95,252,0,0
69,111,15.13,1208,2694,798,1718,44,105,0,0
69,112,22.94,1305,3433,952,2616,27,64,0,0
69,113,35.75,1962,4223,1269,2875,68,132,0,0
69,114,25.04,1794,3872,1181,2727,68,127,0,0
69,115,29.7,1693,3571,966,2111,70,141,0,0
69,116,11.85,963,1768,641,1185,36,65,0,0
69,119,3,77,127,7,13,7,13,0,0
70,50,1.59,311,1055,31,105,31,105,0,0
70,51,54.23,3659,8795,2427,6179,315,773,0,0
70,52,85.22,5434,13173,3803,9374,164,399,0,0
70,53,36.59,2596,5925,2174,5191,45,81,0,0
70,74,2.79,236,287,0,0,236,287,0,0
70,78,3,301,1079,253,997,6,10,0,0
70,87,4.8,148,411,113,336,4,8,0,0
70,88,52.22,3417,7713,2615,6308,77,126,0,0
70,89,91.58,7249,16927,4977,12480,1048,2164,0,0
70,90,141.21,6832,15663,5008,12462,173,308,0,0
70,91,115.81,6283,16409,4352,12456,1098,2831,0,0
70,92,72.19,11321,29585,2751,5877,7061,21008,0,0
70,93,7.7,3846,12226,111,119,3677,11952,0,0
70,94,56.17,6582,16165,1470,3730,3983,10454,0,0
70,95,88.23,4890,10872,3622,8244,109,223,0,0
70,96,25.41,1559,3512,630,1518,104,222,0,0
70,97,42.14,2069,4303,1320,2915,75,143,0,0
70,98,40.56,2732,6099,1717,3865,186,473,0,0
70,99,31.92,965,1874,505,1121,50,79,0,0
70,100,12.11,925,2123,375,1057,62,119,0,0
70,101,63.02,3882,10968,1693,5129,412,1091,0,0
70,102,116.46,5845,14203,4311,11120,361,738,0,0
70,103,74.71,4021,9045,2832,6740,122,241,0,0
70,104,57.14,5407,11176,2773,6078,2136,4215,0,0
70,105,56.03,4619,8460,1884,3746,1820,3048,0,0
70,106,60.65,2761,5017,1757,3467,97,148,0,0
70,107,12.03,772,2101,593,1756,20,39,0,0
70,108,15,756,1563,383,849,40,75,0,0
70,109,1,83,167,8,17,8,17,0,0
70,110,11,428,750,279,548,16,22,0,0
70,111,6.23,210,566,73,161,15,45,0,0
70,112,9.04,606,1320,364,878,17,29,0,0
70,113,27.78,1364,2359,939,1840,37,45,0,0
70,114,5.18,253,273,158,160,3,5,0,0
70,115,46.2,2297,5012,1703,4020,60,104,0,0
70,116,5.77,394,842,351,789,4,6,0,0
71,51,11.41,903,2797,535,1806,191,396,0,0
71,52,66.59,4908,12582,3133,8213,370,1028,0,0
71,53,41.67,2475,5916,2065,5337,36,48,0,0
71,54,6.97,600,1535,60,154,60,154,0,0
71,55,5.62,596,1403,569,1370,3,4,0,0
71,86,1.58,143,286,91,182,6,11,0,0
71,87,45.85,2524,5689,1994,4823,56,95,0,0
71,88,83.52,6446,18524,4597,13029,153,484,0,0
71,89,63.28,5539,15281,2932,6383,2063,8361,0,0
71,90,85.73,5293,12315,4039,9893,123,246,0,0
71,91,125.62,7196,16604,4757,11587,460,932,0,0
71,92,24.31,9730,22054,843,1775,3251,8287,0,0
71,93,22.67,5967,15494,114,218,4935,13533,0,0
71,94,46.03,7618,19137,1476,2967,5052,13524,0,0
71,95,98.37,4529,9619,2937,6523,146,280,0,0
71,96,43.81,1973,4144,1177,2784,84,141,0,0
71,97,17.56,963,2606,609,1920,31,56,0,0
71,98,30.14,1870,4048,680,1495,122,253,0,0
71,99,75.8,2516,5372,1156,2813,134,253,0,0
71,100,49.61,2061,4673,1293,3114,84,173,0,0
71,101,107.98,5472,11929,3189,7253,252,505,0,0
71,102,134.89,6749,14156,3753,8038,1318,3030,0,0
71,103,71.24,3542,7917,2032,4978,155,301,0,0
71,104,59.34,4719,10201,2487,5434,233,500,0,0
71,105,33.35,2268,4551,1218,2700,106,184,0,0
71,106,54.15,3318,6515,2556,5326,61,95,0,0
71,107,15.94,623,1323,381,861,27,51,0,0
71,111,1.94,16,19,2,2,2,2,0,0
71,112,7.92,452,943,328,750,14,22,0,0
71,113,11.25,493,852,328,692,18,18,0,0
71,114,3.43,438,1096,200,424,24,73,0,0
71,115,21.34,1818,3194,177,280,498,958,0,0
71,116,14.47,769,1911,212,567,62,149,0,0
71,117,8.53,512,937,335,677,20,29,0,0
72,52,42.03,2915,8405,968,2705,214,625,0,0
72,53,69.28,4778,11701,3928,9878,132,323,0,0
72,54,15.3,1630,4064,1149,3369,53,77,0,0
72,55,63.48,5087,11437,3240,7536,204,433,0,0
72,56,17.05,2865,10147,1547,5909,80,205,0,0
72,62,0.24,71,213,71,213,0,0,0,0
72,63,0.7,204,612,204,612,0,0,0,0
72,64,1,9,9,1,1,1,1,0,0
72,86,18.8,1145,2438,884,1948,21,42,0,0
72,87,107.02,4966,10570,3970,8872,87,148,0,0
72,88,104.7,7529,19338,4406,12334,384,880,0,0
72,89,120.54,6869,13422,5534,11318,123,195,0,0
72,90,84.97,5357,11696,3931,9000,129,239,0,0
72,91,109.28,7398,17411,5674,13984,996,2386,0,0
72,92,25.94,7831,17491,766,1891,4051,9348,0,0
72,93,26.18,8289,20244,299,633,5607,14553,0,0
72,94,44.67,14796,41591,747,1223,13191,38267,0,0
72,95,52.28,7069,14004,970,1657,3663,9235,0,0
72,96,6.97,349,862,235,692,7,7,0,0
72,97,3.71,176,317,133,265,2,3,0,0
72,98,11.8,1222,3147,1060,2843,9,14,0,0
72,99,75.13,3443,7767,1939,4501,147,315,0,0
72,100,53.54,2486,5645,1569,3938,100,184,0,0
72,101,129.87,5484,12369,3229,8459,240,418,0,0
72,102,186.99,8502,19768,5467,13064,541,1308,230,921
72,103,120.21,5940,11726,3826,7765,296,647,0,0
72,104,78.29,6115,12539,5040,10431,113,223,0,0
72,105,40.88,3584,8281,2753,6527,88,186,0,0
72,106,8.65,2004,6625,242,786,196,648,0,0
73,53,40.4,3020,10676,1459,5954,326,649,0,0
73,54,69.88,5883,22257,4594,18751,136,434,0,0
73,55,16.9,1038,2678,303,870,293,783,0,0
73,56,24.86,3322,9415,2835,8307,54,124,0,0
73,57,42.63,5028,13789,2791,9131,198,416,0,0
73,61,2.43,29,45,10,20,2,3,0,0
73,62,40.67,2912,8363,2072,5400,90,321,0,0
73,63,4.04,218,608,190,564,3,5,0,0
73,86,23.83,1625,3489,1313,2984,59,131,0,0
73,87,154.24,7891,16900,5745,12822,250,554,0,0
73,88,155.15,6791,13496,5136,10973,148,229,0,0
73,89,128.05,7187,15789,5676,13364,139,235,0,0
73,90,71.82,3362,6615,2623,5424,58,99,0,0
73,91,65.37,7953,29825,4035,12444,1257,5039,0,0
73,92,42.27,7673,20143,1239,3715,4886,13777,0,0
73,93,15.51,5499,15313,114,222,4474,13305,0,0
73,94,45.08,8794,19466,1039,1995,6584,15220,0,0
73,95,12.02,5686,14219,65,190,5583,13954,0,0
73,98,19.47,895,1604,427,866,52,83,0,0
73,99,105.36,4338,9587,2454,5889,193,379,0,0
73,100,57.57,2832,6954,1923,5178,89,174,0,0
73,101,72.27,3879,8165,1628,3779,238,464,0,0
73,102,75.42,6555,16146,3429,8306,328,837,0,0
73,103,68.48,3163,6219,2087,4401,105,169,0,0
73,104,30.73,2544,5373,2100,4502,42,79,0,0
73,105,6.43,292,523,52,98,27,47,0,0
73,106,3.91,112,165,58,110,6,6,0,0
73,110,6.9,337,557,90,223,28,37,0,0
73,111,0.09,6,13,1,1,1,1,0,0
74,53,2.47,100,197,10,20,10,20,0,0
74,54,83.56,7492,27014,4183,15712,1015,4079,0,0
74,55,64.96,5187,15902,4026,13773,101,208,0,0
74,56,57.8,4539,11136,2879,7421,177,401,0,0
74,57,127.2,8253,21530,5070,15386,686,1379,0,0
74,58,25.57,1629,3958,1219,3222,24,40,0,0
74,60,28.8,3146,7444,2548,6575,50,73,0,0
74,61,85.72,9040,22228,7417,18314,278,686,0,0
74,62,57.31,3386,12935,848,3109,1747,6951,0,0
74,63,4.99,2979,10876,19,37,2812,10543,0,0
74,64,1.69,458,1334,0,0,458,1334,0,0
74,70,3,56,112,0,0,56,112,0,0
74,81,7,1238,2941,319,696,406,757,628,1835
74,86,46.74,2810,6219,2272,5268,205,414,0,0
74,87,107.44,6594,13680,5322,11517,96,167,0,0
74,88,118.93,6407,13643,5244,11652,99,205,0,0
74,89,131.31,7200,14981,5249,11777,157,249,0,0
74,90,95.77,4953,11139,3285,7487,165,366,0,0
74,91,64.7,4110,9447,3691,8713,155,435,0,0
74,92,46.03,8936,23354,1617,4019,5566,14609,0,0
74,93,6.1,7724,21033,205,402,5878,17406,0,0
74,94,21.42,8721,23790,84,164,8107,22592,0,0
74,95,12.6,1668,2773,539,1436,893,922,0,0
74,96,8.64,1195,3100,227,631,108,274,0,0
74,98,2.17,184,435,175,416,1,2,0,0
74,99,23.51,984,2417,438,1050,59,150,0,0
74,100,2,43,76,4,8,4,8,0,0
74,101,20.77,1972,5093,1509,3989,44,108,0,0
74,102,53.01,5425,13354,2259,5665,351,854,0,0
74,103,53.08,3431,7033,2233,4676,349,704,0,0
74,104,26.43,2048,4199,1335,2890,73,133,0,0
74,105,1.54,110,220,53,106,6,13,0,0
75,53,12.31,1526,3816,153,381,153,381,0,0
75,54,102.87,7833,28869,5880,22568,1886,6558,0,0
75,55,113.37,9514,29943,6605,22990,1665,4988,0,0
75,56,59.91,6809,25918,3707,14826,1028,3072,0,0
75,57,82.56,4733,12557,3389,10493,144,305,0,0
75,58,80,4945,12483,4102,10823,149,292,0,0
75,60,43,2823,5956,2259,5165,50,69,0,0
75,61,66.18,5273,13284,4655,12358,63,98,0,0
75,62,3.53,1488,5159,1482,5148,1,1,0,0
75,63,16.51,1938,5909,1208,4740,355,404,0,0
75,64,1,199,399,20,40,20,40,0,0
75,86,9.6,606,1186,474,945,15,27,0,0
75,87,54.05,3805,8261,2291,5335,127,266,0,0
75,88,35.34,13305,65727,1566,3195,11497,62117,0,0
75,89,86.71,5802,12794,4197,9589,266,560,0,0
75,90,83.41,4491,9721,3291,7530,116,212,0,0
75,91,198.13,8596,17907,6583,14954,145,223,0,0
75,92,59.73,10946,27153,2360,4877,7631,20650,0,0
75,93,18.72,9888,25211,87,165,9109,23728,0,0
75,94,35.87,7110,16217,685,1173,5830,13866,0,0
75,95,8.06,3058,3806,188,380,2595,2861,0,0
75,96,47.38,3743,11874,1614,5005,1422,5541,0,0
75,97,15.97,1142,3130,791,2267,66,247,0,0
75,98,15.14,983,1910,283,653,42,76,0,0
75,99,12.86,673,1582,349,1009,34,61,0,0
75,100,5.03,314,824,218,642,10,20,0,0
75,101,34.3,2169,5424,1084,2798,301,841,0,0
75,102,75.23,5661,13686,3749,9722,200,419,0,0
75,103,57.88,4233,10434,1500,3537,279,729,0,0
75,104,38.45,1933,4172,1399,3307,37,65,0,0
75,105,9,611,1488,528,1376,9,12,0,0
75,110,1,35,35,0,0,0,0,0,0
75,111,5,650,1485,214,595,48,99,0,0
76,51,1,68,136,68,136,0,0,0,0
76,52,8.29,767,2229,599,1616,19,68,0,0
76,53,43.09,4935,16786,2872,11436,1697,5479,512,1024
76,54,288.83,20001,71680,14797,53915,6776,25217,58,127
76,55,160.21,13653,42303,8190,27727,2360,6746,715,2862
76,56,89.9,8044,23482,3493,10178,1311,1717,0,0
76,57,85.22,5997,14636,4843,12285,106,232,0,0
76,58,70.83,6569,18609,5523,16596,319,629,0,0
76,59,28.2,4998,15960,4471,15005,26,70,0,0
76,60,12.99,1072,2827,990,2702,10,14,0,0
76,61,48.98,3440,10052,2478,7720,105,255,0,0
76,62,10.01,1849,5653,1329,4530,57,125,0,0
76,63,1.6,2275,11195,0,0,60,119,0,0
76,64,1.3,98,195,21,41,77,154,0,0
76,73,1,21,42,0,0,21,42,0,0
76,85,0.04,6,11,6,11,0,0,0,0
76,86,19.97,1477,3315,1143,2617,71,145,0,0
76,87,57.88,3808,8630,2547,5790,164,391,0,0
76,88,68.83,6942,16586,5016,12186,189,446,0,0
76,89,49.42,4115,9017,2973,6955,204,398,110,220
76,90,28.99,1022,2063,722,1695,22,30,0,0
76,91,172.85,7876,16967,6482,14838,154,294,0,0
76,92,87.06,11814,31207,2762,6319,8684,24433,0,0
76,93,19.06,9068,26099,521,1227,7419,22480,0,0
76,94,20.6,3648,9328,381,955,2778,7358,0,0
76,95,2.01,400,416,2,3,385,387,0,0
76,96,1.07,576,1154,276,554,33,67,0,0
76,97,11.24,5021,9928,341,707,1948,3567,0,0
76,98,1,7,7,1,1,1,1,0,0
76,99,21.83,1015,2236,657,1610,34,58,0,0
76,100,17.18,1287,2849,731,1854,50,87,0,0
76,101,20.64,864,1841,536,1221,37,69,0,0
76,102,69.76,3156,6624,2159,4982,82,137,0,0
76,103,49.61,2357,5046,1759,4152,54,71,0,0
76,104,48,2995,6080,2005,4224,114,182,0,0
76,105,30.49,1809,3704,1123,2421,129,305,0,0
76,111,4,284,455,28,45,28,45,0,0
77,52,62.88,3339,8034,2339,6071,76,139,0,0
77,53,83.98,7264,25718,5626,22103,877,2611,0,0
77,54,118.27,11665,41638,6569,23642,4437,16730,0,0
77,55,57.04,5969,15303,1957,4942,2605,7323,0,0
77,56,91.24,5532,15373,3324,9433,295,891,0,0
77,57,89.69,6122,15865,4908,13387,173,404,0,0
77,58,72.27,4932,12052,4098,10519,77,143,0,0
77,59,15.65,1251,2701,662,1651,53,95,0,0
77,60,7.06,313,467,164,317,11,11,0,0
77,61,9.94,469,772,208,400,83,149,0,0
77,62,8.08,1140,2268,811,1587,37,76,0,0
77,63,97.53,5623,16224,3465,7925,55,85,0,0
77,64,38.38,1630,3128,1132,2383,40,67,0,0
77,71,1,42,42,0,0,42,42,0,0
77,79,3.38,251,432,158,309,10,14,0,0
77,80,4.62,349,650,41,77,21,37,0,0
77,86,21.54,1874,4604,1592,4042,84,169,0,0
77,87,61.78,5192,13282,2482,5848,295,816,0,0
77,88,84.38,7008,16926,6214,15473,78,150,0,0
77,89,62.69,4524,11439,3843,9833,258,761,244,820
77,90,59.25,3586,7800,1792,3897,678,2102,605,2089
77,91,155.39,7354,16172,5768,13622,122,230,0,0
77,92,87.19,11963,27394,3020,6669,7786,18562,0,0
77,93,30.31,9778,27753,701,1350,7491,24009,0,0
77,94,7.98,4287,12241,348,1188,2158,4501,0,0
77,95,15.02,1996,3510,341,518,1222,2107,0,0
77,96,16.08,1437,3013,655,1628,191,255,0,0
77,97,16.68,3918,7564,382,906,1600,2806,0,0
77,98,7.27,1164,4909,124,248,928,4429,0,0
77,99,4.7,201,446,16,33,16,33,0,0
77,100,20.83,824,1612,496,990,36,69,0,0
77,101,35.94,1934,4265,1191,3019,68,108,0,0
77,102,33.06,1611,3008,978,2126,70,97,0,0
77,103,30.5,2008,4956,1560,3767,48,131,0,0
77,104,50.4,2472,4704,1400,2895,91,130,0,0
77,105,33.45,2226,4792,1789,4004,40,70,0,0
77,106,3.01,187,511,157,466,4,5,0,0
77,110,1,15,15,1,1,1,1,0,0
77,111,4,332,586,199,390,15,22,0,0
78,52,27.76,3267,9750,2037,7156,152,335,0,0
78,53,81.68,5293,13861,4274,11849,230,634,0,0
78,54,72.78,7004,26022,5284,21812,677,2454,0,0
78,55,69.23,5467,19297,3659,14048,427,1527,0,0
78,56,80.04,4637,11453,3725,9826,65,120,0,0
78,57,67.82,4046,9242,3085,7544,213,545,0,0
78,58,62.32,5457,11729,2914,6807,997,1974,0,0
78,59,91.47,5582,11212,3580,7203,384,775,0,0
78,60,3.87,284,462,189,367,11,11,0,0
78,61,6,450,1109,267,779,20,37,0,0
78,63,98.8,4029,9366,3222,8036,97,189,0,0
78,64,118.96,6396,12490,5538,11215,86,139,0,0
78,65,44.21,2017,4310,1608,3552,44,83,0,0
78,72,2,123,218,0,0,123,218,0,0
78,86,26.97,1831,4207,1287,3142,44,88,0,0
78,87,73.87,3951,8899,3143,7430,62,105,0,0
78,88,48.67,4963,10294,4335,9104,66,125,0,0
78,89,76.36,6677,14326,6317,13781,36,57,0,0
78,90,84.64,5136,11121,4229,9490,344,949,0,0
78,91,166.42,7938,17713,6290,14793,134,251,0,0
78,92,102.86,10892,29496,3731,9022,5374,15788,0,0
78,93,18.07,11869,38373,381,1194,9989,32859,0,0
78,94,32.46,3830,11503,680,2107,1208,3614,0,0
78,95,29.01,4155,12421,916,2051,2173,8009,0,0
78,96,27.71,1759,3970,1201,3010,116,147,0,0
78,97,12.2,930,2197,714,1840,14,22,0,0
78,98,8.69,812,2203,554,1632,15,36,0,0
78,99,12.97,947,1561,320,629,68,101,0,0
78,100,20.28,1217,2450,929,1976,29,51,0,0
78,101,10.53,975,2451,770,1883,22,63,0,0
78,102,15.68,1183,2701,796,2142,36,55,0,0
78,103,6.85,303,708,25,53,25,53,0,0
78,104,29.74,2031,4136,1097,2468,214,405,0,0
78,105,9.49,883,2355,626,1669,28,76,0,0
78,108,1,372,745,372,745,0,0,0,0
78,110,10,610,979,302,407,35,64,0,0
78,111,1,41,83,4,8,4,8,0,0
79,51,5,492,1709,364,1339,5,16,0,0
79,52,51.05,4192,12407,2464,8230,513,1467,0,0
79,53,28.8,2489,6977,1572,4166,74,254,0,0
79,54,61.42,4398,11461,2611,7259,189,458,0,0
79,55,49.73,4520,18326,2803,11116,177,757,0,0
79,56,65.75,4658,14273,3562,11258,76,173,0,0
79,57,53.34,4702,18663,2413,8041,133,594,162,971
79,58,24.01,2660,5914,2259,5056,103,213,0,0
79,59,16.28,1068,2122,278,648,226,445,0,0
79,61,11,488,794,415,683,8,12,0,0
79,62,6,295,555,229,455,7,11,0,0
79,63,3.44,238,852,24,86,24,86,0,0
79,64,17.76,1413,3056,778,1587,121,270,0,0
79,79,2.33,100,131,40,43,3,6,0,0
79,85,1.16,41,58,17,34,0,0,0,0
79,86,15.25,1186,2420,818,1488,40,103,0,0
79,87,1.06,33,37,3,3,3,3,0,0
79,88,5.99,700,1794,401,1171,34,69,0,0
79,89,24,2344,5329,1498,3606,74,164,0,0
79,90,77.93,5786,12746,5033,11440,60,106,0,0
79,91,104.54,6762,15067,4899,11728,974,1916,0,0
79,92,61.15,9878,27442,3990,12763,2882,6171,0,0
79,93,8.85,9035,25791,735,2195,2426,6031,0,0
79,94,29.4,4899,14358,847,1935,2727,9068,0,0
79,95,43.28,3286,6062,1278,2376,239,467,0,0
79,96,29.93,2486,5283,1292,2735,124,270,0,0
79,97,37.65,1898,3736,1156,2443,62,108,0,0
79,98,11.9,568,1240,333,757,19,40,0,0
79,99,34.12,1808,4193,1052,2622,65,125,0,0
79,100,27.18,1806,4521,1316,3604,47,87,0,0
79,101,11.83,955,2674,726,2020,25,72,0,0
79,102,14.14,970,2260,548,1453,38,72,0,0
79,104,8.73,906,1828,266,533,407,814,0,0
79,105,39.72,2352,5271,1543,3768,82,157,0,0
79,106,4.7,169,306,18,34,17,30,0,0
79,108,4.21,390,637,267,513,14,14,0,0
79,109,7.97,332,752,80,146,23,53,0,0
79,110,7.82,574,1446,299,879,104,210,0,0
80,51,23.5,1357,2737,725,1719,180,333,0,0
80,52,64.28,5440,14512,4491,12495,101,212,0,0
80,53,16.56,1535,3242,955,1927,63,142,0,0
80,54,26.48,1497,3028,515,1153,110,208,0,0
80,55,59.09,3270,8246,1245,3161,207,534,0,0
80,56,90.5,4873,13651,3583,10665,128,295,0,0
80,57,23.48,1234,3053,872,2397,32,57,0,0
80,58,8.94,827,1656,451,947,41,79,0,0
80,59,3.58,272,754,226,672,5,9,0,0
80,60,14.72,678,1192,418,835,23,30,0,0
80,61,5,551,1071,55,107,55,107,0,0
80,62,14.34,1152,2851,952,2482,20,37,0,0
80,63,5.79,561,1051,242,477,36,64,0,0
80,64,1.39,222,621,22,62,22,62,0,0
80,66,5,194,391,19,39,19,39,0,0
80,67,1,59,59,6,6,6,6,0,0
80,72,0.02,106,213,32,64,106,213,0,0
80,73,3.4,2933,6730,476,820,2879,6622,0,0
80,74,29.85,3333,9106,1311,3280,1780,5314,0,0
80,75,32.41,1650,3705,1256,3087,32,49,0,0
80,79,1.67,108,108,108,108,0,0,0,0
80,86,0.82,98,295,83,249,2,5,0,0
80,88,13.87,1203,2602,1002,2205,8,14,0,0
80,89,46.88,3884,8225,3065,6531,83,173,0,0
80,90,83.76,6327,14370,5162,11952,159,337,0,0
80,91,77.77,5715,11989,4715,10349,158,294,0,0
80,92,42.83,7454,22430,3085,11140,3031,8434,0,0
80,93,17.71,11771,39360,2906,14045,7567,22685,0,0
80,94,58.82,3984,8471,2428,5738,891,1785,0,0
80,95,6.33,299,653,159,397,13,20,0,0
80,96,20.7,1815,3726,658,1540,680,1345,0,0
80,97,10.45,994,1876,543,1075,50,89,0,0
80,98,12.19,697,1820,445,1309,27,57,0,0
80,99,16.03,737,1637,474,1092,26,51,0,0
80,100,14.9,929,1612,575,988,36,63,0,0
80,101,22.32,1544,3634,871,2246,75,153,0,0
80,102,19.26,1618,3998,1191,3112,23,42,0,0
80,103,11.18,1156,2310,770,1652,18,32,0,0
80,104,4.89,383,1049,285,881,11,19,0,0
80,105,50.54,3934,8211,3257,6952,56,91,0,0
80,106,11.96,753,1575,508,990,25,60,0,0
80,107,3.29,171,432,17,43,17,43,0,0
80,108,14.71,1109,2775,342,711,53,133,0,0
80,109,16,1255,3013,955,2522,26,47,0,0
81,45,0.12,4,4,0,0,0,0,0,0
81,50,14,1441,4194,1048,3435,44,84,0,0
81,51,40.47,2654,6617,1735,4771,97,187,0,0
81,52,39.35,2990,8618,2386,7426,67,130,0,0
81,53,65.42,3680,7718,2136,4444,152,314,0,0
81,54,41.87,2153,4646,1331,3196,87,151,0,0
81,55,23.78,2234,6040,1598,5006,289,694,0,0
81,56,36.5,2670,6565,2025,5045,66,158,0,0
81,57,11.57,1331,3157,524,1260,77,176,0,0
81,58,27.25,1478,3318,743,1882,57,112,0,0
81,60,8.62,487,1225,376,1064,10,14,0,0
81,61,30.66,1727,3921,1079,2729,66,125,0,0
81,62,2.65,217,418,203,404,2,2,0,0
81,63,33.05,1343,2490,830,1728,50,71,0,0
81,64,2.04,87,109,29,51,6,6,0,0
81,65,3.47,178,322,134,264,5,7,0,0
81,66,5,406,1097,303,898,11,22,0,0
81,71,0.14,5,5,0,0,0,0,0,0
81,72,33.77,10192,24745,3202,6955,8319,20501,0,0
81,73,50.82,12201,25752,2789,5835,10210,22177,0,0
81,74,87.31,7428,18439,3484,9227,3045,8054,0,0
81,75,86.34,5982,14253,5170,12639,80,165,0,0
81,76,10.14,721,1650,643,1516,8,15,0,0
81,85,8,997,1924,756,1510,21,41,0,0
81,86,2.18,170,457,52,149,14,35,0,0
81,87,9.27,675,1439,325,778,24,44,0,0
81,88,29.83,2757,6064,1915,4571,58,103,0,0
81,89,37.41,3166,6164,2269,4443,131,292,0,0
81,90,83.5,6140,13925,3999,9106,191,457,0,0
81,91,88.81,7033,15027,5790,12515,117,238,0,0
81,92,84.38,9349,21822,4821,11134,1326,3703,0,0
81,93,85.8,8274,25751,5995,19358,631,2242,0,0
81,94,44.74,3809,7907,1969,4225,1321,2959,0,0
81,95,2.06,625,1356,96,132,462,867,0,0
81,96,1.33,412,1625,64,231,39,155,0,0
81,97,0.93,163,326,163,326,0,0,0,0
81,98,18.45,1392,3088,810,1800,19,34,0,0
81,99,20,2107,5470,876,2199,571,1198,0,0
81,100,18.32,1659,3938,1301,3435,32,40,0,0
81,101,20.04,1414,3434,774,1927,71,167,0,0
81,102,25.96,1366,2677,732,1606,55,79,0,0
81,103,3,669,1778,552,1634,13,16,0,0
81,104,5.81,632,1351,474,1036,17,35,0,0
81,105,22.99,2179,5519,1727,4068,305,1182,0,0
81,106,16.76,1613,3675,1352,3075,115,427,0,0
81,107,10,827,1897,712,1690,13,23,0,0
81,108,4.01,270,511,252,476,2,4,0,0
81,112,0.36,35,35,4,4,4,4,0,0
82,45,0.88,31,31,3,3,3,3,0,0
82,49,2,122,244,12,24,12,24,0,0
82,50,33.78,1776,4142,1277,3319,51,84,0,0
82,51,17.69,1089,2263,672,1623,46,72,0,0
82,52,39.12,2348,5521,1367,3357,105,230,0,0
82,53,110.76,4497,8043,3534,6595,70,110,0,0
82,54,4.98,404,930,160,470,8,14,0,0
82,55,23.47,1782,4139,1158,2971,58,118,0,0
82,56,17.27,730,1292,541,985,22,34,0,0
82,57,14.06,1278,2672,722,1920,62,84,0,0
82,58,13.92,672,1647,396,1197,28,47,0,0
82,59,1,7,7,1,1,1,1,0,0
82,60,0.6,5,5,1,1,1,1,0,0
82,61,6.48,339,790,270,663,2,3,0,0
82,62,39.45,2468,5378,1603,3799,473,932,0,0
82,63,9.6,923,2011,471,1060,50,106,0,0
82,64,63.2,3604,7554,2359,5440,106,178,0,0
82,65,37.15,1702,3182,1127,2265,39,59,0,0
82,66,1,72,142,72,142,0,0,0,0
82,67,4.99,814,2049,25,37,585,1717,0,0
82,72,81.57,5405,12246,3910,9353,869,1838,0,0
82,73,65.66,9394,20978,1469,3461,7003,16271,0,0
82,74,67.05,9627,34465,2121,6472,5223,15089,0,0
82,75,91.11,5442,12519,4582,10963,87,160,0,0
82,76,41.37,2437,5230,1803,4177,65,112,0,0
82,77,19.29,1255,1476,126,148,126,148,0,0
82,85,9.51,812,1571,695,1387,7,8,0,0
82,86,65.87,5047,11304,4384,10056,62,115,0,0
82,87,89.53,5177,12163,4383,10706,54,101,0,0
82,88,31.99,4672,13698,2513,5922,1862,7388,0,0
82,89,22.13,2691,9810,2488,9501,18,24,0,0
82,90,32.53,6193,19387,2287,6881,3056,10631,0,0
82,91,56.86,5891,16635,4458,12525,122,390,0,0
82,92,38.61,5214,11933,1365,3386,246,479,435,1739
82,93,108.37,5829,12008,4158,8947,571,1180,0,0
82,94,31.44,4364,10633,1461,3727,1715,4068,0,0
82,95,25.28,5851,15042,1198,2562,3342,9819,0,0
82,96,31.55,2841,6550,1139,2838,501,1036,0,0
82,97,38.62,4839,9353,1689,3819,1755,3130,0,0
82,98,19.26,1608,3623,1358,3056,23,53,0,0
82,99,17.98,1419,3259,1166,2698,27,62,0,0
82,100,20.71,1515,3141,919,2039,49,96,0,0
82,101,25.09,2143,4432,1421,3040,74,142,0,0
82,102,14.55,1599,3503,958,2347,379,744,0,0
82,103,12.36,2315,6138,448,1047,207,565,0,0
82,104,5.32,435,691,80,142,34,50,0,0
82,105,4.3,1188,3234,236,709,1188,3234,0,0
82,106,14.31,2102,6644,387,1165,1443,4756,0,0
82,107,12.6,1361,3468,908,2484,12,24,0,0
82,108,1.99,234,468,125,251,12,24,0,0
82,109,5,635,1644,63,165,63,165,0,0
82,111,1,21,21,2,2,2,2,0,0
82,112,4.64,463,1068,46,107,46,107,0,0
83,49,2,50,50,5,5,5,5,0,0
83,50,32.65,1744,4055,1099,2786,72,140,0,0
83,51,14.41,1749,4620,1416,3720,28,76,0,0
83,52,62.49,4697,10616,2250,5274,297,690,0,0
83,53,64.9,3438,7028,2276,5006,113,194,0,0
83,54,21.73,1409,3425,1181,2951,19,32,0,0
83,55,1.01,75,224,2,6,0,0,0,0
83,56,13,382,781,210,511,19,30,0,0
83,57,12.77,591,1252,392,936,23,36,0,0
83,58,20.9,1863,5075,1201,3764,66,131,0,0
83,59,2,34,34,3,3,3,3,0,0
83,62,23.92,2358,4959,544,1341,1296,2577,0,0
83,63,66.71,4480,9801,3272,7124,342,880,0,0
83,64,34.36,2332,4642,1398,2705,299,808,0,0
83,65,10.42,5673,12815,414,975,1945,4039,0,0
83,66,4.34,6184,34842,64,158,5608,33418,0,0
83,67,0.05,18,54,2,5,2,5,0,0
83,72,47.37,3083,7653,2712,6985,33,58,0,0
83,73,33.62,2902,8348,1917,5295,37,77,0,0
83,74,66.05,6912,19229,4202,12008,122,266,0,0
83,75,77.56,5273,12040,4702,10990,50,94,0,0
83,76,77.81,4324,8874,3251,7225,144,238,0,0
83,77,44.54,2727,4776,571,1073,237,406,0,0
83,85,6.68,1199,1816,194,329,112,165,0,0
83,86,1.8,322,902,46,98,1,1,0,0
83,87,120.32,4131,8621,3839,8120,11,25,0,0
83,88,44.41,3174,12068,2445,10935,63,88,0,0
83,89,12.49,6793,44180,5136,40444,1648,7598,0,0
83,90,20.09,6483,29300,2308,16994,3167,9412,0,0
83,91,13.24,1556,7024,1374,6441,21,66,0,0
83,92,27.16,6305,37901,5934,37109,516,3932,0,0
83,93,20.06,8155,27625,1680,9706,5734,15864,0,0
83,94,16.17,11627,29121,439,1046,8550,22301,0,0
83,95,30.41,2273,5069,957,2519,342,674,0,0
83,96,32.63,4068,9197,1818,3916,248,584,0,0
83,97,16.91,5013,15385,681,1518,3685,12517,0,0
83,98,16.58,2877,7928,2282,6030,458,1486,0,0
83,99,13.55,1391,3573,866,2435,176,495,0,0
83,100,3.5,262,506,45,90,23,46,0,0
83,101,13,1083,2106,801,1661,26,45,0,0
83,102,14.13,1197,2910,700,1856,84,120,0,0
83,103,9.84,1408,3310,577,1240,89,227,0,0
83,104,15.57,1063,2131,702,1504,33,57,0,0
83,106,2.2,74,205,52,162,2,5,0,0
83,107,23.21,1205,2548,745,1716,53,95,0,0
83,108,1.17,63,127,15,29,0,0,0,0
83,110,4,318,848,101,294,24,62,0,0
83,111,8,585,1355,300,570,32,88,0,0
83,112,6,272,530,101,203,17,35,0,0
84,50,5.34,242,693,94,280,16,45,0,0
84,51,2.48,75,161,67,134,1,3,0,0
84,52,32.76,2173,4983,1301,3133,80,172,0,0
84,53,24.34,1422,3081,966,2230,45,87,0,0
84,54,0.45,68,135,7,14,7,14,0,0
84,55,11.39,462,1060,311,799,16,29,0,0
84,56,2.49,240,571,126,365,12,22,0,0
84,57,20.64,1561,3095,523,1165,632,1247,0,0
84,58,7.17,469,959,409,845,7,13,0,0
84,59,13,656,1258,231,459,11,20,0,0
84,60,4,141,396,80,237,7,18,0,0
84,62,4.02,432,820,350,696,6,8,0,0
84,63,29.48,2211,4632,1882,4105,14,17,0,0
84,64,5,335,660,256,512,1,2,0,0
84,66,1.22,13874,77705,0,0,13874,77705,0,0
84,67,4.52,4045,12918,326,979,1107,4103,0,0
84,68,0.65,687,2060,69,206,69,206,0,0
84,72,9.92,638,1560,469,1380,14,15,0,0
84,73,74.86,5476,13230,4854,12127,64,114,0,0
84,74,60.48,4399,9785,3984,9034,28,53,0,0
84,75,75.48,5284,14059,4623,12640,58,133,0,0
84,76,82.59,5869,16335,3259,9282,1589,4714,0,0
84,77,58.76,3389,7076,2748,5798,213,588,0,0
84,83,3,108,216,11,22,11,22,0,0
84,86,1,362,1087,36,109,36,109,0,0
84,87,45.01,4318,9360,3520,7758,71,144,0,0
84,88,75,5727,17033,4635,15423,84,122,0,0
84,89,94.24,6033,16035,4116,11995,172,362,0,0
84,90,55.55,4203,10159,2635,6697,164,358,0,0
84,91,49.07,10752,19250,1285,5192,8961,12992,0,0
84,92,50.92,13723,62582,4805,28902,5137,15491,0,0
84,93,56.33,5841,29099,4109,24329,830,2282,0,0
84,94,14.89,9909,34796,2623,19763,2993,8078,0,0
84,95,17.32,1317,4736,619,2751,177,398,0,0
84,96,7.28,5339,14702,260,658,2998,8776,0,0
84,97,8.39,6167,22159,0,0,6167,22159,0,0
84,98,10.72,1753,5049,228,413,1098,3992,0,0
84,99,4,301,830,247,739,4,8,0,0
84,100,10,557,1058,202,399,39,74,0,0
84,101,15.01,3155,9521,313,793,2373,7546,0,0
84,102,5.42,568,1520,346,983,8,25,0,0
84,103,26.94,1426,3020,925,1976,51,105,0,0
84,104,32.52,3026,6277,1642,3761,155,280,0,0
84,105,16.41,1065,1987,771,1509,30,44,0,0
84,106,3.42,315,699,163,333,17,41,0,0
84,107,10.91,887,2764,302,837,86,258,0,0
84,108,1,421,1684,421,1684,0,0,0,0
84,110,5,821,1250,238,476,22,43,0,0
84,111,8.99,492,1233,174,434,32,85,0,0
84,113,1,55,55,6,6,6,6,0,0
85,51,1,214,428,21,43,21,43,0,0
85,53,0.04,2,5,0,0,0,0,0,0
85,54,3.55,428,1252,222,840,23,46,0,0
85,55,5.43,404,1007,171,452,26,62,0,0
85,56,15.23,1912,5116,1037,2897,89,234,0,0
85,57,14.31,881,2122,698,1877,14,21,0,0
85,58,7.21,406,1040,264,775,16,30,0,0
85,59,5.09,334,707,168,429,18,31,0,0
85,60,7.7,499,1227,431,1097,7,14,0,0
85,62,8.94,883,2275,256,531,132,282,0,0
85,63,8.62,1251,2958,288,623,517,1080,0,0
85,64,24.45,1196,2235,664,1314,57,99,0,0
85,65,7,939,2387,279,609,73,198,0,0
85,66,0.58,2128,10787,114,683,1104,4644,0,0
85,67,0.09,431,1725,0,0,431,1725,0,0
85,69,2.58,451,817,45,82,45,82,0,0
85,70,2.42,186,251,18,25,18,25,0,0
85,73,65.3,4180,11037,3319,9078,92,213,0,0
85,74,58.27,4979,11656,3138,8023,255,448,0,0
85,75,32.47,5071,14947,4098,13564,542,1335,0,0
85,76,64.64,5511,11563,4799,10341,161,309,0,0
85,77,53.85,4236,8573,3150,6656,88,159,0,0
85,78,14.43,616,1435,328,797,27,55,0,0
85,86,1,16,32,2,3,2,3,0,0
85,87,8.38,530,1147,314,671,20,50,0,0
85,88,41.74,3131,6904,2687,6139,44,81,0,0
85,89,61.47,3721,8362,2850,6784,76,136,0,0
85,90,60.43,5085,12552,2560,7090,271,593,0,0
85,91,30.43,8207,26024,5364,17081,250,921,0,0
85,92,78.22,7424,20089,5351,15903,167,341,0,0
85,93,39.4,5282,19681,2502,12212,1450,3411,0,0
85,94,28.5,8979,41334,2132,16847,796,4662,0,0
85,95,10.57,3071,7329,147,1222,2371,5127,0,0
85,96,4.07,1021,3400,0,0,1021,3400,0,0
85,97,8.73,4690,13942,18,53,3640,11678,0,0
85,98,8.27,4011,15901,1653,8528,1759,5577,0,0
85,99,7.92,2677,11999,2584,11821,10,20,0,0
85,100,12.78,1053,2457,929,2239,11,18,0,0
85,101,0.82,169,508,169,508,0,0,0,0
85,102,15.47,1334,3014,831,2080,56,104,0,0
85,103,41.97,2226,4417,1321,2827,88,158,0,0
85,104,24.82,2192,4436,803,1998,104,207,0,0
85,105,7.3,434,1002,323,770,5,12,0,0
85,106,15.56,1541,3038,1305,2622,18,33,0,0
85,107,0.02,3,5,3,5,0,0,0,0
85,109,4.02,267,481,138,277,14,23,0,0
85,110,6.76,505,962,362,719,11,18,0,0
85,111,10.26,663,1384,257,710,45,74,0,0
85,112,4.06,241,611,149,437,10,19,0,0
85,113,7.9,686,1369,289,598,44,86,0,0
86,41,1,15,30,1,3,1,3,0,0
86,52,1,40,40,4,4,4,4,0,0
86,53,1,9,9,1,1,1,1,0,0
86,56,1,200,400,20,40,20,40,0,0
86,57,5.46,248,453,198,392,6,7,0,0
86,58,22.89,1506,3407,1259,2901,21,50,0,0
86,59,13.46,1202,2497,866,1756,32,70,0,0
86,60,16,1052,1956,861,1714,15,21,0,0
86,61,1,3,3,0,0,0,0,0,0
86,62,1,145,289,0,0,145,289,0,0
86,63,3,289,556,269,535,2,2,0,0
86,64,3,473,944,46,95,46,95,0,0
86,65,2,687,3096,69,310,69,310,0,0
86,66,2.62,2877,15685,288,1568,288,1568,0,0
86,67,18.04,1718,4161,491,1080,112,297,0,0
86,68,0.96,120,240,12,24,12,24,0,0
86,69,0.08,14,29,14,29,0,0,0,0
86,70,1,119,239,12,24,12,24,0,0
86,71,1,88,264,9,26,9,26,0,0
86,73,4.33,305,599,279,556,3,5,0,0
86,74,10.11,1113,2219,1085,2172,12,14,0,0
86,75,44.57,7908,32924,4950,20070,318,1413,0,0
86,76,43.1,4715,12404,4345,11643,35,75,0,0
86,77,55.39,4384,9733,3634,8222,60,128,0,0
86,78,45.53,3190,7641,2400,6113,59,115,0,0
86,83,1,21,21,2,2,2,2,0,0
86,86,2.05,620,1239,62,124,62,124,0,0
86,87,7.56,855,2089,234,655,62,139,0,0
86,88,27.42,2059,4880,1423,3606,49,96,0,0
86,89,36.18,2618,5885,1951,4660,49,83,0,0
86,90,23.54,1697,3191,655,1185,110,213,0,0
86,91,38.53,2034,4239,1240,2775,84,152,0,0
86,92,92.91,6209,16619,5201,14500,85,186,0,0
86,93,26.64,5749,22177,1664,6105,3898,15566,0,0
86,94,56,3396,8120,2603,6320,215,777,0,0
86,95,3.31,321,717,124,361,6,9,0,0
86,96,9.17,2755,7517,43,85,43,85,0,0
86,97,1.34,177,355,0,0,177,355,0,0
86,98,25.48,3793,12060,1239,4679,2297,6899,0,0
86,99,34.68,3552,11036,2873,9078,39,90,0,0
86,100,20.03,2144,5276,1861,4624,30,71,0,0
86,101,8.94,898,1993,649,1558,4,8,0,0
86,102,28.67,2230,4779,1678,3742,61,115,0,0
86,103,19.31,1580,3697,1263,3040,35,70,0,0
86,104,22.55,1576,3162,751,1836,387,441,0,0
86,105,25.18,1797,4068,946,2633,302,404,0,0
86,106,18.6,1768,3699,1185,2473,65,136,0,0
86,107,2.94,211,416,198,396,2,2,0,0
86,108,4,421,1208,357,1081,1,2,0,0
86,109,7.72,837,1897,693,1617,7,14,0,0
86,111,3,224,354,95,108,14,27,0,0
86,112,1,29,59,3,6,3,6,0,0
86,113,6.04,472,881,53,93,47,87,0,0
86,114,1,26,26,3,3,3,3,0,0
87,55,12,592,1261,364,841,19,41,0,0
87,56,5.15,133,284,63,153,8,15,0,0
87,57,6.06,399,1007,351,931,5,8,0,0
87,58,13.81,1076,2480,671,1557,43,97,0,0
87,59,35.16,2447,5018,1541,3335,72,147,0,0
87,61,2,281,773,249,740,77,225,0,0
87,62,1,12,12,1,1,1,1,0,0
87,67,15,1069,2669,503,1212,62,161,0,0
87,68,41.33,3230,8513,1449,3639,194,537,0,0
87,69,8.49,741,1615,475,1097,22,50,0,0
87,70,1.31,42,66,12,37,0,0,0,0
87,74,1.8,53,98,18,37,3,6,0,0
87,75,54.22,6959,20108,6415,18590,54,162,0,0
87,76,49.38,5666,22032,4498,16674,263,1487,0,0
87,77,50.66,4454,10496,3913,9411,45,83,0,0
87,78,55.22,4477,10182,3627,8340,74,155,0,0
87,79,27.31,1707,3479,1434,2987,30,53,0,0
87,85,7.14,1076,2853,733,2177,108,216,0,0
87,86,5.87,1968,5732,447,1325,177,506,0,0
87,87,2.38,441,854,44,85,44,85,0,0
87,88,9.66,936,2371,443,1090,125,370,0,0
87,89,16.68,1142,2317,927,1974,17,28,0,0
87,90,16.41,870,1762,654,1437,21,33,0,0
87,91,36.62,2859,5941,1533,3403,119,235,0,0
87,92,55.31,3132,6432,1992,4068,109,225,0,0
87,93,3.56,1160,5127,127,535,115,510,0,0
87,94,33.86,2360,5696,1403,3229,60,186,0,0
87,95,28.27,5620,28172,4500,25125,602,1867,0,0
87,96,23.48,8717,22821,1396,6075,6241,14590,0,0
87,97,10.71,4183,12832,137,409,4037,12396,0,0
87,98,22.38,2571,6528,657,1960,481,1312,0,0
87,99,19.53,2005,4731,1355,3421,57,109,0,0
87,100,35.23,2589,5683,1753,4060,79,161,0,0
87,101,19.58,1291,2831,672,1677,55,109,0,0
87,102,32.12,1748,3497,1256,2799,37,59,0,0
87,103,51.16,3773,9232,1444,2980,1499,4947,0,0
87,104,45.61,4331,9377,3537,7540,620,1531,0,0
87,105,27.45,2599,6208,1455,3849,127,261,0,0
87,106,18.56,2233,4761,516,1140,183,378,0,0
87,107,8.27,900,2013,468,1027,43,97,0,0
87,108,3.4,336,916,300,844,20,40,0,0
87,109,20.7,1904,4574,1696,4148,17,35,0,0
87,110,14.41,1539,3638,1235,3128,25,48,0,0
87,111,4.92,659,1587,587,1443,8,16,0,0
87,112,6,722,1689,544,1333,20,39,0,0
87,113,1,47,94,0,0,0,0,0,0
88,56,10.11,569,1341,383,956,38,78,0,0
88,57,8.56,1739,3927,280,605,156,357,0,0
88,58,5.66,305,602,247,506,5,10,0,0
88,59,31.64,2049,4256,1166,2546,88,170,0,0
88,60,5.99,74,149,4,4,4,4,0,0
88,61,4.02,315,379,233,240,9,15,0,0
88,68,4.99,361,751,87,198,19,31,0,0
88,69,25.14,1904,4882,1468,4046,41,81,0,0
88,70,25.17,1772,4231,1372,3555,27,54,0,0
88,75,46.17,4495,8505,3312,5824,911,2231,0,0
88,76,39.95,9745,36883,4635,17555,3183,9984,0,0
88,77,33.34,5888,17372,3767,11922,633,1969,0,0
88,78,51.23,3937,9854,3300,8593,145,285,0,0
88,79,51.16,3467,7092,2773,5754,114,223,0,0
88,80,9.28,1698,3390,194,388,1184,2365,0,0
88,81,1.18,178,347,1,1,170,340,0,0
88,86,4.96,186,333,115,217,8,13,0,0
88,87,9.04,662,1451,349,843,35,68,0,0
88,88,16.26,1428,3231,882,2177,10,15,0,0
88,89,31.83,2247,4437,1085,2330,299,568,0,0
88,90,13.28,1820,2804,236,465,1359,1951,0,0
88,91,35.96,2569,6540,1922,5132,60,129,0,0
88,92,62.95,2905,6292,1688,3996,79,128,0,0
88,93,5.62,445,807,119,225,89,170,0,0
88,94,41.17,3325,9151,1864,4859,361,873,0,0
88,95,46.16,7371,36249,4948,28522,203,758,0,0
88,96,43.49,9973,34012,1863,6991,5527,17433,0,0
88,97,7.44,2831,8180,30,67,412,1214,0,0
88,98,13.04,1622,4113,652,1710,54,105,0,0
88,99,49.05,5396,19198,3007,11571,336,1139,0,0
88,100,44.03,1998,4239,1289,2913,47,93,0,0
88,101,38.3,2019,4179,1433,3185,45,71,0,0
88,102,38.27,2819,6335,2379,5459,33,65,0,0
88,103,44.68,3862,8490,2116,5002,877,1802,0,0
88,104,45.03,5202,12044,4527,10639,585,1304,0,0
88,105,12.43,1735,5032,490,1378,295,1034,0,0
88,106,25.52,1893,3687,449,889,160,311,0,0
88,107,14.56,872,1858,645,1463,25,43,0,0
88,108,2.6,234,467,194,388,24,49,0,0
88,109,6.76,838,1982,573,1508,24,47,0,0
88,110,11.9,1080,2213,722,1533,40,76,0,0
88,111,19.05,1476,3161,1040,2508,44,65,0,0
88,112,12.92,785,1554,455,908,29,56,0,0
89,31,5,361,1479,326,1445,19,19,0,0
89,34,1,39,77,4,8,4,8,0,0
89,40,1,34,69,3,7,3,7,0,0
89,41,3,270,643,195,568,8,8,0,0
89,56,2.74,257,425,177,344,59,110,0,0
89,57,7.55,337,972,279,835,11,20,0,0
89,58,17.51,1081,2580,817,2084,23,40,0,0
89,59,34.73,2100,4222,1410,2914,65,124,0,0
89,60,6.81,417,1159,373,1047,3,6,0,0
89,61,0.98,5,5,0,0,0,0,0,0
89,69,11.96,995,2135,539,1345,38,63,0,0
89,70,16.11,2925,7730,789,2232,1674,4378,0,0
89,75,10.59,1328,3239,468,981,887,2406,0,0
89,76,13.86,8737,28112,3878,20063,1784,4813,16,81
89,77,49.13,6238,14075,3771,6951,1334,3000,539,2696
89,78,48.14,3854,9296,3434,8647,21,39,0,0
89,79,72.65,4463,10015,3572,8209,80,159,0,0
89,80,41.77,6093,12027,2434,4782,3301,6589,0,0
89,81,91.62,5623,11251,3289,6834,294,560,0,0
89,82,2.69,252,736,243,728,1,1,0,0
89,85,2.77,1649,4781,30,61,1499,4481,0,0
89,86,12.02,2967,6355,601,1448,2298,4806,0,0
89,87,10,695,1377,404,833,32,61,0,0
89,88,8,1073,3341,803,2761,23,51,0,0
89,89,8,321,884,194,624,12,25,9,26
89,90,28.33,3416,6800,632,1432,2111,4206,0,0
89,91,41.84,2252,5157,1483,3496,161,345,0,0
89,92,46.34,2400,4860,1629,3569,53,83,0,0
89,93,51.34,3101,7060,1908,4564,219,455,0,0
89,94,78.86,5758,14606,3368,8476,436,1231,254,761
89,95,100.58,8601,31253,6854,26744,177,463,0,0
89,96,56.24,9104,38132,2035,6169,6651,31665,0,0
89,97,28.34,11393,45916,3729,22354,4242,14167,0,0
89,98,17.66,4047,16047,1210,6790,1368,5987,0,0
89,99,70.21,4685,11876,3131,8009,125,343,0,0
89,100,14.01,5595,21623,894,3155,516,2038,0,0
89,101,36.1,2406,4876,1636,3394,66,126,0,0
89,102,41.18,2629,5616,1915,4392,47,76,0,0
89,103,72.29,4006,8957,2983,7127,79,137,0,0
89,104,38.77,2905,6544,2425,5781,44,65,0,0
89,105,44.34,3440,7931,2322,5328,507,1606,0,0
89,106,39.44,3387,6630,1967,3895,519,1028,0,0
89,107,27.37,1996,4713,1450,3719,31,53,0,0
89,108,12.6,1296,2718,668,1441,31,54,0,0
89,109,24.65,2903,5412,560,985,1585,3144,0,0
89,110,2.88,123,236,12,23,12,23,0,0
89,111,8.93,468,1140,109,274,38,93,0,0
89,112,15.27,661,1332,315,772,27,40,0,0
90,57,5.58,337,794,295,682,5,12,0,0
90,58,18.88,820,2174,542,1602,76,152,0,0
90,59,13.73,600,1268,300,579,25,66,0,0
90,60,1,25,25,2,2,2,2,0,0
90,69,1.49,28,28,3,3,3,3,0,0
90,70,7.91,425,590,146,210,211,311,0,0
90,71,7.97,3321,8609,589,1516,1138,3291,0,0
90,72,4.58,2225,6922,222,692,222,692,0,0
90,75,2,72,187,7,19,7,19,0,0
90,76,45.11,4303,13510,2727,8943,988,2954,0,0
90,77,26.85,2402,5005,2100,4499,11,17,0,0
90,78,49.54,4533,9731,3971,8856,39,65,0,0
90,79,29.8,1971,4413,1627,3691,34,76,0,0
90,80,8.48,732,1365,407,725,234,467,0,0
90,81,30.4,4805,9390,1432,2845,391,764,0,0
90,82,19.37,889,1773,760,1607,10,14,0,0
90,85,5.08,982,2467,99,246,99,246,0,0
90,86,1.29,596,1609,57,156,206,454,0,0
90,89,4,241,807,153,602,3,3,0,0
90,90,23.98,1820,3957,1351,3056,115,220,0,0
90,91,58.45,3889,8573,2073,5117,163,304,0,0
90,92,31.34,2561,6119,1951,5039,63,113,0,0
90,93,26.54,1368,3128,951,2335,32,70,0,0
90,94,86.22,7835,25154,6210,21510,298,1094,0,0
90,95,143,8989,22994,6186,17363,766,1786,0,0
90,96,152.63,11210,40804,7276,28859,2796,11528,0,0
90,97,106.99,14759,62016,7847,38842,6025,24966,0,0
90,98,118.76,11205,36466,4655,17768,3389,12351,0,0
90,99,28.77,2042,5421,1457,4303,56,108,0,0
90,100,65.7,7462,25545,3037,7414,1958,9441,0,0
90,101,70.07,3798,8519,2538,6126,112,222,0,0
90,102,51.08,2828,6650,2016,5022,43,83,0,0
90,103,52.02,2574,5949,1911,4691,51,84,0,0
90,104,18.85,1539,3568,1090,2790,78,168,0,0
90,105,20.91,1737,3817,1457,3360,20,40,0,0
90,106,12.4,878,1571,449,886,38,56,0,0
90,107,10.44,1051,2416,690,1551,41,96,0,0
90,108,28.35,2213,5416,1089,2952,153,358,0,0
90,109,14,1260,2753,918,2088,22,45,0,0
90,110,30.71,2350,5201,960,2204,155,334,0,0
90,111,9.95,1132,2990,322,799,89,243,0,0
90,112,1.63,93,221,17,43,9,19,0,0
90,113,11,624,1263,477,1074,12,16,0,0
90,114,4,183,318,86,167,11,17,0,0
91,36,1.68,383,890,38,89,38,89,0,0
91,37,4.32,496,997,49,99,49,99,0,0
91,48,1,40,40,4,4,4,4,0,0
91,58,1.02,27,53,3,5,3,5,0,0
91,59,17,1020,1950,766,1663,26,30,0,0
91,60,26.44,1581,2929,1142,2266,97,174,0,0
91,61,1,4,4,0,0,0,0,0,0
91,64,1,53,107,53,107,0,0,0,0
91,70,6.01,950,3647,29,97,685,2769,0,0
91,71,43.37,5994,18882,2107,5907,3262,11827,0,0
91,72,26.34,2092,4950,1334,3196,83,194,0,0
91,73,3.21,248,509,199,417,6,10,0,0
91,76,32.23,3160,7295,2704,6098,38,114,0,0
91,77,40.98,4674,10867,4560,10693,78,152,0,0
91,78,43.56,3762,7830,3335,7053,254,503,0,0
91,79,61.24,3900,8136,3316,7075,37,62,0,0
91,80,16.6,1430,3460,1293,3243,15,24,0,0
91,85,1.15,141,281,30,61,12,25,0,0
91,86,11.68,984,2053,670,1311,35,83,0,0
91,87,1,57,57,6,6,6,6,0,0
91,88,13.68,620,1385,453,1060,8,12,0,0
91,89,16.08,1133,2279,759,1690,37,60,0,0
91,90,11.32,1367,2826,912,2318,48,50,0,0
91,91,48.8,2840,5902,1947,4267,88,158,0,0
91,92,75.84,4190,9334,2813,6566,130,266,0,0
91,93,30.58,1686,3860,830,2049,50,91,0,0
91,94,43.49,6178,34814,4327,19346,372,2029,0,0
91,95,153.66,14400,50624,9065,34099,2063,7401,0,0
91,96,348.99,24178,107388,19485,88582,6031,27232,435,1246
91,97,208.99,19165,74469,10364,42414,7059,22774,563,2927
91,98,62.3,13659,54856,7708,33706,3904,14657,508,1014
91,99,77.89,6754,25618,4830,20028,973,3454,0,0
91,100,102.75,9221,26342,5045,16776,1654,4671,0,0
91,101,82.36,8223,20181,3461,8185,3282,9579,0,0
91,102,34.53,1973,4335,1240,2807,143,379,0,0
91,103,11.21,1190,2441,938,2070,21,34,0,0
91,104,3.84,245,625,174,509,6,11,0,0
91,105,17.88,981,1849,564,1165,33,57,0,0
91,106,29.74,1879,3338,1321,2452,44,64,0,0
91,107,54.63,4769,10223,3460,7744,130,246,0,0
91,108,51.42,4512,11548,1944,4481,262,735,0,0
91,109,37.23,2752,5491,1775,3742,93,177,0,0
91,110,16,1169,2833,873,2189,29,64,0,0
91,111,10.15,646,1287,468,1057,18,24,0,0
91,112,5.6,549,1252,358,975,14,16,0,0
91,113,5,344,773,157,208,10,31,0,0
91,114,1,271,814,271,814,0,0,0,0
91,115,5,394,751,149,294,28,51,0,0
92,28,0.17,2,2,0,0,0,0,0,0
92,29,2.83,210,494,149,434,7,7,0,0
92,30,3.93,216,263,132,132,4,4,0,0
92,31,4,255,660,161,473,10,21,0,0
92,32,1,40,80,4,8,4,8,0,0
92,39,2,35,47,3,5,3,5,0,0
92,41,2,50,50,5,5,5,5,0,0
92,42,4.93,208,276,101,144,12,15,0,0
92,43,6,371,705,136,269,26,48,0,0
92,59,1,60,120,6,12,6,12,0,0
92,60,23.85,1843,3502,1169,2239,48,87,0,0
92,61,7.57,712,1852,607,1640,12,24,0,0
92,62,2,18,18,2,2,2,2,0,0
92,63,1,21,21,2,2,2,2,0,0
92,71,31.87,3104,6924,1238,2655,389,845,0,0
92,72,41.27,2945,6465,1868,4071,116,259,0,0
92,73,82.81,5420,11369,3559,7778,171,327,0,0
92,74,19.31,944,1841,786,1572,12,20,0,0
92,76,11.53,949,2172,785,1881,9,14,0,0
92,77,17.46,3183,8219,1137,2586,227,626,0,0
92,78,95.54,5911,11874,5156,10827,229,525,0,0
92,79,110.69,6668,17349,5773,15705,142,261,0,0
92,80,96.19,7060,16511,6091,14886,98,166,0,0
92,81,10.1,771,1699,719,1604,6,11,0,0
92,85,1,111,222,11,22,11,22,0,0
92,86,14,4442,9946,368,844,1994,4095,0,0
92,87,18,1297,3433,267,731,328,1154,0,0
92,88,31.72,1573,3263,925,2121,52,88,0,0
92,89,20.35,1639,3484,1232,2660,35,71,0,0
92,90,25.03,1962,4122,1271,3136,71,99,0,0
92,91,34.61,1836,4307,1302,3217,43,71,0,0
92,92,67.45,4344,10867,3261,8170,95,243,72,217
92,93,156.32,8905,22861,6499,18892,419,1436,0,0
92,94,61.06,14307,67582,8120,41705,4136,19477,0,0
92,95,175.84,18826,84981,13646,64965,3365,11547,0,0
92,96,114.73,11748,43623,6999,29267,2068,6094,873,3047
92,97,79.45,9790,36131,3405,10804,820,2976,889,5212
92,98,52.76,9976,40512,6748,31639,1388,4472,0,0
92,99,132.15,7523,17912,4784,12105,824,1961,0,0
92,100,28.36,6759,33305,5892,31859,39,83,0,0
92,101,26.15,7632,29786,4699,23144,892,2461,0,0
92,102,28.35,5521,20281,3538,16514,527,1053,0,0
92,103,7,724,1763,634,1637,6,6,0,0
92,104,20.94,1760,4560,971,2726,84,196,0,0
92,105,54.8,3770,8186,2537,5657,212,444,0,0
92,106,47.75,3150,5759,1578,3479,157,227,0,0
92,107,77.86,5807,11766,4839,10372,93,138,0,0
92,108,43.92,4695,11210,2698,6239,212,531,0,0
92,109,18.43,2630,6406,1151,3237,142,319,0,0
92,110,24.9,1778,3309,1173,2323,63,103,0,0
92,111,14.7,1318,3798,665,1647,73,240,0,0
92,112,6.99,515,1051,345,692,19,40,0,0
92,113,12,1918,4821,259,721,886,2378,0,0
92,115,4,387,648,273,534,12,12,0,0
92,116,4,224,413,113,222,11,18,0,0
92,120,2,68,123,6,12,6,12,0,0
93,30,11.07,540,1493,372,1140,19,39,0,0
93,31,5.54,732,2902,425,2011,32,96,0,0
93,32,1.46,150,433,30,74,13,40,0,0
93,41,6,385,881,150,312,25,63,0,0
93,42,13.52,774,1963,434,1221,29,65,0,0
93,43,6.59,632,1338,266,544,36,83,0,0
93,44,0.93,26,52,3,5,3,5,0,0
93,45,0.07,2,4,0,0,0,0,0,0
93,58,4,321,586,271,535,6,6,0,0
93,60,6.6,593,1394,481,1228,9,15,0,0
93,61,21.79,1315,2548,909,1908,54,66,0,0
93,70,18.61,1555,3455,953,2035,65,155,0,0
93,71,42.94,4688,11056,1393,3599,359,816,0,0
93,72,54.56,3251,6859,2784,6137,68,119,0,0
93,73,72.33,6737,14918,2838,5591,3031,7925,0,0
93,74,55.58,4366,9693,2693,5602,1079,3148,0,0
93,75,2.04,3638,13555,119,356,3633,13550,0,0
93,76,5.97,1370,3859,552,1627,831,2513,0,0
93,77,13.21,1062,2864,932,2607,14,29,0,0
93,78,46.7,3198,7374,2948,6883,34,76,0,0
93,79,113.94,7891,16367,7419,15600,66,130,0,0
93,80,91.8,5583,13054,4504,10840,106,212,0,0
93,81,24.14,1383,3642,1129,3151,25,51,0,0
93,85,1,71,142,7,14,7,14,0,0
93,86,5.51,1828,3940,246,732,1504,3013,0,0
93,87,11.84,1244,2901,330,701,243,383,0,0
93,88,43.93,2371,4909,1508,3383,61,110,0,0
93,89,35.64,2393,5484,1474,3304,95,234,0,0
93,90,54.37,3507,7608,2437,5544,94,173,0,0
93,91,34.37,2696,6143,1754,4135,147,304,0,0
93,92,79.61,4517,10437,3087,7569,120,255,0,0
93,93,74.49,9748,33179,5874,25732,505,1365,0,0
93,94,61.66,10754,49961,7285,40704,2618,9978,0,0
93,95,79.77,8069,25431,4210,13697,1747,5533,0,0
93,96,90.15,5380,11482,3576,7581,185,407,0,0
93,97,33.54,3080,6642,1068,2456,343,706,0,0
93,98,47.27,5573,16869,2702,11382,1749,3835,0,0
93,99,83.35,4839,9593,2951,6293,372,893,143,430
93,100,73.92,6430,16156,4943,13514,682,1430,0,0
93,101,36.32,10778,38692,4669,23667,2389,5233,0,0
93,102,27.59,3594,11562,2409,8648,331,813,0,0
93,103,7.64,595,1344,485,1183,8,14,0,0
93,104,25.77,1777,3855,1088,2569,74,142,0,0
93,105,50.72,3498,7165,2156,4586,144,281,0,0
93,106,43.56,2969,6893,2303,5567,51,102,0,0
93,107,48.64,2918,6283,2009,4620,79,130,0,0
93,108,33.77,4089,10640,1431,3244,283,800,0,0
93,109,33.04,2322,6488,1618,4642,113,325,0,0
93,110,37.46,2606,5140,1616,3580,94,158,0,0
93,111,26.47,1896,4022,1141,2640,73,137,0,0
93,112,2.21,72,178,26,77,5,11,0,0
93,113,4,602,1931,391,1516,24,46,0,0
93,114,1,9,9,1,1,1,1,0,0
93,115,4,328,798,233,683,8,8,0,0
93,116,3,759,1413,747,1401,1,1,0,0
93,117,1.99,159,292,133,266,0,0,0,0
93,118,12.01,815,1344,629,1157,11,11,0,0
93,123,9,577,1272,342,827,5,6,0,0
93,124,2,45,91,37,74,1,2,0,0
93,125,1,72,143,7,14,7,14,0,0
94,29,0.01,1,2,0,0,0,0,0,0
94,30,6.99,548,1539,284,1022,21,40,0,0
94,31,3,81,154,21,41,1,1,0,0
94,38,3,118,187,73,142,5,5,0,0
94,41,7.4,455,983,218,555,21,38,0,0
94,42,11.96,994,1990,707,1650,32,38,0,0
94,43,5.43,568,1349,438,1091,9,20,0,0
94,59,1,190,570,0,0,190,570,0,0
94,61,23.75,1875,3533,890,1653,74,155,0,0
94,70,92.77,6210,10853,5451,9595,85,147,0,0
94,71,54.9,6177,18243,4721,11816,79,136,0,0
94,72,70.12,4251,9428,3723,8320,39,79,0,0
94,73,75.46,5553,13122,3312,6964,1160,3965,0,0
94,74,29.77,10040,35580,704,2271,5903,20599,0,0
94,75,11.01,11135,36351,226,400,10805,35754,0,0
94,76,17.32,10213,30175,1091,3077,7476,23755,0,0
94,78,56.29,4062,7781,3393,6674,58,95,0,0
94,79,78.38,5462,10933,4511,9084,379,1025,0,0
94,80,88.82,5812,14193,4981,12633,104,225,0,0
94,81,51.79,4101,10089,3367,8571,72,143,0,0
94,86,5.49,376,828,125,330,28,56,0,0
94,87,9.1,946,1956,139,337,85,175,0,0
94,88,24.49,1506,2889,1111,2292,34,47,0,0
94,89,63.97,4262,9189,2411,5467,204,381,0,0
94,90,36.99,2353,5561,1940,4735,44,90,0,0
94,91,34.82,2533,6138,1016,2411,908,2663,0,0
94,92,38.52,3764,9151,1561,3791,917,1865,64,192
94,93,54.19,9482,40766,5607,32953,2002,7599,0,0
94,94,35.51,7604,34790,6099,30824,1134,3343,0,0
94,95,81.12,6124,13697,3960,9377,657,1658,0,0
94,96,76.84,5329,11653,3254,8077,254,443,0,0
94,97,11.55,1848,7793,1677,7422,19,41,0,0
94,98,24.39,2649,6569,932,2481,1127,2896,0,0
94,99,96.31,6474,12088,3597,6967,1251,2459,0,0
94,100,85.73,6325,14630,5038,12223,131,217,0,0
94,101,53.09,5556,14746,3646,10116,626,1349,0,0
94,102,47.12,5061,12482,4884,12124,57,113,0,0
94,103,9.24,1138,2436,239,547,511,1031,0,0
94,104,18.21,2283,4943,814,1560,783,2110,0,0
94,105,28.85,3462,8084,831,2245,1766,3916,0,0
94,106,35.73,3190,7367,2217,5590,370,722,0,0
94,107,59.23,4803,9426,3195,6469,204,396,0,0
94,108,36.51,3384,7294,2533,5769,50,88,0,0
94,109,34.78,3810,8288,3007,6507,122,215,0,0
94,110,15.99,1461,3508,923,2363,61,127,0,0
94,111,9.08,1304,3225,971,2608,37,69,0,0
94,112,7.79,535,1108,373,824,18,32,0,0
94,113,8,572,992,287,488,24,45,0,0
94,114,15.97,1232,2077,911,1659,27,29,0,0
94,115,10.04,860,2156,614,1681,13,23,74,221
94,116,6.71,484,969,219,437,29,59,0,0
94,117,0.82,212,424,212,424,0,0,0,0
94,118,9.99,1073,2697,758,1988,31,72,0,0
94,119,21.93,1688,3278,1061,2405,65,92,0,0
94,120,15.08,1241,2846,873,2143,14,22,0,0
94,121,25.97,987,1559,644,1063,28,40,0,0
94,122,4,361,675,136,267,25,45,0,0
94,123,5,186,186,19,19,19,19,0,0
94,124,11,400,917,208,545,21,42,0,0
94,125,3,76,113,7,11,7,11,0,0
94,126,2,14,14,1,1,1,1,0,0
95,29,10,916,2520,787,2342,12,17,0,0
95,30,3.19,186,377,80,160,12,24,0,0
95,37,2.51,1133,3626,227,909,903,2709,0,0
95,38,7.21,675,2533,524,2081,16,50,0,0
95,40,5,249,619,97,279,17,38,0,0
95,41,13.61,1178,3586,873,2919,21,46,0,0
95,42,10.33,1099,3201,675,1758,36,129,0,0
95,43,14.58,1197,2617,848,1963,28,53,0,0
95,44,2.58,137,225,72,140,7,9,0,0
95,45,11.1,845,2010,595,1550,28,52,0,0
95,47,1.05,16,30,2,3,2,3,0,0
95,59,1,57,57,6,6,6,6,0,0
95,60,1,191,572,0,0,191,572,0,0
95,62,13,1089,2647,802,2155,33,55,0,0
95,69,0.8,114,228,114,228,0,0,0,0
95,70,119.98,6942,12589,6024,11300,76,97,0,0
95,71,11.68,2201,6892,1831,6071,24,59,0,0
95,72,76.26,4813,9929,3318,7064,121,258,0,0
95,73,80.12,6763,18341,4340,10468,393,974,0,0
95,74,13.1,5838,15770,219,756,3871,8962,0,0
95,75,9.52,2865,9057,249,792,1177,3038,0,0
95,76,16.09,12336,40136,1487,4858,8488,25073,0,0
95,77,2.8,2715,7613,0,0,2715,7613,0,0
95,79,5.77,321,615,188,387,7,10,0,0
95,80,48.23,3932,9249,3109,7617,443,884,0,0
95,81,10.66,873,2081,771,1943,12,15,0,0
95,86,10,461,1030,217,556,5,14,0,0
95,87,19.96,2261,4696,1191,2719,81,152,0,0
95,88,31.14,2006,4605,1129,3012,88,169,0,0
95,89,28.42,1367,2918,909,2097,34,69,0,0
95,90,14,1124,2596,809,1963,30,61,0,0
95,91,12.56,4401,13736,205,428,3650,12310,0,0
95,92,47.77,10371,25346,999,2232,7551,19191,410,1230
95,93,35.69,4521,9410,1676,3629,1338,2295,0,0
95,94,99.17,5983,13218,4422,10249,255,719,0,0
95,95,93.57,5860,12010,4376,9434,278,598,0,0
95,96,52.72,5882,14745,5008,13461,59,95,0,0
95,97,44.23,7192,25010,5041,19613,230,580,0,0
95,98,51.89,4153,10963,2986,8744,749,1493,0,0
95,99,68.81,4779,10345,3039,6643,865,1990,0,0
95,100,62.41,4922,12164,4021,10373,90,169,0,0
95,101,48.15,4579,11059,3619,8897,227,606,0,0
95,102,85.85,7801,17038,4165,8800,2955,8047,0,0
95,103,36.27,3624,5288,1377,2756,1647,1707,0,0
95,104,10.62,546,906,283,543,29,40,0,0
95,105,20.68,1170,2782,470,1209,182,532,0,0
95,106,34.87,3395,7128,506,1057,1844,3995,0,0
95,107,47.35,6794,12864,2054,4710,3353,5630,0,0
95,108,59.29,4202,8091,2620,5377,489,1123,0,0
95,109,24.67,2611,6299,1800,4683,158,385,0,0
95,110,9.37,858,2117,530,1491,24,48,0,0
95,111,23,1701,4270,866,2161,52,124,0,0
95,112,19.62,2256,4793,957,2411,237,358,0,0
95,113,3.25,459,749,307,597,17,17,0,0
95,114,19.14,959,1693,416,852,53,79,0,0
95,115,9.5,603,1367,514,1200,5,12,0,0
95,116,10.67,1138,2768,953,2444,21,36,0,0
95,117,13.07,793,1784,504,1128,29,67,0,0
95,118,17.49,1409,2665,776,1534,64,114,0,0
95,119,15.85,1456,2675,828,1633,336,647,0,0
95,120,41.91,2212,3725,1543,2870,63,77,0,0
95,121,35.47,1899,3639,1069,2412,229,411,0,0
95,122,37.43,2201,3869,1228,2302,105,170,0,0
95,123,13.1,1152,2495,859,1970,32,59,0,0
95,124,12.44,855,1961,606,1483,26,48,0,0
95,125,8.99,448,981,214,522,23,40,0,0
95,126,3.7,255,498,171,351,10,16,0,0
96,26,5,334,810,6,14,6,14,270,664
96,27,0.36,36,109,36,109,0,0,0,0
96,28,15.99,847,1820,259,521,378,1083,0,0
96,29,7.78,553,1213,187,399,28,64,0,0
96,30,11.81,907,2222,285,704,69,169,0,0
96,31,5.9,425,919,372,850,5,5,0,0
96,32,39.8,3444,11665,2866,9626,47,174,0,0
96,33,27.5,2243,8758,1964,8304,19,28,0,0
96,34,16.53,5332,19489,3459,14634,1799,4734,0,0
96,35,23.1,1828,4544,1696,4226,14,35,0,0
96,36,1.79,245,958,224,937,2,2,0,0
96,37,18.98,5549,34335,4814,32087,618,1797,0,0
96,38,34.31,4908,17469,2149,7190,1250,5861,0,0
96,39,1.23,240,1083,54,197,21,98,0,0
96,40,12.53,972,2480,827,2192,8,11,0,0
96,41,24.18,2484,5306,1330,2906,129,267,0,0
96,42,19.65,2161,4799,1102,2252,123,294,0,0
96,43,58.77,4786,8047,1365,2697,567,967,0,0
96,44,19.36,1879,4102,935,2312,102,195,0,0
96,45,10.61,1405,3000,292,602,116,249,0,0
96,46,8,1035,2112,165,420,637,1269,0,0
96,47,4.95,408,756,41,75,41,75,0,0
96,65,1,66,133,0,0,0,0,0,0
96,66,8.11,451,1281,260,987,21,33,0,0
96,69,1.35,157,314,157,314,0,0,0,0
96,70,121.69,7057,13132,6011,11525,88,133,0,0
96,71,43.59,5843,14426,979,2143,405,959,0,0
96,72,38.22,2508,6503,1975,5476,57,111,0,0
96,73,112.18,6647,14302,5834,12856,84,149,0,0
96,74,30.53,2710,7670,1915,5580,81,225,0,0
96,75,6.6,863,1527,153,284,485,970,0,0
96,76,4.31,2679,7959,248,736,2610,7824,0,0
96,77,6.92,8858,26294,675,1997,5289,15836,0,0
96,87,10.17,923,1823,745,1589,18,24,0,0
96,88,14.27,1175,2377,761,1691,41,66,0,0
96,89,21,1296,2353,883,1673,36,62,0,0
96,90,17.64,1882,3293,650,1355,848,1342,0,0
96,91,23.67,3908,7572,552,1083,2687,5352,0,0
96,92,33.64,9144,24395,994,2135,6956,18208,0,0
96,93,18.23,4342,13686,1581,4836,2441,7775,0,0
96,94,63.64,5513,13946,4475,11924,83,153,0,0
96,95,84.06,5560,12338,3493,7345,221,592,0,0
96,96,68.31,6798,17934,3168,8075,365,1043,0,0
96,97,33.94,8306,38803,6050,30048,360,1947,0,0
96,98,33.95,1460,3774,1157,3246,28,42,0,0
96,99,20.41,2508,5713,447,948,957,2172,0,0
96,100,16.35,3868,19395,2450,17302,615,1149,0,0
96,101,27.97,3862,7687,951,2100,2042,3824,0,0
96,102,71.79,5276,10000,3457,6805,923,1825,0,0
96,103,44.46,2764,5781,1580,3331,106,211,0,0
96,104,28,1892,3037,1154,1979,78,112,0,0
96,105,15.86,4613,9188,592,1267,3946,7819,0,0
96,106,16.66,4476,11475,225,440,3168,8693,0,0
96,107,15.59,7634,21514,1262,3096,1383,4073,0,0
96,108,38.97,7693,19657,1287,3217,5442,14724,0,0
96,109,38.96,5875,14387,1357,3040,2711,7358,0,0
96,110,29.49,2772,5827,1812,4027,100,186,0,0
96,111,23.89,1957,4211,1349,3097,50,88,0,0
96,112,37.51,3235,6717,2560,5599,154,171,0,0
96,113,28,2195,4493,1420,3109,79,142,0,0
96,114,24.31,1693,3109,1162,2196,54,94,0,0
96,115,14.5,1015,1913,529,1121,45,77,0,0
96,116,4,206,412,58,115,17,33,0,0
96,117,5.09,350,712,293,615,6,11,0,0
96,118,9.88,422,966,164,427,20,37,0,0
96,119,22.62,850,1693,561,1217,29,48,0,0
96,120,41.64,1908,4192,1348,3177,45,77,0,0
96,121,12.35,1151,2350,611,1353,364,721,0,0
96,122,16.69,1366,2969,928,2010,75,161,0,0
96,123,31.54,2608,5620,1890,4277,65,120,0,0
96,124,48.4,3153,6577,1837,3891,127,270,0,0
96,125,20.92,1372,3721,977,2706,37,98,0,0
96,127,4,102,181,53,105,5,9,0,0
97,26,10.66,1343,3578,1116,3145,16,30,0,0
97,27,50.23,7999,23039,7574,22412,63,171,0,0
97,28,71.81,6230,15115,5346,13562,83,143,0,0
97,29,64.63,5468,14785,4032,11514,197,440,0,0
97,30,46.81,3619,8964,2490,6619,118,244,0,0
97,31,57.29,4713,11198,3761,9167,98,222,0,0
97,32,83.77,5935,16583,4710,13665,123,297,0,0
97,33,51.29,5266,19899,4460,18065,41,90,0,0
97,34,72.63,6238,20819,5068,18393,225,809,0,0
97,35,122.22,7293,15020,5176,10826,345,837,0,0
97,36,72.65,4552,8977,3213,6271,129,270,0,0
97,37,23.68,3248,16480,2666,13033,19,31,0,0
97,38,19.92,1647,3333,1256,2640,42,74,0,0
97,39,45.78,2642,5767,1291,2968,147,304,0,0
97,40,21.06,2192,4184,1375,2681,53,95,0,0
97,41,14.18,1493,3564,1228,3058,20,38,0,0
97,42,10.63,1316,2852,1020,2394,14,21,0,0
97,43,35.84,2724,6629,1586,4409,494,987,0,0
97,44,18.01,907,1750,371,798,60,106,0,0
97,45,9.01,3941,11386,181,467,2322,7223,0,0
97,46,3.71,2184,7784,90,274,1372,5315,0,0
97,47,3.78,2062,8120,69,266,1435,5728,0,0
97,48,1.21,427,1548,5,5,379,1500,0,0
97,55,1,36,36,4,4,4,4,0,0
97,66,8.89,443,619,44,62,44,62,69,69
97,68,1,11,33,1,3,1,3,0,0
97,69,3.1,162,325,136,271,3,6,0,0
97,70,111,6701,12920,4861,9780,663,1056,0,0
97,71,60.94,10759,33909,6258,21511,1201,3521,347,1736
97,72,39.35,4739,13443,1512,3394,1858,6304,0,0
97,73,143.84,7969,17059,7039,15527,99,174,0,0
97,74,78.12,5015,10692,4489,9720,53,94,0,0
97,75,1,16,16,2,2,2,2,0,0
97,76,2.36,995,2984,0,1,995,2984,0,0
97,77,9.21,5547,18027,463,1389,4598,15179,0,0
97,81,1.42,1284,3614,0,0,1284,3614,0,0
97,82,1.58,732,1871,22,44,530,1467,0,0
97,87,10.83,972,1796,622,1272,35,50,0,0
97,88,14.73,1045,2188,819,1820,18,26,0,0
97,89,13.6,1127,2593,961,2335,17,27,0,0
97,90,15.5,1295,2280,823,1719,35,38,0,0
97,91,19.66,981,1962,760,1562,40,69,0,0
97,92,44.89,3288,7940,1003,1926,396,871,0,0
97,93,33.09,5252,10258,718,1480,3785,7552,0,0
97,94,46.49,4067,8934,2007,4058,312,707,0,0
97,95,162.27,8725,25541,6152,19964,193,462,0,0
97,96,131.63,7954,19452,6073,15884,143,306,0,0
97,97,86.28,6488,19491,5040,17358,106,204,0,0
97,98,26.95,2494,4107,391,832,1411,2240,0,0
97,99,31.72,1492,3408,905,2055,42,103,0,0
97,100,6.86,672,1242,403,973,30,30,0,0
97,101,6.09,204,337,46,116,12,14,0,0
97,102,14.81,869,1694,415,1062,149,161,0,0
97,103,23.69,3966,6155,1009,2007,1809,2152,0,0
97,104,6.5,1252,2346,359,1135,685,720,0,0
97,105,11.43,4679,9698,357,1008,3846,7699,0,0
97,106,32.63,3457,7537,2611,5722,335,687,0,0
97,107,11.96,5961,17054,990,2451,551,1622,0,0
97,108,11.3,15712,70579,26,54,15481,70093,0,0
97,109,24.15,8907,22458,590,1088,8010,20581,0,0
97,110,41.1,4372,9590,2493,5850,1246,2683,0,0
97,111,32.34,2985,6022,2715,5706,19,24,0,0
97,112,29.3,2497,4931,2256,4595,76,141,0,0
97,113,13.92,1180,2339,649,1452,58,98,0,0
97,114,19.48,1588,2788,480,960,91,169,0,0
97,115,19.16,1217,2518,929,1961,32,61,0,0
97,116,13.78,1154,2414,620,1394,51,87,0,0
97,117,13.52,747,1351,464,1018,28,33,0,0
97,118,16.78,735,1569,393,848,37,79,0,0
97,119,13.14,613,1062,397,796,18,23,0,0
97,120,25.92,1543,3322,805,1785,63,133,0,0
97,121,34.03,1931,4227,788,1900,188,383,0,0
97,122,33.3,2444,5443,1872,4120,64,134,0,0
97,123,57.91,3809,7538,2303,4711,157,296,0,0
97,124,38.42,3015,6390,2329,5193,204,389,0,0
97,125,62.23,3687,7888,2524,5935,213,264,0,0
97,126,22.25,895,1865,573,1383,21,36,0,0
97,127,1,5,5,1,1,1,1,0,0
98,27,36.11,4771,12164,3923,10436,86,173,0,0
98,28,88.73,5666,13745,4635,11647,106,220,0,0
98,29,81.45,4822,11150,3364,8434,137,265,0,0
98,30,66.77,4838,11773,4050,10264,65,120,0,0
98,31,93.69,5973,15031,4819,12632,110,235,0,0
98,32,91.84,6624,16318,5833,14982,65,109,0,0
98,33,96.03,7228,22810,5881,20327,126,243,0,0
98,34,81.56,6012,17621,4649,14840,204,499,0,0
98,35,113.04,7583,17704,6486,15570,105,197,0,0
98,36,99.98,6374,13154,4908,10795,142,232,0,0
98,37,30.35,3452,9095,2308,5672,90,312,0,0
98,38,31.9,2715,5472,1516,3243,290,570,0,0
98,39,27.78,2220,3885,415,809,499,634,0,0
98,40,16.7,1821,3738,1463,3134,26,45,0,0
98,41,15.4,1929,4667,1329,3276,52,130,0,0
98,42,31.87,2216,4567,1366,2979,73,136,0,0
98,43,15.45,1602,3572,745,1907,308,396,0,0
98,44,10.17,1082,2088,323,546,50,99,0,0
98,45,12.22,4591,18069,21,47,4407,17648,0,0
98,46,8.84,4234,18712,291,1236,1618,7588,0,0
98,48,3,234,539,24,54,24,54,0,0
98,49,0.47,628,2511,0,0,628,2511,0,0
98,50,1.53,1527,5882,153,588,153,588,0,0
98,51,1,1270,6348,127,635,127,635,0,0
98,52,1,24,48,2,5,2,5,0,0
98,65,1,40,40,4,4,4,4,0,0
98,68,1.82,1162,5858,5,29,1119,5599,0,0
98,69,50.33,3873,8778,3031,6446,293,1317,0,0
98,70,70.15,6142,13625,5295,11975,70,139,0,0
98,71,161.47,13991,36831,9760,26957,2207,5829,0,0
98,72,84.44,7234,24416,4597,15791,278,929,0,0
98,73,207.8,8454,17732,6455,14306,158,299,0,0
98,74,159.86,6386,14371,5415,12564,70,125,0,0
98,75,2,66,127,7,13,7,13,0,0
98,83,2.92,515,1109,8,24,444,896,0,0
98,88,5,298,424,113,210,20,24,0,0
98,89,0.1,13,38,13,38,0,0,0,0
98,90,13.45,848,1590,623,1215,13,15,0,0
98,91,11.1,932,2095,368,1035,61,115,0,0
98,92,34.85,3663,7452,857,2040,1225,2222,0,0
98,93,6.73,375,564,144,226,26,37,0,0
98,94,12,1840,3782,305,762,1405,2807,0,0
98,95,0.89,388,785,11,32,377,752,0,0
98,96,25.03,2375,4450,892,1890,1086,2121,0,0
98,97,4,293,698,22,63,22,63,0,0
98,98,26.23,4389,14098,846,2186,1352,3373,0,0
98,99,13,873,1663,517,1028,30,52,0,0
98,100,9.81,655,1534,477,1222,45,59,0,0
98,101,5.63,761,1492,436,1127,190,194,0,0
98,102,9.47,759,1193,151,179,289,466,0,0
98,103,12.34,906,1968,701,1506,21,48,0,0
98,104,8,429,1287,282,1098,11,11,0,0
98,105,12.5,660,1617,456,1212,11,25,0,0
98,106,37.21,3506,7615,1756,4109,852,1933,0,1
98,107,41.71,3216,6454,1471,3182,152,284,122,366
98,108,3.5,656,2061,260,731,383,1306,0,0
98,109,17.8,8073,24773,772,1383,5265,17716,0,0
98,110,16.02,12391,29983,276,406,11882,29139,0,0
98,111,14.17,4230,10174,136,270,3555,8840,0,0
98,112,20.47,2992,6347,2112,4873,587,652,0,0
98,113,14.51,1423,2842,1120,2382,31,44,0,0
98,114,27.92,2544,6133,2041,4998,56,126,0,0
98,115,17.71,1064,2004,382,820,67,107,0,0
98,116,4,372,706,134,266,26,50,0,0
98,117,3.32,312,841,296,813,0,0,0,0
98,118,19.68,1211,2553,884,1901,34,69,0,0
98,119,26.38,1172,2595,346,879,81,179,0,0
98,120,29.54,1450,2645,725,1291,60,118,0,0
98,121,38.52,2345,5564,1424,3526,97,217,0,0
98,122,33.24,2235,4939,1507,3675,64,111,0,0
98,123,41.4,1509,3355,1035,2585,40,65,0,0
98,124,48.76,3469,7550,2316,5206,124,255,0,0
98,125,72.03,6315,16043,3618,8954,236,662,0,0
98,126,180.92,10105,27688,7203,20711,501,1263,307,1228
98,127,0.2,11,22,0,0,0,0,0,0
99,26,23.05,2226,6181,1506,3875,454,1773,0,0
99,27,52.49,4009,10917,2984,8957,83,161,0,0
99,28,134.11,5849,12642,3848,9432,161,255,0,0
99,29,98.46,6524,17767,4969,14491,217,523,0,0
99,30,110.03,6730,17942,5217,15104,163,315,0,0
99,31,76.51,6817,23880,4583,15549,196,833,0,0
99,32,140.34,7541,18424,4850,12426,215,521,0,0
99,33,126.01,7730,16324,6367,14217,106,167,0,0
99,34,96.3,7351,17383,5633,14167,205,401,0,0
99,35,124.27,7367,17856,5791,14855,143,279,0,0
99,36,115.8,7297,15852,5206,12200,208,362,0,0
99,37,96.9,6834,13447,4369,8990,257,479,0,0
99,38,34.45,6736,27758,5779,25698,102,221,0,0
99,39,29.29,2043,4448,1401,3358,72,121,0,0
99,40,32.35,1965,3745,1024,2169,96,158,0,0
99,41,31.21,1873,3776,1326,2913,42,65,0,0
99,42,20.67,1060,2143,621,1247,39,83,0,0
99,43,18.23,1719,3483,1049,2175,478,951,0,0
99,44,22.72,2666,6992,740,1440,991,3290,0,0
99,45,40.53,12075,33400,361,854,10371,28797,0,0
99,46,4.65,6369,18884,0,0,6369,18884,0,0
99,47,1.1,2706,19776,0,0,2706,19776,0,0
99,48,5.45,6228,29184,445,2205,2228,9338,0,0
99,49,1.51,1931,8948,122,612,830,3444,0,0
99,50,0.47,240,836,24,84,24,84,0,0
99,51,2.09,207,447,20,45,20,45,0,0
99,52,0.91,344,1032,34,103,34,103,0,0
99,65,1,36,72,4,7,4,7,0,0
99,68,3,234,607,234,607,0,0,0,0
99,69,77.53,4869,9859,3643,7835,131,220,0,0
99,70,103.9,8775,22836,6640,18834,283,692,0,0
99,71,94.19,7290,14682,4997,10316,892,1723,0,0
99,72,114.95,6700,15803,4123,9819,235,586,0,0
99,73,48.62,3456,7747,1697,3829,656,1667,0,0
99,76,1,33,33,3,3,3,3,33,33
99,83,12.08,2668,12353,22,71,2472,11716,0,0
99,84,1,10,10,1,1,1,1,0,0
99,88,1,179,179,0,0,179,179,0,0
99,90,3,201,319,21,32,21,32,0,0
99,91,14.54,1129,2756,508,1332,207,575,0,0
99,92,9.05,981,2699,234,668,520,1539,0,0
99,93,11.19,469,921,63,144,43,84,0,0
99,94,9,1360,2802,160,413,665,1329,0,0
99,95,25.9,3206,7466,305,748,1827,4854,0,0
99,96,11.97,5284,11570,3,5,5257,11526,0,0
99,97,5.06,2432,5215,59,120,1855,4106,0,0
99,98,18.72,8120,38452,1014,4200,1152,4538,0,0
99,99,10.6,722,1391,420,834,27,49,0,0
99,100,5.11,165,216,11,16,11,16,0,0
99,101,11.65,1096,2088,779,1711,29,36,0,0
99,102,5.78,522,1304,180,645,37,73,0,0
99,103,17.14,1778,3616,965,2072,76,132,0,0
99,104,23.26,2475,4773,1034,2169,151,281,0,0
99,105,9.07,892,2006,636,1613,22,30,0,0
99,106,30.89,2050,4458,1175,2801,188,261,0,0
99,107,34.36,2672,5371,674,1492,922,1839,0,0
99,108,13.49,1406,2984,682,1640,272,725,0,0
99,109,14.29,2798,6381,595,1168,491,1594,0,0
99,110,16.48,2679,5363,637,1321,1358,2713,0,0
99,111,12.51,2918,5532,687,1156,2123,4200,0,0
99,112,37.95,3489,9207,1322,3129,1131,3476,0,0
99,113,55.07,2728,5235,2039,4202,52,89,0,0
99,114,18.08,1590,3480,1039,2371,54,98,0,0
99,115,29.5,2197,5149,1203,2975,93,206,0,0
99,116,7.96,543,1214,478,1125,7,10,0,0
99,117,19.55,1269,2243,599,1330,51,65,0,0
99,118,27.49,1847,4148,1182,2899,59,110,0,0
99,119,33.38,1932,4350,931,2154,95,221,0,0
99,120,11.3,544,1108,369,836,12,23,0,0
99,121,50.69,2846,5929,1985,4570,135,192,0,0
99,122,26.85,1717,3970,759,1924,103,219,0,0
99,123,17.72,1391,3057,790,1832,60,125,0,0
99,124,37.65,2895,6483,1848,4528,86,158,0,0
99,125,14.43,1679,3668,854,2035,123,249,0,0
99,126,39.75,3387,9030,1934,5568,146,367,0,0
99,127,18.22,1485,3141,960,2023,52,114,0,0
100,24,1,39,79,4,8,4,8,0,0
100,25,1.01,47,96,6,12,5,9,0,0
100,26,31.34,2778,6479,2638,6221,14,26,0,0
100,27,89.58,5788,17284,3517,10177,299,882,0,0
100,28,180.49,8452,21081,5205,13481,453,1279,0,0
100,29,141.29,7419,18345,5574,15497,163,270,0,0
100,30,132.62,7339,18183,4994,13620,199,398,0,0
100,31,34.66,6110,22652,2329,9877,1123,4427,0,0
100,32,109.27,7337,20192,5532,16822,118,251,0,0
100,33,95.13,6417,18205,4659,14604,1296,4592,0,0
100,34,109.41,9021,25553,6424,18123,1927,6182,0,0
100,35,25.28,7097,28426,2284,11200,549,2962,0,0
100,36,28.63,4135,14964,1231,3477,1567,5869,0,0
100,37,39.36,6212,19267,3242,10333,1883,6120,0,0
100,38,67.53,7336,22159,5987,19218,138,304,0,0
100,39,68.7,6165,13776,5371,12196,67,137,0,0
100,40,70.76,5418,12975,4114,10396,120,231,0,0
100,41,35.35,3089,6428,1858,4831,155,225,0,0
100,42,20.31,1583,3560,939,1860,65,177,0,0
100,43,17.85,1290,2507,909,1818,31,63,0,0
100,44,23.87,2422,5039,1418,2824,83,189,0,0
100,45,19.69,11621,30736,388,1020,8127,21561,0,0
100,46,10.71,5414,16280,109,317,4186,12679,0,0
100,47,7.34,9665,40208,184,614,8005,34683,0,0
100,48,5.31,7657,35974,629,3169,1992,7457,0,0
100,49,12.68,5508,22345,369,1612,2184,7830,0,0
100,50,3.38,3218,11495,207,794,1355,4346,0,0
100,65,2,143,411,126,376,2,4,0,0
100,66,1,41,41,41,41,0,0,0,0
100,67,8.05,259,508,26,50,26,50,0,0
100,68,4,111,192,12,19,12,19,0,0
100,69,35.94,2433,4628,2150,4205,25,40,0,0
100,70,32.92,2624,5197,1571,3220,108,203,0,0
100,71,63.06,4882,9754,3991,8269,83,142,0,0
100,72,77.9,5337,11672,4222,9471,93,177,0,0
100,73,23.34,1881,4336,1537,3630,31,64,0,0
100,75,1,12,24,1,2,1,2,0,0
100,83,2,86,195,3,3,58,168,0,0
100,89,1,15,15,1,1,1,1,0,0
100,90,5.6,1509,6421,152,300,1319,6015,0,0
100,91,16.37,3022,7803,346,876,1477,4158,0,0
100,92,25.03,2546,5868,485,1343,262,633,0,0
100,93,22.08,1024,2046,370,798,192,513,0,0
100,94,4.93,4937,13112,6,11,4883,13006,0,0
100,95,9.86,10319,27416,118,236,9258,25294,0,0
100,96,18.65,20229,58215,250,517,17980,53558,0,0
100,97,11.44,15738,46450,648,1690,14348,42756,0,0
100,98,19.71,3660,8297,958,1872,1569,4522,0,0
100,99,13.22,4639,12590,415,855,3201,9497,0,0
100,100,13.15,3982,8873,434,1075,2087,5221,0,0
100,101,2.8,226,243,146,152,9,10,0,0
100,102,10,1063,2319,361,874,148,300,0,0
100,103,3.45,676,1352,67,136,67,136,0,0
100,104,20.55,1788,3824,712,1449,119,264,0,0
100,105,13.16,869,1690,537,1146,31,49,0,0
100,106,21.49,2033,4148,516,1213,695,1377,0,0
100,107,27.1,2792,5342,994,2028,218,342,0,0
100,108,14.07,1205,1678,503,946,504,504,0,0
100,109,18.38,1701,3653,643,1663,118,221,0,0
100,110,21.9,1786,3857,729,1854,177,400,0,0
100,111,16.16,4099,8919,482,1087,2945,6507,0,0
100,112,11.68,1453,4296,753,2119,70,228,0,0
100,113,13.59,1261,2760,540,1546,273,327,0,0
100,114,17.5,1085,2488,732,1837,33,62,0,0
100,115,25.02,1538,3326,920,2074,67,131,0,0
100,116,36,2565,4617,1595,3116,382,429,0,0
100,117,27.57,1813,3845,1374,3161,43,71,0,0
100,118,46.59,2492,4517,1795,3377,47,82,0,0
100,119,49.34,2518,4722,1560,3005,82,154,0,0
100,120,26.37,1266,2231,972,1797,32,47,0,0
100,121,28.61,1421,3377,614,1362,88,222,0,0
100,122,23.9,1424,3567,734,2176,70,143,0,0
100,123,22.08,999,2467,568,1537,49,103,0,0
100,124,11.87,1115,2586,442,1201,74,154,0,0
100,125,8.94,521,1306,386,984,14,35,0,0
100,126,22.57,1483,3389,1038,2511,34,72,0,0
100,127,29.98,2108,4523,1650,3441,42,108,0,0
101,24,2.33,152,257,6,17,97,108,0,0
101,25,27.67,1779,4371,632,1930,269,367,0,0
101,26,46.15,2949,7027,2310,5928,131,190,0,0
101,27,116.16,8168,23583,5388,18279,1304,2661,0,0
101,28,115.24,10223,42810,7135,31546,1613,8828,0,0
101,29,54,11087,43890,4033,21130,3405,6782,0,0
101,30,136.08,13490,53272,7255,26343,2245,8165,0,0
101,31,130.57,12473,47800,7863,35950,1708,4753,340,1471
101,32,187.23,9472,23198,5756,15436,1273,3066,0,0
101,33,53.97,7248,28347,4974,21840,394,1042,0,0
101,34,90.79,7893,22907,5270,13619,207,913,0,0
101,35,32.35,6633,30695,2325,9341,469,2360,0,0
101,36,12.24,7898,30722,566,2497,3971,14144,0,0
101,37,29.02,15003,61002,732,2722,10595,43229,0,0
101,38,19.49,10632,40178,1717,5926,6788,25946,0,0
101,39,36.03,9032,29494,947,2021,7148,25364,0,0
101,40,69.94,6920,16523,2900,6911,1363,3110,0,0
101,41,20.95,1542,3376,1029,2309,211,426,0,0
101,42,30.92,2156,4426,1036,2414,107,196,0,0
101,43,15.47,1447,2961,794,1694,66,125,0,0
101,44,34.15,2781,7092,2402,6412,36,69,0,0
101,45,13.73,1874,5651,202,406,1510,4914,0,0
101,46,6.07,4013,12041,2,4,3997,12009,0,0
101,47,6.12,5462,17607,80,268,4426,13601,0,0
101,48,9.01,8128,31555,424,1668,4304,16535,0,0
101,49,9.76,19867,91159,1820,8446,3493,15139,0,0
101,50,0.69,167,667,0,0,167,667,0,0
101,51,1.97,1908,5544,191,554,191,554,0,0
101,52,0.03,54,161,5,16,5,16,0,0
101,67,1.95,478,956,48,96,48,96,0,0
101,68,3.26,139,277,62,170,9,12,0,0
101,69,5.19,587,1398,293,843,33,62,0,0
101,70,12.9,932,1884,708,1635,20,23,0,0
101,71,6.12,393,692,287,585,11,11,0,0
101,72,21.19,2500,6221,1892,5096,84,167,0,0
101,73,1,41,82,4,8,4,8,0,0
101,75,1,39,79,4,8,4,8,0,0
101,77,1,28,28,3,3,3,3,0,0
101,78,2,50,116,20,58,3,7,0,0
101,82,3.93,2051,19918,141,1645,782,5116,0,0
101,83,4.01,1249,8061,29,138,984,6821,0,0
101,90,17.22,5017,22649,250,574,4673,21890,93,185
101,91,6.45,4612,16343,9,18,4532,16184,0,0
101,92,10.94,11818,36866,58,234,11292,34763,0,0
101,93,11.28,9973,29335,328,859,8837,25244,0,0
101,94,22.38,13084,30345,2,2,13064,30325,0,0
101,95,20.38,7361,17302,73,250,6709,15052,0,0
101,96,17.34,7641,21916,13,36,7518,21587,0,0
101,97,8.09,10359,38678,45,117,9959,37623,0,0
101,98,8.04,3785,11192,10,21,3691,11004,0,0
101,99,30.57,12332,32546,269,524,11336,30684,0,0
101,100,6.45,4801,9509,46,99,4549,9088,0,0
101,101,16.06,902,1731,306,600,66,126,0,0
101,102,20.37,1805,3412,526,1079,728,1433,0,0
101,103,4.8,942,1714,474,931,52,87,0,0
101,104,20.46,1562,2931,1006,1913,143,274,0,0
101,105,13,1210,1988,334,621,527,702,0,0
101,106,21.82,2799,5364,756,1532,925,1697,0,0
101,107,14.19,1496,3466,395,1287,123,242,0,0
101,108,4,324,1030,201,785,10,19,0,0
101,109,24.76,2417,5855,1330,3718,460,918,0,0
101,110,3.31,368,895,163,485,182,363,0,0
101,111,3.74,2187,5993,365,1039,469,1346,0,0
101,112,20.62,7948,22882,874,2080,6622,19800,0,0
101,113,31.17,4713,9937,1528,3793,2688,5453,0,0
101,114,13.53,771,1554,512,1028,17,37,0,0
101,115,37.64,1906,4186,1095,2455,83,186,0,0
101,116,42.88,2588,6076,1435,3524,116,258,0,0
101,117,20.74,1718,4210,1077,2854,69,149,0,0
101,118,95.33,4708,9493,3453,7287,116,213,0,0
101,119,100.35,5502,11231,4374,9179,98,190,0,0
101,120,10.75,681,1802,370,1082,29,75,0,0
101,121,18.91,1088,2206,633,1270,50,103,0,0
101,122,23.03,1297,2837,696,1769,57,106,0,0
101,123,23,1198,2690,611,1317,59,146,0,0
101,124,30.02,1401,3252,811,1945,45,104,0,0
101,125,33.16,1817,4937,1339,3959,42,80,0,0
101,126,32.29,1669,3187,1083,2221,41,67,0,0
101,127,29.86,1968,3845,1373,2913,50,84,0,0
102,24,6,303,824,151,444,11,23,33,65
102,25,5.34,288,588,87,176,23,46,0,0
102,26,46.42,2450,6603,1548,4331,328,1403,0,0
102,27,9.17,6277,33352,229,647,5586,32244,0,0
102,28,107.42,7914,31123,4396,15859,2260,13819,0,0
102,29,70.25,13217,52835,6500,24291,4342,19771,0,0
102,30,206.98,18022,77057,10557,44908,6414,31139,0,0
102,31,190.18,15466,52040,8763,31993,3929,13693,610,2547
102,32,150.49,9200,25553,6268,19443,914,2377,0,0
102,33,64.96,6856,20071,4190,13075,1822,5382,0,0
102,34,57.43,7397,28292,4877,19850,887,2199,0,0
102,35,38.85,6470,28437,3403,15244,1044,5135,0,0
102,36,26.85,5535,20324,1331,6599,2567,9663,0,0
102,37,82.72,8810,17251,5698,11247,2377,4738,0,0
102,38,41.34,12884,37415,1668,4975,10626,30873,0,0
102,39,27.82,7524,29774,553,1532,4162,18396,0,0
102,40,9.1,6714,25183,434,1386,5103,20271,0,0
102,41,24.57,3295,12338,2630,11256,58,104,0,0
102,42,26.82,2088,4071,1044,2224,100,176,0,0
102,43,15.48,2010,5763,1708,5043,23,59,0,0
102,44,13.2,1746,4200,817,1928,94,233,0,0
102,45,39.52,3164,7488,2214,5355,59,125,0,0
102,46,9.67,775,2098,538,1396,98,365,0,0
102,47,18.55,9479,32282,451,1609,4873,15080,0,0
102,48,8.19,6583,33136,834,3843,638,3260,0,0
102,49,8,17814,88431,1845,9042,1765,8802,0,0
102,50,0.96,480,2634,42,251,42,251,0,0
102,52,2.65,496,1659,144,448,39,135,0,0
102,53,0.35,120,359,12,36,12,36,0,0
102,69,12.6,1203,2278,287,579,334,494,0,0
102,70,22.95,1783,3967,1071,2354,74,171,0,0
102,71,21.61,1551,3227,865,1702,76,169,0,0
102,72,18.64,1370,3350,1201,3047,19,34,0,0
102,77,3.68,104,181,11,18,11,18,0,0
102,78,2.32,122,337,3,6,3,6,0,0
102,82,0.07,39,235,0,0,39,235,0,0
102,85,1,44,89,44,89,0,0,0,0
102,90,5.66,1396,5357,5,9,1352,5275,0,0
102,91,18.39,9719,22578,239,642,7563,16801,0,0
102,92,15.82,11892,29661,132,382,10692,26216,0,0
102,93,14.9,14464,40975,100,383,13562,37529,0,0
102,94,25.33,13045,30788,89,250,12241,28535,0,0
102,95,30.72,14378,36736,76,187,13690,35057,0,0
102,96,5.6,10935,50842,395,789,10525,50035,0,0
102,97,3.43,15799,55059,0,0,15799,55059,0,0
102,98,7.46,9620,31955,12,36,9509,31635,0,0
102,99,13.25,4468,11377,851,1815,3505,9419,0,0
102,100,16.3,8630,17031,769,1515,7421,14671,0,0
102,101,7.66,3020,5734,313,611,2495,4823,0,0
102,102,14.92,2453,4753,465,850,1342,2681,0,0
102,103,12.32,10804,15889,295,559,8701,11975,0,0
102,104,25.92,1872,3870,924,2154,96,177,0,0
102,105,9.62,698,1624,603,1457,11,19,0,0
102,106,29.68,1932,4144,1001,2345,173,339,0,0
102,107,5.67,1767,4947,32,65,32,65,0,0
102,108,11.28,674,1499,500,1157,19,38,0,0
102,109,9.93,2072,4332,606,1631,164,300,0,0
102,110,3.8,653,1664,513,1507,16,18,0,0
102,111,6.66,1220,3067,49,75,883,2591,0,0
102,112,10.83,1632,3109,591,1167,901,1786,0,0
102,113,42.2,4559,10115,2548,5526,1937,4866,0,0
102,114,12.91,1261,3551,734,2186,289,755,0,0
102,115,35.01,1518,2901,962,1934,57,95,0,0
102,116,32.66,2019,4353,1496,3638,35,52,0,0
102,117,29.98,1838,4449,1083,3095,80,144,0,0
102,118,68.97,4854,12942,2948,6785,199,655,0,0
102,119,29.64,2625,4944,1140,2624,1082,1598,0,0
102,120,23.77,2827,4055,346,788,1856,2131,0,0
102,121,16.31,1298,2444,869,1724,45,78,0,0
102,122,35.7,2204,5118,1670,4181,48,93,0,0
102,123,26.67,2101,5220,854,2049,98,269,0,0
102,124,19.02,1300,3523,867,2646,132,447,0,0
102,125,28.61,3247,8011,2627,6816,48,92,0,0
102,126,46.86,2661,5319,1615,3611,117,205,0,0
102,127,37.9,2599,4942,1988,4068,49,70,0,0
103,26,8.08,20971,148757,687,6416,14786,91015,0,0
103,27,1.73,2748,16186,36,270,2418,13761,0,0
103,28,3.24,1079,3097,21,47,895,2670,0,0
103,29,2.76,4257,17032,90,270,3447,14604,0,0
103,30,195.01,13340,65430,10125,49854,3549,17549,1144,6865
103,31,308.76,24287,101251,20555,89089,4224,18476,210,652
103,32,106.63,9816,29995,4969,16991,2492,8458,0,0
103,33,92.88,8741,35117,7089,32317,275,695,0,0
103,34,119.05,7408,18246,5046,14257,337,664,0,0
103,35,96.97,6784,14731,4233,9830,273,1098,0,0
103,36,99.45,6650,15627,1811,5337,928,2183,0,0
103,37,33.92,2490,7028,1526,4502,321,932,0,0
103,38,39.51,2969,10512,2445,9093,59,158,0,0
103,39,8.51,565,2140,459,1829,11,33,0,0
103,40,23.69,3431,12668,1731,6645,337,916,0,0
103,41,75.52,4627,10477,2621,6512,192,378,0,0
103,42,90.97,6385,13680,4563,10285,195,365,0,0
103,43,44.34,7463,22742,4527,14211,265,825,0,0
103,44,32.24,8337,26132,2630,7155,784,2416,0,0
103,45,14.48,3830,12387,1464,3716,263,964,0,0
103,46,20.5,1882,3344,1037,1821,87,155,0,0
103,47,14.73,4170,12112,437,1014,2519,8188,0,0
103,48,23.14,5316,14997,1019,2632,3290,9839,0,0
103,49,26.84,6013,16542,1550,3981,1404,4139,0,0
103,50,1.39,268,917,80,357,20,61,0,0
103,51,8.99,1731,4056,145,239,791,2268,0,0
103,52,3.01,87,91,29,30,6,7,0,0
103,54,2,111,222,66,133,5,10,0,0
103,67,1,127,127,13,13,13,13,0,0
103,68,1,49,146,5,15,5,15,0,0
103,69,12.93,1314,2767,610,1348,51,104,0,0
103,70,31.68,2103,4599,1068,2619,94,180,0,0
103,71,15.94,1517,3934,957,2411,58,159,0,0
103,72,11.38,1805,6017,582,1737,318,840,0,0
103,90,5.7,4981,12136,344,688,4623,11421,0,0
103,91,18.46,18894,48026,49,110,18456,47044,0,0
103,92,13.52,11843,33590,44,122,11445,32501,0,0
103,93,20.39,11944,30910,64,189,11364,29206,0,0
103,94,25.74,15106,33713,17,45,14948,33306,0,0
103,95,16.67,9475,21938,26,43,9242,21550,0,0
103,96,7.95,664,1286,222,442,48,94,0,0
103,97,7.91,1657,1969,5,8,1615,1897,0,0
103,98,27.57,7981,21770,590,1013,7044,20395,0,0
103,99,13.45,3880,8841,193,671,3399,7599,0,0
103,100,14.24,1422,2743,549,1192,95,170,0,0
103,101,9.32,1327,2907,595,1089,81,202,0,0
103,102,16.11,3503,5487,386,769,2780,4065,0,0
103,103,19,4970,8216,596,1179,3480,5365,0,0
103,104,15,1510,3072,383,770,489,981,0,0
103,105,28.01,1680,3602,958,2115,72,150,0,0
103,106,6.26,314,598,127,251,22,39,0,0
103,107,7,1605,3504,292,876,146,292,0,0
103,108,14.36,1636,3469,511,1278,123,237,0,0
103,109,32.29,3468,9174,733,1748,1140,2725,364,1689
103,110,16.52,1098,2660,432,1168,146,461,0,0
103,111,10.55,446,865,201,507,27,40,0,0
103,112,0.91,76,172,8,17,8,17,0,0
103,113,40.31,3695,8215,1944,4238,588,1406,0,0
103,114,57.36,3644,9568,2276,6336,719,2215,0,0
103,115,98.75,7045,18387,4828,13435,1768,4550,0,0
103,116,79.12,4785,10876,3765,9297,90,145,0,0
103,117,27.6,1940,4031,611,1190,726,1740,0,0
103,118,43.33,2984,6291,1342,3153,589,1163,0,0
103,119,30.11,6354,13032,1260,2722,4693,9628,0,0
103,120,78.7,5320,11084,3259,6813,1189,2700,0,0
103,121,26.36,1871,3221,1418,2580,45,66,0,0
103,122,38.99,3960,8197,1920,4252,218,424,0,0
103,123,35.32,4143,8902,896,1992,718,1498,0,0
103,124,22.59,1581,3192,1224,2611,30,49,0,0
103,125,28.53,2131,4836,1598,3403,55,154,0,0
103,126,56.71,4060,8200,2357,5057,168,330,0,0
103,127,39.48,2874,5639,1982,3999,72,126,0,0
104,25,4.48,793,2279,39,107,442,1315,0,0
104,26,5.99,3391,24700,174,1077,1835,15007,0,0
104,27,4.19,632,2886,45,70,227,2253,0,0
104,28,3.22,1364,5700,20,51,1183,5242,0,0
104,29,1.69,452,1103,45,110,45,110,0,0
104,30,215.14,15186,64642,12808,56655,1868,9284,0,0
104,31,217.2,14911,58305,11651,47275,1850,7415,543,1628
104,32,158.37,12059,41104,5554,18375,4030,17236,0,0
104,33,22.78,8966,40319,1410,6019,6644,32936,0,0
104,34,92.14,6338,15896,4663,12391,216,660,0,0
104,35,113.67,8691,22171,5773,16390,1373,2677,0,0
104,36,80.83,6507,14508,2881,6145,1591,4512,273,547
104,37,108.4,7164,16824,5796,14757,130,202,0,0
104,38,64.93,4324,9203,3415,7575,231,585,0,0
104,39,47.98,5792,15983,2806,6095,818,2560,0,0
104,40,34.38,3289,9689,2676,8054,61,174,0,0
104,41,36.09,6525,27140,5727,25344,158,517,0,0
104,42,55.64,5669,13095,4671,11313,89,155,0,0
104,43,60.1,7796,20927,4188,10493,401,1159,0,0
104,44,60.25,5588,13995,2942,6440,273,804,0,0
104,45,80.28,6513,14873,5578,13247,85,151,0,0
104,46,101.32,7954,17210,5596,12645,228,447,0,0
104,47,19.07,4680,12322,1211,2776,1908,5182,0,0
104,48,18.13,8923,27965,470,1539,4852,14477,0,0
104,49,11.48,5394,15764,423,1032,4716,14127,0,0
104,50,13.47,1217,3371,808,2220,43,124,0,0
104,51,12,803,1777,646,1447,15,33,0,0
104,68,2,32,32,3,3,3,3,0,0
104,69,4.08,186,237,27,39,18,22,0,0
104,70,21.25,1698,3549,1277,2805,22,35,0,0
104,71,58.62,4165,10134,2871,7447,124,264,0,0
104,72,22.49,1543,3802,1356,3318,19,51,0,0
104,77,2.01,48,96,36,73,1,3,0,0
104,78,2.99,56,56,32,32,3,3,0,0
104,79,1,22,22,2,2,2,2,0,0
104,80,1,17,17,17,17,0,0,0,0
104,90,6.18,7430,18211,0,0,7430,18211,0,0
104,91,11.47,11767,32913,473,1363,7510,20654,0,0
104,92,14.78,12596,33983,665,2019,11905,31627,0,0
104,93,25.54,10666,23779,132,363,9479,20514,0,0
104,94,20.16,14794,38980,163,478,13324,34671,0,0
104,95,13,1112,1978,319,691,215,650,0,0
104,96,23.11,2336,4543,594,1302,740,1023,0,0
104,97,9.39,1307,2658,550,1299,436,856,0,0
104,98,23.61,4062,7348,720,1272,2899,5471,0,0
104,99,35.59,2907,6070,1576,3604,541,1135,0,0
104,100,17.67,1764,3206,478,730,903,1798,0,0
104,101,8.59,5445,6125,74,142,4776,4843,0,0
104,102,3.56,4513,8966,26,46,4439,8874,0,0
104,103,8.54,1672,4417,577,1489,214,510,0,0
104,104,14.51,867,1907,173,310,65,153,0,0
104,105,12.72,566,1182,328,838,26,38,0,0
104,106,43.06,2087,4403,1136,2510,98,188,0,0
104,107,4.46,454,1119,314,837,16,31,0,0
104,108,2,25,25,3,3,3,3,0,0
104,109,18.79,2161,4590,727,1556,422,1124,0,0
104,110,20.41,1347,3317,660,1839,76,164,0,0
104,111,2,118,236,12,24,12,24,0,0
104,112,7.09,1399,5172,410,1329,109,427,0,0
104,113,18.41,2313,7437,389,1039,1372,5391,0,0
104,114,18.72,1093,2194,705,1399,43,87,0,0
104,115,102.91,8329,19690,4024,9242,1399,3478,342,2048
104,116,83.01,5764,13367,3667,8876,1501,3396,0,0
104,117,22.21,1088,1823,487,887,68,104,0,0
104,118,18.93,1427,2815,701,1316,228,461,0,0
104,119,15.34,3373,10294,471,1420,1920,5882,0,0
104,120,24.11,5311,14913,260,626,4839,13745,0,0
104,121,4.88,1656,4799,99,280,773,2303,0,0
104,122,26.67,1312,2562,553,1339,218,338,0,0
104,123,16.22,4713,13078,617,1628,3618,10568,0,0
104,124,33.72,2285,5628,802,1979,799,2325,0,0
104,125,39.38,2543,5046,1628,3327,73,141,0,0
104,126,55.96,4038,8155,3005,6300,94,177,0,0
104,127,41.76,2787,5294,2198,4281,80,142,0,0
105,26,2.04,292,1681,18,34,129,1370,0,0
105,27,5.47,2635,21524,9,18,2549,21354,0,0
105,28,5.29,660,2324,33,63,371,1753,0,0
105,31,1,229,688,22,69,22,69,0,0
105,32,3,320,624,32,62,32,62,0,0
105,33,25.16,4748,16060,381,1226,2520,8665,0,0
105,34,100.09,10308,39497,5573,19465,1547,6082,0,0
105,35,112.52,8715,24257,4560,15263,2113,4329,0,0
105,36,65.76,4208,9175,3289,7543,84,133,0,0
105,37,86.35,5997,18387,4838,16242,97,183,0,0
105,38,109.69,7638,14650,6804,13156,84,154,0,0
105,39,66.48,4693,10948,3461,7787,131,341,0,0
105,40,47.97,2657,5271,1692,3451,90,183,0,0
105,41,23.64,3542,8005,1728,4209,1344,2996,0,0
105,42,33.24,9821,33747,6337,24234,2801,8725,0,0
105,43,49.94,7224,21173,4274,13865,309,774,0,0
105,44,73.2,5703,12181,4864,10541,83,163,0,0
105,45,31.62,2166,5009,1402,3654,85,150,0,0
105,46,74.88,5685,11447,4466,9306,92,173,0,0
105,47,32.33,2449,5812,2147,5250,31,60,0,0
105,48,15.95,1258,3595,476,1143,86,273,0,0
105,49,23.04,1846,4248,1174,2857,150,385,0,0
105,50,11.69,1366,3757,955,2794,40,91,0,0
105,51,2.96,430,860,336,673,2,4,0,0
105,54,3.82,494,987,129,258,166,331,0,0
105,69,4.17,280,493,195,390,2,4,0,0
105,70,10.57,524,1256,334,848,19,41,0,0
105,71,10.83,441,976,260,592,10,17,0,0
105,72,35.99,2640,6267,2297,5605,34,63,0,0
105,76,10.99,1287,3031,896,2299,19,21,0,0
105,77,5.99,605,1449,415,1071,11,23,0,0
105,80,1,45,45,5,5,5,5,0,0
105,89,5.35,2190,6440,121,244,1317,4686,0,0
105,90,18.78,11921,28062,175,668,10345,22047,0,0
105,91,7.38,8241,23852,40,81,7876,23117,0,0
105,92,24.66,11281,28633,87,230,10501,26556,0,0
105,93,15.73,10988,31851,134,401,9788,28238,0,0
105,94,12.94,11615,34245,127,330,10463,31272,0,0
105,95,3,88,117,9,12,9,12,0,0
105,96,16.68,5795,10334,502,832,4783,8743,0,0
105,97,13.84,1357,2567,647,1280,168,323,0,0
105,98,16.77,6170,12496,971,2234,4579,8867,0,0
105,99,5.24,464,906,267,542,19,37,0,0
105,100,16.56,1561,3167,763,1947,391,568,0,0
105,101,21.08,4652,8106,286,587,3121,4904,0,0
105,102,20.06,1852,3936,743,1773,200,394,0,0
105,103,19.28,1443,2387,241,440,123,196,0,0
105,104,0.52,214,428,0,0,214,428,0,0
105,105,20.48,1779,3490,636,1083,460,922,0,0
105,106,14.98,1099,2223,543,1251,63,108,0,0
105,107,3.1,155,201,36,81,13,13,0,0
105,108,12,741,1478,282,553,38,65,0,0
105,109,15.12,856,1946,329,706,175,485,0,0
105,110,6.09,206,503,117,338,10,18,0,0
105,111,13.78,870,2022,479,1391,32,52,0,0
105,112,18.87,1529,3269,1202,2718,31,55,0,0
105,113,13.38,625,1168,298,557,15,31,0,0
105,114,20.52,1668,3897,1222,3146,49,82,0,0
105,115,26.66,1301,2258,915,1582,37,64,0,0
105,116,26.44,1995,6027,1522,4911,46,116,0,0
105,117,12.32,1026,2262,722,1772,16,30,0,0
105,118,1,31,126,3,13,3,13,0,0
105,119,10.47,2054,4434,272,589,185,415,0,0
105,120,34.08,5570,16055,926,2658,2354,6045,0,0
105,121,16.16,6781,20286,716,2022,4276,12141,0,0
105,122,18.6,1481,3001,898,1932,124,177,0,0
105,123,14.04,732,1498,377,967,38,58,0,0
105,124,43.21,10651,22325,1902,4198,7839,16383,0,0
105,125,13.39,7126,21298,1025,3742,4294,8820,0,0
105,126,52.95,4564,10828,3845,9602,55,109,0,0
105,127,56.81,5152,13151,2813,6927,249,674,0,0
106,27,0.17,240,961,0,0,240,961,0,0
106,34,36.94,3143,12075,1830,7626,325,1487,0,0
106,35,80.59,7461,23363,4845,17169,1267,3313,0,0
106,36,101.7,6095,15819,3370,8645,488,1310,0,0
106,37,104.94,6010,13163,3964,9499,195,384,0,0
106,38,96.12,5567,12615,3633,8458,607,1681,0,0
106,39,56.34,9009,21584,2470,5384,1953,5888,0,0
106,40,16.58,5319,16906,1537,4022,2809,10924,0,0
106,41,39.15,9362,36005,1864,10283,3297,10305,0,0
106,42,27.71,5810,26934,2737,14619,980,3228,0,0
106,43,14.6,9966,30789,728,2274,5125,15467,0,0
106,44,87.26,5943,10544,3681,6960,231,370,0,0
106,45,63.83,7080,14774,6239,13268,93,167,0,0
106,46,101.11,6435,13375,5053,10877,150,271,0,0
106,47,28.98,3230,8410,2230,5878,111,281,0,0
106,48,8.57,864,1839,403,915,157,420,0,0
106,49,26.43,2619,5200,1521,3251,123,226,0,0
106,50,14.56,1388,3074,1184,2728,16,26,0,0
106,52,1,35,35,3,3,3,3,0,0
106,53,1,28,28,3,3,3,3,0,0
106,54,1.18,252,504,205,411,5,10,0,0
106,67,1,16,48,2,5,2,5,0,0
106,69,4,180,335,150,297,3,4,0,0
106,70,5.27,509,686,294,300,11,18,0,0
106,71,2.55,168,610,69,164,11,49,0,0
106,72,27.47,1642,3695,1288,2947,33,72,0,0
106,76,22.03,1955,3905,1448,2888,36,65,0,0
106,77,28.96,2428,4749,1901,3720,56,112,0,0
106,78,2.07,643,2542,348,1361,33,131,0,0
106,88,6.63,811,1406,32,60,348,691,0,0
106,89,27.81,9600,23482,485,1031,6898,17712,0,0
106,90,19.22,12445,38360,271,985,10006,29500,0,0
106,91,11.01,10420,30321,12,23,10308,30107,0,0
106,92,9.3,8859,25346,434,1502,5637,13197,0,0
106,93,14.77,10289,27495,123,359,9186,24264,0,0
106,94,3,108,108,11,11,11,11,0,0
106,95,2,36,57,4,6,4,6,0,0
106,96,4,159,302,96,191,7,13,0,0
106,97,13.25,1332,2021,133,202,133,202,0,0
106,98,4.15,606,1441,42,88,230,652,0,0
106,99,5.92,1475,2898,142,285,194,337,0,0
106,100,15.29,3575,7147,517,1071,2237,4470,0,0
106,101,16.64,2242,4216,384,865,1454,2560,0,0
106,102,14.56,856,1379,563,1073,16,17,0,0
106,103,12.5,836,1515,467,930,37,58,0,0
106,104,4.18,347,781,77,162,114,237,0,0
106,105,3.72,452,907,283,571,18,38,0,0
106,106,5.27,581,1312,387,932,22,42,0,0
106,107,6.93,549,1488,290,855,29,70,0,0
106,108,5.46,289,621,136,339,7,13,0,0
106,109,12,798,1794,676,1458,10,30,0,0
106,110,15,760,1648,503,1286,19,24,0,0
106,111,11.01,1154,2484,963,2033,15,31,0,0
106,112,5.29,405,994,341,866,5,11,0,0
106,113,15,830,2057,659,1738,9,16,0,0
106,114,6.1,630,1259,557,1114,8,15,0,0
106,115,17.01,2161,4211,681,1349,213,415,0,0
106,116,10.81,817,1805,700,1635,14,19,0,0
106,117,10.68,690,1491,439,885,20,57,0,0
106,118,17.11,1190,2573,948,2153,15,23,0,0
106,119,53.98,3518,7430,2222,5059,276,535,0,0
106,120,34.41,2399,5444,1288,3107,175,364,0,0
106,121,33.08,2217,5087,1172,2576,199,426,0,0
106,122,44.98,6259,17029,1064,2923,2210,5126,0,0
106,123,22.93,4665,17434,1538,4499,1793,5091,0,0
106,124,31.43,3293,10221,880,2496,1312,5309,0,0
106,125,9.11,4615,11534,2788,7946,202,399,0,0
106,126,39.82,10952,39401,5753,22599,1585,4891,0,0
106,127,98.74,9243,28639,3649,11862,2323,8112,0,0
107,21,0.01,1,6,0,1,0,1,0,0
107,22,1.99,138,640,14,64,14,64,0,0
107,23,1,43,43,0,0,43,43,0,0
107,34,2.69,58,118,24,84,4,4,0,0
107,35,32.13,6042,23556,5455,22396,610,2203,0,0
107,36,79.31,6619,20075,4860,16054,521,2087,0,0
107,37,75.37,7366,22188,4876,17582,238,518,0,0
107,38,57.65,8198,26615,3590,14149,1973,4937,0,0
107,39,85.39,7059,16712,3672,8871,1023,2168,0,0
107,40,66.65,5656,13436,4547,10957,493,1415,0,0
107,41,33.53,2497,6188,1481,4159,545,1087,0,0
107,42,15.5,5326,27837,3975,21923,150,656,0,0
107,43,40.32,5280,22614,4393,20915,159,310,0,0
107,44,64.59,4701,10268,4033,9217,63,100,0,0
107,45,53.29,4385,11359,3632,9775,84,177,0,0
107,46,47.91,6054,23645,2862,10012,295,1280,0,0
107,47,32,3029,7489,1012,2537,224,551,0,0
107,48,12.25,1293,3238,320,859,101,241,0,0
107,49,19.76,2198,4740,1609,3494,61,129,0,0
107,50,2,81,81,54,54,3,3,0,0
107,51,0.05,16,31,16,31,0,0,0,0
107,52,10.16,948,2104,836,1944,8,13,0,0
107,53,0.76,72,216,7,22,7,22,0,0
107,60,1,26,52,3,5,3,5,0,0
107,70,3.2,1081,4199,108,420,108,420,0,0
107,71,4.17,1077,3744,406,1180,75,285,0,0
107,72,30.39,2058,4528,1728,3955,25,52,0,0
107,73,5,566,1440,511,1331,2,3,0,0
107,76,26.21,2082,3471,1708,2938,40,58,0,0
107,77,9.64,975,1824,833,1652,8,12,0,0
107,87,3.3,1497,4331,95,268,645,1919,0,0
107,88,10.57,5359,15688,492,1438,928,2745,0,0
107,89,7.08,6103,17398,181,523,4481,12692,0,0
107,90,11.19,6215,17010,17,35,6058,16696,0,0
107,91,1.64,1451,4353,0,0,1451,4353,0,0
107,92,7.29,5049,15335,150,562,3696,10273,0,0
107,93,16.59,1667,3585,521,949,736,2129,0,0
107,94,13.81,600,1104,246,519,39,64,0,0
107,95,7.92,719,1349,343,680,39,71,0,0
107,96,4,627,1234,336,668,6,10,0,0
107,97,15.24,1708,2752,762,1458,101,137,0,0
107,98,29.81,2637,5113,1133,2307,167,311,0,0
107,99,8.92,650,956,330,628,35,37,0,0
107,100,16.08,1594,3062,448,858,326,644,0,0
107,101,29.36,1977,3705,1094,2235,53,73,0,0
107,102,13.39,833,1678,575,1198,25,45,0,0
107,103,5.09,378,725,285,592,10,15,0,0
107,104,18.21,2451,5986,671,1486,1179,3083,0,0
107,105,18.86,2047,4544,934,2448,354,699,0,0
107,106,1.94,531,1453,469,1391,7,7,0,0
107,107,1.02,34,79,13,39,2,5,0,0
107,108,15.16,854,1900,577,1384,30,57,0,0
107,109,12.98,863,1652,537,1239,22,29,0,0
107,110,11.14,1050,2702,823,2360,25,36,0,0
107,111,4.22,162,257,99,177,5,5,0,0
107,112,4.46,778,2615,704,2431,0,0,0,0
107,113,10,978,1587,783,1319,21,30,0,0
107,114,21.88,1525,3509,635,1319,69,188,0,0
107,115,16.47,1969,7070,546,1627,285,909,0,0
107,116,23,1576,3580,972,2324,144,305,0,0
107,117,26.75,2036,3891,1521,2928,44,79,0,0
107,118,12.11,845,1217,408,608,47,66,0,0
107,119,20.21,1773,3620,1354,2822,101,254,0,0
107,120,48.41,3392,7318,2144,4682,125,268,0,0
107,121,23.57,1543,3531,974,2148,44,111,0,0
107,122,40.58,2973,6565,2231,5396,105,144,0,0
107,123,79.95,4675,10533,3104,7099,280,721,0,0
107,124,62.57,5315,11340,3309,7489,632,1265,0,0
107,125,50.37,3798,8433,2621,6272,145,272,0,0
107,126,75.19,5805,19847,3040,10869,835,2424,0,0
107,127,160.8,14760,62743,9314,40669,3364,12268,1191,8339
108,35,0.19,26,52,3,5,3,5,0,0
108,36,62.94,5702,16382,4052,12437,1160,2802,0,0
108,37,71.71,4967,11404,4056,9528,73,174,0,0
108,38,90.14,7359,18589,5287,13889,143,280,0,0
108,39,64.31,5010,12739,3454,9474,722,1602,0,0
108,40,80.32,6290,17301,4597,13957,199,422,0,0
108,41,28.19,4581,13348,2402,8045,2009,4805,0,0
108,42,31.95,8639,30335,3725,15583,616,1709,0,0
108,43,100.88,10414,33400,7557,25785,673,1656,0,0
108,44,21.14,3039,5251,946,2355,1670,1758,0,0
108,45,7.89,2637,8644,767,1697,212,773,0,0
108,46,18.06,9354,43271,1065,4921,799,4018,0,0
108,47,26.12,2326,5030,1242,2528,111,267,0,0
108,48,38.85,5040,13561,658,1663,488,1323,0,0
108,49,26.43,3780,9250,2254,5020,168,468,0,0
108,50,13.61,1355,2949,1160,2603,19,32,0,0
108,51,2.44,234,299,193,218,4,8,0,0
108,52,35.66,2660,6043,2132,4987,40,71,0,0
108,53,14.61,1268,2964,718,1545,55,148,0,0
108,54,2.26,136,263,88,175,5,10,0,0
108,68,2,74,260,4,7,41,193,0,0
108,70,3.06,360,557,338,513,2,5,0,0
108,71,33.21,2547,5231,1693,3340,89,197,0,0
108,72,52.09,3796,8169,2576,5972,194,523,0,0
108,73,3.2,523,1147,327,853,236,310,0,0
108,76,1.7,175,351,151,301,3,6,0,0
108,77,6.42,836,2076,826,2067,1,1,0,0
108,86,1,17,17,0,0,0,0,0,0
108,87,21.36,5799,13731,558,1139,1995,5358,0,0
108,88,24.29,7780,20528,263,589,5414,15219,0,0
108,89,12.62,17880,53679,85,248,17117,51452,0,0
108,90,19.02,8804,23662,8,14,8733,23538,0,0
108,91,25.41,6780,18861,115,195,6334,17868,0,0
108,92,13.21,1211,2296,742,1452,45,81,0,0
108,93,7.3,571,860,490,714,4,7,0,0
108,94,6.63,1097,2083,282,553,35,59,0,0
108,95,27.67,7520,10561,458,911,6570,8728,0,0
108,96,0.86,377,432,0,0,377,432,0,0
108,97,8,572,1036,448,885,14,17,0,0
108,98,24.97,1557,3062,964,2243,160,185,0,0
108,99,13.54,1154,2117,615,1380,52,68,0,0
108,100,20.25,1176,2695,793,1919,40,79,0,0
108,101,51.42,3667,6734,2108,3876,154,277,0,0
108,102,48.73,3653,6623,2453,4713,103,161,0,0
108,103,14,1113,2464,771,1710,38,84,0,0
108,104,8,849,2262,325,915,58,149,0,0
108,105,8.81,886,1727,719,1414,16,31,0,0
108,106,8,1380,2893,760,1738,544,1080,0,0
108,107,0.02,3,7,3,7,0,0,0,0
108,109,1,206,617,206,617,0,0,0,0
108,110,1.58,29,57,3,6,3,6,0,0
108,111,1,75,224,75,224,0,0,0,0
108,113,18.65,1578,3317,1046,2469,265,299,0,0
108,114,27.94,1661,3374,1346,2991,29,37,0,0
108,115,22.08,1524,3060,1037,2227,54,93,0,0
108,116,18.83,1558,3627,1153,2617,44,111,0,0
108,117,24.62,1855,4271,1228,2874,66,152,0,0
108,118,29.93,2067,4792,869,2118,129,287,0,0
108,119,13.96,1507,3968,756,1986,74,199,0,0
108,120,29.36,1868,3997,1058,2284,87,187,0,0
108,121,31.11,1607,3272,1253,2674,25,40,0,0
108,122,51.67,3294,7073,2591,5828,73,128,0,0
108,123,51.77,3728,8388,2580,5993,111,239,0,0
108,124,47.05,3541,8237,2741,6523,77,165,0,0
108,125,35.17,2107,4945,1444,3557,56,118,0,0
108,126,12.96,678,1342,90,174,203,460,0,0
108,127,73.24,3448,10230,2482,7892,97,248,32,160
109,36,22.72,3023,8796,1506,5728,1439,3569,0,0
109,37,67.49,7137,20204,5473,17199,341,617,0,0
109,38,78,7192,18401,5656,15350,246,629,0,0
109,39,58.63,4999,11327,3611,8566,573,1136,0,0
109,40,52.48,3699,9135,2578,6636,98,189,0,0
109,41,38.07,4553,15426,2871,8138,161,732,0,0
109,42,39.54,5274,14789,3212,8966,160,454,0,0
109,43,34.71,8349,26252,6708,22940,171,338,0,0
109,44,61.8,4695,10816,3335,7737,708,1892,0,0
109,45,6.79,3308,10845,261,972,1321,3062,0,0
109,46,31.17,4833,15528,622,1830,465,1515,0,0
109,47,24.91,2771,6628,1664,4380,124,250,0,0
109,48,27.01,1985,3823,1339,2539,67,132,0,0
109,49,45.33,2603,5273,1764,3755,78,154,0,0
109,50,57.14,3745,8761,2911,7315,63,111,0,0
109,51,47.47,3230,7611,2560,6382,85,189,0,0
109,52,35.27,2846,6788,1685,3675,116,329,0,0
109,53,28.09,2218,4851,1770,3946,33,67,0,0
109,54,0.74,87,174,72,143,2,3,0,0
109,70,7.02,737,1908,627,1761,8,8,0,0
109,71,34.56,2092,4342,1640,3617,49,79,0,0
109,72,19.04,1689,2965,1164,2119,49,85,0,0
109,73,7.96,649,1658,180,385,53,143,0,0
109,75,4,352,704,222,443,14,29,0,0
109,86,4.43,2448,6769,173,448,1469,3907,0,0
109,87,15.66,5579,14966,257,751,4434,11690,0,0
109,88,51.03,8116,21209,984,2518,4994,13205,0,0
109,89,9.3,12108,36807,962,2893,3455,10769,0,0
109,90,12.62,11905,34850,50,89,11588,34301,0,0
109,91,19.64,9459,10060,229,437,8987,9371,0,0
109,92,29.56,2062,3434,895,1823,184,227,0,0
109,93,24.56,1098,1839,710,1361,30,36,0,0
109,94,23.96,8768,16849,512,723,7792,15543,0,0
109,95,10.48,2871,3996,383,850,2033,2302,0,0
109,96,9.52,3880,6833,49,97,3438,5957,0,0
109,97,9.98,1729,3649,327,874,1182,2358,0,0
109,98,21.89,4670,8196,1189,2782,2847,3927,0,0
109,99,19.14,4558,5623,775,1354,3372,3676,0,0
109,100,40.61,2600,4078,1933,3252,64,77,0,0
109,101,72,5072,9515,3331,6394,162,290,0,0
109,102,25.99,2320,3869,1769,2993,61,97,0,0
109,103,22.18,1762,3893,1043,2413,55,115,0,0
109,104,15.35,1173,2295,660,1403,57,98,0,0
109,105,18.36,1757,3819,1422,3231,33,59,0,0
109,106,12.05,1596,4046,1124,2565,47,159,0,0
109,107,15.61,1939,5848,460,1139,63,124,879,3518
109,108,6,1445,4084,384,1042,118,338,0,0
109,109,14.7,2204,5418,868,2074,144,364,0,0
109,110,1.16,72,267,50,201,2,7,0,0
109,111,5,356,686,207,411,17,30,0,0
109,112,15.88,2051,4334,784,2419,364,466,0,0
109,113,20.8,1517,3523,795,1958,108,227,0,0
109,114,22.31,1656,3501,1245,2778,38,72,0,0
109,115,26.68,2299,4333,1749,3429,46,70,0,0
109,116,23.37,1566,3426,1109,2364,44,108,0,0
109,117,33.57,2653,5089,1966,3826,71,135,0,0
109,118,27.55,1902,4087,1227,3142,52,81,0,0
109,119,41.01,2002,4080,1315,2851,48,87,0,0
109,120,33.26,1989,4666,1569,3770,33,73,0,0
109,121,22,1078,2464,731,1854,35,64,0,0
109,122,9.34,621,1241,423,933,19,28,0,0
109,123,9,523,1052,456,941,7,12,0,0
109,124,17.26,1591,3627,1224,3089,32,51,0,0
109,125,18.24,1634,4020,1254,3396,43,69,0,0
109,126,33.14,2803,6285,957,2084,1118,3031,0,0
109,127,10.08,865,1810,511,1206,38,64,0,0
110,37,80.82,6613,16654,3901,11183,1180,2917,0,0
110,38,64.97,6784,20609,5802,18599,131,355,0,0
110,39,64.23,4994,11334,4183,9806,103,207,0,0
110,40,65.4,4207,11454,3019,8788,119,264,0,0
110,41,44.44,4044,10502,2878,7579,118,306,0,0
110,42,34.86,4068,13659,3538,12358,125,266,0,0
110,44,20.91,6134,16361,2053,8160,2851,5707,0,0
110,45,42.03,7966,25540,4487,14184,387,1261,0,0
110,46,68.5,4752,9965,3111,6475,173,371,0,0
110,47,20.96,1390,2609,982,1890,37,63,0,0
110,48,42.76,2486,4986,1673,3471,72,129,0,0
110,49,37.97,2055,4125,1485,3116,50,89,0,0
110,50,61.13,4152,9566,3098,7590,89,173,0,0
110,51,85.17,4922,11007,3481,8080,119,251,0,0
110,52,76.26,3877,9589,2940,7692,100,206,0,0
110,53,5,498,1243,476,1181,2,7,0,0
110,70,18.92,600,1363,470,1133,12,22,0,0
110,71,4.5,436,1045,91,207,38,93,0,0
110,72,16.97,1167,2663,838,2068,33,59,0,0
110,73,13.24,1463,3625,885,2525,64,122,0,0
110,74,7,502,896,381,759,6,8,0,0
110,86,4.17,1275,2641,13,23,1159,2434,0,0
110,87,23.01,8458,19710,607,1024,7417,17721,0,0
110,88,18.18,13344,37707,93,137,12964,36938,0,0
110,89,8.7,15593,46048,734,2141,8987,26778,0,0
110,90,23.77,3166,7686,473,1095,2036,5455,0,0
110,91,22.67,4603,11433,604,1445,3455,8747,0,0
110,92,20.94,3659,9812,468,1149,80,147,0,0
110,93,3.81,361,412,34,36,58,83,0,0
110,94,26.15,3721,6574,946,1745,1660,3240,0,0
110,95,23.57,1388,2420,621,999,68,108,0,0
110,96,12,561,1000,228,445,31,50,0,0
110,97,23.02,1660,3660,943,2146,64,134,0,0
110,98,56.8,2977,5795,1861,3946,119,200,0,0
110,99,47.98,3743,7142,2485,4921,140,247,0,0
110,100,92.39,5136,9224,3026,5840,206,343,0,0
110,101,52.54,3808,7138,2447,4618,120,224,0,0
110,102,56.71,3918,6421,3186,5434,84,96,0,0
110,103,24.88,1768,3712,1530,3384,23,29,0,0
110,104,30.5,2229,4695,1349,3103,85,156,0,0
110,105,26.44,1669,3717,1375,3201,32,58,0,0
110,106,45.4,4575,9297,3682,7620,91,168,0,0
110,107,2,322,645,79,157,27,54,0,0
110,109,3.3,1687,8073,1143,6650,61,157,1082,6493
110,110,2.22,353,1219,307,1173,5,5,0,0
110,111,1,89,178,9,18,9,18,0,0
110,112,26.12,2287,4652,733,1450,208,383,0,0
110,113,21.01,1463,3274,908,2273,43,75,0,0
110,114,26,1678,4377,1294,3620,144,396,0,0
110,115,22.81,1139,2531,649,1672,49,84,0,0
110,116,26.11,1851,3381,840,1419,108,208,0,0
110,117,19.07,3033,6592,986,2270,1861,4084,0,0
110,118,39.26,2160,4304,858,1671,103,213,0,0
110,119,30.78,2091,4179,1344,2780,79,150,0,0
110,120,29.29,2160,5117,944,2636,246,499,0,0
110,121,11.19,720,1618,399,968,18,37,0,0
110,122,10.66,966,2648,867,2431,6,15,0,0
110,123,20.16,1362,2691,955,1668,43,108,0,0
110,124,7.01,489,937,376,749,12,21,0,0
110,125,26.41,1739,3698,1023,2142,67,154,0,0
110,126,29.76,1955,3820,1223,2355,54,99,0,0
110,127,7,404,970,351,869,5,9,0,0
111,36,1.32,28,28,3,3,3,3,0,0
111,37,82.57,6757,18884,5551,16418,495,1340,0,0
111,38,69.77,5277,12354,3475,8300,886,2521,0,0
111,39,94.57,6498,14487,5575,12781,69,132,0,0
111,40,88.65,5774,13388,4615,11140,84,163,0,0
111,41,49.28,4069,10496,3358,9050,51,97,0,0
111,42,45.08,3893,10366,2993,7688,228,680,0,0
111,43,35.94,3736,9994,1332,3270,1404,4164,0,0
111,44,5.57,2077,5813,158,224,1701,5083,0,0
111,45,11.59,1190,2476,683,1645,195,200,0,0
111,46,60.07,5350,11781,3968,8772,149,329,0,0
111,47,22.82,1375,4349,711,2430,160,477,0,0
111,48,15.87,738,1671,475,1139,19,38,0,0
111,49,30.24,1545,3027,908,1840,138,268,0,0
111,50,51.06,6882,14131,2809,5899,3105,5949,0,0
111,51,91.26,5525,12445,3979,9343,166,336,0,0
111,52,82.32,5197,11962,3879,9481,118,224,0,0
111,53,17.96,1596,3645,995,2392,205,416,0,0
111,70,7,1103,3796,212,789,570,2222,0,0
111,72,19.97,1438,3116,1134,2551,34,63,0,0
111,73,35.12,2967,6597,2055,4639,97,210,0,0
111,74,1.79,246,734,152,450,10,31,0,0
111,86,13.38,6767,18366,309,687,5362,14937,0,0
111,87,14.96,6602,16545,149,335,5260,13532,0,0
111,88,21.24,13622,35167,136,504,12400,30626,0,0
111,89,14.52,13193,33254,14,16,13056,33099,0,0
111,90,30.57,2573,6009,903,1787,1280,3649,0,0
111,91,9.62,3465,10605,380,1197,1426,3210,0,0
111,92,17.79,5963,17987,956,1564,49,66,0,0
111,93,36.05,5170,10050,2018,3661,2161,4157,0,0
111,94,20.32,1082,1873,568,1067,62,96,0,0
111,95,13.64,898,1692,339,786,62,99,0,0
111,96,9.45,674,1410,578,1266,9,13,0,0
111,97,30.12,2261,4586,1342,2849,102,191,0,0
111,98,74.16,5165,9094,3883,6906,116,210,0,0
111,99,58.69,4969,10601,3661,7926,134,280,0,0
111,100,50.92,3708,7503,2056,4567,158,300,0,0
111,101,56.01,4887,9251,3722,7434,282,510,0,0
111,102,83.79,5805,11628,3605,7686,1019,2003,0,0
111,103,40.55,3606,8722,2844,6974,72,171,0,0
111,104,23.28,1358,2237,1041,1833,28,33,0,0
111,105,25.11,2157,4847,1720,3906,48,105,0,0
111,106,28.24,1749,4525,1375,3612,40,99,0,0
111,110,0.62,68,203,68,203,0,0,0,0
111,111,1,180,540,18,54,18,54,0,0
111,112,17.03,1145,2234,910,1815,26,46,0,0
111,113,13.52,975,1870,700,1395,21,39,0,0
111,114,41.13,2291,5037,1503,3570,64,122,0,0
111,115,26.94,1934,3946,1438,3007,54,105,0,0
111,116,14.53,1165,2295,892,1878,30,47,0,0
111,117,10.52,1307,2732,426,1063,510,1009,0,0
111,118,28.87,1855,3936,1406,3181,30,50,0,0
111,119,29.04,1739,3423,872,1836,100,222,0,0
111,120,32.19,2073,4868,1281,3221,85,180,0,0
111,121,4.29,316,698,286,642,3,7,0,0
111,122,11.16,968,2158,513,1049,47,118,0,0
111,123,12.76,1205,3138,838,2206,31,86,0,0
111,124,27.37,1964,4016,1145,2470,56,108,0,0
111,125,1.82,195,511,122,367,0,0,0,0
111,126,34.29,2315,5157,1459,3461,86,180,0,0
111,127,9.72,618,1344,498,1148,5,11,0,0
112,36,22.23,2180,6243,1055,3917,632,1875,0,0
112,37,95.77,6409,19148,4053,12989,590,1563,154,491
112,38,74.12,4652,11380,3076,7519,588,1549,0,0
112,39,111.09,7942,16219,4996,10664,1722,3406,0,0
112,40,83.5,5664,12782,4530,10855,290,557,0,0
112,41,56.41,4172,9732,3414,8267,53,112,0,0
112,42,45.36,3620,8748,1525,3515,211,541,0,0
112,43,44.11,3095,7175,2007,4985,527,1040,0,0
112,44,15.45,1008,2487,446,1277,52,120,0,0
112,45,5,273,755,204,605,8,17,0,0
112,46,4.29,1697,3397,51,153,1239,2021,0,0
112,47,32.93,2062,5104,983,2299,488,1420,0,0
112,48,14.69,1724,4018,516,1168,768,2022,0,0
112,49,14.33,2026,4639,673,1584,142,327,0,0
112,50,44.28,3572,7450,2179,4680,339,672,0,0
112,51,80.66,5157,11417,3680,8655,146,275,0,0
112,52,80.45,5706,13072,3869,9278,180,373,0,0
112,53,73.77,4816,11179,3965,9355,113,244,0,0
112,54,35.94,5427,15264,3054,9406,256,634,0,0
112,55,6.35,795,2229,568,1547,25,76,0,0
112,71,1.83,113,400,110,390,0,1,0,0
112,72,61.15,5564,11107,3008,6166,454,754,314,1255
112,73,25.25,1886,4031,1395,2956,49,112,0,0
112,86,5.36,12777,48302,34,71,12472,47671,0,0
112,87,13.83,10749,30748,113,327,9728,27804,0,0
112,88,31.05,8756,25731,168,318,7708,23782,0,0
112,89,9.73,1244,2894,345,682,812,2104,0,0
112,90,21.91,1294,2251,1056,1914,19,29,0,0
112,91,18.96,1715,3466,521,965,119,251,0,0
112,92,21.15,2681,7023,608,1278,40,65,0,0
112,93,64.67,7365,14415,2914,5486,3320,6370,0,0
112,94,41.39,4276,8895,2176,4801,371,587,0,0
112,95,40.91,3096,6496,751,1647,247,513,0,0
112,96,73.1,5039,10046,4106,8363,85,161,0,0
112,97,80.81,6718,15405,4762,11734,194,383,0,0
112,98,50.72,5180,11748,3444,8260,1161,2593,0,0
112,99,79.26,5318,10299,3217,6391,490,1066,0,0
112,100,88.64,5430,10323,4050,8354,192,391,0,0
112,101,92.82,6648,12879,5590,10898,112,213,0,0
112,102,67.66,5056,10660,4193,8958,65,140,0,0
112,103,20.39,2066,4346,991,2015,86,206,0,0
112,104,13.1,1406,2693,1116,2222,26,38,0,0
112,105,11,430,1046,268,727,18,35,0,0
112,113,3,273,795,252,752,2,5,0,0
112,114,18.38,1357,3105,932,2313,43,78,0,0
112,115,13,1520,3383,985,2266,50,102,0,0
112,116,26.58,1443,2884,643,1516,71,117,0,0
112,117,17.21,1441,3225,894,2177,52,100,0,0
112,118,11.73,833,2048,502,1445,32,60,0,0
112,119,20.02,1691,3933,765,2092,88,176,0,0
112,120,17.71,1517,3701,964,2481,49,116,0,0
112,121,7,325,615,137,268,13,21,0,0
112,122,6.77,313,717,189,544,14,20,0,0
112,123,21.94,2060,5953,1527,4641,87,246,0,0
112,124,20.38,1652,4026,925,2427,80,178,0,0
112,125,18.56,1303,3152,574,1326,66,174,0,0
112,126,7.99,392,745,295,585,11,17,0,0
112,127,16.51,913,1686,551,1089,32,49,0,0
113,36,4.28,280,751,212,626,8,14,0,0
113,37,55.45,5846,15845,2671,7968,776,1802,0,0
113,38,78.26,5546,13931,4050,10843,155,322,0,0
113,39,77.96,6594,20050,5570,17663,94,225,0,0
113,40,63.86,4885,11906,3915,9823,91,200,0,0
113,41,54.14,5366,14953,4929,14065,53,111,0,0
113,42,36.07,3502,7727,2043,4823,565,1126,0,0
113,43,49.61,4978,12572,2789,6782,1588,4613,0,0
113,44,19.43,5081,20949,1019,3600,2517,11137,0,0
113,45,18.08,2165,7159,855,2421,141,519,0,0
113,46,24.91,2338,4156,1041,2473,921,951,0,0
113,47,12.86,1720,4320,699,1914,251,708,0,0
113,48,18.88,1917,6013,741,1818,131,466,0,0
113,49,45.75,3606,7638,2835,6136,236,620,0,0
113,50,70.11,4318,10827,2515,6185,479,1384,0,0
113,51,144.27,8645,25587,6680,20347,853,2376,11,55
113,52,106.25,6476,14520,5159,12027,148,290,0,0
113,53,79.57,5231,13156,3556,9502,166,380,0,0
113,54,58.54,4187,9955,2688,6347,147,364,0,0
113,55,31.11,2142,5138,1020,2408,394,1123,0,0
113,56,1.98,532,1065,53,107,53,107,0,0
113,70,1,18,36,2,4,2,4,0,0
113,71,1,10,10,1,1,1,1,0,0
113,72,18.52,1579,3786,727,2084,82,175,0,0
113,73,2.8,364,916,334,854,3,7,0,0
113,79,2.13,378,750,157,430,0,1,0,0
113,86,14.93,5360,24543,397,805,4755,23318,0,0
113,87,12.61,10325,34436,168,454,10142,33903,0,0
113,88,23.43,4256,9880,860,2219,2460,5477,0,0
113,89,17.33,1046,1610,396,671,70,103,0,0
113,90,26.33,1990,3919,1678,3507,30,39,0,0
113,91,53.21,3882,7266,2307,4299,153,298,0,0
113,92,45.84,3558,7323,1875,3832,155,357,0,0
113,93,84.31,5450,10076,3067,5520,1010,1681,0,0
113,94,98.45,6400,12216,5148,10234,124,198,0,0
113,95,75.42,5805,11186,4790,9176,106,209,0,0
113,96,92.03,5805,10362,4439,8128,120,207,0,0
113,97,92.95,6224,12474,4539,9425,156,279,0,0
113,98,85.17,5619,12030,3832,8555,803,1582,0,0
113,99,102.24,6589,12273,4442,8234,354,895,0,0
113,100,68.92,4261,8365,3285,6768,95,161,0,0
113,101,28.7,2912,6246,2510,5446,25,61,0,0
113,102,21.03,1803,4010,1345,3131,103,203,0,0
113,103,22.49,2418,5844,1301,3285,191,500,0,0
113,104,9.9,2079,7910,658,1875,155,667,0,0
113,108,1,42,124,0,0,0,0,42,124
113,114,1,10,10,1,1,1,1,0,0
113,115,8,725,1490,584,1274,10,18,0,0
113,116,9,964,1791,550,1258,40,42,0,0
113,118,8,339,620,94,182,27,49,0,0
113,119,2.12,222,791,199,746,2,5,0,0
113,120,8.79,986,2661,746,1994,26,75,0,0
113,121,22.68,1958,5334,1474,4330,39,80,0,0
113,122,18.58,1279,2632,528,1065,76,160,0,0
113,123,20.34,1736,4084,1269,3105,44,91,0,0
113,124,35.62,2348,5143,1677,3935,63,116,0,0
113,125,35.29,1978,4224,1402,3246,56,94,0,0
113,126,24.47,1728,3929,1080,2492,61,137,0,0
113,127,6.67,366,689,288,573,6,9,0,0
114,37,30.79,1708,4476,1134,3150,154,417,0,0
114,38,127.76,7185,15137,4736,10688,269,430,0,0
114,39,82.68,5873,15602,4724,13266,103,226,0,0
114,40,50.82,4282,13516,2879,9621,123,353,0,0
114,41,49.05,5504,15201,3638,10489,161,395,0,0
114,42,82.41,4859,11901,2566,6303,732,2505,0,0
114,43,37.15,3658,11598,2606,7573,669,3060,0,0
114,44,19.92,2894,8191,810,1922,989,3754,0,0
114,45,24.37,1060,2431,619,1468,40,83,0,0
114,46,20.46,1789,4478,1260,3374,44,106,0,0
114,47,19.83,2331,5746,1574,4081,471,960,0,0
114,48,37.3,5816,15826,2740,6955,953,2726,0,0
114,49,43.51,2722,5855,2049,4519,103,208,0,0
114,50,47.23,3655,8570,1948,4310,185,465,0,0
114,51,254.24,13306,46704,9884,36385,1010,4049,275,824
114,52,80.32,5940,15892,3792,10357,479,1441,0,0
114,53,76.39,4707,12023,3378,8982,134,324,0,0
114,54,61.29,5039,12593,3406,8386,166,433,0,0
114,55,30.33,2570,7308,1410,4330,129,330,0,0
114,56,2.03,1100,3222,8,16,1028,3077,0,0
114,72,0.39,33,67,3,7,3,7,0,0
114,73,1,188,564,19,56,19,56,0,0
114,78,1,25,50,2,5,2,5,0,0
114,79,6.87,1157,2865,638,1803,38,76,0,0
114,86,9.64,5096,13275,371,847,4135,10415,0,0
114,87,5.61,3238,6862,397,840,2951,6287,0,0
114,88,10.14,529,1128,161,360,152,432,0,0
114,89,49.87,4046,8377,2832,5263,882,2598,0,0
114,90,77.75,5234,9854,4049,8161,109,158,0,0
114,91,1,339,679,34,68,34,68,0,0
114,92,6.12,648,1687,141,398,56,143,0,0
114,93,31.93,2835,6713,1942,4411,95,251,0,0
114,94,64.8,6023,13711,4390,9986,559,1565,0,0
114,95,77.59,6480,14172,3981,8629,916,2463,0,0
114,96,97.46,6107,14382,4701,11678,270,543,0,0
114,97,103.42,6933,17510,4941,12785,1044,3068,0,0
114,98,72.12,5495,14957,3944,10535,219,730,0,0
114,99,70.2,4814,12621,2681,6653,718,2615,0,0
114,100,43.6,2429,6076,1523,3999,93,216,0,0
114,101,26.07,1904,4466,1151,2967,78,157,0,0
114,102,43.04,1988,4060,1424,2946,51,91,0,0
114,103,36.87,2229,4899,1438,3599,83,136,0,0
114,104,7.79,281,466,179,380,5,10,0,0
114,120,2,156,297,141,282,2,2,0,0
114,121,19.85,1724,3968,1331,3121,33,73,0,0
114,122,1,344,1031,344,1031,0,0,0,0
114,123,10.01,978,3096,679,2453,7,11,0,0
114,124,27.1,1658,4466,933,2117,65,232,0,0
114,125,21.41,1313,2972,1043,2586,25,37,0,0
114,126,20.02,1440,3398,925,2149,52,133,0,0
114,127,39.95,1847,3700,892,1944,84,153,0,0
115,37,3.54,163,352,9,15,9,15,0,0
115,38,71.09,4270,9246,3021,7057,109,191,0,0
115,39,86.01,4889,12095,3301,8912,321,636,0,0
115,40,32.7,6509,18743,4539,13056,219,633,0,0
115,41,45.13,4225,10065,3305,7936,77,152,0,0
115,42,59.33,4620,10837,3726,8523,63,120,0,0
115,43,53.29,3528,8328,2223,5409,142,320,0,0
115,44,4.19,671,1688,214,527,51,129,0,0
115,45,10.74,1012,2732,873,2556,3,4,0,0
115,46,19.36,1519,3688,766,2095,71,149,0,0
115,47,20.44,1046,2181,644,1395,40,78,0,0
115,48,25.9,1508,4348,1096,3462,34,73,0,0
115,49,10.39,509,1403,282,759,25,72,0,0
115,50,5.81,645,2059,411,1468,26,66,0,0
115,51,88.5,5845,12733,4896,10898,63,120,0,0
115,52,77.18,5011,11239,3478,7823,220,484,0,0
115,53,60.44,3979,10381,3111,8620,250,503,0,0
115,54,31.97,2687,8479,1732,5779,100,285,0,0
115,55,0.01,1,3,1,3,0,0,0,0
115,56,3.86,378,759,316,632,4,8,0,0
115,57,3.14,394,949,193,403,21,59,0,0
115,86,10.03,2411,3423,25,36,2193,3101,0,0
115,87,6.38,1717,3069,208,456,1530,2718,0,0
115,88,1.99,186,301,122,237,7,7,0,0
115,89,44.66,2913,7176,2721,6866,18,29,0,0
115,90,78.66,4514,9585,3885,8406,57,109,0,0
115,93,47.95,2429,4439,1849,3436,50,89,0,0
115,94,90.22,6552,13289,5255,10857,109,203,0,0
115,95,33.41,4224,10716,2329,6852,1176,2374,0,0
115,96,56.07,8408,25171,4520,15657,2747,7021,390,2344
115,97,171.45,12460,41989,7935,28894,3022,10387,143,857
115,98,108.65,7953,26559,3196,10407,1802,6891,1114,4614
115,99,38.36,2541,6908,2104,5839,40,102,0,0
115,100,17.85,1160,2522,685,1534,41,86,0,0
115,101,8.94,716,2340,573,1955,10,29,0,0
115,102,38.03,1316,3445,806,2327,43,94,0,0
115,103,4.96,168,436,143,384,3,6,0,0
115,121,9,457,1017,267,620,21,45,0,0
115,123,10.41,577,1819,477,1603,5,11,0,0
115,124,16.58,904,2450,316,656,61,190,0,0
115,125,5.77,263,544,181,426,10,13,0,0
115,126,21.56,1402,3227,1068,2593,35,67,0,0
115,127,26.77,1915,3601,832,1646,119,221,0,0
116,38,66.73,4654,10854,3228,7989,277,549,0,0
116,39,86.7,4446,10161,3063,7438,199,472,0,0
116,40,91.2,6957,16992,6006,15163,83,167,0,0
116,41,56.8,3980,9039,3465,8171,43,65,0,0
116,42,46.22,4086,10053,3230,8242,84,180,0,0
116,43,10.16,769,1674,652,1475,13,22,0,0
116,44,25.99,3028,6534,2161,5020,89,160,0,0
116,45,19.87,1712,4006,1275,3160,31,59,0,0
116,46,1,8,16,1,2,1,2,0,0
116,47,6.97,362,746,185,373,18,40,0,0
116,48,5.24,394,1108,333,986,2,4,0,0
116,49,35,2017,4935,1206,2999,87,207,0,0
116,50,51.12,3794,9229,3210,8128,56,112,0,0
116,51,73.68,5057,11328,4075,9462,94,173,0,0
116,52,69.63,4531,10274,3969,9310,47,77,0,0
116,53,67.22,5150,11411,3927,9137,91,172,0,0
116,54,54.19,5716,17359,2672,7089,2419,8993,19,56
116,55,15.28,1047,2631,721,1873,36,83,0,0
116,73,1.85,258,1033,230,919,3,13,0,0
116,79,1.14,51,101,5,10,5,10,0,0
116,85,1.03,169,500,163,489,8,16,0,0
116,86,10,599,1385,416,1104,18,25,0,0
116,87,18.26,1377,2855,1081,2383,30,51,0,0
116,88,12.73,848,1597,399,787,49,88,0,0
116,89,3.66,334,868,324,848,1,2,0,0
116,90,26.32,1509,3477,1261,2994,11,20,0,0
116,93,22.4,2244,5012,1542,3468,78,172,0,0
116,94,57.46,3784,9641,1975,5279,164,425,0,0
116,95,47.25,2759,6555,2062,5150,70,142,0,0
116,96,122.04,6157,17687,4603,13929,140,345,0,0
116,97,162.41,9760,34862,6361,23195,919,3244,0,0
116,98,55.98,5474,18456,2223,7613,571,1739,0,0
116,99,0.94,237,712,24,71,24,71,0,0
116,100,1.89,132,265,13,26,13,26,0,0
116,118,1,5,5,0,0,0,0,0,0
116,119,0.61,16,32,2,3,2,3,0,0
116,120,10.45,505,999,333,649,19,39,0,0
116,121,8.93,664,1669,379,1087,32,65,0,0
116,122,21.91,1055,2547,612,1632,24,48,0,0
116,123,5.59,331,1475,275,1306,2,7,0,0
116,124,4,306,611,31,61,31,61,0,0
116,125,4,426,1061,404,1039,2,2,0,0
116,126,2.26,163,598,121,480,4,12,0,0
116,127,10.82,608,1268,222,411,43,95,0,0
117,37,3.73,774,1510,220,435,61,118,0,0
117,38,50.59,5354,14156,2521,8184,636,1312,0,0
117,39,87.71,5776,14229,3123,7678,308,751,0,0
117,40,78.6,5945,14813,4269,11692,139,278,0,0
117,41,64.26,5080,12170,4343,10783,55,104,0,0
117,42,27.9,2448,5561,1496,3370,99,233,0,0
117,43,15,680,1313,514,1022,19,32,0,0
117,44,22.41,2088,4918,979,2291,100,259,0,0
117,45,11.19,1236,2824,1057,2501,14,29,0,0
117,46,28.2,2180,5028,1086,2782,96,190,0,0
117,47,8.3,650,1337,426,949,22,38,0,0
117,48,4.32,635,1248,410,815,25,48,0,0
117,49,3.71,103,276,10,27,10,27,0,0
117,50,18.98,1817,4494,1561,3974,17,33,0,0
117,51,50.32,4417,11777,3545,9743,89,208,0,0
117,52,99.77,5523,13065,4173,10414,110,225,0,0
117,53,106.29,6719,15440,5789,13466,92,193,0,0
117,54,87.24,5337,12452,4132,9766,127,276,0,0
117,55,24.27,2348,5970,1136,2888,154,353,0,0
117,56,6,770,1984,393,883,41,123,0,0
117,67,1,19,38,2,4,2,4,0,0
117,72,1,148,148,15,15,15,15,0,0
117,73,8.08,461,620,278,401,21,25,0,0
117,74,13.47,1092,2453,775,1843,35,68,0,0
117,78,1.81,272,296,24,47,0,0,0,0
117,79,7.05,1740,4894,428,1326,25,41,0,0
117,84,2.85,1178,3221,42,96,778,2304,0,0
117,85,14.78,1068,2197,487,1137,314,619,0,0
117,86,24.28,2102,3848,1437,2813,71,111,0,0
117,87,12.16,1234,2767,586,1457,61,126,0,0
117,91,1,227,680,22,67,22,67,0,0
117,92,9.01,1043,2130,860,1724,20,45,0,0
117,93,31.19,2362,6078,1637,4449,73,163,0,0
117,94,43.43,2984,6346,2592,5697,38,67,0,0
117,95,62.06,4915,11266,3584,7753,148,391,0,0
117,96,49.11,3258,8625,2814,7636,42,92,0,0
117,97,22.71,2453,7111,824,2673,646,1888,0,0
117,98,10.3,1171,3715,154,500,291,911,0,0
117,119,1.52,80,160,37,73,5,10,0,0
117,120,10.08,559,1268,294,731,28,58,0,0
117,121,6,761,2251,522,1732,6,11,0,0
117,122,10.57,623,1738,501,1489,12,24,0,0
117,123,13.67,616,1123,349,649,30,53,0,0
117,124,16.29,1313,3594,685,2120,63,150,0,0
117,125,5.68,233,530,104,266,14,29,0,0
117,126,14.32,847,1847,366,841,23,52,0,0
117,127,9,717,1966,555,1576,18,43,0,0
118,37,7.39,1981,5398,149,425,640,1570,0,0
118,38,32.23,8042,27523,4709,18503,433,1042,0,0
118,39,77.43,5894,14316,4497,11442,120,253,0,0
118,40,98.06,6501,14597,5028,11754,103,200,0,0
118,41,54.59,3869,8325,3076,6872,71,126,0,0
118,42,9.3,573,1118,330,657,26,52,0,0
118,43,17.56,1669,4209,1338,3532,30,62,0,0
118,44,20.9,2330,4319,1363,2698,102,174,0,0
118,45,4.96,290,704,165,485,11,22,0,0
118,46,9.09,467,831,241,452,25,43,0,0
118,47,23.39,1716,3842,968,2272,75,158,0,0
118,48,31.98,2254,4964,942,2552,105,197,0,0
118,49,2.95,290,580,286,572,0,1,0,0
118,50,6.92,574,1724,526,1669,6,7,0,0
118,51,4.08,283,668,136,303,11,29,0,0
118,52,4.32,197,432,64,128,11,22,35,106
118,53,51.9,4028,9707,2819,6770,167,398,0,0
118,54,71.12,4853,11887,3301,8170,283,634,0,0
118,55,81.39,5844,12692,4371,9735,150,304,0,0
118,70,2.05,74,159,7,16,7,16,0,0
118,71,6.95,1320,3312,86,239,545,1158,1054,2623
118,73,4.07,649,1229,65,123,65,123,0,0
118,74,14.29,1801,4640,1212,2991,66,183,0,0
118,78,4,500,1441,50,144,50,144,0,0
118,79,1,68,137,7,14,7,14,0,0
118,84,24.59,4332,10491,622,1327,1651,3945,0,0
118,85,19.79,1509,2680,748,1394,69,116,0,0
118,86,18.2,1160,2189,695,1339,48,85,0,0
118,91,4.4,446,1385,363,1135,9,28,0,0
118,92,13.37,1634,3507,871,1706,77,180,0,0
118,93,10.02,651,1426,178,594,52,93,0,0
118,94,11.95,1025,2544,952,2376,8,19,0,0
118,95,21.69,1668,3795,817,1487,81,229,0,0
118,96,14.1,1333,4295,586,1725,76,279,0,0
118,97,3.01,1486,7356,7,26,1426,7122,1419,7096
118,120,1.4,79,121,8,12,8,12,0,0
118,122,12.12,844,2183,468,1185,42,111,0,0
118,123,3.49,98,223,59,166,4,6,0,0
118,124,17.67,952,2525,712,2008,15,37,0,0
118,125,2.8,134,338,16,40,13,33,0,0
119,37,18.86,1845,5307,548,1411,235,709,0,0
119,38,30.98,2764,7929,2217,6605,42,101,0,0
119,39,29.59,1902,4717,1464,3865,43,79,0,0
119,40,69.75,4685,9916,3362,7305,111,216,0,0
119,41,20.96,1672,4662,999,2676,64,194,0,0
119,42,29.96,2527,5480,1334,2983,90,192,0,0
119,43,39.3,3206,7167,2414,5696,76,143,0,0
119,44,15.03,1385,2504,1066,2066,36,49,0,0
119,45,13.03,553,1125,162,326,42,88,0,0
119,47,8.18,466,1020,105,159,36,90,0,0
119,48,11.5,884,2210,672,1801,17,33,0,0
119,49,12,656,1401,267,643,39,76,0,0
119,50,5,187,357,108,214,9,16,0,0
119,52,7.93,407,1154,184,546,25,68,0,0
119,53,16.11,884,2012,748,1785,14,23,0,0
119,54,85.91,4955,12762,3757,9820,224,623,0,0
119,55,70.14,4849,10767,3143,7066,276,582,0,0
119,56,30.87,2164,5179,1654,4136,56,116,0,0
119,57,1,9,9,1,1,1,1,0,0
119,74,19.21,2165,4132,1444,2517,49,128,0,0
119,84,29.36,1777,3342,1297,2579,40,64,0,0
119,85,55.59,3338,5714,2458,4673,72,89,0,0
119,86,1.16,56,56,6,6,6,6,0,0
119,91,2.46,351,953,89,259,29,77,0,0
119,92,8.77,738,2088,171,504,61,173,0,0
119,93,7,429,897,43,90,43,90,0,0
119,95,0.18,6,13,1,1,1,1,0,0
119,96,10.53,2533,9006,881,2577,184,714,0,0
119,122,0.96,160,160,160,160,0,0,0,0
119,123,3,158,431,87,257,8,19,0,0
119,124,3.3,502,1285,432,1080,7,22,0,0
119,125,8.67,377,861,156,377,20,40,0,0
119,126,1.54,265,746,27,75,27,75,0,0
119,127,12.36,653,1466,441,1110,24,39,0,0
120,37,21.64,1532,3068,918,1904,64,116,0,0
120,38,53.09,6295,16817,4044,11308,1427,2967,0,0
120,39,32.14,4448,15466,3006,9385,151,656,0,0
120,40,31.88,2013,4591,907,2018,55,141,0,0
120,41,6.99,545,1166,384,842,17,36,0,0
120,42,28.14,2741,6051,2235,5128,29,55,0,0
120,43,23.68,1239,3078,906,2427,27,53,0,0
120,44,10.15,944,2049,850,1905,11,16,0,0
120,45,16.03,910,2473,727,2140,19,35,0,0
120,46,7.82,372,449,103,141,26,30,0,0
120,47,7,191,326,98,190,10,15,0,0
120,48,1,14,29,1,3,1,3,0,0
120,49,11.1,1153,2874,807,2252,33,59,0,0
120,50,2.32,542,1300,444,1104,1,2,0,0
120,51,1.32,270,686,157,459,13,25,0,0
120,52,10.45,716,1261,216,266,51,99,0,0
120,53,5.43,305,747,69,205,19,53,0,0
120,54,27.74,1659,4301,1206,3234,34,86,0,0
120,55,67.59,4095,9783,2932,7145,103,239,0,0
120,56,59.65,3993,8315,2474,5368,138,268,0,0
120,72,1,76,229,0,0,0,0,76,229
120,74,1.03,53,106,40,80,1,3,0,0
120,83,4.1,766,1536,142,292,61,130,0,0
120,84,26.57,1607,2590,1200,2024,45,63,0,0
120,85,9.64,633,1390,330,812,20,37,0,0
120,88,1,23,46,2,5,2,5,0,0
120,124,3.68,563,1605,486,1452,9,17,0,0
120,125,14.99,1601,4645,1370,4170,25,53,0,0
120,126,24.82,1476,4070,935,2877,44,102,0,0
120,127,22.47,1287,3268,867,2343,34,75,0,0
121,36,0.12,20,60,20,60,0,0,0,0
121,37,32.81,1914,6381,1424,5072,46,131,0,0
121,38,41.27,6393,20144,4975,15418,156,522,0,0
121,39,15.05,6895,23594,6447,22400,42,126,0,0
121,40,6,386,720,145,284,27,48,0,0
121,41,20.09,1492,3148,1043,2103,33,82,0,0
121,42,14.08,849,1862,483,1084,31,67,0,0
121,43,13,1159,2888,546,1410,64,159,0,0
121,44,15.72,1087,1998,704,1427,39,60,0,0
121,45,31.5,1727,3372,1020,2031,58,111,0,0
121,46,20.41,1350,3404,614,1682,75,180,0,0
121,47,6.66,600,1712,447,1332,15,38,0,0
121,49,8.25,921,1996,208,432,77,170,0,0
121,50,2,248,565,187,381,7,20,0,0
121,51,2,86,86,9,9,9,9,0,0
121,52,6.31,370,793,176,390,22,45,0,0
121,53,4.96,538,1065,506,1012,3,6,0,0
121,54,3,58,132,33,68,3,7,0,0
121,55,47.24,2855,6951,2055,5130,80,192,0,0
121,56,46.9,3296,6921,2422,4924,75,179,0,0
121,57,2,50,89,41,81,1,1,0,0
121,58,1,22,89,2,9,2,9,0,0
121,82,5.72,2952,7608,630,1777,2495,6665,0,0
121,83,10.73,769,1119,460,680,97,112,0,0
121,84,41.15,2207,4245,1478,3107,70,114,0,0
121,85,14.29,1120,2036,594,1342,45,64,0,0
121,94,2.13,1874,7387,5,7,1834,7323,0,0
121,123,2,115,177,11,18,11,18,0,0
121,124,4,209,523,125,365,9,18,0,0
121,125,7.95,315,602,202,435,12,18,0,0
121,126,12.97,1080,3068,884,2636,21,48,0,0
121,127,16.39,968,2142,523,1269,32,61,0,0
122,35,1.9,165,330,17,33,17,33,0,0
122,36,23.77,1626,4989,1175,3879,39,91,0,0
122,37,18.23,1346,2782,943,2007,43,84,0,0
122,38,2.74,1858,5083,262,661,528,1192,0,0
122,39,1.58,194,316,122,244,0,0,0,0
122,40,9.74,691,1261,436,860,25,38,76,76
122,41,18.02,1283,2926,832,2049,51,98,0,0
122,42,9.34,960,2487,794,2153,73,148,0,0
122,43,12,594,1477,354,995,22,45,0,0
122,44,17.26,1372,3443,1047,2795,31,59,0,0
122,45,11.15,772,1509,616,1228,17,30,0,0
122,46,19.92,1087,2099,374,841,62,110,0,0
122,47,7.4,827,1912,712,1737,0,0,0,0
122,48,2,117,311,12,31,12,31,0,0
122,50,1,8,15,1,2,1,2,0,0
122,51,3,178,484,129,385,1,3,0,0
122,52,2.83,398,1103,398,1103,0,0,0,0
122,53,4.04,480,1025,323,653,18,41,0,0
122,54,3.67,319,854,216,650,0,0,0,0
122,55,10.69,567,1080,455,914,12,18,0,0
122,56,45.87,2752,6450,2295,5603,71,133,0,0
122,57,31.92,1258,3126,723,1925,55,124,0,0
122,58,19.28,1086,2451,882,2064,16,34,0,0
122,59,1,134,269,134,269,0,0,0,0
122,74,0.55,171,738,116,464,0,0,55,274
122,75,2.21,423,1771,214,851,10,35,122,608
122,81,1,930,2790,0,0,930,2790,0,0
122,82,22.82,5081,11306,1109,2041,2958,7981,0,0
122,83,2.4,194,389,127,253,8,15,0,0
122,84,7,331,622,145,259,20,41,0,0
122,85,3.6,216,420,169,338,5,9,0,0
122,93,0.02,2,3,0,0,0,0,0,0
122,94,7.84,2193,7987,214,631,1878,7149,0,0
122,126,6.95,514,1471,365,1090,16,42,0,0
122,127,15.91,918,2258,483,1230,48,114,0,0
123,35,22.08,1886,4119,1569,3426,32,70,0,0
123,36,34.3,2164,4463,1149,2478,88,169,0,0
123,37,14.25,1296,2688,706,1769,58,88,0,0
123,38,15.26,1647,4061,860,2077,82,206,0,0
123,39,3.12,230,314,41,66,15,15,0,0
123,40,8.55,671,1410,453,1049,24,40,0,0
123,41,4.09,570,1311,570,1311,0,0,0,0
123,42,7.75,748,1501,468,1157,26,34,0,0
123,43,2.61,203,388,118,235,9,17,0,0
123,44,13.67,1061,2899,730,2122,33,78,0,0
123,45,24.09,1264,2509,910,1913,35,63,0,0
123,46,21.99,1723,4386,523,1136,86,257,0,0
123,47,10.04,1203,2470,964,2071,23,41,0,0
123,48,2,236,642,170,511,0,0,0,0
123,49,0.99,218,653,218,653,0,0,0,0
123,52,0.69,18,36,2,4,2,4,0,0
123,53,0.31,8,16,1,2,1,2,0,0
123,55,1,80,241,80,241,0,0,0,0
123,56,1,35,35,3,3,3,3,0,0
123,57,35.53,2121,4683,1550,3565,40,74,0,0
123,58,36.36,2769,5816,2289,4897,41,83,0,0
123,59,6.07,256,563,99,161,18,45,0,0
123,74,0.1,28,139,0,0,0,0,28,139
123,75,2.14,2391,15635,232,1524,232,1524,2077,14378
123,76,2,246,643,24,64,24,64,0,0
123,80,1,14,14,1,1,1,1,0,0
123,82,2.18,896,1118,53,53,423,645,0,0
123,85,1,22,22,2,2,2,2,0,0
123,126,15.59,914,2558,179,523,76,213,0,0
123,127,9.5,705,1795,411,1026,29,78,0,0
124,33,0.84,128,513,13,51,13,51,0,0
124,34,21.98,1894,4601,1649,4115,14,31,0,0
124,35,40.65,3027,6296,2371,5006,62,116,0,0
124,36,7.91,1371,1945,230,460,822,860,0,0
124,37,12.28,1374,2605,729,1508,192,231,0,0
124,38,4.39,372,749,117,236,171,341,0,0
124,39,20.99,880,1856,383,950,56,100,0,0
124,40,10,491,904,218,428,31,53,0,0
124,41,6.59,387,781,309,619,9,18,0,0
124,42,9.17,879,2190,471,1374,41,81,0,0
124,43,13.01,917,2171,535,1509,33,65,0,0
124,44,17.23,1313,3549,988,2783,35,82,0,0
124,45,29.85,2069,4954,887,1966,118,298,0,0
124,46,17.19,2099,5955,1576,4647,40,112,0,0
124,47,14.79,1397,3031,903,1988,36,81,0,0
124,48,9.63,923,2306,359,878,42,110,0,0
124,49,0.01,2,6,2,6,0,0,0,0
124,57,4.4,362,962,226,667,15,33,0,0
124,58,11.58,1098,2766,504,1358,60,151,0,0
124,59,19.12,1088,2443,648,1566,50,98,0,0
124,60,0.62,108,324,108,324,0,0,0,0
124,94,1,86,257,0,0,0,0,86,257
124,118,6,277,628,28,63,28,63,0,0
124,119,0.47,13,13,1,1,1,1,0,0
124,126,1.41,31,63,4,6,4,6,0,0
124,127,6,316,848,231,685,9,18,0,0
125,33,2.16,98,228,10,23,10,23,0,0
125,34,25.63,2087,3799,1409,2774,75,115,0,0
125,35,16,948,1959,458,1106,140,180,0,0
125,36,16,1008,2345,171,449,90,204,0,0
125,37,9.28,1337,2709,214,455,352,477,0,0
125,38,9.05,989,2227,183,485,343,700,0,0
125,40,1,9,9,1,1,1,1,0,0
125,42,4.86,430,1154,323,958,9,18,0,0
125,43,4.42,647,1865,599,1789,5,8,0,0
125,44,6.05,427,857,291,589,15,30,0,0
125,45,8.86,1026,2691,817,2326,23,40,0,0
125,46,4.53,530,1298,307,878,24,47,0,0
125,47,9.99,1068,2466,769,1764,24,55,0,0
125,48,14.19,1482,3700,981,2359,38,106,0,0
125,50,6,330,625,84,165,27,51,0,0
125,59,28.95,1901,4646,1454,3830,40,64,0,0
125,60,10.93,632,1206,143,286,49,97,0,0
125,94,4.11,734,930,73,93,73,93,0,0
125,110,1,67,67,7,7,7,7,0,0
125,118,2,231,693,218,654,1,4,0,0
125,119,5.53,438,1366,137,513,33,95,0,0
125,120,1,194,775,19,77,19,77,0,0
125,121,1,213,639,213,639,0,0,0,0
126,33,11,1424,3566,495,1252,104,258,0,0
126,34,19.21,1551,2569,100,198,100,198,0,0
126,35,19.03,1426,3194,774,2013,73,132,0,0
126,36,4.01,382,673,81,111,33,63,0,0
126,37,0.94,108,216,11,22,11,22,0,0
126,38,3.96,345,691,181,361,19,36,0,0
126,46,5,291,533,201,391,10,16,0,0
126,47,8,838,1880,777,1738,7,16,0,0
126,48,8,1056,2840,679,2013,35,79,0,0
126,49,1,65,130,6,13,6,13,0,0
126,55,1.53,88,227,41,88,5,15,0,0
126,59,7.68,537,1271,472,1146,7,14,0,0
126,60,27.45,1627,3642,590,1429,102,224,0,0
126,61,1.68,105,208,67,134,4,9,0,0
126,62,0.32,19,39,2,3,2,3,0,0
126,84,0.61,9,9,1,1,1,1,0,0
126,94,3.88,582,2156,58,216,58,216,0,0
126,114,1,196,588,20,59,20,59,0,0
126,120,2.74,293,643,229,457,1,2,0,0
126,121,6.26,401,947,265,626,16,36,0,0
126,122,6,516,1263,438,1135,9,14,0,0
126,123,1,25,51,25,51,0,0,0,0
127,33,16.56,1431,2877,821,1743,244,387,0,0
127,34,18.68,2063,4388,788,1753,762,1533,0,0
127,35,7.96,3242,6384,568,1131,2424,4779,0,0
127,36,14.99,2983,5814,175,335,2267,4521,0,0
127,37,6.59,1025,2270,350,775,468,1102,0,0
127,38,2.69,431,1068,18,25,326,956,0,0
127,39,3,536,1072,54,107,54,107,0,0
127,44,0.05,9,18,1,2,1,2,0,0
127,47,4,258,470,191,377,7,10,0,0
127,48,1,30,30,3,3,3,3,0,0
127,49,5.72,355,709,211,420,16,32,0,0
127,55,0.47,32,63,32,63,0,0,0,0
127,60,10.14,926,1918,708,1540,24,42,0,0
127,61,15,1013,2462,483,1338,46,99,0,0
127,62,1,79,157,8,16,8,16,0,0
127,84,0.39,6,6,1,1,1,1,0,0
127,118,1,39,77,39,77,0,0,0,0
127,121,1,181,543,181,543,54,163,0,0
127,122,2.94,154,308,76,150,9,17,0,0
127,123,9.06,271,699,67,149,23,61,0,0