x,y,number,ground_area,floor_area,residential_ground_area,residential_floor_area,economic_activity_ground_area,economic_activity_floor_area,cultural_ground_area,cultural_floor_area
0,93,0.99,136,136,136,136,0,0,0,0
0,94,0.9,250,250,250,250,0,0,0,0
0,102,0.46,55,55,55,55,0,0,0,0
0,103,0.54,64,64,64,64,0,0,0,0
0,104,1,124,124,124,124,0,0,0,0
0,105,1,99,99,99,99,0,0,0,0
1,83,1,119,119,119,119,0,0,0,0
1,104,1,33,33,33,33,0,0,0,0
2,89,1,52,52,52,52,0,0,0,0
2,105,1,33,33,33,33,0,0,0,0
4,100,1,84,84,84,84,0,0,0,0
4,101,2,370,370,370,370,0,0,0,0
4,103,1,92,92,92,92,0,0,0,0
4,104,1,141,141,141,141,0,0,0,0
4,108,1,86,86,0,0,86,86,0,0
4,109,1.96,284,284,0,0,284,284,0,0
5,109,0.04,8,8,0,0,8,8,0,0
6,90,3.37,502,502,502,502,0,0,0,0
6,102,2,207,207,207,207,0,0,0,0
6,108,2,289,289,0,0,289,289,0,0
7,89,1,597,597,597,597,0,0,0,0
7,90,1.94,264,264,264,264,0,0,0,0
7,91,3.76,1093,1093,1093,1093,0,0,0,0
7,101,1,113,113,113,113,0,0,0,0
7,107,1,69,69,69,69,0,0,0,0
8,90,1,178,178,0,0,0,0,178,178
8,91,1.93,952,952,952,952,0,0,0,0
8,92,0.03,9,9,9,9,0,0,0,0
8,102,0.71,102,102,102,102,0,0,0,0
8,103,0.12,18,18,18,18,0,0,0,0
9,89,0.21,16,16,16,16,0,0,0,0
9,90,1.28,201,201,201,201,0,0,0,0
9,91,3.27,520,520,520,520,0,0,0,0
9,92,7.85,2362,2362,2362,2362,0,0,0,0
9,94,1,154,154,154,154,0,0,0,0
9,102,0.11,16,16,16,16,0,0,0,0
9,103,0.06,8,8,8,8,0,0,0,0
9,109,1,345,345,0,0,345,345,0,0
10,90,3.51,406,406,406,406,0,0,0,0
10,91,0.79,234,234,234,234,0,0,0,0
10,92,1.06,228,228,228,228,0,0,0,0
10,93,2,312,312,312,312,0,0,0,0
10,94,1,95,95,95,95,0,0,0,0
12,96,1,88,88,88,88,0,0,0,0
13,106,2.29,320,320,320,320,0,0,0,0
14,91,1,152,152,152,152,0,0,0,0
14,95,1,168,168,168,168,0,0,0,0
14,106,3.71,238,238,238,238,0,0,0,0
15,93,1.69,220,220,220,220,0,0,0,0
15,94,1.6,209,209,209,209,0,0,0,0
15,95,3.4,544,544,544,544,0,0,0,0
15,110,0.04,45,45,45,45,0,0,0,0
16,93,0.31,38,38,38,38,0,0,0,0
16,106,1,103,103,103,103,0,0,0,0
16,107,1,190,190,0,0,190,190,0,0
16,108,0.98,118,118,118,118,0,0,0,0
16,109,3.32,661,661,661,661,0,0,0,0
16,110,4.43,1343,1343,1343,1343,0,0,0,0
17,68,0.91,30,30,30,30,0,0,0,0
17,69,0.09,3,3,3,3,0,0,0,0
17,96,1,253,253,253,253,0,0,0,0
17,97,1,67,67,67,67,0,0,0,0
17,108,0.02,3,3,3,3,0,0,0,0
17,109,0.13,36,36,36,36,0,0,0,0
17,110,10.98,2046,2046,1997,1997,0,0,49,49
17,111,6.44,1737,1737,1737,1737,0,0,0,0
17,118,2,56,56,56,56,0,0,0,0
18,91,0.37,21,21,21,21,0,0,0,0
18,96,2,273,273,273,273,0,0,0,0
18,109,0.63,270,270,270,270,0,0,0,0
18,110,0.3,128,128,128,128,0,0,0,0
18,111,0.72,450,450,450,450,0,0,0,0
18,120,3,207,207,207,207,0,0,0,0
18,121,1,72,72,72,72,0,0,0,0
19,83,1,116,116,116,116,0,0,0,0
19,91,0.63,36,36,36,36,0,0,0,0
19,92,6,490,490,490,490,0,0,0,0
19,113,0.14,18,18,18,18,0,0,0,0
20,49,1,39,39,39,39,0,0,0,0
20,82,1.58,129,129,129,129,0,0,0,0
20,83,1.42,168,168,168,168,0,0,0,0
20,90,0.91,69,69,69,69,0,0,0,0
20,98,1,104,104,104,104,0,0,0,0
20,100,1,69,69,69,69,0,0,0,0
20,113,0.86,107,107,107,107,0,0,0,0
21,90,1.09,103,103,103,103,0,0,0,0
22,104,1,22,22,22,22,0,0,0,0
22,105,1,455,455,0,0,455,455,455,455
23,90,1,47,47,47,47,0,0,0,0
23,104,0.25,13,13,13,13,0,0,0,0
23,105,1,391,391,391,391,0,0,0,0
24,102,1.44,2547,2547,2547,2547,0,0,0,0
24,103,0.66,543,543,364,364,180,180,0,0
24,104,2.32,384,384,141,141,243,243,0,0
24,106,5.63,1084,1084,1084,1084,0,0,0,0
24,109,3.9,566,566,472,472,0,0,95,95
24,110,2.25,313,313,313,313,0,0,0,0
25,96,1,163,163,163,163,0,0,0,0
25,97,5.17,653,653,653,653,0,0,0,0
25,98,4.83,999,999,999,999,0,0,0,0
25,101,0.02,21,21,0,0,21,21,0,0
25,102,1.88,3140,3140,468,468,2673,2673,0,0
25,103,1,130,130,130,130,0,0,0,0
25,104,0.96,287,287,287,287,0,0,0,0
25,105,3.76,734,734,734,734,0,0,0,0
25,106,10.19,2819,2819,2819,2819,0,0,0,0
25,107,1.23,265,265,265,265,0,0,0,0
25,108,2.61,687,687,687,687,0,0,0,0
25,109,12.62,3556,3556,3556,3556,0,0,0,0
25,110,0.32,85,85,85,85,0,0,0,0
26,80,1,57,57,57,57,0,0,0,0
26,94,1,137,137,137,137,0,0,0,0
26,96,1,220,220,220,220,0,0,0,0
26,101,0.24,3282,3282,0,0,3282,3282,0,0
26,102,0.43,618,618,0,0,618,618,0,0
26,103,4.87,778,778,778,778,0,0,0,0
26,104,5.88,1809,1809,1809,1809,0,0,0,0
26,105,7.38,2089,2089,2089,2089,0,0,0,0
26,106,3.46,1783,1783,1783,1783,0,0,0,0
26,107,1.93,330,330,330,330,0,0,0,0
26,108,9.91,2063,2063,2063,2063,0,0,0,0
26,109,3.06,627,627,627,627,0,0,0,0
26,110,1,45,45,45,45,0,0,0,0
27,55,1,100,100,100,100,0,0,0,0
27,82,0.92,245,245,245,245,0,0,0,0
27,83,4.08,416,416,416,416,0,0,0,0
27,96,1.24,77,77,77,77,0,0,0,0
27,97,0.01,1,1,1,1,0,0,0,0
27,98,0.03,20,20,20,20,0,0,0,0
27,99,0.06,40,40,40,40,0,0,0,0
27,100,1.31,4960,4960,718,718,4242,4242,0,0
27,101,0.39,5428,5428,0,0,5428,5428,0,0
27,102,1.05,385,385,49,49,336,336,0,0
27,103,9.8,4648,4648,4648,4648,0,0,0,0
27,104,5.2,1285,1285,1285,1285,0,0,0,0
27,105,3.97,2135,2135,2135,2135,0,0,0,0
27,106,1.52,437,437,437,437,0,0,0,0
27,107,0.07,9,9,9,9,0,0,0,0
27,108,4.33,1137,1137,1137,1137,0,0,0,0
27,109,2,40,40,40,40,0,0,0,0
27,110,2,52,52,52,52,0,0,0,0
28,96,3.25,931,931,931,931,0,0,0,0
28,97,9.33,2104,2104,2104,2104,0,0,0,0
28,98,4.3,1030,1030,1030,1030,0,0,0,0
28,99,5.8,1763,1763,1624,1624,0,0,139,139
28,100,4.09,1697,1697,1035,1035,662,662,0,0
28,101,2.48,403,403,391,391,12,12,0,0
28,102,8.36,4207,4207,4046,4046,161,161,0,0
28,103,11.61,4378,4378,4185,4185,193,193,0,0
28,104,5.48,1931,1931,1931,1931,0,0,0,0
28,105,6.73,1626,1626,1626,1626,0,0,0,0
28,109,1,16,16,16,16,0,0,0,0
29,37,0.2,73,73,73,73,0,0,0,0
29,82,0.38,34,34,34,34,0,0,0,0
29,83,1,106,106,106,106,0,0,0,0
29,95,1.02,658,658,658,658,0,0,0,0
29,96,5.22,901,901,901,901,0,0,0,0
29,97,1.61,261,261,261,261,0,0,0,0
29,98,5.3,1689,1689,1689,1689,0,0,0,0
29,99,7.19,2197,2197,2197,2197,0,0,0,0
29,100,2.3,555,555,555,555,0,0,0,0
29,101,5.66,2021,2021,2021,2021,0,0,0,0
29,102,7.38,5884,5884,4948,4948,242,242,695,695
29,103,1.35,734,734,734,734,0,0,0,0
29,104,2.69,962,962,962,962,0,0,0,0
29,105,4.93,1149,1149,1149,1149,0,0,0,0
29,106,3.23,331,331,331,331,0,0,0,0
29,108,2,228,228,228,228,0,0,0,0
30,37,0.8,285,285,285,285,0,0,0,0
30,39,1,61,61,61,61,0,0,0,0
30,82,2.62,595,595,595,595,0,0,0,0
30,83,2,337,337,337,337,0,0,0,0
30,95,0.39,136,136,136,136,0,0,0,0
30,96,0.59,207,207,207,207,0,0,0,0
30,97,0.93,137,137,137,137,0,0,0,0
30,98,3.59,889,889,889,889,0,0,0,0
30,99,0.24,153,153,153,153,0,0,0,0
30,100,3.09,1231,1231,1231,1231,0,0,0,0
30,101,7.15,2349,2349,2349,2349,0,0,0,0
30,102,4.63,2584,2584,2584,2584,0,0,0,0
30,103,7.07,1721,1721,1721,1721,0,0,0,0
30,105,3,396,396,396,396,0,0,0,0
30,106,1.26,264,264,264,264,0,0,0,0
30,107,0.51,78,78,78,78,0,0,0,0
30,108,1,31,31,31,31,0,0,0,0
31,92,1,88,88,88,88,0,0,0,0
31,93,1,71,71,71,71,0,0,0,0
31,96,1,674,674,674,674,0,0,0,0
31,99,1.02,63,63,63,63,0,0,0,0
31,100,2.88,696,696,696,696,0,0,0,0
31,101,2.38,584,584,584,584,0,0,0,0
31,102,3.39,1818,1818,1663,1663,155,155,0,0
31,103,3.05,2479,2479,1940,1940,538,538,0,0
31,104,0.41,765,765,765,765,0,0,0,0
31,105,2.98,550,550,550,550,0,0,0,0
31,108,1,19,19,19,19,0,0,0,0
32,84,0.7,64,64,64,64,0,0,0,0
32,92,3.23,963,963,963,963,0,0,0,0
32,93,3.83,410,410,410,410,0,0,0,0
32,98,2.68,487,487,208,208,279,279,0,0
32,99,1.33,533,533,533,533,0,0,0,0
32,100,1.35,429,429,429,429,0,0,0,0
32,101,1.72,473,473,473,473,0,0,0,0
32,102,1.24,1597,1597,0,0,1597,1597,0,0
32,103,2.78,1623,1623,705,705,918,918,0,0
32,104,0.79,295,295,295,295,0,0,0,0
32,105,0.96,137,137,137,137,0,0,0,0
32,107,1,18,18,18,18,0,0,0,0
32,108,1,26,26,26,26,0,0,0,0
33,79,1,164,164,164,164,0,0,0,0
33,84,3.3,412,412,412,412,0,0,0,0
33,92,2.57,611,611,611,611,0,0,0,0
33,93,0.37,48,48,48,48,0,0,0,0
33,96,2.73,510,510,510,510,0,0,0,0
33,98,4.22,3324,3324,394,394,2930,2930,0,0
33,99,2.08,1141,1141,1110,1110,31,31,0,0
33,100,3.68,992,992,992,992,0,0,0,0
33,101,2.27,776,776,776,776,0,0,0,0
33,105,2.06,945,945,945,945,0,0,0,0
33,106,2.84,575,575,575,575,0,0,0,0
34,52,1,20,20,20,20,0,0,0,0
34,75,1,94,94,94,94,0,0,0,0
34,81,0.57,93,93,93,93,0,0,0,0
34,93,1.42,232,232,232,232,0,0,0,0
34,96,3.27,803,803,54,54,749,749,0,0
34,97,0.56,328,328,0,0,328,328,0,0
34,98,3.13,2360,2360,0,0,2360,2360,0,0
34,99,4.47,1994,1994,1994,1994,0,0,0,0
34,100,1,298,298,298,298,0,0,0,0
34,102,0.37,267,267,267,267,0,0,0,0
34,105,7.28,1388,1388,1388,1388,0,0,0,0
34,106,11.35,1734,1734,1734,1734,0,0,0,0
35,52,0.92,285,285,285,285,0,0,0,0
35,53,1.08,112,112,112,112,0,0,0,0
35,81,1.43,185,185,185,185,0,0,0,0
35,91,6,1047,1047,1047,1047,0,0,0,0
35,92,1.05,29,29,29,29,0,0,0,0
35,93,5.26,2391,2391,2391,2391,0,0,0,0
35,94,0.28,15,15,15,15,0,0,0,0
35,98,1.23,415,415,407,407,8,8,0,0
35,99,0.74,1346,1346,1346,1346,0,0,0,0
35,100,1.86,428,428,428,428,0,0,0,0
35,101,1,582,582,582,582,0,0,0,0
35,102,0.63,450,450,450,450,0,0,0,0
35,104,2,176,176,176,176,0,0,0,0
35,105,3.43,580,580,580,580,0,0,0,0
35,106,9.89,6043,6043,5907,5907,0,0,136,136
35,107,0.54,160,160,160,160,0,0,0,0
36,76,2,137,137,137,137,0,0,0,0
36,92,1,148,148,148,148,0,0,0,0
36,98,2.79,502,502,502,502,0,0,0,0
36,100,1.75,2416,2416,2416,2416,0,0,0,0
36,102,1.85,350,350,350,350,0,0,0,0
36,103,3.09,534,534,534,534,0,0,0,0
36,104,1.83,739,739,739,739,0,0,0,0
36,105,11.09,4374,4374,4374,4374,0,0,0,0
36,106,9.38,2492,2492,2492,2492,0,0,0,0
36,107,0.05,98,98,98,98,0,0,0,0
37,90,3.09,274,274,274,274,0,0,0,0
37,96,1,617,617,617,617,0,0,0,0
37,97,2.1,1170,1170,1170,1170,0,0,0,0
37,98,0.75,339,339,339,339,0,0,0,0
37,100,1.25,513,513,182,182,331,331,0,0
37,104,1.92,362,362,362,362,0,0,0,0
37,105,6.47,2536,2536,2536,2536,0,0,0,0
38,77,1,24,24,24,24,0,0,0,0
38,89,4,981,981,981,981,0,0,0,0
38,90,1.91,414,414,414,414,0,0,0,0
38,95,1.01,370,370,370,370,0,0,0,0
38,96,4.63,865,865,865,865,0,0,0,0
38,97,9.12,1965,1965,1965,1965,0,0,0,0
38,98,8.06,1406,1406,1406,1406,0,0,0,0
38,99,1.25,358,358,358,358,0,0,0,0
38,100,0.91,168,168,168,168,0,0,0,0
38,101,0.76,97,97,97,97,0,0,0,0
38,104,0.8,512,512,512,512,0,0,0,0
38,105,0.2,129,129,129,129,0,0,0,0
39,78,1.49,89,89,89,89,0,0,0,0
39,80,0.29,45,45,45,45,0,0,0,0
39,81,1.71,129,129,129,129,0,0,0,0
39,82,1,141,141,141,141,0,0,0,0
39,84,4.3,971,971,971,971,0,0,0,0
39,85,1,11,11,11,11,0,0,0,0
39,94,0.01,7,7,7,7,0,0,0,0
39,95,0.98,135,135,135,135,0,0,0,0
39,96,4.73,2729,2729,2729,2729,0,0,0,0
39,97,9.14,2131,2131,2131,2131,0,0,0,0
39,98,9.04,2465,2465,2465,2465,0,0,0,0
39,99,7.55,2086,2086,2086,2086,0,0,0,0
39,100,4.29,841,841,841,841,0,0,0,0
39,101,5.57,847,847,847,847,0,0,0,0
39,102,3.03,599,599,599,599,0,0,0,0
40,63,0.36,89,89,89,89,0,0,0,0
40,78,2.51,271,271,271,271,0,0,0,0
40,84,0.7,593,593,593,593,0,0,0,0
40,93,1.21,384,384,132,132,251,251,0,0
40,94,1.59,1037,1037,1037,1037,0,0,0,0
40,96,1.82,486,486,486,486,0,0,0,0
40,97,6.73,1501,1501,1501,1501,0,0,0,0
40,98,7.99,2165,2165,2165,2165,0,0,0,0
40,99,10.18,2181,2181,2181,2181,0,0,0,0
40,100,5.85,1811,1811,1811,1811,0,0,0,0
40,101,4.42,1128,1128,1128,1128,0,0,0,0
40,102,2.32,496,496,496,496,0,0,0,0
40,115,1,92,92,92,92,0,0,0,0
41,14,4,219,219,219,219,0,0,0,0
41,63,2.08,272,272,272,272,0,0,0,0
41,94,0.18,109,109,109,109,0,0,0,0
41,95,2.8,1032,1032,0,0,1032,1032,0,0
41,96,2.16,2091,2091,194,194,1897,1897,0,0
41,97,4.62,943,943,943,943,0,0,0,0
41,98,8,2191,2191,2191,2191,0,0,0,0
41,99,7.03,1873,1873,1873,1873,0,0,0,0
41,100,9.48,1928,1928,1928,1928,0,0,0,0
41,101,4.61,1097,1097,1097,1097,0,0,0,0
41,102,6.31,1225,1225,1225,1225,0,0,0,0
41,103,1.18,80,80,80,80,0,0,0,0
41,121,5,323,323,323,323,0,0,0,0
41,122,0.01,1,1,1,1,0,0,0,0
42,60,0.97,112,112,112,112,0,0,0,0
42,61,1.03,82,82,82,82,0,0,0,0
42,63,4.56,301,301,301,301,0,0,0,0
42,66,1.73,275,275,275,275,0,0,0,0
42,92,1.01,305,305,305,305,0,0,0,0
42,93,2.65,755,755,755,755,0,0,0,0
42,94,0.34,172,172,172,172,0,0,0,0
42,97,2.74,663,663,663,663,0,0,0,0
42,98,3.87,772,772,772,772,0,0,0,0
42,99,0.37,264,264,264,264,0,0,0,0
42,100,2.76,1039,1039,1039,1039,0,0,0,0
42,101,3.01,307,307,307,307,0,0,0,0
42,102,3.82,576,576,576,576,0,0,0,0
42,119,1,79,79,79,79,0,0,0,0
42,120,1,87,87,87,87,0,0,0,0
42,121,0.16,17,17,17,17,0,0,0,0
42,122,1.83,204,204,204,204,0,0,0,0
43,66,1.1,113,113,113,113,0,0,0,0
43,91,0.31,146,146,146,146,0,0,0,0
43,92,2.08,694,694,694,694,0,0,0,0
43,93,3.23,834,834,145,145,689,689,0,0
44,66,0.17,23,23,23,23,0,0,0,0
44,70,0.51,18,18,18,18,0,0,0,0
44,92,1.16,116,116,116,116,0,0,0,0
44,93,0.21,101,101,0,0,101,101,0,0
44,97,2,405,405,405,405,0,0,0,0
44,124,4,348,348,348,348,0,0,0,0
45,66,3.64,289,289,289,289,0,0,0,0
45,67,1.36,171,171,171,171,0,0,0,0
45,68,3.98,428,428,428,428,0,0,0,0
45,69,2.93,273,273,273,273,0,0,0,0
45,70,0.49,18,18,18,18,0,0,0,0
45,80,1,212,212,212,212,0,0,0,0
45,96,1.13,156,156,156,156,0,0,0,0
45,97,1.54,342,342,342,342,0,0,0,0
45,107,2,147,147,147,147,0,0,0,0
46,68,0.08,22,22,22,22,0,0,0,0
46,79,0.05,3,3,3,3,0,0,0,0
46,80,1,30,30,30,30,0,0,0,0
46,82,1,112,112,112,112,0,0,0,0
46,83,0.06,96,96,96,96,0,0,0,0
46,84,0.24,279,279,279,279,0,0,0,0
46,85,2,236,236,236,236,0,0,0,0
46,88,2,229,229,229,229,0,0,0,0
46,90,2,131,131,131,131,0,0,0,0
46,91,1,186,186,186,186,0,0,0,0
46,94,1,126,126,126,126,0,0,0,0
46,95,0.41,331,331,331,331,0,0,0,0
46,96,0.64,502,502,502,502,0,0,0,0
46,97,0.28,142,142,142,142,0,0,0,0
47,67,3,291,291,291,291,0,0,0,0
47,72,0.15,17,17,17,17,0,0,0,0
47,73,1.85,154,154,154,154,0,0,0,0
47,76,1,334,334,334,334,0,0,0,0
47,79,0.95,60,60,60,60,0,0,0,0
47,83,5.51,2263,2263,2263,2263,0,0,0,0
47,84,7.18,2072,2072,2072,2072,0,0,0,0
47,87,0.05,67,67,0,0,67,67,0,0
47,88,0.57,833,833,0,0,833,833,0,0
47,89,3.99,560,560,560,560,0,0,0,0
47,90,0.01,1,1,1,1,0,0,0,0
47,93,0.14,4,4,0,0,4,4,0,0
47,94,3.86,100,100,0,0,100,100,0,0
47,95,5.18,183,183,0,0,183,183,0,0
47,108,5,1252,1252,1252,1252,0,0,0,0
48,65,1,179,179,179,179,0,0,0,0
48,70,1,76,76,76,76,0,0,0,0
48,75,1,65,65,65,65,0,0,0,0
48,76,1,124,124,124,124,0,0,0,0
48,81,1.98,266,266,266,266,0,0,0,0
48,82,4.87,2084,2084,1956,1956,122,122,6,6
48,83,2.74,641,641,44,44,517,517,81,81
48,86,1,279,279,279,279,0,0,0,0
48,87,3.3,1034,1034,454,454,580,580,0,0
48,88,1.17,392,392,137,137,255,255,0,0
48,89,2.2,222,222,222,222,0,0,0,0
48,90,12.29,2630,2630,2630,2630,0,0,0,0
48,91,1.98,727,727,727,727,0,0,0,0
48,93,1,294,294,0,0,294,294,0,0
48,94,3.24,538,538,0,0,538,538,0,0
48,95,1.58,453,453,0,0,453,453,0,0
48,100,1.57,137,137,103,103,0,0,34,34
48,101,4.4,946,946,946,946,0,0,0,0
48,102,2,271,271,271,271,0,0,0,0
48,103,2,184,184,184,184,0,0,0,0
48,107,9.67,2535,2535,2535,2535,0,0,0,0
48,108,0.47,397,397,397,397,0,0,0,0
49,73,1,9,9,9,9,0,0,0,0
49,80,1,398,398,398,398,0,0,0,0
49,81,2.07,297,297,297,297,0,0,0,0
49,82,0.34,465,465,465,465,0,0,0,0
49,84,1,60,60,60,60,0,0,0,0
49,86,4.92,1143,1143,1143,1143,0,0,0,0
49,87,2.92,758,758,222,222,536,536,0,0
49,88,1,45,45,45,45,0,0,0,0
49,89,3,1138,1138,1138,1138,0,0,0,0
49,90,1.51,276,276,276,276,0,0,0,0
49,91,0.02,10,10,10,10,0,0,0,0
49,93,0.42,208,208,199,199,9,9,0,0
49,94,3.16,549,549,480,480,69,69,0,0
49,97,1,191,191,191,191,0,0,0,0
49,98,2.18,402,402,402,402,0,0,0,0
49,99,0.97,111,111,111,111,0,0,0,0
49,100,3.9,547,547,547,547,0,0,0,0
49,101,2.02,350,350,350,350,0,0,0,0
49,107,2.59,783,783,783,783,0,0,0,0
49,108,1.27,231,231,231,231,0,0,0,0
49,111,4.77,1292,1292,1292,1292,0,0,0,0
49,112,0.08,20,20,20,20,0,0,0,0
50,64,5,369,369,369,369,0,0,0,0
50,72,1,44,44,44,44,0,0,0,0
50,85,0.18,7,7,7,7,0,0,0,0
50,86,6.9,885,885,885,885,0,0,0,0
50,87,4.33,1764,1764,1641,1641,41,41,0,0
50,88,1.66,807,807,202,202,202,202,0,0
50,93,0.03,40,40,40,40,0,0,0,0
50,94,0.39,454,454,454,454,0,0,0,0
50,95,1,46,46,46,46,0,0,0,0
50,96,1,857,857,857,857,0,0,0,0
50,97,1,110,110,110,110,0,0,0,0
50,98,0.82,174,174,174,174,0,0,0,0
50,99,3.48,608,608,608,608,0,0,0,0
50,100,0.14,23,23,23,23,0,0,0,0
50,101,1,82,82,82,82,0,0,0,0
50,111,6.15,1464,1464,1414,1414,0,0,50,50
51,72,2,62,62,62,62,0,0,0,0
51,81,0.75,112,112,112,112,0,0,0,0
51,83,0.98,134,134,134,134,0,0,0,0
51,87,0.53,265,265,265,265,0,0,0,0
51,88,1.47,808,808,808,808,0,0,0,0
51,91,1,422,422,422,422,0,0,0,0
51,94,1,136,136,136,136,0,0,0,0
51,95,0.07,25,25,25,25,0,0,0,0
51,96,1.82,353,353,353,353,0,0,0,0
51,97,4.37,1934,1934,1934,1934,0,0,0,0
51,98,8.52,1500,1500,1500,1500,0,0,0,0
51,99,1.52,599,599,599,599,0,0,0,0
51,100,1,33,33,33,33,0,0,0,0
51,111,1,299,299,299,299,0,0,0,0
51,115,0.65,79,79,79,79,0,0,0,0
51,116,0.35,43,43,43,43,0,0,0,0
52,60,1.82,237,237,237,237,0,0,0,0
52,62,1,87,87,87,87,0,0,0,0
52,68,1,219,219,219,219,0,0,0,0
52,81,0.25,37,37,37,37,0,0,0,0
52,83,0.02,2,2,2,2,0,0,0,0
52,87,1,320,320,320,320,0,0,0,0
52,88,2.69,437,437,0,0,437,437,0,0
52,89,1.31,186,186,0,0,186,186,0,0
52,92,0.15,118,118,118,118,0,0,0,0
52,93,0.85,652,652,652,652,0,0,0,0
52,95,6.45,1042,1042,1042,1042,0,0,0,0
52,96,1.96,848,848,848,848,0,0,0,0
52,97,1.56,303,303,248,248,0,0,55,55
52,98,0.55,80,80,80,80,0,0,0,0
52,99,1.09,288,288,288,288,0,0,0,0
52,100,3.82,1071,1071,1071,1071,0,0,0,0
52,103,1,37,37,37,37,0,0,0,0
52,104,4,1460,1460,158,158,1302,1302,0,0
52,111,0.04,32,32,32,32,0,0,0,0
52,112,0.43,373,373,373,373,0,0,0,0
52,116,1,55,55,55,55,0,0,0,0
53,50,1.92,290,290,290,290,0,0,0,0
53,60,3.07,336,336,336,336,0,0,0,0
53,68,1,38,38,38,38,0,0,0,0
53,71,1,23,23,23,23,0,0,0,0
53,72,2.78,280,280,280,280,0,0,0,0
53,81,1,130,130,130,130,0,0,0,0
53,87,1.81,296,296,296,296,0,0,0,0
53,88,0.84,309,309,309,309,0,0,0,0
53,89,1,57,57,0,0,57,57,0,0
53,94,0.98,153,153,153,153,0,0,0,0
53,95,2.91,721,721,721,721,0,0,0,0
53,96,5.74,1162,1162,1162,1162,0,0,0,0
53,97,1.13,265,265,265,265,0,0,0,0
53,99,0.22,51,51,51,51,0,0,0,0
53,100,0.87,644,644,644,644,0,0,0,0
53,104,2,562,562,562,562,0,0,0,0
53,109,0.72,107,107,107,107,0,0,0,0
53,111,2.27,609,609,609,609,0,0,0,0
53,112,4.09,1315,1315,1315,1315,0,0,0,0
53,114,0.79,80,80,80,80,0,0,0,0
53,115,0.47,32,32,32,32,0,0,0,0
54,14,0.39,46,46,46,46,0,0,0,0
54,15,2.61,249,249,249,249,0,0,0,0
54,50,0.08,16,16,16,16,0,0,0,0
54,60,0.11,21,21,21,21,0,0,0,0
54,72,0.22,33,33,33,33,0,0,0,0
54,87,4.13,924,924,924,924,0,0,0,0
54,88,9.38,2465,2465,2465,2465,0,0,0,0
54,89,8.92,3056,3056,3056,3056,0,0,0,0
54,90,3.03,849,849,849,849,0,0,0,0
54,94,2,332,332,332,332,0,0,0,0
54,95,1.17,499,499,499,499,0,0,0,0
54,96,1.22,356,356,356,356,0,0,0,0
54,97,0.83,138,138,138,138,0,0,0,0
54,103,4.54,1702,1702,1702,1702,0,0,0,0
54,104,5.88,1981,1981,1981,1981,0,0,0,0
54,106,0.63,340,340,340,340,0,0,0,0
54,107,2.83,872,872,872,872,0,0,0,0
54,109,4.28,1295,1295,1295,1295,0,0,0,0
54,110,2,477,477,477,477,0,0,0,0
54,111,0.13,29,29,29,29,0,0,0,0
54,112,0.04,8,8,8,8,0,0,0,0
54,114,0.21,21,21,21,21,0,0,0,0
54,115,1.53,117,117,117,117,0,0,0,0
54,117,1,195,195,195,195,0,0,0,0
55,58,0.99,49,49,49,49,0,0,0,0
55,65,1,54,54,54,54,0,0,0,0
55,73,1,146,146,146,146,0,0,0,0
55,79,1,156,156,156,156,0,0,0,0
55,87,6.07,1504,1504,1504,1504,0,0,0,0
55,88,8.83,1741,1741,1741,1741,0,0,0,0
55,89,6.71,3953,3953,3953,3953,0,0,0,0
55,90,8.95,2379,2379,2379,2379,0,0,0,0
55,91,2.93,450,450,450,450,0,0,0,0
55,92,0.02,4,4,4,4,0,0,0,0
55,93,6.93,1449,1449,1449,1449,0,0,0,0
55,94,5.4,1455,1455,1455,1455,0,0,0,0
55,95,1.73,475,475,475,475,0,0,0,0
55,97,3.74,1082,1082,1082,1082,0,0,0,0
55,98,1.05,509,509,509,509,0,0,0,0
55,103,2.25,394,394,394,394,0,0,0,0
55,104,0.33,143,143,143,143,0,0,0,0
55,106,0.07,46,46,46,46,0,0,0,0
55,107,2.46,1270,1270,1270,1270,0,0,0,0
55,108,1.47,448,448,448,448,0,0,0,0
55,109,7.39,1525,1525,1525,1525,0,0,0,0
55,110,2,236,236,236,236,0,0,0,0
55,113,1,101,101,101,101,0,0,0,0
55,114,0.78,285,285,285,285,0,0,0,0
55,115,0.27,79,79,79,79,0,0,0,0
55,117,1,263,263,263,263,0,0,0,0
56,6,0.29,7,7,7,7,0,0,0,0
56,7,0.71,17,17,17,17,0,0,0,0
56,12,1,24,24,24,24,0,0,0,0
56,15,1,29,29,29,29,0,0,0,0
56,58,0.01,1,1,1,1,0,0,0,0
56,63,1,50,50,50,50,0,0,0,0
56,67,1,111,111,111,111,0,0,0,0
56,76,2.43,1058,1058,738,738,321,321,0,0
56,77,1.57,1001,1001,795,795,206,206,0,0
56,85,0.44,60,60,60,60,0,0,0,0
56,86,1,442,442,442,442,0,0,0,0
56,87,9.37,2243,2243,2243,2243,0,0,0,0
56,88,9.58,5515,5515,4717,4717,0,0,798,798
56,89,8.46,5152,5152,5152,5152,0,0,0,0
56,90,1.55,447,447,447,447,0,0,0,0
56,91,0.96,321,321,321,321,0,0,0,0
56,92,2.04,456,456,456,456,0,0,0,0
56,93,0.65,56,56,56,56,0,0,0,0
56,97,2.21,362,362,362,362,0,0,0,0
56,107,3.27,564,564,564,564,0,0,0,0
56,108,10.04,3625,3625,3625,3625,0,0,0,0
56,109,0.14,30,30,30,30,0,0,0,0
56,111,0.29,137,137,137,137,0,0,0,0
56,112,3.22,1014,1014,997,997,0,0,16,16
56,113,5.49,2709,2709,2709,2709,0,0,0,0
56,114,10.74,3227,3227,3227,3227,0,0,0,0
56,115,0.26,99,99,99,99,0,0,0,0
56,116,1,50,50,50,50,0,0,0,0
56,117,1,629,629,629,629,0,0,0,0
56,121,1,77,77,77,77,0,0,0,0
57,4,0.53,19,19,19,19,0,0,0,0
57,85,3.47,1019,1019,1019,1019,0,0,0,0
57,86,5.72,1889,1889,1889,1889,0,0,0,0
57,87,4.86,2549,2549,2549,2549,0,0,0,0
57,88,11.89,2742,2742,2742,2742,0,0,0,0
57,89,4.43,1638,1638,1364,1364,274,274,0,0
57,90,0.64,488,488,0,0,488,488,0,0
57,107,6.05,1029,1029,914,914,0,0,115,115
57,108,5.63,1681,1681,1681,1681,0,0,0,0
57,111,0.97,370,370,370,370,0,0,0,0
57,112,0.81,90,90,0,0,0,0,90,90
57,113,0.08,34,34,30,30,0,0,4,4
57,114,0.05,40,40,40,40,0,0,0,0
57,116,0.05,1,1,1,1,0,0,0,0
57,117,0.95,24,24,24,24,0,0,0,0
57,121,1,185,185,185,185,0,0,0,0
57,122,0.52,29,29,29,29,0,0,0,0
57,123,0.48,26,26,26,26,0,0,0,0
58,4,0.47,17,17,17,17,0,0,0,0
58,7,0.21,64,64,64,64,0,0,0,0
58,13,1,36,36,36,36,0,0,0,0
58,57,1,96,96,96,96,0,0,0,0
58,84,1,336,336,336,336,0,0,0,0
58,85,3,368,368,368,368,0,0,0,0
58,88,2.41,466,466,466,466,0,0,0,0
58,89,1.75,526,526,526,526,0,0,0,0
58,90,0.16,47,47,47,47,0,0,0,0
58,106,1,540,540,540,540,0,0,0,0
58,111,0.03,12,12,12,12,0,0,0,0
58,122,1,174,174,174,174,0,0,0,0
59,1,1,47,47,47,47,0,0,0,0
59,3,1,25,25,0,0,0,0,0,0
59,6,1,78,78,78,78,0,0,0,0
59,7,7.6,2108,2108,2108,2108,0,0,0,0
59,8,4.65,957,957,957,957,0,0,0,0
59,54,1,72,72,72,72,0,0,0,0
59,55,1,50,50,50,50,0,0,0,0
59,56,2,157,157,157,157,0,0,0,0
59,83,3.84,657,657,657,657,0,0,0,0
59,84,0.62,70,70,70,70,0,0,0,0
59,85,4.56,983,983,983,983,0,0,0,0
59,88,1.29,234,234,234,234,0,0,0,0
59,89,8.9,2427,2427,2427,2427,0,0,0,0
59,90,6.27,1688,1688,1688,1688,0,0,0,0
59,104,0.01,1,1,1,1,0,0,0,0
60,7,5.24,960,960,960,960,0,0,0,0
60,8,10.3,1456,1456,1348,1348,0,0,108,108
60,58,1.53,100,100,100,100,0,0,0,0
60,59,0.47,46,46,46,46,0,0,0,0
60,71,2,109,109,109,109,0,0,0,0
60,72,1,66,66,66,66,0,0,0,0
60,82,5.42,767,767,767,767,0,0,0,0
60,83,3.14,644,644,644,644,0,0,0,0
60,84,2.31,1095,1095,1095,1095,0,0,0,0
60,85,0.61,905,905,905,905,0,0,0,0
60,89,9.77,1696,1696,1696,1696,0,0,0,0
60,90,0.53,210,210,210,210,0,0,0,0
60,97,1,85,85,85,85,0,0,0,0
60,101,1,158,158,158,158,0,0,0,0
60,103,2.14,463,463,463,463,0,0,0,0
60,104,5.48,961,961,961,961,0,0,0,0
61,1,1,70,70,70,70,0,0,0,0
61,2,0.4,192,192,192,192,0,0,0,0
61,3,1,63,63,63,63,0,0,0,0
61,4,1,136,136,136,136,0,0,0,0
61,5,1.54,391,391,391,391,0,0,0,0
61,6,3.46,537,537,537,537,0,0,0,0
61,52,0.1,7,7,7,7,0,0,0,0
61,53,2.9,284,284,284,284,0,0,0,0
61,55,1,64,64,64,64,0,0,0,0
61,58,1,101,101,101,101,0,0,0,0
61,71,4.15,575,575,575,575,0,0,0,0
61,73,7.91,1996,1996,1996,1996,0,0,0,0
61,74,3.45,1461,1461,1461,1461,0,0,0,0
61,76,2.12,417,417,417,417,0,0,0,0
61,78,1.69,455,455,455,455,0,0,0,0
61,81,1.71,555,555,469,469,0,0,87,87
61,82,8.85,2431,2431,2431,2431,0,0,0,0
61,83,5.07,929,929,929,929,0,0,0,0
61,84,6.57,1166,1166,1166,1166,0,0,0,0
61,85,1.04,306,306,306,306,0,0,0,0
61,89,3.44,775,775,775,775,0,0,0,0
61,90,0.47,190,190,190,190,0,0,0,0
61,92,0.39,70,70,70,70,0,0,0,0
61,93,4.07,1432,1432,1432,1432,0,0,0,0
61,104,0.37,18,18,18,18,0,0,0,0
61,114,1,249,249,249,249,0,0,0,0
61,115,1,212,212,212,212,0,0,0,0
61,116,0.28,40,40,40,40,0,0,0,0
61,117,0.22,33,33,33,33,0,0,0,0
62,2,1.6,305,305,305,305,0,0,0,0
62,7,1,123,123,123,123,0,0,0,0
62,70,1,311,311,311,311,0,0,0,0
62,71,3.77,1043,1043,314,314,729,729,0,0
62,73,7.82,2130,2130,2130,2130,0,0,0,0
62,74,7.21,1816,1816,1816,1816,0,0,0,0
62,75,5.28,1017,1017,1017,1017,0,0,0,0
62,76,9.84,2615,2615,2615,2615,0,0,0,0
62,77,1.99,263,263,263,263,0,0,0,0
62,78,0.31,65,65,65,65,0,0,0,0
62,81,1.59,199,199,74,74,0,0,125,125
62,82,2.11,447,447,447,447,0,0,0,0
62,83,2.82,2118,2118,2118,2118,0,0,0,0
62,84,5.69,2434,2434,2434,2434,0,0,0,0
62,88,1.47,684,684,684,684,0,0,0,0
62,89,5.74,2297,2297,2065,2065,3,3,234,234
62,90,2.11,251,251,251,251,0,0,0,0
62,92,0.93,314,314,314,314,0,0,0,0
62,93,0.05,8,8,8,8,0,0,0,0
62,95,1.15,316,316,316,316,0,0,0,0
62,96,2.85,1093,1093,1093,1093,0,0,0,0
62,112,2,257,257,257,257,0,0,0,0
62,115,2,308,308,308,308,0,0,0,0
62,116,1.5,263,263,263,263,0,0,0,0
63,53,0.73,100,100,100,100,0,0,0,0
63,57,1.02,84,84,84,84,0,0,0,0
63,68,1,10,10,10,10,0,0,0,0
63,71,0.08,11,11,11,11,0,0,0,0
63,72,0.14,50,50,50,50,0,0,0,0
63,73,0.86,301,301,301,301,0,0,0,0
63,75,2.02,592,592,592,592,0,0,0,0
63,77,0.35,45,45,45,45,0,0,0,0
63,82,3,1181,1181,1181,1181,0,0,0,0
63,84,1.05,198,198,198,198,0,0,0,0
63,89,1.71,499,499,412,412,29,29,116,116
63,90,1,235,235,235,235,0,0,0,0
63,92,0.57,294,294,294,294,0,0,0,0
63,98,4,725,725,725,725,0,0,0,0
63,101,2.94,944,944,310,310,634,634,0,0
63,102,0.06,42,42,0,0,42,42,0,0
63,103,1,63,63,63,63,0,0,0,0
63,111,2.37,370,370,370,370,0,0,0,0
63,115,1,152,152,152,152,0,0,0,0
63,116,1,100,100,100,100,0,0,0,0
63,124,0.98,40,40,40,40,0,0,0,0
64,53,0.27,37,37,37,37,0,0,0,0
64,57,0.98,128,128,128,128,0,0,0,0
64,67,0.13,2,2,2,2,0,0,0,0
64,72,2.03,1694,1694,1694,1694,0,0,0,0
64,73,1.15,450,450,450,450,0,0,0,0
64,76,0.08,53,53,53,53,0,0,0,0
64,81,0.95,145,145,145,145,0,0,0,0
64,82,3.84,1752,1752,1752,1752,0,0,0,0
64,90,3.59,931,931,931,931,0,0,0,0
64,91,1.4,309,309,309,309,0,0,0,0
64,111,0.63,79,79,79,79,0,0,0,0
64,124,5.73,816,816,816,816,0,0,0,0
64,125,4.49,643,643,643,643,0,0,0,0
65,61,1,13,13,13,13,0,0,0,0
65,67,2.87,752,752,752,752,0,0,0,0
65,72,1,103,103,103,103,0,0,0,0
65,73,1.81,499,499,499,499,0,0,0,0
65,76,0.9,603,603,603,603,0,0,0,0
65,77,0.02,12,12,12,12,0,0,0,0
65,78,0.54,66,66,66,66,0,0,0,0
65,81,6.18,1345,1345,1345,1345,0,0,0,0
65,82,1.16,461,461,461,461,0,0,0,0
65,84,0.01,5,5,5,5,0,0,0,0
65,90,0.01,1,1,1,1,0,0,0,0
65,96,0.12,77,77,77,77,0,0,0,0
65,101,0.81,33,33,33,33,0,0,0,0
65,103,1.36,240,240,240,240,0,0,0,0
65,104,1,377,377,377,377,0,0,0,0
65,125,5.8,762,762,762,762,0,0,0,0
66,66,11.66,2372,2372,2372,2372,0,0,0,0
66,67,2.34,802,802,802,802,0,0,0,0
66,69,0.08,16,16,16,16,0,0,0,0
66,71,0.16,25,25,25,25,0,0,0,0
66,72,1.41,657,657,657,657,0,0,0,0
66,78,0.46,57,57,57,57,0,0,0,0
66,80,2.23,750,750,750,750,0,0,0,0
66,81,1.07,460,460,460,460,0,0,0,0
66,82,0.46,20,20,20,20,0,0,0,0
66,83,0.03,28,28,28,28,0,0,0,0
66,84,3.96,1846,1846,1846,1846,0,0,0,0
66,96,0.88,551,551,551,551,0,0,0,0
66,99,1.13,218,218,218,218,0,0,0,0
66,100,0.38,372,372,372,372,0,0,0,0
66,101,0.95,450,450,450,450,0,0,0,0
66,102,1.4,543,543,529,529,0,0,13,13
66,103,11.54,3529,3529,3458,3458,0,0,71,71
66,114,1,30,30,30,30,0,0,0,0
66,115,3,348,348,197,197,152,152,0,0
67,66,5.57,552,552,552,552,0,0,0,0
67,67,2.41,481,481,481,481,0,0,0,0
67,68,2,674,674,674,674,0,0,0,0
67,69,1.92,375,375,375,375,0,0,0,0
67,70,4.42,533,533,533,533,0,0,0,0
67,71,9.67,961,961,804,804,136,136,21,21
67,72,3.27,317,317,313,313,0,0,4,4
67,79,1.85,453,453,453,453,0,0,0,0
67,80,1.26,130,130,130,130,0,0,0,0
67,95,1.25,117,117,117,117,0,0,0,0
67,96,8.66,2120,2120,2120,2120,0,0,0,0
67,99,0.86,123,123,123,123,0,0,0,0
67,100,1.62,534,534,534,534,0,0,0,0
67,101,1,719,719,719,719,0,0,0,0
67,102,3.13,510,510,510,510,0,0,0,0
67,103,1.52,420,420,420,420,0,0,0,0
67,104,0.29,6,6,6,6,0,0,0,0
68,10,1.94,196,196,196,196,0,0,0,0
68,11,2.06,352,352,352,352,0,0,0,0
68,66,5.8,1779,1779,1630,1630,0,0,150,150
68,67,4.26,1069,1069,1061,1061,8,8,0,0
68,68,2.07,419,419,419,419,0,0,0,0
68,69,5.12,946,946,946,946,0,0,0,0
68,70,2.86,1336,1336,306,306,1030,1030,0,0
68,71,6.62,2732,2732,2730,2730,0,0,2,2
68,72,3.34,552,552,552,552,0,0,0,0
68,96,0.09,60,60,60,60,0,0,0,0
68,101,0.05,10,10,10,10,0,0,0,0
68,102,3.95,1258,1258,1258,1258,0,0,0,0
68,107,0.66,368,368,368,368,0,0,0,0
68,108,0.34,189,189,189,189,0,0,0,0
68,114,0.63,124,124,124,124,0,0,0,0
68,116,1.13,135,135,45,45,89,89,0,0
68,117,0.87,574,574,0,0,574,574,0,0
69,12,1.2,178,178,178,178,0,0,0,0
69,64,3.38,584,584,584,584,0,0,0,0
69,65,6.9,1780,1780,1780,1780,0,0,0,0
69,66,5.1,1290,1290,1145,1145,0,0,145,145
69,67,0.69,279,279,0,0,279,279,0,0
69,68,2.91,1572,1572,1455,1455,117,117,0,0
69,69,5.42,1231,1231,1231,1231,0,0,0,0
69,70,0.88,474,474,370,370,103,103,0,0
69,71,0.25,534,534,534,534,0,0,0,0
69,72,5.46,2258,2258,2258,2258,0,0,0,0
69,96,1,136,136,136,136,0,0,0,0
69,114,1.37,181,181,181,181,0,0,0,0
70,12,0.8,223,223,223,223,0,0,0,0
70,46,1,29,29,29,29,0,0,0,0
70,62,1.27,222,222,222,222,0,0,0,0
70,63,6.72,1956,1956,1956,1956,0,0,0,0
70,64,9.64,3274,3274,3274,3274,0,0,0,0
70,65,7.67,1566,1566,1566,1566,0,0,0,0
70,66,0.36,67,67,67,67,0,0,0,0
70,68,3.16,1167,1167,1143,1143,24,24,0,0
70,69,1,113,113,113,113,0,0,0,0
70,84,1,253,253,253,253,0,0,0,0
70,106,2,222,222,222,222,0,0,0,0
70,109,1,46,46,46,46,0,0,0,0
71,46,3,45,45,45,45,0,0,0,0
71,62,0.03,3,3,3,3,0,0,0,0
71,63,7.78,2296,2296,2296,2296,0,0,0,0
71,64,9.06,1437,1437,1437,1437,0,0,0,0
71,104,2.85,393,393,393,393,0,0,0,0
72,46,2,57,57,57,57,0,0,0,0
72,63,0.33,40,40,40,40,0,0,0,0
72,98,1,18,18,18,18,0,0,0,0
72,104,0.15,15,15,15,15,0,0,0,0
73,6,1,123,123,123,123,0,0,0,0
73,96,1,147,147,147,147,0,0,0,0
74,64,1.29,159,159,56,56,103,103,0,0
74,65,0.08,14,14,14,14,0,0,0,0
74,89,3.01,586,586,586,586,0,0,0,0
74,90,0.28,81,81,81,81,0,0,0,0
74,98,1,60,60,60,60,0,0,0,0
75,29,2,108,108,108,108,0,0,0,0
75,63,0.66,154,154,154,154,0,0,0,0
75,64,15.89,1999,1999,1999,1999,0,0,0,0
75,65,0.09,17,17,17,17,0,0,0,0
75,88,1,685,685,685,685,0,0,0,0
75,89,9.67,2105,2105,2105,2105,0,0,0,0
76,15,1,57,57,57,57,0,0,0,0
76,44,1,31,31,31,31,0,0,0,0
76,64,1,65,65,65,65,0,0,0,0
76,89,1.04,2,2,2,2,0,0,0,0
77,45,2,103,103,103,103,0,0,0,0
77,79,0.63,57,57,57,57,0,0,0,0
78,16,0.5,82,82,82,82,0,0,0,0
78,17,9.81,1341,1341,1341,1341,0,0,0,0
78,18,1.69,579,579,579,579,0,0,0,0
78,79,1.37,55,55,55,55,0,0,0,0
78,101,0.39,56,56,56,56,0,0,0,0
78,102,2,584,584,584,584,0,0,0,0
79,45,1,43,43,43,43,0,0,0,0
79,101,2.61,354,354,354,354,0,0,0,0
79,127,1,219,219,0,0,219,219,0,0
80,6,6.55,984,984,984,984,0,0,0,0
80,7,2.37,238,238,154,154,0,0,83,83
80,127,2,298,298,0,0,298,298,0,0
81,6,4.07,653,653,653,653,0,0,0,0
81,7,0.01,1,1,1,1,0,0,0,0
81,127,1,32,32,0,0,32,32,0,0
82,13,7.03,763,763,763,763,0,0,0,0
82,14,0.33,22,22,22,22,0,0,0,0
82,49,0.14,21,21,21,21,0,0,0,0
83,13,3.14,470,470,470,470,0,0,0,0
83,14,0.5,33,33,33,33,0,0,0,0
83,20,4,441,441,441,441,0,0,0,0
83,49,5.86,513,513,513,513,0,0,0,0
84,20,1,18,18,18,18,0,0,0,0
84,39,1,20,20,20,20,0,0,0,0
84,42,1,43,43,43,43,0,0,0,0
84,45,1,50,50,50,50,0,0,0,0
85,38,2.49,174,174,174,174,0,0,0,0
85,39,0.51,19,19,19,19,0,0,0,0
86,59,0.99,34,34,34,34,0,0,0,0
87,43,1,34,34,34,34,0,0,0,0
87,59,0.01,0,0,0,0,0,0,0,0
89,43,1,75,75,75,75,0,0,0,0
90,4,1,43,43,43,43,0,0,0,0
90,10,4.04,597,597,597,597,0,0,0,0
91,4,3,140,140,140,140,0,0,0,0
91,10,0.96,101,101,101,101,0,0,0,0
92,10,1,328,328,328,328,0,0,0,0
92,26,1,48,48,48,48,0,0,0,0
92,29,0.79,49,49,49,49,0,0,0,0
93,29,0.21,13,13,13,13,0,0,0,0
93,36,1,16,16,16,16,0,0,0,0
93,43,0.2,10,10,10,10,0,0,0,0
93,44,0.8,39,39,39,39,0,0,0,0
93,93,0.71,299,299,299,299,0,0,0,0
93,97,0.62,135,135,0,0,135,135,0,0
93,98,2.38,379,379,95,95,284,284,0,0
93,104,1,182,182,182,182,0,0,0,0
94,93,1.29,148,148,148,148,0,0,0,0
94,108,1,219,219,219,219,0,0,0,0
94,109,1,356,356,356,356,0,0,0,0
94,110,1,78,78,78,78,0,0,0,0
95,44,2.81,508,508,508,508,0,0,0,0
95,52,1,31,31,31,31,0,0,0,0
95,60,5.43,1352,1352,1352,1352,0,0,0,0
95,61,0.03,1,1,1,1,0,0,0,0
95,73,1,33,33,33,33,0,0,0,0
95,83,1,72,72,72,72,0,0,0,0
95,92,1,65,65,65,65,0,0,0,0
95,93,1,560,560,560,560,0,0,0,0
96,42,6.46,1529,1529,1529,1529,0,0,0,0
96,43,4.31,832,832,832,832,0,0,0,0
96,44,2.19,483,483,483,483,0,0,0,0
96,60,11.53,2385,2385,2385,2385,0,0,0,0
96,74,2,559,559,559,559,0,0,0,0
96,80,1,53,53,53,53,0,0,0,0
97,42,10.37,2404,2404,2404,2404,0,0,0,0
97,43,9.26,1978,1978,1827,1827,0,0,151,151
97,44,0.46,87,87,87,87,0,0,0,0
97,61,3,255,255,255,255,0,0,0,0
97,67,2,78,78,78,78,0,0,0,0
98,4,3.94,364,364,364,364,0,0,0,0
98,23,0.26,7,7,7,7,0,0,0,0
98,24,5.91,819,819,819,819,0,0,0,0
98,30,1,145,145,145,145,0,0,0,0
98,42,10.31,3112,3112,3112,3112,0,0,0,0
98,43,7.92,2058,2058,1930,1930,128,128,0,0
98,83,1,52,52,52,52,0,0,0,0
99,4,0.06,6,6,6,6,0,0,0,0
99,12,1,78,78,78,78,0,0,0,0
99,13,0.36,16,16,16,16,0,0,0,0
99,24,0.83,127,127,127,127,0,0,0,0
99,29,1,25,25,0,0,0,0,0,0
99,30,1,36,36,36,36,0,0,0,0
99,42,2.36,613,613,613,613,0,0,0,0
99,43,1.84,387,387,184,184,203,203,0,0
99,58,1,98,98,98,98,0,0,0,0
99,80,0.48,83,83,0,0,83,83,0,0
99,81,2.52,619,619,137,137,482,482,0,0
99,106,0.97,110,110,110,110,0,0,0,0
99,107,0.03,3,3,3,3,0,0,0,0
100,13,0.64,29,29,29,29,0,0,0,0
100,24,1,37,37,37,37,0,0,0,0
100,42,0.71,358,358,358,358,0,0,0,0
100,115,1,243,243,243,243,0,0,0,0
101,42,0.76,848,848,90,90,758,758,0,0
101,43,1.7,393,393,208,208,185,185,0,0
101,99,1,32,32,32,32,0,0,0,0
102,42,1.87,1603,1603,693,693,910,910,0,0
102,43,0.61,270,270,270,270,0,0,0,0
103,42,0.96,1045,1045,12,12,1034,1034,0,0
103,43,0.03,12,12,10,10,2,2,0,0
103,90,2,520,520,520,520,0,0,0,0
103,104,1,37,37,37,37,0,0,0,0
104,42,0.07,78,78,0,0,78,78,0,0
104,52,1.76,541,541,541,541,0,0,0,0
104,53,1.04,331,331,273,273,58,58,0,0
104,70,1,201,201,201,201,0,0,0,0
104,99,3,477,477,477,477,0,0,0,0
104,104,4,243,243,243,243,0,0,0,0
104,105,1,47,47,47,47,0,0,0,0
105,51,1,54,54,54,54,0,0,0,0
105,52,7.52,2588,2588,2588,2588,0,0,0,0
105,53,2.32,605,605,281,281,325,325,0,0
105,54,1,425,425,425,425,0,0,0,0
105,56,2.13,494,494,494,494,0,0,0,0
105,57,0.02,1,1,1,1,0,0,0,0
105,65,3,149,149,97,97,0,0,52,52
106,17,1,32,32,32,32,0,0,0,0
106,45,0.02,1,1,1,1,0,0,0,0
106,52,1.31,1024,1024,1024,1024,0,0,0,0
106,53,8.2,1389,1389,1389,1389,0,0,0,0
106,54,8.74,1591,1591,1591,1591,0,0,0,0
106,55,1,26,26,26,26,0,0,0,0
106,56,0.74,33,33,33,33,0,0,0,0
106,57,0.11,5,5,5,5,0,0,0,0
107,17,2.26,770,770,770,770,0,0,0,0
107,23,1,30,30,7,7,7,7,30,30
107,28,1,95,95,95,95,0,0,0,0
107,45,4.02,467,467,467,467,0,0,0,0
107,46,1.96,136,136,136,136,0,0,0,0
107,53,2.85,1424,1424,1424,1424,0,0,0,0
107,54,2.26,173,173,173,173,0,0,0,0
107,61,1.31,477,477,477,477,0,0,0,0
107,62,12.41,2812,2812,2812,2812,0,0,0,0
107,63,0.82,62,62,62,62,0,0,0,0
107,113,0.9,324,324,324,324,0,0,0,0
107,117,0.35,27,27,27,27,0,0,0,0
107,118,0.65,50,50,50,50,0,0,0,0
108,17,4.87,1191,1191,1191,1191,0,0,0,0
108,18,4.85,1348,1348,1348,1348,0,0,0,0
108,44,0.11,83,83,83,83,0,0,0,0
108,45,9.22,2164,2164,1842,1842,0,0,322,322
108,46,0.9,28,28,28,28,0,0,0,0
108,47,2.58,270,270,270,270,0,0,0,0
108,48,1,38,38,38,38,0,0,0,0
108,61,2.05,142,142,142,142,0,0,0,0
108,62,15.02,4253,4253,4148,4148,0,0,106,106
108,63,1.4,540,540,540,540,0,0,0,0
108,64,1.39,122,122,122,122,0,0,0,0
108,113,1.1,112,112,112,112,0,0,0,0
108,115,1,39,39,39,39,0,0,0,0
109,17,1.16,109,109,109,109,0,0,0,0
109,18,1.8,608,608,608,608,0,0,0,0
109,19,0.06,21,21,21,21,0,0,0,0
109,22,1,48,48,48,48,0,0,0,0
109,34,0.95,105,105,105,105,0,0,0,0
109,42,1,52,52,52,52,0,0,0,0
109,44,0.1,69,69,69,69,0,0,0,0
109,45,6.36,2095,2095,1459,1459,321,321,315,315
109,46,0.31,115,115,115,115,0,0,0,0
109,47,11.42,1171,1171,1171,1171,0,0,0,0
109,63,2,205,205,205,205,0,0,0,0
109,64,2.61,256,256,256,256,0,0,0,0
110,18,1,39,39,39,39,0,0,0,0
110,34,0.05,6,6,6,6,0,0,0,0
110,42,2.3,407,407,407,407,0,0,0,0
110,47,1.48,248,248,248,248,0,0,0,0
110,48,1,44,44,44,44,0,0,0,0
110,116,4.96,982,982,982,982,0,0,0,0
110,120,0.99,196,196,196,196,0,0,0,0
110,121,0.93,115,115,115,115,0,0,0,0
111,18,1,129,129,129,129,0,0,0,0
111,41,1,105,105,105,105,0,0,0,0
111,42,0.7,422,422,422,422,0,0,0,0
111,47,5.83,1131,1131,1131,1131,0,0,0,0
111,48,0.69,388,388,388,388,0,0,0,0
111,58,1.33,209,209,209,209,0,0,0,0
111,59,5.06,1032,1032,1032,1032,0,0,0,0
111,61,0.94,43,43,43,43,0,0,0,0
111,116,0.04,26,26,26,26,0,0,0,0
111,121,0.08,10,10,10,10,0,0,0,0
112,26,1,17,17,17,17,0,0,0,0
112,30,0.83,175,175,175,175,0,0,0,0
112,31,3.37,477,477,477,477,0,0,0,0
112,32,4.58,570,570,570,570,0,0,0,0
112,41,1,186,186,186,186,0,0,0,0
112,42,1,65,65,65,65,0,0,0,0
112,58,0.67,172,172,172,172,0,0,0,0
112,59,7.87,1100,1100,1100,1100,0,0,0,0
112,60,1.07,163,163,163,163,0,0,0,0
112,61,0.06,3,3,3,3,0,0,0,0
113,21,1,69,69,69,69,0,0,0,0
113,30,1.55,393,393,393,393,0,0,0,0
113,31,12.01,2324,2324,2299,2299,0,0,0,0
113,32,3.76,461,461,461,461,0,0,0,0
113,46,3,240,240,240,240,0,0,0,0
114,22,3.11,366,366,366,366,0,0,0,0
114,23,1.51,830,830,830,830,0,0,0,0
114,30,0.91,279,279,279,279,0,0,0,0
114,31,2,281,281,170,170,0,0,111,111
114,47,1,411,411,411,411,0,0,0,0
114,119,2,465,465,465,465,0,0,0,0
115,22,1.31,118,118,118,118,0,0,0,0
115,23,4.07,542,542,542,542,0,0,0,0
115,35,3.66,631,631,631,631,0,0,0,0
115,36,2.44,312,312,312,312,0,0,0,0
115,126,0.73,323,323,0,0,323,323,0,0
116,16,1.72,123,123,123,123,0,0,0,0
116,17,2.15,443,443,443,443,0,0,0,0
116,35,6.34,1156,1156,1156,1156,0,0,0,0
116,36,6.94,1402,1402,1402,1402,0,0,0,0
116,53,1.8,346,346,346,346,0,0,0,0
116,126,1.27,212,212,93,93,119,119,0,0
117,16,5.48,1089,1089,1089,1089,0,0,0,0
117,17,8.65,2828,2828,2741,2741,0,0,87,87
117,35,5.11,1395,1395,1395,1395,0,0,0,0
117,36,3.51,849,849,849,849,0,0,0,0
117,53,6.87,1415,1415,1352,1352,0,0,63,63
117,54,1.33,203,203,203,203,0,0,0,0
118,17,0.01,2,2,2,2,0,0,0,0
118,34,1.1,216,216,216,216,0,0,0,0
118,36,1,79,79,0,0,0,0,79,79
118,37,0.04,13,13,13,13,0,0,0,0
118,38,1.24,251,251,251,251,0,0,0,0
118,75,0.4,164,164,164,164,0,0,0,0
119,33,1,154,154,154,154,0,0,0,0
119,34,0.9,86,86,86,86,0,0,0,0
119,36,0.77,173,173,173,173,0,0,0,0
119,37,6.96,2595,2595,2595,2595,0,0,0,0
119,38,6.98,1583,1583,1583,1583,0,0,0,0
119,39,1,25,25,6,6,6,6,0,0
119,75,0.6,243,243,243,243,0,0,0,0
119,77,1,37,37,37,37,0,0,0,0
119,89,1,32,32,32,32,0,0,0,0
120,15,2,49,49,49,49,0,0,0,0
120,31,1.59,504,504,504,504,0,0,0,0
120,35,5.22,1332,1332,1332,1332,0,0,0,0
120,36,11,4524,4524,4524,4524,0,0,0,0
120,37,8.46,3426,3426,3426,3426,0,0,0,0
120,38,0.91,384,384,384,384,0,0,0,0
121,30,0.14,24,24,24,24,0,0,0,0
121,31,7.27,1727,1727,1646,1646,0,0,81,81
121,35,8.67,1546,1546,1386,1386,0,0,160,160
121,36,3.25,592,592,592,592,0,0,0,0
121,37,9.57,1996,1996,1996,1996,0,0,0,0
121,44,1,23,23,23,23,0,0,0,0
121,45,1.78,121,121,121,121,0,0,0,0
121,58,1,582,582,582,582,0,0,0,0
122,19,2,192,192,192,192,0,0,0,0
122,35,3.85,639,639,639,639,0,0,0,0
122,36,4.08,913,913,913,913,0,0,0,0
122,37,1,184,184,184,184,0,0,0,0
122,38,1,31,31,31,31,0,0,0,0
122,45,0.22,22,22,22,22,0,0,0,0
122,58,2.98,372,372,372,372,0,0,0,0
123,35,3,808,808,808,808,0,0,0,0
123,36,0.78,79,79,79,79,0,0,0,0
123,58,4.02,1129,1129,1129,1129,0,0,0,0
123,118,2,267,267,267,267,0,0,0,0
124,7,1,20,20,20,20,0,0,0,0
124,36,2.23,320,320,320,320,0,0,0,0
124,67,1.74,552,552,552,552,0,0,0,0
124,81,0.93,389,389,389,389,0,0,0,0
125,19,1,872,872,872,872,0,0,0,0
125,20,1,250,250,250,250,0,0,0,0
125,36,2.93,1414,1414,864,864,551,551,0,0
125,37,1.07,255,255,255,255,0,0,0,0
125,40,1,44,44,44,44,0,0,0,0
125,65,0.53,268,268,268,268,0,0,0,0
125,67,0.26,45,45,45,45,0,0,0,0
125,71,1,413,413,0,0,413,413,0,0
125,81,0.07,31,31,31,31,0,0,0,0
126,36,1.48,342,342,342,342,0,0,0,0
126,37,6.63,1294,1294,1294,1294,0,0,0,0
126,38,4.12,1222,1222,1222,1222,0,0,0,0
126,39,0.11,29,29,29,29,0,0,0,0
126,40,1,47,47,47,47,0,0,0,0
126,56,1,61,61,61,61,0,0,0,0
126,65,1.47,289,289,289,289,0,0,0,0
127,33,1.68,157,157,157,157,0,0,0,0
127,34,2.57,191,191,191,191,0,0,0,0
127,37,2.22,722,722,278,278,445,445,0,0
127,38,7.75,2217,2217,1682,1682,536,536,0,0
127,39,3.4,734,734,734,734,0,0,0,0
127,53,1.28,968,968,968,968,0,0,0,0
127,54,4.96,785,785,785,785,0,0,0,0
