x,y,number,ground_area,floor_area,residential_floor_area,economic_activity_ground_area,economic_activity_floor_area,cultural_ground_area,cultural_floor_area
0,5,0.11,61,121,121,0,0,61,121
0,10,0.93,5,5,1,1,1,0,0
0,11,0.02,0,0,0,0,0,0,0
0,70,1.68,103,203,200,0,0,0,0
0,71,0.32,47,94,94,0,0,0,0
3,12,6.59,575,1476,596,33,98,215,860
3,13,1,124,247,0,0,0,0,0
3,14,1,72,72,72,0,0,0,0
3,92,1,73,73,0,73,73,0,0
4,12,8.41,814,2537,1798,30,82,148,593
4,15,0.01,2,5,5,0,0,0,0
4,16,4.67,599,1568,497,47,119,0,0
4,17,2.34,357,669,70,36,67,0,0
4,49,8.59,735,1415,496,54,102,0,0
4,50,0.51,79,158,16,8,16,0,0
4,67,5,500,864,475,23,38,0,0
5,16,0.36,9,19,2,1,2,0,0
5,17,1.62,116,232,203,2,3,0,0
5,32,4,174,309,31,17,31,0,0
5,48,1,21,21,2,2,2,0,0
5,49,2.81,624,1688,1280,21,45,412,1235
5,56,4.78,730,1360,141,73,135,0,0
5,57,4.22,358,651,501,12,17,0,0
5,67,0.41,24,24,2,2,2,0,0
5,68,0.59,35,35,4,4,4,0,0
5,107,0.96,209,418,42,21,42,0,0
5,108,0.83,351,702,70,35,70,0,0
6,1,2,261,588,59,26,59,0,0
6,49,0.1,13,26,3,1,3,0,0
6,57,2,144,233,178,0,0,0,0
6,106,2.11,310,1158,116,31,116,272,1087
6,107,7.09,989,1814,399,87,157,0,0
6,108,1.01,49,53,5,5,5,0,0
7,89,1,15,15,2,2,2,0,0
8,88,0.02,6,11,1,1,1,0,0
8,89,6.08,840,1658,411,70,139,0,0
9,86,1,75,150,15,8,15,0,0
9,89,1.89,737,1474,147,74,147,0,0
11,104,1.62,196,392,245,8,16,0,0
12,104,0.38,71,142,142,0,0,0,0
13,101,5,438,706,244,34,51,0,0
14,87,3,354,686,349,2,2,0,0
15,66,5,633,1265,477,12,23,0,0
15,67,1,77,155,15,8,15,0,0
15,74,0.23,48,96,96,0,0,0,0
16,74,3.77,330,589,344,17,27,0,0
17,92,1,46,46,5,5,5,0,0
18,75,2,349,698,548,0,0,0,0
18,81,6.07,472,827,341,33,54,0,0
19,67,1,171,341,341,0,0,0,0
19,81,3.93,519,1620,50,303,1169,0,0
19,82,1,49,49,5,5,5,0,0
19,117,1,173,345,345,0,0,0,0
20,76,1,25,25,0,0,0,0,0
21,17,2,110,321,318,0,0,0,0
21,18,2,78,78,5,5,5,0,0
21,72,1,145,435,435,0,0,0,0
21,76,1,155,311,311,0,0,0,0
21,79,1.74,296,593,558,2,4,0,0
21,80,3.86,161,291,252,1,2,0,0
21,81,0.39,18,37,37,0,0,0,0
21,86,2,409,819,82,41,82,0,0
21,87,1,23,23,2,2,2,0,0
22,78,1,93,93,9,9,9,0,0
22,79,1,37,37,0,0,0,0,0
22,80,4,210,342,264,1,1,0,0
22,84,2.81,333,657,615,3,5,0,0
22,85,2.92,172,326,33,17,33,0,0
23,11,1,74,148,15,7,15,0,0
23,21,0.07,5,10,10,0,0,0,0
23,77,2,210,210,203,1,1,0,0
23,79,3.59,143,205,174,1,1,0,0
23,80,0.08,6,11,11,0,0,0,0
23,84,0.24,16,29,3,2,3,0,0
23,85,2.03,343,666,67,34,67,0,0
23,120,1.29,173,407,19,6,19,0,0
24,20,1.88,467,938,94,47,94,0,0
24,21,6.05,879,1905,1220,31,76,0,0
24,78,0.12,15,15,15,0,0,0,0
24,79,6.78,647,994,630,11,11,0,0
24,80,1.43,101,101,10,10,10,0,0
24,119,0.7,136,268,264,0,0,0,0
24,120,5.95,1503,2748,927,76,126,0,0
25,79,7,539,902,783,10,10,0,0
25,120,3.07,306,811,752,6,7,0,0
26,79,2,191,314,245,0,0,0,0
27,79,1,119,239,239,0,0,0,0
28,81,1,147,294,294,0,0,0,0
28,82,0.17,7,7,0,7,7,0,0
29,38,5,411,699,220,11,11,0,0
29,82,0.83,35,35,0,35,35,0,0
30,38,3,61,61,46,2,2,0,0
30,68,2.96,271,670,577,8,10,0,0
30,69,1,211,421,42,21,42,0,0
30,83,15.7,995,1772,1251,26,46,0,0
30,84,8.94,846,2122,396,21,42,0,0
30,85,0.9,20,20,2,2,2,0,0
31,68,0.37,35,49,24,3,3,0,0
31,82,2,68,68,0,0,0,0,0
31,83,29.23,2403,4545,3687,21,37,0,0
31,84,2.4,396,842,62,32,62,0,0
32,13,0.73,128,255,26,13,26,0,0
32,68,0.67,58,58,6,6,6,0,0
32,82,2.32,24,34,3,2,3,0,0
32,83,27.62,2273,4762,2300,210,567,246,493
32,84,12.83,971,1749,1060,29,47,0,0
32,85,9.01,430,608,263,22,24,0,0
32,86,1,11,11,1,1,1,0,0
33,12,2.46,239,434,393,5,5,0,0
33,13,1.85,161,299,135,10,18,0,0
33,82,0.52,84,336,336,0,0,0,0
33,83,42.14,2614,4645,2989,64,117,0,0
33,84,13.06,375,695,557,6,8,0,0
33,85,7.35,450,743,232,14,23,0,0
33,86,2.79,452,817,569,0,0,0,0
33,87,5.3,285,402,272,9,9,0,0
33,88,3.18,159,225,56,0,0,0,0
33,89,1,12,12,0,0,0,0,0
34,12,0.63,341,682,682,0,0,0,0
34,13,0.33,179,359,359,0,0,0,0
34,83,15.26,553,795,541,15,20,0,0
34,84,9.26,623,881,751,1,1,0,0
34,85,7.21,809,1429,113,145,271,0,0
34,86,5.52,431,667,155,151,156,0,0
34,87,2,128,233,212,2,2,0,0
34,88,7.96,529,996,936,3,3,0,0
34,89,2.86,186,372,248,7,14,0,0
35,51,1,9,9,1,1,1,0,0
35,52,2,278,770,77,28,77,0,0
35,83,5.57,253,454,225,11,21,0,0
35,84,18.55,966,1570,1360,13,13,0,0
35,85,7.14,358,592,482,2,2,0,0
35,86,4.93,260,511,481,2,3,0,0
35,87,4,426,752,655,80,80,0,0
35,88,1,18,18,2,2,2,0,0
35,126,1,212,423,423,0,0,0,0
36,52,8.13,863,2223,808,59,134,0,0
36,53,0.87,206,412,41,21,41,0,0
36,84,6.86,613,851,747,4,4,0,0
36,85,12.32,1191,2256,2225,0,0,0,0
36,86,0.14,23,46,46,0,0,0,0
36,125,1,101,202,202,0,0,0,0
37,41,2.59,342,613,612,0,0,0,0
37,84,4.12,368,484,409,8,8,0,0
37,85,0.01,2,2,2,0,0,0,0
38,41,5.41,929,2070,887,48,117,0,0
38,81,4,676,1948,1471,28,53,0,0
38,84,2.63,344,383,313,4,8,0,0
39,84,1.37,219,359,106,14,28,0,0
39,85,1,160,319,319,0,0,0,0
40,85,1,219,219,219,0,0,0,0
40,121,1.39,288,529,53,29,53,0,0
41,8,0.92,86,171,171,0,0,0,0
41,91,6,450,1047,902,6,8,0,0
41,121,2.61,400,672,67,40,67,0,0
42,7,0.32,122,367,367,0,0,122,367
42,8,0.76,271,807,807,0,0,264,793
42,27,0.75,34,69,69,0,0,0,0
42,28,1.25,46,58,23,0,0,0,0
42,41,0.06,5,9,5,0,0,0,0
42,120,10.94,1547,3596,376,153,358,0,0
42,121,3.62,529,1399,140,53,140,0,0
43,8,4,417,741,23,16,23,0,0
43,28,1,325,650,650,0,0,0,0
43,41,6.98,551,1072,326,23,44,0,0
43,42,0.97,132,263,26,13,26,0,0
43,120,1.04,241,503,50,24,50,0,0
43,121,0.4,107,213,21,11,21,0,0
44,27,1,304,911,91,30,91,304,911
45,127,1,21,21,2,2,2,0,0
46,29,1,179,358,36,18,36,0,0
46,37,1.15,81,225,22,8,22,0,0
46,38,1.85,82,150,15,8,15,0,0
46,126,3.48,326,399,301,3,3,0,0
46,127,8.18,764,1485,1064,7,13,0,0
47,29,0.64,175,351,351,0,0,0,0
47,30,0.36,97,195,195,0,0,0,0
47,78,1,114,229,23,11,23,0,0
47,117,1,227,455,0,227,455,0,0
47,125,2,322,644,519,7,14,0,0
47,126,3.12,293,546,506,0,0,0,0
47,127,0.7,135,260,10,110,220,0,0
48,11,0,0,0,0,0,0,0,0
48,12,5,429,692,544,17,17,0,0
48,78,0.09,6,12,12,0,0,0,0
48,79,3.57,595,1189,196,35,71,0,0
48,83,0.79,144,289,29,14,29,0,0
48,84,1.65,351,1016,341,4,8,0,0
48,127,0.61,170,340,0,170,340,0,0
49,11,0.01,1,1,1,0,0,0,0
49,12,6,352,403,233,19,19,0,0
49,14,4.78,674,1180,270,51,101,0,0
49,79,10.25,1315,2616,1021,89,177,0,0
49,83,0.07,13,26,3,1,3,0,0
49,84,2.49,368,926,480,22,50,0,0
49,127,1,52,52,0,0,0,0,0
50,11,0.99,47,93,93,0,0,0,0
50,12,1.96,112,315,306,1,1,0,0
50,14,4.22,541,974,410,17,22,0,0
50,76,3.21,173,346,61,16,32,0,0
50,77,1.79,65,120,111,1,1,0,0
50,78,2,559,1666,167,56,167,554,1661
50,79,7.09,435,763,306,31,51,0,0
50,112,0.99,924,1849,185,92,185,0,0
50,127,5,97,97,6,6,6,0,0
51,11,2,176,306,260,0,0,0,0
51,12,5.04,380,705,563,11,16,0,0
51,14,0,0,0,0,0,0,0,0
51,20,0.11,11,22,22,0,0,0,0
51,21,1.4,121,241,241,0,0,0,0
51,24,2,134,227,227,0,0,0,0
51,78,2,46,78,8,5,8,0,0
51,112,0.01,13,26,3,1,3,0,0
52,11,1,49,49,0,0,0,0,0
52,12,4,282,460,367,10,10,0,0
52,20,0,0,1,1,0,0,0,0
52,21,0.48,51,101,101,0,0,0,0
52,33,1,5,5,1,1,1,0,0
52,48,0.07,15,30,3,2,3,0,0
53,9,1,16,16,2,2,2,0,0
53,11,2.21,97,97,56,3,3,0,0
53,12,1.79,59,89,22,3,6,0,0
53,13,1,5,5,1,1,1,0,0
53,14,6,553,1070,384,40,76,0,0
53,18,1.61,283,565,31,16,31,0,0
53,22,1,92,92,9,9,9,0,0
53,47,0.33,60,119,119,0,0,0,0
53,48,2.01,406,812,104,39,79,0,0
54,9,1.4,382,763,76,38,76,0,0
54,10,3.61,348,696,295,22,45,0,0
54,11,2.89,216,397,365,4,4,0,0
54,18,2.39,442,885,88,44,88,0,0
54,25,2.98,401,801,68,401,801,0,0
54,26,0.02,2,5,1,2,5,0,0
54,47,1.27,227,454,240,0,0,0,0
54,48,1.32,212,424,281,0,0,0,0
55,10,2.99,201,385,321,4,7,0,0
55,11,3.32,386,771,655,0,0,0,0
55,12,6.9,493,564,361,13,13,0,0
55,13,4.86,329,522,52,33,52,0,0
55,17,1,110,110,110,0,0,0,0
56,10,0.01,1,2,2,0,0,0,0
56,11,8.42,493,860,603,15,22,0,0
56,12,5.14,312,580,452,4,4,0,0
56,13,10.6,732,1463,728,17,34,0,0
56,15,0,0,0,0,0,0,0,0
56,123,1,137,137,0,0,0,0,0
57,11,1.3,132,139,122,0,0,0,0
57,12,13.96,766,1124,691,12,12,0,0
57,15,2,183,183,114,0,0,0,0
57,16,2,91,162,145,2,2,0,0
57,123,1,115,230,230,0,0,0,0
58,11,0.4,17,32,0,0,0,0,0
58,12,8.71,469,804,509,16,22,0,0
58,13,6.43,535,783,517,20,20,0,0
58,18,1.64,142,283,200,5,9,0,0
58,19,0.36,54,108,108,0,0,0,0
58,115,0.65,358,716,716,0,0,0,0
58,116,0.35,197,393,393,0,0,0,0
59,9,1,51,51,5,5,5,0,0
59,11,3.91,244,460,190,13,27,0,0
59,12,9.38,469,722,374,45,53,0,0
59,13,2.75,217,316,207,8,8,0,0
59,14,0.46,25,25,3,3,3,0,0
59,15,2.3,177,324,255,3,3,0,0
59,16,0.7,48,96,0,0,0,0,0
59,18,1,323,647,65,32,65,0,0
59,30,2,466,932,93,47,93,194,388
59,75,1,120,120,12,12,12,0,0
59,115,3.35,1101,2070,1939,17,23,0,0
59,116,2.26,408,1088,7,347,1027,0,0
60,9,1,239,478,48,24,48,0,0
60,12,2.59,152,226,133,9,10,0,0
60,14,2,197,394,39,20,39,0,0
60,19,0.09,12,24,24,0,0,0,0
60,115,3.39,500,948,901,5,5,0,0
61,12,0.59,22,44,44,0,0,0,0
61,13,8.18,650,1271,1145,2,2,0,0
61,14,8.23,678,1215,853,18,31,0,0
61,17,1.21,160,321,264,0,0,0,0
61,19,1.91,221,442,245,0,0,0,0
62,10,5.73,895,1776,1222,31,62,422,844
62,11,0.27,144,288,288,0,0,144,288
62,12,2,43,43,1,1,1,0,0
62,13,12.8,916,1808,1372,28,55,0,0
62,14,4.33,299,508,397,6,7,0,0
62,15,2,342,683,268,207,415,0,0
62,17,1.8,101,176,70,3,3,0,0
63,8,1,329,986,986,0,0,329,986
63,12,3.56,719,1823,523,0,0,379,1138
63,13,23.65,1711,3417,2456,123,230,0,1
63,14,14.09,1146,2623,797,272,746,0,0
63,15,0.68,107,213,0,0,0,0,0
63,16,2,47,47,5,5,5,0,0
63,17,0.99,178,357,357,0,0,0,0
64,5,0.64,110,220,22,11,22,0,0
64,6,2.18,747,1933,635,50,144,0,0
64,12,8.05,614,1095,971,8,8,0,0
64,13,4.85,184,320,271,3,3,0,0
64,15,2,69,106,75,0,0,0,0
65,5,0.45,75,150,15,8,15,0,0
65,6,0.74,193,487,49,19,49,0,0
65,122,4.59,624,1788,436,52,150,0,0
66,71,1,33,33,3,3,3,0,0
66,112,1,7,7,1,1,1,0,0
66,122,3.41,543,1457,823,23,70,0,0
66,124,0.11,25,49,15,0,0,0,0
67,122,1,38,38,4,4,4,0,0
67,124,2.89,309,499,126,12,12,0,0
68,13,0.26,43,86,9,4,9,0,0
68,102,1,192,384,384,0,0,0,0
68,124,1,184,184,18,18,18,0,0
69,13,5.74,730,1460,1140,18,35,0,0
69,105,3.21,409,462,140,36,36,0,0
70,69,0.28,122,365,365,0,0,0,0
70,70,2.72,430,1166,943,12,25,0,0
70,102,1,101,101,10,10,10,0,0
70,103,1.53,121,196,156,4,4,0,0
70,105,3.79,257,464,418,5,5,0,0
71,102,2,256,767,77,26,77,0,0
71,103,2.47,526,1495,273,46,136,0,0
75,63,0.6,48,48,5,5,5,0,0
76,63,1.4,105,105,11,11,11,0,0
76,71,1.69,293,587,407,10,20,0,0
77,36,1,167,333,33,17,33,0,0
77,71,2.31,265,511,14,6,11,0,0
77,123,0.62,89,266,0,0,0,0,0
78,49,1,40,40,4,4,4,0,0
78,123,0.38,54,163,0,0,0,0,0
78,124,3,374,374,293,2,2,0,0
79,49,1,39,39,4,4,4,0,0
79,71,3,132,339,297,1,2,0,0
80,64,0.45,22,22,2,2,2,0,0
80,65,0.06,3,3,0,0,0,0,0
81,49,0.1,32,95,10,3,10,0,0
81,64,0.35,17,17,2,2,2,0,0
81,65,3.23,440,973,380,28,66,0,0
81,66,0.38,81,237,24,8,24,0,0
82,49,4.89,820,2078,731,40,102,210,629
82,63,3.14,429,824,10,3,3,392,784
82,64,4.86,760,1434,1272,13,18,2,3
82,65,3.54,393,748,57,29,57,39,39
83,48,1,42,125,13,4,13,0,0
83,49,0.01,2,7,7,0,0,2,7
83,55,0.9,99,104,10,14,18,0,0
83,56,0.81,136,259,1,124,247,0,0
83,63,2,175,350,305,2,5,25,50
84,48,2,147,295,15,8,15,0,0
84,56,1.29,112,164,0,52,105,0,0
85,46,3.98,304,608,334,15,30,0,0
85,47,4.02,549,1282,1207,1,1,0,0
85,57,8.32,367,623,265,15,21,0,0
85,58,12.84,537,954,575,23,38,0,0
85,59,4.97,332,521,386,9,9,0,0
86,47,1,17,17,2,2,2,0,0
86,56,17.06,860,1580,1101,32,53,0,0
86,57,23.28,1980,4162,2321,262,552,322,730
86,58,30.04,1993,4290,3281,71,174,58,234
86,59,2.3,137,275,181,0,0,0,0
87,41,5,398,753,435,20,35,0,0
87,55,3.6,252,378,129,14,26,0,0
87,56,8.49,799,1495,1024,18,35,0,0
87,57,26.49,1951,4183,2032,606,1604,0,0
87,58,13.67,1049,2155,1155,76,150,0,0
87,59,0.25,124,248,25,12,25,0,0
87,97,1,41,41,4,4,4,0,0
87,98,1,108,215,22,11,22,0,0
87,101,3,216,508,248,4,15,0,0
88,38,1.01,59,118,12,6,12,0,0
88,39,0.12,53,105,11,5,11,0,0
88,41,2,75,128,105,0,0,0,0
88,54,1.32,23,46,5,2,5,0,0
88,55,12.21,863,1705,1154,10,19,0,0
88,56,1.48,155,358,358,0,0,0,0
88,57,13.46,712,1454,985,169,385,0,0
88,58,2.98,917,1782,403,79,153,0,0
88,59,0.12,59,117,12,6,12,0,0
89,38,0.18,32,64,61,0,0,0,0
89,39,4.69,1129,2257,473,99,198,0,0
89,55,2.85,414,687,687,0,0,0,0
89,56,1,126,253,25,13,25,0,0
89,57,3.92,720,1326,538,49,88,0,0
89,58,2.35,555,1111,111,56,111,0,0
89,108,0.99,446,891,0,446,891,0,0
89,109,0.01,6,11,0,6,11,0,0
89,116,4,159,330,16,94,190,0,0
90,48,1,55,55,6,6,6,0,0
90,109,8.52,966,1888,1029,235,418,0,0
90,110,0.4,28,28,0,28,28,0,0
90,112,0.27,19,19,0,19,19,0,0
90,113,0.43,30,30,0,30,30,0,0
91,109,0.07,3,3,0,1,1,0,0
91,110,0,0,0,0,0,0,0,0
91,112,0.17,12,12,0,12,12,0,0
91,113,0.12,8,8,0,8,8,0,0
92,101,1.52,70,122,103,0,0,0,0
92,102,0.35,132,264,264,0,0,0,0
93,101,0.67,120,240,240,0,0,0,0
93,102,0.46,177,353,353,0,0,0,0
94,48,2.05,268,795,80,27,80,0,0
94,49,1.2,61,93,66,3,3,0,0
95,48,1.33,173,346,37,17,34,0,0
95,49,4.42,597,1166,345,47,91,0,0
96,23,0.38,76,151,151,0,0,0,0
96,24,0.64,141,422,42,14,42,0,0
96,25,1.36,208,625,62,21,62,0,0
96,76,3,214,410,292,7,13,0,0
97,23,3.62,818,1589,777,47,90,0,0
98,109,1.1,33,82,8,3,8,0,0
99,34,3.47,405,951,95,41,95,0,0
99,36,1,53,53,0,53,53,0,0
99,52,0.93,168,672,0,168,672,0,0
99,53,10.65,482,1596,5,461,1554,0,0
99,65,2.01,141,281,4,2,4,0,0
99,66,1.04,223,893,892,0,0,223,892
99,109,0.9,226,677,68,23,68,0,0
99,110,1.01,130,263,252,4,11,0,0
100,33,2.32,118,202,20,12,20,16,48
100,34,2.48,639,1617,1085,30,59,0,0
100,35,0.74,244,733,73,24,73,0,0
100,52,1.22,222,889,0,222,889,0,0
100,53,2.21,146,583,0,146,583,0,0
100,58,1,38,77,77,0,0,0,0
100,65,7.05,528,1027,462,33,63,0,0
100,66,0.89,193,578,58,19,58,0,0
100,110,1.99,542,1322,15,405,1185,0,0
101,10,0.43,86,257,26,9,26,0,0
101,11,0.95,63,125,13,6,13,0,0
101,33,5,63,63,6,6,6,0,0
101,34,1,199,795,795,0,0,0,0
101,61,2,94,236,215,2,2,0,0
101,62,1,132,264,26,13,26,0,0
102,10,0.57,113,339,34,11,34,0,0
102,11,0.05,4,7,1,0,1,0,0
102,33,1,283,567,57,28,57,0,0
102,65,2,86,86,0,0,0,0,0
102,66,1,2,2,0,0,0,0,0
103,28,2,125,222,197,3,3,0,0
103,55,2.63,340,596,60,34,60,0,0
103,56,0.08,7,7,1,1,1,0,0
103,97,1.91,257,462,462,0,0,0,0
104,55,9.21,1316,3205,913,488,1360,0,0
104,56,4.64,3638,6922,71,3424,6280,0,0
104,60,0.06,78,157,16,8,16,0,0
104,90,3,476,765,335,308,430,0,0
104,97,9.23,1555,3504,1403,24,45,0,0
105,55,4.16,3015,6029,0,3015,6029,0,0
105,56,2.29,1189,2378,0,1189,2378,0,0
105,60,1.67,1348,2615,390,128,247,0,0
105,61,1.38,156,156,71,9,9,0,0
105,80,0.69,21,21,0,0,0,0,0
105,81,1.31,109,208,0,0,0,0,0
105,97,6.86,505,1036,104,50,104,0,0
106,60,4.28,1025,2140,553,125,217,0,0
106,61,2.62,382,797,90,37,78,0,0
106,122,0.01,1,2,2,0,0,0,0
107,26,2.55,344,691,298,22,44,0,0
107,27,3.29,348,816,68,28,68,0,0
107,85,2,41,121,119,0,0,0,0
107,122,4.43,541,927,511,31,46,0,0
108,26,3.75,418,983,286,31,77,0,0
108,27,0.41,189,567,57,19,57,0,0
108,110,1.63,276,552,357,11,22,0,0
108,111,0.37,65,130,13,6,13,0,0
108,122,1.56,359,976,278,26,78,0,0
109,26,2,145,290,290,0,0,0,0
109,126,3.05,643,1390,161,63,137,0,0
110,25,0.9,183,365,37,18,37,0,0
110,26,3.04,496,1061,106,50,106,0,0
110,113,2.48,250,500,225,0,0,0,0
110,126,0.95,236,472,472,0,0,0,0
111,25,0.06,12,24,2,1,2,0,0
111,26,0,0,0,0,0,0,0,0
111,113,2.52,188,360,248,1,1,0,0
112,109,3.13,640,1177,48,378,745,0,0
112,110,0.49,65,129,13,6,13,0,0
112,111,1.95,271,542,254,0,0,0,0
112,112,0.05,7,14,14,0,0,0,0
113,85,1,78,155,16,8,16,0,0
113,86,1.16,52,57,6,5,6,0,0
113,108,2,208,370,329,5,5,0,0
113,109,1.38,182,475,357,7,13,0,0
114,4,0.85,102,203,20,10,20,0,0
114,5,2.75,499,1187,849,19,37,0,0
114,6,0.24,38,77,77,0,0,0,0
114,85,1.23,37,74,0,0,0,0,0
114,86,9.61,691,1962,1505,24,46,300,1198
114,87,1,160,320,32,16,32,0,0
114,118,1.02,288,575,56,37,74,0,0
114,119,0.06,27,55,0,27,55,0,0
115,4,3.19,273,526,53,27,53,0,0
115,5,3.97,565,1118,244,49,97,0,0
115,118,5.55,1014,1726,515,561,831,0,0
115,119,1.37,236,471,138,167,334,0,0
117,23,0.47,41,81,79,0,0,0,0
117,24,1.53,88,162,148,0,0,0,0
117,97,0.33,76,152,15,8,15,0,0
117,103,0.09,102,305,0,102,305,0,0
118,18,4.34,350,594,360,18,26,0,0
118,23,1.5,134,265,263,0,0,0,0
118,24,3.5,770,1889,1366,29,58,0,0
118,97,0.67,156,313,31,16,31,0,0
118,99,0.13,28,56,56,0,0,0,0
118,101,0.01,2,4,0,0,0,0,0
118,102,1.59,1945,5609,561,194,561,0,0
118,103,1.17,1777,5330,229,1090,3269,0,0
118,104,0.01,6,17,0,6,17,0,0
119,17,0.79,51,149,14,9,22,0,0
119,18,2.87,747,1339,21,583,1150,0,0
119,24,2,261,601,407,7,22,0,0
119,28,2.76,491,982,516,13,26,0,0
119,29,4.24,856,2005,72,531,1355,0,0
119,97,1,155,311,31,16,31,0,0
119,98,2,186,332,293,0,0,0,0
119,99,0.87,189,377,377,0,0,0,0
119,101,0.02,8,16,2,1,2,0,0
119,102,2.11,1057,2481,248,106,248,0,0
119,103,0.84,1378,2755,277,138,275,0,0
119,104,1.78,1178,3436,65,952,2847,0,0
119,113,2.68,128,237,24,13,24,0,0
119,114,1,172,172,17,17,17,0,0
120,84,0.99,206,411,411,0,0,0,0
120,85,3.98,1042,2419,46,23,46,0,0
120,98,0.85,104,208,208,0,0,0,0
120,99,0.15,19,38,38,0,0,0,0
120,102,2.01,336,667,38,164,328,0,0
120,103,3.09,1603,2673,352,151,258,0,0
120,104,3.28,3652,10321,922,695,2023,0,0
120,113,0.72,1065,2129,625,1033,2067,0,0
120,114,1.61,1696,3392,979,1610,3220,0,0
120,117,11.4,1074,2061,2061,0,0,0,0
120,118,13.87,1065,1893,1784,4,5,0,0
120,119,12.64,1052,2024,1915,2,3,0,0
120,120,0.55,68,136,14,7,14,0,0
120,127,3,366,733,187,30,61,0,0
121,0,1,113,113,113,0,0,0,0
121,84,0.01,2,3,3,0,0,0,0
121,85,1.02,80,160,15,7,15,0,0
121,116,1.45,183,366,366,0,0,0,0
121,117,14.47,1351,2417,2410,1,1,0,0
121,118,21.21,1710,3220,3040,16,19,0,0
121,119,17.87,1388,2311,2145,3,5,0,0
121,120,8.86,779,1168,749,35,47,0,0
122,2,7,412,810,422,10,19,0,0
122,22,1,11,11,0,11,11,0,0
122,108,0.8,882,2645,0,882,2645,0,0
122,113,2.86,576,1153,322,46,92,0,0
122,115,1,151,299,299,0,0,0,0
122,116,13.97,1039,1925,1866,1,2,0,0
122,117,12.27,1578,3027,2475,15,29,0,0
122,118,14.95,1246,2284,1976,19,31,0,0
122,119,19.02,1537,2928,2928,0,0,0,0
122,120,3.59,423,934,749,8,16,0,0
123,33,4,222,364,77,96,192,0,0
123,41,0.18,27,27,0,0,0,27,27
123,42,3.16,551,1402,140,55,140,0,0
123,43,2.13,395,918,114,37,89,0,0
123,107,1.27,3116,11980,6,3062,11926,0,0
123,108,5.41,5907,17561,51,5675,17098,0,0
123,109,0.01,24,48,0,24,48,0,0
123,112,12.54,970,1939,1880,3,7,0,0
123,113,7.51,926,3284,3033,20,28,0,0
123,115,0.88,189,378,0,189,378,0,0
123,116,10.34,883,1475,1455,2,2,0,0
123,117,10.54,935,1985,1946,2,4,0,0
123,118,11.12,722,1237,1087,5,5,0,0
123,119,4.88,529,775,697,2,2,0,0
123,120,9,411,697,583,13,13,0,0
123,127,0.63,217,434,43,22,43,0,0
124,33,4,50,50,1,16,16,0,0
124,41,0.82,126,126,0,0,0,126,126
124,42,2.37,258,486,351,13,15,0,0
124,43,3.34,872,2393,364,80,225,0,0
124,106,0.1,10,10,1,1,1,0,0
124,107,2.84,3385,10220,193,2495,8486,0,0
124,108,1.59,2019,4281,81,1655,3553,0,0
124,109,2.73,2188,4359,2,2173,4345,0,0
124,110,0.27,311,650,0,311,650,0,0
124,111,4.34,287,569,550,1,2,0,0
124,112,14.66,1269,2466,2235,13,26,0,0
124,113,18.15,1437,2548,2460,2,3,0,0
124,114,2.33,264,378,8,257,363,0,0
124,115,0.12,26,52,0,26,52,0,0
124,116,10.73,1038,1993,1989,0,0,0,0
124,117,8.42,569,1112,1061,2,4,0,0
124,119,3.46,310,528,435,0,0,0,0
124,120,4,205,400,223,10,20,0,0
125,79,1.82,254,589,511,9,9,0,0
125,80,3.18,974,2563,353,94,246,0,0
125,102,2.06,208,403,107,17,33,0,0
125,103,1.94,192,355,274,6,9,0,0
125,105,0.02,120,361,0,120,361,0,0
125,106,3,6365,20441,0,6365,20441,0,0
125,107,1.31,2377,7217,0,2377,7217,0,0
125,108,0.95,3377,10130,0,3377,10130,0,0
125,109,0.06,231,815,0,231,815,0,0
125,110,2.5,5070,19762,11,5022,19666,0,0
125,111,1.31,260,520,195,163,326,0,0
125,112,15.2,1031,2002,1945,3,3,0,0
125,113,12.36,1833,3604,806,1269,2537,0,0
125,114,1.23,1751,3389,0,1637,3275,0,0
125,115,14.73,957,1839,1557,13,24,0,0
125,116,22.98,1714,2341,2128,5,6,0,0
125,117,0.47,57,113,113,0,0,0,0
125,118,1.26,164,320,311,1,1,0,0
125,119,11.66,981,1503,1102,22,40,0,0
125,120,6.35,300,300,288,1,1,0,0
125,124,0.67,297,594,77,259,517,0,0
125,125,0.36,226,453,0,226,453,0,0
126,0,1.02,134,269,261,0,0,0,0
126,1,2.86,745,1992,151,50,151,0,0
126,54,3,225,444,44,22,44,0,0
126,67,2,105,200,20,11,20,0,0
126,80,0.67,64,64,64,0,0,0,0
126,81,3.33,382,614,509,12,12,0,0
126,105,0.99,1266,3798,0,1266,3798,0,0
126,106,10.74,8820,23802,0,8820,23802,0,0
126,107,0.96,8971,26622,0,8971,26622,0,0
126,108,0.04,452,1356,0,452,1356,0,0
126,109,4.32,362,717,445,15,30,0,0
126,110,10.1,613,1225,715,89,177,0,0
126,111,24.93,1422,3050,2694,29,54,0,0
126,112,13.2,1133,2079,1899,7,7,0,0
126,113,7.41,2631,5103,600,2331,4503,0,0
126,114,13.09,3386,6529,1271,2465,4917,0,0
126,115,18.24,1125,1840,1570,10,11,0,0
126,116,21,1462,2722,2017,8,9,0,0
126,117,19.51,1353,1950,1566,11,17,0,0
126,118,7.19,1362,3330,815,109,279,0,0
126,119,11.62,1642,3927,1524,90,254,0,0
126,120,31.15,1429,1524,1213,9,9,0,0
126,121,24.27,922,922,846,8,8,0,0
126,123,1.22,155,311,31,16,31,0,0
126,124,2.03,137,253,234,2,2,0,0
126,125,1.94,538,1064,1,527,1052,0,0
127,1,0.13,26,79,8,3,8,0,0
127,29,0.03,10,21,21,0,0,0,0
127,30,0.08,40,80,8,4,8,0,0
127,53,0.36,44,87,87,0,0,0,0
127,54,0.64,76,152,152,0,0,0,0
127,68,4,326,762,644,1,1,0,0
127,78,3,300,740,516,0,0,0,0
127,105,0.11,374,1121,0,374,1121,0,0
127,106,2.92,3509,10318,0,3509,10318,0,0
127,107,0.92,2074,6222,0,2074,6222,0,0
127,108,13.65,1208,2048,1245,30,79,0,0
127,109,10.91,926,1591,1293,4,6,0,0
127,110,19.83,1526,2779,1590,53,105,0,0
127,111,17.47,1209,2387,2316,4,4,0,0
127,112,10.06,570,1272,868,25,45,0,0
127,113,12.36,705,1489,930,30,58,0,0
127,114,19.27,946,1798,1397,19,35,0,0
127,115,26.25,1566,2448,1716,20,33,0,0
127,116,27.73,1552,2913,2656,14,14,0,0
127,117,15.41,910,1571,1457,3,3,0,0
127,118,7.42,2674,7491,830,258,740,0,0
127,119,19.93,1184,2180,1226,22,37,0,0
127,120,15.48,781,865,786,4,4,0,0
127,121,23.93,1491,1666,1618,5,5,0,0
127,122,11.98,1057,1505,1472,3,4,0,0
127,123,4.34,644,1126,510,34,69,0,0