x,y,number,ground_area,floor_area,residential_ground_area,residential_floor_area,economic_activity_ground_area,economic_activity_floor_area,cultural_ground_area,cultural_floor_area
0,11,0.28,19,57,5,14,5,14,0,0
0,26,0.44,174,625,44,156,44,156,0,0
0,27,0.17,38,114,10,29,10,29,0,0
0,33,0.42,135,270,135,270,0,0,0,0
0,35,1,8,8,2,2,2,2,0,0
0,37,3.84,593,1369,496,1175,32,64,0,0
0,38,6.71,1166,2292,621,1233,181,353,0,0
0,49,1.83,337,1300,84,325,84,325,0,0
0,51,4.41,437,769,308,589,26,26,0,0
0,71,3.81,425,953,96,281,12,28,294,588
0,72,13.8,865,2382,537,1572,109,270,0,0
0,73,3.52,251,713,169,437,28,92,0,0
0,74,3,382,904,201,543,60,120,0,0
0,75,7.42,2124,4642,624,1346,500,1099,0,0
0,76,2,1054,2852,264,713,264,713,0,0
0,95,5,310,919,151,450,53,156,0,0
0,113,0.07,1,1,0,0,0,0,0,0
1,1,0.18,67,202,17,51,17,51,0,0
1,2,0.04,1,2,0,0,0,0,0,0
1,11,3.72,150,435,37,109,37,109,0,0
1,16,1,5,5,1,1,1,1,0,0
1,33,0.99,15,27,4,7,4,7,0,0
1,34,5.11,1285,4151,418,1424,289,909,0,0
1,35,0.01,15,44,4,11,4,11,0,0
1,37,4.75,660,1751,384,950,92,267,0,0
1,38,3.92,597,1518,313,927,19,46,0,0
1,40,1,39,77,10,19,10,19,0,0
1,43,1,17,17,4,4,4,4,0,0
1,45,3,589,1608,364,1054,75,185,0,0
1,49,1.17,88,291,22,73,22,73,0,0
1,51,2.13,350,1064,350,1064,0,0,0,0
1,52,4,339,603,46,93,121,167,0,0
1,58,1,58,115,14,29,14,29,0,0
1,72,3.01,491,1378,123,344,123,344,0,0
1,73,0.52,83,249,21,62,21,62,0,0
1,87,1,23,23,6,6,6,6,0,0
1,100,1,347,1040,0,0,0,0,347,1040
1,114,6,400,976,341,874,20,34,0,0
1,127,6.79,536,1092,134,273,134,273,0,0
2,1,2.46,717,1871,179,468,179,468,0,0
2,2,2.32,280,667,159,345,40,107,0,0
2,11,3.72,848,2198,212,550,212,550,0,0
2,12,0.01,2,7,2,7,0,0,0,0
2,18,1,8,8,2,2,2,2,0,0
2,34,0.34,874,2622,219,656,219,656,0,0
2,35,0.55,1424,4273,356,1068,356,1068,0,0
2,36,2.53,166,347,53,120,38,76,0,0
2,37,2.52,341,773,154,399,62,125,0,0
2,38,4.44,362,870,188,509,58,120,0,0
2,39,19.5,1682,4315,1089,3021,175,393,0,0
2,40,15.77,2819,8929,1782,5680,346,1083,0,0
2,41,4.57,574,1438,60,126,60,126,130,522
2,42,0.04,18,70,0,0,0,0,18,70
2,43,1,11,11,3,3,3,3,0,0
2,51,4,369,692,186,360,61,111,0,0
2,61,0.38,68,135,17,34,17,34,0,0
2,62,0.62,111,222,28,56,28,56,0,0
2,74,3,277,703,135,405,5,14,0,0
2,79,1.68,135,282,130,263,2,6,0,0
2,80,0.32,61,122,61,122,0,0,0,0
2,90,1,27,81,7,20,7,20,0,0
2,112,1,96,192,96,192,0,0,0,0
2,113,14.66,1064,2019,629,1249,127,221,0,0
2,114,8.8,1274,3562,371,1045,194,519,320,961
2,115,5.36,857,2058,263,616,173,406,0,0
2,127,3.19,1509,3878,377,969,377,969,0,0
3,10,0.8,104,311,26,78,26,78,0,0
3,11,9.97,1087,2782,257,667,257,667,0,0
3,12,1.53,238,633,178,512,20,40,0,0
3,13,5,392,934,177,392,72,181,0,0
3,14,1,599,1198,150,299,150,299,0,0
3,16,0.84,718,2155,0,0,718,2155,0,0
3,17,6.71,1207,3230,302,808,302,808,0,0
3,18,3.39,559,1562,123,358,123,358,0,0
3,38,0.2,191,381,48,95,48,95,0,0
3,39,6.75,470,1256,214,508,174,606,0,0
3,40,4.27,308,866,83,234,82,230,0,0
3,41,16.83,3123,10691,1138,3939,645,2103,301,1205
3,42,1.06,97,320,71,213,1,5,23,92
3,43,1.66,67,124,17,31,17,31,0,0
3,44,0.34,29,57,7,14,7,14,0,0
3,46,1.31,910,2730,228,683,228,683,0,0
3,47,0.1,205,615,51,154,51,154,0,0
3,62,1.93,290,856,72,214,72,214,0,0
3,106,1,109,328,109,328,0,0,0,0
3,109,2,22,22,6,6,6,6,0,0
3,112,6.83,980,2416,617,1476,121,313,0,0
3,113,12.92,997,1788,436,906,144,214,0,0
3,114,2.38,305,814,177,468,6,7,109,328
3,115,0.33,57,114,57,114,0,0,0,0
4,9,1,105,210,26,52,26,52,0,0
4,10,6.72,2314,5594,540,1322,540,1322,0,0
4,11,1.79,373,745,93,186,93,186,0,0
4,16,1.17,214,578,64,127,134,402,0,0
4,17,11.3,1099,2601,620,1561,185,374,0,0
4,18,3.58,320,833,161,452,53,127,0,0
4,19,2.68,492,1475,198,595,98,293,0,0
4,20,3.39,281,627,246,557,12,23,0,0
4,38,0.8,769,1537,192,384,192,384,0,0
4,41,7.5,841,2177,416,1030,127,367,0,0
4,42,4.71,684,1800,149,405,335,792,0,0
4,45,1,248,496,62,124,62,124,0,0
4,46,0.12,250,749,62,187,62,187,0,0
4,47,0.47,984,2951,246,738,246,738,0,0
4,49,1,26,53,7,13,7,13,0,0
4,53,2,206,491,111,302,31,63,0,0
4,56,1.11,200,422,50,106,50,106,0,0
4,57,1.94,324,715,88,199,79,172,0,0
4,62,10.97,1030,2317,439,1145,183,377,0,0
4,63,7.17,1109,2674,277,669,277,669,0,0
4,79,2.98,150,371,111,226,4,12,0,0
4,84,5,2746,6839,519,1375,1188,2713,0,0
4,111,0.03,4,8,4,8,0,0,0,0
4,112,6.17,1531,3584,517,1165,338,806,0,0
4,113,0.9,350,877,88,219,88,219,0,0
4,114,1.52,501,1259,64,192,309,682,0,0
5,9,0.21,203,609,0,0,203,609,0,0
5,10,2.7,2028,6778,217,595,1376,4994,0,0
5,17,5,271,644,120,266,50,126,0,0
5,18,6.28,633,1765,309,893,108,291,0,0
5,19,6.48,2438,6474,810,2220,543,1418,0,0
5,20,0.17,247,740,62,185,62,185,0,0
5,22,1,10,31,3,8,3,8,0,0
5,27,1,549,1097,137,274,137,274,0,0
5,37,0.91,124,248,124,248,0,0,0,0
5,41,2,61,107,15,27,15,27,0,0
5,50,2.93,60,63,16,20,14,14,0,0
5,51,2.29,661,1979,315,945,115,345,0,0
5,52,1.62,685,2055,171,514,171,514,0,0
5,55,1,134,269,134,269,0,0,0,0
5,56,2.83,1110,2687,278,672,278,672,0,0
5,57,2.29,343,968,277,815,22,51,0,0
5,62,0.92,149,447,149,447,0,0,0,0
5,79,0.02,1,2,0,0,0,0,0,0
5,86,1,30,60,8,15,8,15,0,0
5,110,0.05,3,5,1,1,1,1,0,0
5,111,2.84,176,329,117,234,12,24,0,0
5,113,0.09,44,132,11,33,11,33,0,0
5,114,0.02,12,36,3,9,3,9,0,0
6,9,0.41,386,1159,0,0,386,1159,0,0
6,10,0.13,122,365,0,0,122,365,0,0
6,11,0.87,67,134,17,34,17,34,0,0
6,12,0.13,10,21,3,5,3,5,0,0
6,15,1,8,16,2,4,2,4,0,0
6,26,4.05,189,451,47,113,47,113,0,0
6,27,2.95,926,1744,232,436,232,436,0,0
6,37,0.09,13,26,13,26,0,0,0,0
6,45,2.08,261,516,161,320,33,65,0,0
6,46,1.92,80,98,33,52,15,15,0,0
6,50,5,399,853,170,354,76,166,0,0
6,51,4,653,2182,163,546,163,546,0,0
6,52,0.97,706,2117,176,529,176,529,0,0
6,53,0.19,148,445,37,111,37,111,0,0
6,54,1,11,11,3,3,3,3,0,0
6,55,0.69,46,46,11,11,11,11,0,0
6,56,6.14,698,1244,166,302,166,302,0,0
6,60,2,87,220,56,159,10,20,0,0
6,64,1.76,269,808,251,754,6,18,0,0
6,81,10.54,1633,3842,547,1377,362,822,0,0
6,82,2.85,1518,4344,379,1086,379,1086,0,0
6,83,0.63,30,61,8,15,8,15,0,0
6,84,0.37,18,36,4,9,4,9,0,0
6,88,1.76,189,515,169,495,6,6,0,0
6,109,2,57,104,49,96,3,3,0,0
6,111,0.08,4,9,1,2,1,2,0,0
6,112,1.52,259,670,145,329,38,114,0,0
7,45,4.44,1567,4367,638,1585,310,927,0,0
7,46,0.99,145,435,145,435,0,0,0,0
7,63,1,506,1012,126,253,126,253,0,0
7,64,1.24,120,277,89,245,10,10,0,0
7,70,0.37,144,349,36,87,36,87,0,0
7,71,2.78,385,987,96,247,96,247,0,0
7,81,3.2,738,1662,185,415,185,415,0,0
7,82,4.4,1394,3829,266,761,597,1548,0,0
7,88,1.83,155,417,76,217,26,66,0,0
7,89,2.65,1133,3390,257,769,852,2554,0,0
7,90,2.95,1848,5045,191,448,1275,3701,0,0
7,112,3.65,401,847,174,358,76,163,0,0
7,113,0.53,169,508,42,127,42,127,0,0
8,12,0.04,15,44,4,11,4,11,0,0
8,43,4,343,922,33,124,245,549,0,0
8,44,2,637,4082,47,236,496,3375,0,0
8,45,2.57,466,1253,128,336,113,306,0,0
8,52,1.26,36,51,9,13,9,13,0,0
8,53,2.74,231,608,58,152,58,152,0,0
8,54,2.01,176,355,44,89,44,89,0,0
8,55,4.99,569,1521,142,380,142,380,0,0
8,56,1,20,39,5,10,5,10,0,0
8,67,0.93,257,514,64,129,64,129,0,0
8,70,0.64,359,717,90,179,90,179,0,0
8,71,2.21,513,1026,128,257,128,257,0,0
8,88,0.21,31,93,8,23,8,23,0,0
8,89,9.15,1132,2903,521,1457,244,564,0,0
8,90,10.05,2187,5577,405,1139,1005,2257,0,0
8,112,0.61,107,277,16,47,16,47,0,0
8,113,0.1,32,97,8,24,8,24,0,0
9,11,0.14,29,76,7,19,7,19,0,0
9,12,4.96,2136,5267,534,1317,534,1317,0,0
9,13,1,164,329,164,329,0,0,0,0
9,34,1,262,1049,66,262,66,262,0,0
9,44,0.79,29,58,7,15,7,15,0,0
9,45,2.21,147,294,37,73,37,73,0,0
9,57,1.74,88,152,22,38,22,38,0,0
9,67,4.21,1170,2340,292,585,292,585,0,0
9,68,2.25,477,1028,119,257,119,257,0,0
9,69,2,112,312,103,303,3,3,0,0
9,77,1.12,65,160,29,88,0,0,0,0
9,85,4.3,3396,8794,849,2199,849,2199,0,0
9,88,1.19,62,152,16,38,16,38,0,0
9,89,3.38,237,584,120,329,39,85,0,0
9,90,0.82,93,186,23,46,23,46,0,0
9,105,4.97,606,1451,212,484,131,322,0,0
9,106,0.74,88,176,88,176,0,0,0,0
9,112,1.58,457,913,393,787,0,0,0,0
10,11,1.14,126,251,31,63,31,63,0,0
10,12,2.59,333,922,275,806,19,39,0,0
10,13,0.13,18,54,18,54,0,0,0,0
10,32,0.99,45,91,11,23,11,23,0,0
10,33,6.01,1297,2633,635,1279,221,451,0,0
10,34,3,601,1681,258,742,115,313,0,0
10,41,1,26,26,6,6,6,6,0,0
10,57,2.14,317,611,79,153,79,153,0,0
10,58,0.12,41,82,10,21,10,21,0,0
10,68,3.88,374,853,109,244,88,203,0,0
10,69,4.39,629,1338,268,555,121,261,0,0
10,77,0.88,209,627,209,627,0,0,0,0
10,85,0.7,562,1579,141,395,141,395,0,0
10,89,1,136,408,136,408,0,0,0,0
10,104,6,1107,2490,444,1133,216,447,0,0
10,105,8.29,837,1742,388,843,150,300,0,0
10,106,0.47,202,404,202,404,0,0,0,0
11,26,1,65,195,16,49,16,49,0,0
11,33,1.97,1584,5475,396,1369,396,1369,0,0
11,34,2.99,276,588,189,388,9,27,0,0
11,35,1.04,1151,3451,0,0,1149,3446,0,0
11,42,2,581,1161,108,217,108,217,0,0
11,57,1,26,26,7,7,7,7,0,0
11,59,11.76,1687,4325,586,1574,367,917,0,0
11,66,2.5,474,1117,182,414,417,1004,0,0
11,69,0.33,89,179,22,45,22,45,0,0
11,103,1,18,18,4,4,4,4,0,0
11,104,6.49,1651,2581,622,1069,337,498,0,0
11,105,10.24,1899,4471,475,1118,475,1118,0,0
11,106,0.53,224,448,224,448,0,0,0,0
11,120,2.53,354,694,89,174,89,174,0,0
11,121,0.22,91,183,23,46,23,46,0,0
12,43,1,70,211,18,53,18,53,0,0
12,59,2.23,158,474,87,262,24,71,0,0
12,60,0.01,4,11,4,11,0,0,0,0
12,64,2,220,637,211,628,3,3,0,0
12,65,1,110,110,27,27,27,27,0,0
12,66,1.5,69,137,60,119,3,6,0,0
12,105,1.27,547,1095,137,274,137,274,0,0
12,107,1,677,1354,169,339,169,339,0,0
12,112,3.18,106,151,60,105,15,15,0,0
12,113,2.2,1080,2951,422,1041,220,637,0,0
12,120,9.31,1245,2749,395,856,283,631,0,0
12,121,5.32,441,1044,262,715,59,110,0,0
13,25,1,57,114,14,28,14,28,0,0
13,34,1,27,54,7,13,7,13,0,0
13,36,1,10,10,3,3,3,3,0,0
13,39,1,29,29,7,7,7,7,0,0
13,62,1,36,36,9,9,9,9,0,0
13,79,0.7,84,167,21,42,21,42,0,0
13,80,4.25,1500,3211,375,803,375,803,0,0
13,86,0.28,28,28,7,7,7,7,0,0
13,111,3.36,1639,5845,534,1710,368,1378,0,0
13,112,8.1,2477,4926,649,1229,483,979,0,0
13,113,2.75,1261,3640,411,1102,283,846,0,0
13,120,5.56,1187,2462,938,1897,120,262,0,0
13,121,0.05,16,32,16,32,0,0,0,0
14,9,0.52,139,418,35,104,35,104,0,0
14,37,1,7,7,2,2,2,2,0,0
14,39,0.47,108,215,27,54,27,54,0,0
14,40,11.32,1540,3948,474,1271,343,880,0,0
14,41,0.59,65,194,16,48,16,48,0,0
14,52,2.37,256,686,43,130,126,296,0,0
14,53,1.14,171,360,18,54,153,306,0,0
14,67,1,50,151,13,38,13,38,0,0
14,79,1.76,682,2010,171,503,171,503,0,0
14,80,2.3,1360,3507,340,877,340,877,0,0
14,86,5.34,693,1635,173,409,173,409,0,0
14,87,4.37,426,1051,107,263,107,263,0,0
14,103,1.46,45,45,11,11,11,11,0,0
14,104,0.54,19,19,5,5,5,5,0,0
14,111,1.17,891,3562,223,891,223,891,0,0
14,112,0.24,329,664,82,166,82,166,0,0
14,113,1,220,439,55,110,55,110,0,0
14,119,1,12,12,3,3,3,3,0,0
14,120,1,264,793,66,198,66,198,0,0
15,9,1.21,565,1696,141,424,141,424,0,0
15,10,4.28,612,1758,321,944,97,272,0,0
15,25,0.76,61,122,42,84,0,0,0,0
15,26,3.69,333,867,147,398,104,306,0,0
15,27,1,15,15,4,4,4,4,0,0
15,28,1.31,1233,2949,121,362,872,1864,0,0
15,29,1.43,606,1751,152,438,152,438,0,0
15,39,1.93,470,939,117,235,117,235,0,0
15,40,1.68,175,350,144,287,10,21,0,0
15,52,5.48,2486,6646,519,1386,930,2488,0,0
15,53,5.01,1192,3205,376,1034,295,791,0,0
15,60,4,152,260,94,178,19,27,0,0
15,68,1,113,227,113,227,0,0,0,0
15,69,1,272,651,68,163,68,163,0,0
15,70,2.82,641,1280,48,97,496,991,0,0
15,71,1,159,478,159,478,0,0,0,0
15,83,2,289,805,242,712,16,31,0,0
15,93,1,72,143,18,36,18,36,0,0
16,9,3,147,442,37,111,37,111,0,0
16,21,1,108,324,27,81,27,81,0,0
16,25,5.42,568,2324,206,837,121,496,0,0
16,26,10.91,1082,3490,416,1360,222,710,0,0
16,27,1.56,233,594,58,149,58,149,0,0
16,28,0.27,299,834,59,176,123,304,0,0
16,64,2,99,199,25,50,25,50,0,0
16,67,3,270,810,257,772,4,13,0,0
16,68,0.7,45,135,34,102,4,11,0,0
16,69,5.11,763,1951,561,1345,67,202,0,0
16,70,5.93,1018,2235,542,1133,159,367,0,0
16,71,1,100,200,100,200,0,0,0,0
16,75,0.98,239,477,65,130,58,116,0,0
16,76,0.05,13,27,3,7,3,7,0,0
16,78,1.5,112,175,28,45,28,43,0,0
16,83,3,544,1247,136,312,136,312,0,0
17,10,5.09,2271,6894,25,71,2195,6680,0,0
17,11,0.01,9,27,2,7,2,7,0,0
17,12,4,450,899,282,565,56,112,0,0
17,13,2,274,841,68,210,68,210,0,0
17,24,1,11,43,3,11,3,11,0,0
17,25,0.14,62,290,16,73,16,73,0,0
17,26,3.08,2350,7092,587,1773,587,1773,0,0
17,27,1.44,185,555,46,139,46,139,0,0
17,43,1,13,13,3,3,3,3,0,0
17,68,5.55,413,930,352,792,20,46,0,0
17,69,7.04,1065,2535,805,1849,86,229,0,0
17,70,5.07,911,2195,455,1003,152,397,0,0
17,75,6.97,1199,2624,457,971,247,551,0,0
17,78,2.98,596,1524,299,831,99,231,0,0
17,79,0.52,134,403,90,270,15,44,0,0
17,90,2,108,239,76,207,11,11,0,0
17,91,1.9,185,530,176,521,3,3,0,0
17,94,1,19,19,5,5,5,5,0,0
18,4,8.2,704,1498,187,374,118,236,0,0
18,5,2.23,383,767,96,191,96,191,0,0
18,10,0.18,166,499,42,125,42,125,0,0
18,11,9.6,1914,4994,548,1388,455,1202,0,0
18,12,1.12,255,511,110,220,48,97,0,0
18,13,1,9,46,2,12,2,12,0,0
18,18,1,10,10,3,3,3,3,0,0
18,25,1,12,12,3,3,3,3,0,0
18,35,0.25,362,723,90,181,90,181,0,0
18,62,0.88,776,2223,194,556,194,556,0,0
18,63,0.79,327,712,82,178,82,178,0,0
18,67,3.66,738,1475,184,369,184,369,0,0
18,68,7.65,816,1642,634,1276,64,137,0,0
18,69,6.81,871,2095,429,1199,368,750,0,0
18,70,4.57,616,1532,497,1178,39,118,0,0
18,89,3,70,126,17,31,17,31,0,0
18,90,0.1,5,15,1,4,1,4,0,0
18,91,5.65,397,906,250,680,46,65,0,0
18,92,2,128,446,111,429,6,6,0,0
18,94,2,51,51,36,36,5,5,0,0
18,96,0.39,34,69,8,17,8,17,0,0
18,97,0.08,7,14,2,3,2,3,0,0
18,98,1,37,37,9,9,9,9,0,0
18,114,2,79,134,20,33,20,33,0,0
18,127,0.03,29,59,0,0,29,59,0,0
19,3,7.17,755,2375,499,1695,116,243,0,0
19,4,1.48,182,525,3,3,3,3,0,0
19,5,2.09,1801,5117,450,1279,450,1279,0,0
19,30,3.56,448,1268,112,317,112,317,0,0
19,35,0.75,1093,2186,273,546,273,546,0,0
19,36,0.86,224,448,56,112,56,112,0,0
19,37,1,12,12,3,3,3,3,0,0
19,62,2.33,1185,2662,296,665,296,665,0,0
19,63,13.16,2405,5479,505,1246,1073,2290,0,0
19,64,1.8,322,903,275,810,15,31,0,0
19,66,2.03,87,118,24,49,2,4,0,0
19,67,5.98,623,1352,443,1058,13,26,0,0
19,68,2.5,215,435,57,119,53,106,0,0
19,69,4.58,796,1672,345,770,70,139,0,0
19,70,8.74,875,2168,507,1537,74,161,0,0
19,90,0.96,93,278,23,69,23,69,0,0
19,91,5.38,743,2097,169,473,142,394,0,0
19,96,4.37,477,1400,224,665,84,245,0,0
19,97,0.15,13,26,3,7,3,7,0,0
19,98,5,309,760,261,667,16,31,0,0
19,115,0.16,11,21,3,5,3,5,0,0
19,116,0.84,55,110,14,27,14,27,0,0
19,127,0.76,740,1481,0,0,740,1481,0,0
20,3,0.83,68,203,68,203,0,0,0,0
20,11,6.04,502,1285,266,742,79,181,0,0
20,30,0.44,62,187,16,47,16,47,0,0
20,36,1.14,119,238,30,60,30,60,0,0
20,62,2,1953,5717,488,1429,488,1429,0,0
20,63,1.71,1629,5569,407,1392,407,1392,0,0
20,64,0.01,3,6,0,0,3,6,0,0
20,65,3.99,699,1739,125,334,325,735,0,0
20,66,2.33,219,480,215,476,1,2,0,0
20,67,4.64,339,842,146,393,65,149,0,0
20,69,2.99,524,1263,491,1198,11,22,0,0
20,70,3.65,847,2071,482,1333,431,865,0,0
20,71,8.74,878,1389,728,1099,4,4,0,0
20,72,4.23,594,960,594,960,0,0,0,0
20,75,6,280,625,124,319,52,102,0,0
20,86,2,34,136,9,34,9,34,0,0
20,115,1,36,36,9,9,9,9,0,0
20,127,1,25,50,6,13,6,13,0,0
21,11,0.96,482,965,121,241,121,241,0,0
21,19,7.37,724,1783,246,660,135,326,0,0
21,20,9.62,1085,3561,419,1336,175,603,0,0
21,37,0.32,256,519,64,130,64,130,0,0
21,38,1.33,143,364,36,91,36,91,0,0
21,42,2.96,689,2039,172,510,172,510,0,0
21,46,1,13,13,3,3,3,3,0,0
21,62,0.34,337,1346,84,337,84,337,0,0
21,63,0.88,40,79,10,20,10,20,0,0
21,64,0.12,6,11,1,3,1,3,0,0
21,69,3,67,170,46,135,2,2,0,0
21,70,14.92,2003,5221,921,2493,622,1537,0,0
21,71,5.02,608,1082,438,743,48,95,0,0
21,76,2,370,1087,361,1079,3,3,0,0
21,78,1.16,630,1889,175,526,152,455,0,0
21,84,3,285,762,264,721,7,14,0,0
21,101,3,404,1185,206,611,66,191,0,0
21,102,4,326,633,81,158,81,158,0,0
21,127,1.55,112,224,28,56,28,56,0,0
22,16,1,14,29,4,7,4,7,0,0
22,17,6.5,1771,5935,443,1484,443,1484,0,0
22,18,1,150,299,150,299,0,0,0,0
22,19,2.01,56,116,14,29,14,29,0,0
22,20,2,89,178,22,44,22,44,0,0
22,27,3,344,897,202,573,47,108,0,0
22,37,3.52,1343,3120,336,780,336,780,0,0
22,38,1.83,314,767,176,387,46,127,0,0
22,42,4.27,383,1023,96,256,96,256,0,0
22,43,10.78,1555,4096,632,1666,308,810,0,0
22,44,0.65,208,416,52,104,52,104,0,0
22,45,0.3,202,404,50,101,50,101,0,0
22,50,1,31,62,8,15,8,15,0,0
22,56,1,9,9,2,2,2,2,0,0
22,69,0.66,206,413,206,413,0,0,0,0
22,70,2.78,365,815,286,594,26,74,0,0
22,71,11.98,697,1545,449,1047,145,291,0,0
22,72,0.31,50,100,12,25,12,25,0,0
22,78,5.84,762,2182,359,1051,134,377,0,0
22,81,1,38,75,9,19,9,19,0,0
22,82,2,421,1264,253,759,56,168,0,0
22,90,3.07,264,930,66,232,66,232,0,0
22,91,1,32,97,8,24,8,24,0,0
22,107,1,151,302,151,302,0,0,0,0
22,127,1.74,299,583,75,146,75,146,0,0
23,17,2.5,291,755,73,189,73,189,0,0
23,18,0.26,216,636,54,159,54,159,0,0
23,19,2.38,251,474,57,107,57,107,0,0
23,20,10.98,1561,4121,615,1705,315,805,0,0
23,27,1,44,174,11,44,11,44,0,0
23,42,1.01,13,13,3,3,3,3,0,0
23,43,11.32,1561,4084,905,2404,219,560,0,0
23,44,3.01,715,1825,179,456,179,456,0,0
23,45,1.59,789,1612,127,263,408,824,0,0
23,48,1,12,12,3,3,3,3,0,0
23,69,0.34,105,209,105,209,0,0,0,0
23,70,1,215,645,215,645,0,0,0,0
23,71,19.07,2611,7653,1423,4068,1144,3603,0,0
23,72,9.58,1539,4710,296,719,815,2916,0,0
23,73,3.57,588,1180,588,1180,0,0,0,0
23,74,8.17,568,1474,500,1356,5,8,0,0
23,75,0.94,46,91,0,0,0,0,0,0
23,78,1.86,305,866,76,216,76,216,0,0
23,79,4.23,2118,5488,530,1372,530,1372,0,0
23,90,0.93,42,125,10,31,10,31,0,0
23,106,1.51,1253,3759,81,244,1009,3027,0,0
23,107,3.58,302,755,260,633,14,41,0,0
23,108,2.59,397,556,218,377,60,60,0,0
23,109,1,228,457,57,114,57,114,0,0
23,113,0.09,97,389,24,97,24,97,0,0
23,114,0.09,97,390,24,97,24,97,0,0
23,127,0.02,3,5,1,1,1,1,0,0
24,11,0.97,9,9,2,2,2,2,0,0
24,16,1,231,693,231,693,0,0,0,0
24,18,3.64,1091,3131,408,1189,228,647,0,0
24,19,0.73,66,168,36,107,0,0,0,0
24,20,0.02,14,43,4,11,4,11,0,0
24,43,1,18,18,4,4,4,4,0,0
24,44,7.4,1852,4550,484,1179,456,1124,0,0
24,45,7.11,2830,8049,622,1841,964,2525,0,0
24,50,0.16,11,21,11,21,0,0,0,0
24,69,1.72,340,1021,182,546,92,275,0,0
24,70,4.23,394,871,212,445,61,142,0,0
24,71,16.8,2181,6256,1601,4767,489,1310,0,0
24,72,15.19,1606,4750,980,3197,406,1152,0,0
24,73,6.44,1082,2464,604,1368,267,688,0,0
24,74,2.49,610,1158,208,495,228,315,0,0
24,75,1,15,15,4,4,4,4,0,0
24,76,0.35,50,100,50,100,0,0,0,0
24,77,1.65,171,342,94,189,0,0,0,0
24,78,2.5,378,846,323,737,18,36,0,0
24,79,1.91,1631,3262,408,816,408,816,0,0
24,106,2.12,1464,3816,121,242,1101,3089,0,0
24,107,10.11,1771,4467,799,2064,279,665,0,0
24,108,9.96,893,1901,447,1126,135,244,0,0
24,113,0.65,706,2824,177,706,177,706,0,0
24,114,2.71,2436,5196,629,1340,602,1286,0,0
25,10,1,18,55,5,14,5,14,0,0
25,11,0.03,0,0,0,0,0,0,0,0
25,16,1.96,686,2059,402,1205,95,285,0,0
25,17,2.04,691,1965,182,520,170,482,0,0
25,18,1,8,8,2,2,2,2,0,0
25,36,1.07,332,700,83,175,83,175,0,0
25,37,1.03,41,54,10,13,10,13,0,0
25,44,2.6,426,889,140,289,95,200,0,0
25,50,7.8,941,2022,374,782,189,413,0,0
25,51,0.03,5,14,1,4,1,4,0,0
25,60,0.02,5,10,1,3,1,3,0,0
25,61,3.39,731,2150,183,538,183,538,0,0
25,62,1,34,34,8,8,8,8,0,0
25,71,10.48,779,2248,624,1935,81,176,0,0
25,72,16.68,2733,7501,1837,5318,525,1511,327,653
25,73,3.76,2347,4683,470,938,982,1961,0,0
25,74,2.17,869,1022,38,77,754,792,0,0
25,78,0.5,89,266,89,266,0,0,0,0
25,92,0.18,25,74,6,19,6,19,0,0
25,93,0.82,110,331,28,83,28,83,0,0
25,98,1,36,36,9,9,9,9,0,0
25,107,0.95,228,456,57,114,57,114,0,0
25,108,0.12,6,6,0,0,0,0,0,0
25,114,2.46,345,512,211,378,45,45,0,0
25,115,1,161,482,40,120,40,120,0,0
25,121,6.41,2587,5755,881,2034,568,1240,0,0
25,122,5.41,507,1307,174,421,111,295,0,0
26,22,3,205,443,51,111,51,111,0,0
26,23,2,207,568,45,136,45,136,0,0
26,33,0.01,2,2,1,1,1,1,0,0
26,36,1.87,860,2059,215,515,215,515,0,0
26,37,1.03,225,461,56,115,56,115,0,0
26,50,11.2,1484,3829,369,910,475,1294,0,0
26,60,0.12,26,70,6,17,6,17,0,0
26,61,4.47,1676,4817,419,1204,419,1204,0,0
26,68,1,50,149,12,37,12,37,0,0
26,71,15.57,1307,3233,795,2044,332,895,0,0
26,72,13.48,1627,3806,1145,2888,168,344,137,230
26,73,6.13,775,1571,245,495,271,548,0,0
26,74,3,289,819,241,724,0,0,0,0
26,99,4,319,558,259,498,20,20,0,0
26,107,0.05,13,26,3,6,3,6,0,0
26,112,3.52,2058,4103,461,918,676,1349,0,0
26,113,4.41,583,1380,163,363,140,339,0,0
26,118,1.12,293,349,252,265,14,28,0,0
26,120,0.94,230,460,230,460,0,0,0,0
26,121,5.78,852,1988,280,653,191,445,0,0
26,122,8.46,2486,5386,809,1909,559,1159,0,0
26,123,0.74,576,1151,144,288,144,288,0,0
27,20,1,31,61,8,15,8,15,0,0
27,26,1,36,146,9,36,9,36,0,0
27,33,1.99,230,230,57,57,57,57,0,0
27,50,2.93,478,1071,172,459,58,116,0,0
27,51,3.89,300,792,209,610,18,36,0,0
27,59,0.26,221,442,55,111,55,111,0,0
27,67,1.06,140,315,9,26,9,26,0,0
27,68,3.94,1010,2768,455,1365,141,424,0,0
27,69,3.96,258,418,95,190,5,11,0,0
27,70,2.48,334,522,106,175,75,113,0,0
27,71,10.87,1244,3400,634,1623,339,1000,0,0
27,72,8.99,1148,2720,223,574,440,912,0,0
27,74,1,18,36,4,9,4,9,0,0
27,91,1.57,26,63,7,16,7,16,0,0
27,92,16.8,1482,3917,784,2222,228,555,0,0
27,93,3.23,275,500,151,313,11,32,0,0
27,112,3.23,1593,3818,171,274,1079,2997,0,0
27,113,2.85,381,877,79,108,226,634,0,0
27,115,2.12,1042,2085,261,521,261,521,0,0
27,116,11.88,1002,2467,459,1321,181,382,0,0
27,118,0.88,393,786,98,197,98,197,0,0
27,119,4,414,1116,175,414,70,205,0,0
27,120,3,281,562,224,447,6,12,0,0
27,122,0.07,77,154,19,39,19,39,0,0
27,123,0.18,141,283,35,71,35,71,0,0
28,4,1,22,22,5,5,5,5,0,0
28,44,0.03,10,30,3,8,3,8,0,0
28,45,2,123,245,31,61,31,61,0,0
28,50,7.98,952,2128,319,693,194,445,0,0
28,52,2,154,463,100,300,18,54,0,0
28,58,1,196,588,196,588,0,0,0,0
28,59,15.94,2018,4734,708,1793,437,980,0,0
28,60,3.47,2803,7838,143,285,2375,6983,0,0
28,68,9.31,525,960,197,388,147,288,0,0
28,69,14.69,929,1995,554,1211,130,249,0,0
28,70,2.98,225,449,133,266,0,0,0,0
28,71,0.92,47,47,12,12,12,12,0,0
28,72,1,14,14,4,4,4,4,0,0
28,74,4.56,609,1215,152,304,152,304,0,0
28,75,3.72,474,948,272,543,67,135,0,0
28,76,1.08,26,52,7,14,0,0,0,0
28,91,2.07,510,1469,128,367,128,367,0,0
28,92,5.32,496,1318,242,565,85,251,0,0
28,118,0.63,43,43,11,11,11,11,0,0
28,119,3.37,570,1111,207,472,121,213,0,0
28,120,2.05,185,542,179,533,2,3,0,0
29,7,1,6,6,2,2,2,2,0,0
29,23,0.02,7,14,2,3,2,3,0,0
29,24,2.99,1066,2794,267,698,267,698,0,0
29,25,1,294,587,73,147,73,147,0,0
29,44,10.07,1450,4172,737,2056,237,705,0,0
29,45,0.89,150,530,38,133,38,133,0,0
29,54,0.38,104,208,104,208,0,0,0,0
29,59,6.33,633,1763,257,737,125,342,0,0
29,67,4.29,759,1455,348,681,137,258,0,0
29,68,6.83,714,1798,517,1464,66,111,0,0
29,69,3.21,502,1467,320,951,61,172,0,0
29,72,2,204,351,161,309,14,14,0,0
29,73,2,190,529,170,509,0,0,0,0
29,74,4.65,547,993,137,248,137,248,0,0
29,105,1.98,301,761,183,407,39,118,0,0
29,106,1.03,22,32,6,8,6,8,0,0
29,120,2.79,584,1169,357,715,76,151,0,0
30,8,6.53,215,395,54,100,53,99,0,0
30,9,10.39,1322,2945,416,943,291,645,0,0
30,16,1,22,43,5,11,5,11,0,0
30,30,1.81,582,1163,145,291,145,291,0,0
30,31,0.54,203,406,51,101,51,101,0,0
30,44,1,34,34,9,9,9,9,0,0
30,54,3.62,253,540,192,393,20,49,0,0
30,67,4,646,1077,273,381,108,216,0,0
30,68,1.67,329,987,329,987,0,0,0,0
30,69,1,124,247,124,247,0,0,0,0
30,73,1,27,27,7,7,7,7,0,0
30,104,3,283,698,83,212,67,162,0,0
30,105,1.99,572,1717,273,818,100,300,0,0
30,106,0.01,3,10,1,3,1,3,0,0
30,120,1.58,239,438,205,399,11,13,0,0
30,121,0.01,2,5,2,5,0,0,0,0
31,0,2,72,136,18,34,18,34,0,0
31,9,6.08,1243,4454,333,1179,303,1092,0,0
31,10,10,1564,3492,378,847,378,847,0,0
31,11,1.24,134,269,129,257,2,4,0,0
31,26,1,45,89,11,22,11,22,0,0
31,30,8.43,1374,3766,436,1249,274,761,0,0
31,31,2.21,383,871,172,445,71,142,0,0
31,53,0.9,125,374,125,374,0,0,0,0
31,74,2,173,346,83,166,0,0,0,0
31,83,6.43,700,1968,283,816,139,384,0,0
31,84,0.93,269,538,67,135,67,135,0,0
31,85,6.62,2195,5602,549,1401,549,1401,0,0
31,86,2,136,242,106,212,0,0,0,0
31,104,1.71,346,539,87,135,87,135,0,0
31,105,4,1000,2000,362,723,213,426,0,0
31,107,1,197,591,197,591,0,0,0,0
31,108,2,212,493,132,383,0,0,0,0
31,120,2.34,836,1672,299,599,179,358,0,0
31,121,8.68,574,1262,343,714,77,183,0,0
32,11,0.76,50,100,44,88,2,4,0,0
32,18,2.46,237,533,71,170,55,121,0,0
32,19,2.08,687,1726,264,708,141,339,0,0
32,22,1,10,10,2,2,2,2,0,0
32,23,1.59,394,1543,98,386,98,386,0,0
32,24,1.41,273,992,68,248,68,248,0,0
32,30,0.07,23,47,6,12,6,12,0,0
32,31,0.94,349,699,87,175,87,175,0,0
32,53,0.1,14,43,14,43,0,0,0,0
32,74,1,20,40,5,10,5,10,0,0
32,85,0.02,9,26,2,6,2,6,0,0
32,91,5.96,234,551,147,402,29,50,0,0
32,92,1.25,178,434,103,285,25,50,0,0
32,104,0.29,64,64,16,16,16,16,0,0
32,106,1,247,495,247,495,0,0,0,0
32,107,5,434,1074,297,801,18,36,0,0
32,108,3,323,732,122,302,43,96,0,0
32,121,2.55,304,709,165,430,0,0,0,0
33,7,1,15,15,4,4,4,4,0,0
33,13,1,6,19,2,5,2,5,0,0
33,17,2.58,138,314,35,79,35,79,0,0
33,18,2.07,225,675,78,233,49,147,0,0
33,19,3.39,347,799,227,559,40,80,0,0
33,28,1,14,54,3,14,3,14,0,0
33,32,1,190,379,190,379,0,0,0,0
33,54,2.84,549,1753,137,438,137,438,0,0
33,59,2,67,190,17,47,17,47,0,0
33,66,1.44,1536,6139,384,1535,384,1535,0,0
33,67,6.91,2191,6111,641,1715,517,1465,0,0
33,74,2.67,587,1388,147,347,147,347,0,0
33,75,0.33,107,321,27,80,27,80,0,0
33,86,2.44,88,166,20,39,20,39,0,0
33,87,1,111,221,111,221,0,0,0,0
33,91,0.68,45,122,36,104,3,6,0,0
33,92,0.12,17,43,11,31,2,4,0,0
34,0,0.16,48,97,12,24,12,24,0,0
34,16,2.62,162,385,106,314,5,10,0,0
34,17,3.71,286,821,111,323,58,165,0,0
34,18,1.98,226,460,46,94,46,94,0,0
34,34,1,234,701,58,175,58,175,0,0
34,54,11.69,715,1434,280,603,141,273,0,0
34,55,2.47,122,254,38,86,28,56,0,0
34,65,1.42,136,364,103,298,11,22,0,0
34,66,3.04,2166,6473,620,1852,516,1540,0,0
34,67,1.51,1322,3515,118,243,966,2786,0,0
34,80,1,21,85,5,21,5,21,0,0
34,84,5,287,527,189,367,32,54,0,0
34,85,10.85,3074,8633,898,2757,1156,3250,0,0
34,86,14.18,1034,2442,461,1119,175,409,0,0
34,87,0.2,5,10,1,2,1,2,0,0
34,88,2,155,282,134,261,7,7,0,0
35,0,4.59,669,1561,347,930,107,210,0,0
35,18,0.11,22,43,5,11,5,11,0,0
35,19,1,9,9,2,2,2,2,0,0
35,35,1,173,347,173,347,0,0,0,0
35,39,5,1636,3854,409,964,409,964,0,0
35,40,1,174,174,44,44,44,44,0,0
35,54,5,1402,3384,351,846,351,846,0,0
35,59,1,12,12,3,3,3,3,0,0
35,66,0.68,63,150,33,89,10,20,0,0
35,72,1,154,308,39,77,39,77,0,0
35,73,2,130,379,122,362,3,6,0,0
35,81,1,238,713,59,178,59,178,0,0
35,85,7.33,454,1021,180,454,91,189,0,0
35,86,6.96,1441,3216,576,1385,245,505,0,0
35,88,0.07,1,2,0,1,0,1,0,0
35,89,7.99,741,1858,317,850,141,336,0,0
35,90,3.94,565,1440,292,660,91,260,0,0
35,118,0.21,101,304,25,76,25,76,0,0
36,0,1.11,176,500,155,459,7,14,0,0
36,2,2,73,73,18,18,18,18,0,0
36,16,1,13,13,3,3,3,3,0,0
36,17,1,5,5,1,1,1,1,0,0
36,18,5,625,1854,354,1058,75,221,0,0
36,23,1.43,480,1372,22,49,413,1223,0,0
36,30,2,157,415,39,104,39,104,0,0
36,38,1,158,315,158,315,0,0,0,0
36,43,3,436,1479,305,1153,44,109,0,0
36,48,1,11,42,3,11,3,11,0,0
36,60,0.24,9,9,2,2,2,2,0,0
36,74,0.09,167,666,42,167,42,167,0,0
36,78,1.63,13,21,3,5,3,5,0,0
36,79,1,127,255,127,255,0,0,0,0
36,81,2,816,2404,204,601,204,601,0,0
36,85,0.44,374,1121,93,280,93,280,0,0
36,86,3.6,760,2046,251,634,170,471,0,0
36,88,0.39,84,336,84,336,0,0,0,0
36,95,1.04,153,354,90,193,21,54,0,0
36,96,3.26,552,1587,170,460,127,375,0,0
36,118,6.76,2253,6363,615,1694,546,1556,0,0
36,119,2,411,1232,103,308,103,308,0,0
37,0,1.99,293,852,73,213,73,213,0,0
37,1,1.05,26,53,7,13,7,13,0,0
37,2,1.95,362,1061,90,265,90,265,0,0
37,16,1,10,10,2,2,2,2,0,0
37,23,4.57,964,2277,237,557,253,605,0,0
37,31,2.29,174,501,69,202,35,100,0,0
37,32,3.41,259,655,89,217,57,146,0,0
37,33,4.08,1185,2371,415,829,257,514,0,0
37,34,0.01,3,5,1,1,1,1,0,0
37,37,0.94,107,213,107,213,0,0,0,0
37,38,1.06,75,83,75,83,0,0,0,0
37,60,0.76,30,30,7,7,7,7,0,0
37,73,3.09,1058,2443,264,611,264,611,0,0
37,74,6.82,4362,14539,1090,3635,1090,3635,0,0
37,78,0.37,5,10,1,2,1,2,0,0
37,88,3.61,302,724,173,570,43,51,0,0
37,93,2,149,337,38,114,111,222,0,0
37,95,2.7,336,629,38,65,38,65,0,0
37,104,0.56,197,591,49,148,49,148,0,0
37,118,0.03,33,100,8,25,8,25,0,0
37,126,2.35,263,527,66,132,66,132,0,0
38,0,5.59,514,1149,270,713,81,145,0,0
38,1,12.1,1712,4626,416,1133,416,1133,0,0
38,2,0.77,200,601,50,150,50,150,0,0
38,24,1,26,26,7,7,7,7,0,0
38,31,12.43,1088,2346,326,722,254,541,0,0
38,32,16.95,1520,4011,392,874,379,792,391,1565
38,33,9.88,1701,2830,389,725,740,961,0,0
38,34,1.03,208,208,2,2,206,206,0,0
38,44,3,271,721,191,561,12,23,0,0
38,64,1.11,92,253,23,63,23,63,0,0
38,65,3.03,303,718,74,177,74,177,0,0
38,68,0.73,90,184,87,174,1,3,0,0
38,69,1.28,88,176,34,68,0,0,0,0
38,97,3.29,1087,1087,57,57,956,956,0,0
38,104,0.44,155,465,39,116,39,116,0,0
38,124,1.74,305,782,76,196,76,195,0,0
38,125,3.16,364,784,191,304,37,118,0,0
38,126,5.03,752,2113,403,1172,117,314,0,0
39,0,2.42,403,709,101,177,101,177,0,0
39,1,4.14,486,1725,121,431,121,431,0,0
39,27,7.66,854,2443,163,467,571,1664,0,0
39,31,1.5,1113,2392,300,662,271,577,0,0
39,32,8.43,699,1980,510,1459,63,174,0,0
39,33,1,58,115,14,29,14,29,0,0
39,41,2,436,1139,109,285,109,285,0,0
39,56,1,592,1183,148,296,148,296,0,0
39,57,8.24,793,1636,341,733,150,301,0,0
39,58,4.11,423,1108,159,384,88,241,0,0
39,59,1,11,33,3,8,3,8,0,0
39,65,1.87,138,268,32,65,32,65,0,0
39,68,3.99,771,2493,193,623,193,623,0,0
39,76,2,160,320,131,261,10,19,0,0
39,77,3,872,2517,218,629,218,629,0,0
39,94,1.41,168,429,107,368,20,20,0,0
39,95,3.59,241,821,136,525,12,32,0,0
39,97,3.52,289,473,179,363,37,37,0,0
39,98,0.2,31,31,8,8,8,8,0,0
39,101,4.99,869,2180,217,545,217,545,0,0
39,102,4,566,1673,338,1008,76,222,0,0
39,104,0.23,101,220,25,55,25,55,0,0
39,109,1,24,24,6,6,6,6,0,0
39,124,7.07,1658,3592,596,1456,354,712,0,0
39,125,5.66,581,1586,375,1173,69,138,0,0
39,126,3,157,263,118,224,13,13,0,0
40,26,0.17,125,250,0,0,125,250,0,0
40,27,2.17,748,1741,1,1,744,1738,0,0
40,56,0.06,7,21,2,5,2,5,0,0
40,57,5.7,624,1407,232,539,131,290,0,0
40,58,1.89,288,810,75,209,71,200,0,0
40,94,1,58,116,58,116,0,0,0,0
40,98,7.31,519,1093,128,271,136,279,0,0
40,99,6.82,978,1996,701,1614,158,193,0,0
40,100,4.93,240,447,167,331,17,31,0,0
40,101,2.31,49,72,22,28,9,15,0,0
40,102,4.54,366,864,198,429,56,145,0,0
40,104,12.77,2181,5329,660,1678,507,1217,0,0
40,105,1,173,347,173,347,0,0,0,0
40,125,8.64,1428,3415,390,991,447,1010,0,0
40,126,0.36,52,156,52,156,0,0,0,0
41,10,1,379,1137,95,284,95,284,0,0
41,47,5.97,716,1716,458,1176,86,180,0,0
41,48,7.72,3394,10779,414,956,2152,7910,0,0
41,61,2,79,210,20,52,20,52,0,0
41,62,1,19,57,5,14,5,14,0,0
41,67,1,118,236,29,59,29,59,0,0
41,70,5.93,734,1944,242,603,164,447,0,0
41,71,0.07,10,19,2,5,2,5,0,0
41,73,2,482,963,120,241,120,241,0,0
41,94,4,186,186,152,152,11,11,0,0
41,97,2,262,524,241,483,7,14,0,0
41,99,0.11,16,16,0,0,16,16,0,0
41,122,1.15,310,620,77,155,77,155,0,0
42,30,2,235,469,59,117,59,117,0,0
42,44,1,47,188,12,47,12,47,0,0
42,47,0.75,233,467,58,117,58,117,0,0
42,48,0.57,155,407,39,102,39,102,0,0
42,60,0.41,5,5,1,1,1,1,0,0
42,67,1.02,174,346,173,345,0,0,0,0
42,73,6.89,855,2030,214,508,214,508,0,0
42,121,3.03,1267,2476,548,1082,240,465,0,0
42,122,8.47,1131,2050,370,688,253,454,0,0
43,2,2,111,310,93,273,6,12,0,0
43,5,0.66,57,113,14,28,14,28,0,0
43,6,0.34,29,57,7,14,7,14,0,0
43,7,1,10,40,3,10,3,10,0,0
43,46,0.01,4,11,1,3,1,3,0,0
43,52,4,330,951,243,719,29,77,0,0
43,58,1,26,106,7,26,7,26,0,0
43,60,0.59,6,6,2,2,2,2,0,0
43,62,0.71,79,158,20,39,20,39,0,0
43,67,1.98,118,118,29,29,29,29,0,0
43,73,0.11,46,137,11,34,11,34,0,0
43,77,0.14,33,66,8,17,8,17,0,0
43,78,2.86,363,705,198,390,55,105,0,0
43,107,2.02,1287,2636,322,659,322,659,0,0
43,108,1,59,59,15,15,15,15,0,0
43,121,2.2,355,695,147,289,69,135,0,0
43,122,5.15,569,1120,297,589,91,177,0,0
43,123,0.22,412,824,103,206,103,206,0,0
44,2,0.34,130,389,0,0,129,388,0,0
44,3,2.51,1373,4137,328,990,387,1167,0,0
44,4,3,151,289,132,262,6,9,0,0
44,5,9.22,836,2142,381,1056,144,346,0,0
44,6,4.23,397,937,263,726,45,70,0,0
44,20,1,34,34,8,8,8,8,0,0
44,46,1.16,316,998,79,250,79,250,0,0
44,47,3.83,511,1585,128,396,128,396,0,0
44,59,1,8,8,2,2,2,2,0,0
44,60,1.1,25,56,6,14,6,14,0,0
44,61,17.87,1417,3571,361,845,325,772,245,734
44,62,5.21,715,1942,179,485,179,485,0,0
44,77,1.93,228,457,212,424,5,11,0,0
44,107,3.09,496,1116,124,279,124,279,0,0
44,108,1.89,222,447,55,112,55,112,0,0
44,122,0.84,623,1572,74,148,401,1129,0,0
44,123,0.93,1409,2961,317,634,459,1060,0,0
44,127,3,504,1210,126,302,126,302,0,0
45,2,0.09,35,106,0,0,35,106,0,0
45,3,5.05,1814,5542,459,1358,553,1699,0,0
45,5,0.55,28,57,0,0,0,0,0,0
45,15,0.6,24,49,6,12,6,12,0,0
45,30,1.4,127,336,73,176,18,54,0,0
45,31,7.56,1208,2899,381,961,276,646,0,0
45,32,0.36,17,34,4,8,4,8,0,0
45,38,1,16,16,4,4,4,4,0,0
45,49,2.65,229,607,57,152,57,152,0,0
45,50,2.59,445,1379,184,635,87,248,0,0
45,54,0.74,65,195,16,49,16,49,0,0
45,55,1.35,272,786,68,197,68,197,0,0
45,60,3.18,118,281,29,70,29,70,0,0
45,61,15.34,1363,3170,731,1745,372,790,24,72
45,68,0.34,82,165,21,41,21,41,0,0
45,69,1.95,240,461,84,186,52,91,0,0
45,76,2.68,311,576,78,144,78,144,0,0
45,77,1.27,126,220,44,79,27,47,0,0
45,126,1.87,870,1740,870,1740,0,0,0,0
45,127,1.76,394,789,130,259,88,176,0,0
46,2,5,234,468,68,136,39,79,0,0
46,4,0.72,272,543,68,136,68,136,0,0
46,15,0.4,16,32,4,8,4,8,0,0
46,30,2.13,173,320,45,82,43,79,0,0
46,31,3.55,252,586,63,146,63,146,0,0
46,34,1,20,20,5,5,5,5,0,0
46,49,4.78,633,2042,245,771,129,424,0,0
46,50,1.97,1295,4179,355,1169,313,1003,0,0
46,55,0.9,129,326,32,82,32,82,0,0
46,60,0.99,350,1049,350,1049,0,0,0,0
46,61,3.97,875,2302,509,1205,309,926,0,0
46,68,4,464,1364,291,867,57,166,0,0
46,69,1.71,141,424,93,278,16,48,0,0
46,70,1,86,173,22,43,22,43,0,0
46,73,2,492,1203,287,793,68,137,0,0
46,75,1.36,589,1768,147,442,147,442,0,0
46,76,6.76,1447,3891,452,1243,332,882,0,0
46,92,1,47,94,12,24,12,24,0,0
46,109,1.12,213,426,53,107,53,107,0,0
46,110,2.46,964,1928,241,482,241,482,0,0
46,117,2.99,836,1645,353,700,161,315,0,0
46,124,1,11,11,3,3,3,3,0,0
46,127,15.63,1485,3963,719,1970,488,1242,0,0
47,4,0.28,106,211,26,53,26,53,0,0
47,21,0.52,460,1379,0,0,460,1379,0,0
47,22,4.97,2188,4960,440,919,868,2203,0,0
47,23,2,1265,3134,316,783,316,783,0,0
47,27,0.25,79,79,20,20,20,20,0,0
47,35,1.21,129,364,32,91,32,91,0,0
47,36,3.7,764,1886,191,471,191,471,0,0
47,37,10,1513,2895,378,724,378,724,0,0
47,42,1,75,226,19,56,19,56,0,0
47,50,1,17,34,4,9,4,9,0,0
47,54,1,10,10,3,3,3,3,0,0
47,60,0.02,1,2,1,2,0,0,0,0
47,61,2.6,138,413,138,413,0,0,0,0
47,62,1,9,9,2,2,2,2,0,0
47,65,1,79,238,20,59,20,59,0,0
47,66,0.42,544,2177,136,544,136,544,0,0
47,70,2,168,436,42,109,42,109,0,0
47,73,1,150,300,150,300,0,0,0,0
47,74,0.89,474,948,118,237,118,237,0,0
47,75,1.11,186,373,145,289,14,28,0,0
47,106,4.07,183,354,159,316,8,13,0,0
47,107,1.93,169,338,47,93,41,81,0,0
47,108,0.51,239,716,60,179,60,179,0,0
47,109,3.47,472,1175,170,398,82,221,0,0
47,110,0.44,69,137,69,137,0,0,0,0
47,117,4.01,602,1463,455,1087,49,125,0,0
47,119,1,3,3,1,1,1,1,0,0
47,127,4.46,1159,2937,181,346,780,2226,0,0
48,7,0.64,209,417,0,0,0,0,209,417
48,10,8,1619,4262,534,1324,362,980,0,0
48,22,0.98,448,1292,112,323,112,323,0,0
48,23,1.53,461,1371,115,343,115,343,0,0
48,27,0.75,242,242,60,60,60,60,0,0
48,35,0.6,62,134,14,32,14,32,0,0
48,36,8.48,856,2009,386,854,147,375,0,0
48,60,11.37,1186,3046,554,1430,211,539,0,0
48,65,2,2019,6057,0,0,2019,6057,0,0
48,66,5.58,1412,4425,468,1451,315,991,0,0
48,67,6,508,1189,382,948,42,80,0,0
48,68,2.16,583,1999,146,500,146,500,0,0
48,69,3.84,877,1755,357,715,130,260,0,0
48,73,1,8,8,2,2,2,2,0,0
48,116,0.29,26,60,7,15,7,15,0,0
48,117,0.13,14,27,3,7,3,7,0,0
48,118,4,585,1327,264,683,107,215,0,0
49,1,1,16,32,4,8,4,8,0,0
49,6,1,68,204,17,51,17,51,0,0
49,7,2.36,571,1480,118,235,0,0,454,1244
49,8,4,505,1337,181,445,108,297,0,0
49,9,2,62,120,16,30,16,30,0,0
49,10,1,14,28,4,7,4,7,0,0
49,44,0.9,33,33,8,8,8,8,0,0
49,54,2.77,860,1770,267,585,197,395,0,0
49,55,0.55,62,186,62,186,0,0,0,0
49,60,0.63,71,142,52,104,6,13,0,0
49,68,2.04,1125,3334,287,851,279,828,0,0
49,79,1,13,13,3,3,3,3,0,0
49,88,1,25,25,6,6,6,6,0,0
49,92,1,48,144,12,36,12,36,0,0
49,116,2.24,207,474,52,118,52,118,0,0
49,117,0.34,34,68,9,17,9,17,0,0
49,120,1,19,19,5,5,5,5,0,0
49,121,4.95,997,1860,479,924,173,312,0,0
49,125,0.12,44,89,11,22,11,22,0,0
49,126,0.93,331,661,87,174,81,162,0,0
49,127,2.95,134,241,114,222,7,7,0,0
50,9,12,945,2505,529,1505,139,333,0,0
50,40,3.94,838,1634,210,409,210,409,0,0
50,41,1,121,363,121,363,0,0,0,0
50,44,5.62,964,2229,241,557,241,557,0,0
50,45,1.48,152,307,38,77,38,77,0,0
50,53,0.07,14,42,14,42,0,0,0,0
50,54,6.91,996,2298,635,1478,120,273,0,0
50,55,1.69,450,1128,113,282,113,282,0,0
50,64,4,352,852,199,545,51,102,0,0
50,68,0.96,171,511,170,511,0,0,0,0
50,89,2.02,496,1479,124,370,124,370,0,0
50,90,0.98,276,556,69,139,69,139,0,0
50,95,1.95,273,820,68,205,68,205,0,0
50,112,0.06,2,2,1,1,1,1,0,0
50,113,11.5,1733,3647,614,1274,373,791,0,0
50,120,3,106,106,92,92,5,5,0,0
50,121,0.05,19,38,5,10,5,10,0,0
50,122,1,43,43,0,0,0,0,0,0
50,124,0.06,41,82,10,21,10,21,0,0
50,125,2.94,1823,4294,294,588,941,2531,0,0
50,126,1.83,248,427,62,107,62,107,0,0
50,127,10.7,1371,2974,239,537,652,1363,0,0
51,1,5,350,967,87,242,87,242,0,0
51,7,2.11,141,393,119,349,7,15,0,0
51,8,3.67,252,729,63,182,63,182,0,0
51,9,4,131,237,30,57,30,57,0,0
51,40,8.01,1074,2145,438,875,212,423,0,0
51,41,10.26,1279,3087,489,1167,264,640,0,0
51,48,11.78,2092,4309,142,316,1665,3362,0,0
51,49,1.22,178,450,45,113,45,113,0,0
51,63,2.44,233,594,114,317,40,93,0,0
51,64,0.56,95,285,95,285,0,0,0,0
51,68,2,195,195,0,0,195,195,0,0
51,75,1,24,48,6,12,6,12,0,0
51,87,2.36,879,2219,166,394,381,1038,0,0
51,94,1.65,122,244,114,228,3,5,0,0
51,95,3.03,180,429,45,107,45,107,0,0
51,99,1,26,52,6,13,6,13,0,0
51,113,0.44,27,54,7,14,7,14,0,0
51,126,3.05,315,515,165,215,50,100,0,0
51,127,9.49,977,1700,398,790,220,358,0,0
52,2,1,16,33,4,8,4,8,0,0
52,7,0.12,13,34,10,30,1,2,0,0
52,8,0.09,7,14,2,3,2,3,0,0
52,17,1,29,29,7,7,7,7,0,0
52,39,0.25,220,659,0,0,220,659,0,0
52,40,1.75,663,1948,5,5,648,1932,0,0
52,41,9.78,828,1870,329,711,166,386,0,0
52,42,2,110,220,27,55,27,55,0,0
52,62,0.56,355,710,57,115,183,367,0,0
52,63,10.59,3850,9946,1007,2676,1096,2721,0,0
52,64,0.84,204,600,51,150,51,150,0,0
52,69,2,867,1735,867,1735,0,0,0,0
52,78,1,13,13,3,3,3,3,0,0
52,81,3.29,298,781,214,615,28,56,0,0
52,82,0.22,31,93,31,93,0,0,0,0
52,86,2.78,199,538,154,449,15,30,0,0
52,87,14.37,3638,10280,887,2503,1521,4404,0,0
52,88,2.66,201,472,120,257,27,72,0,0
52,95,12.02,1317,2870,471,1142,282,576,0,0
52,96,0.34,6,6,2,2,2,2,0,0
52,103,0.32,148,296,0,0,148,296,0,0
52,104,0.96,283,565,0,0,283,565,0,0
52,127,8,616,1314,367,756,83,186,0,0
53,3,1,9,9,2,2,2,2,0,0
53,49,0.99,71,212,18,53,18,53,0,0
53,55,3.64,621,1430,147,340,147,340,0,0
53,62,0.21,165,330,0,0,165,330,0,0
53,63,0.79,628,1256,0,0,628,1256,0,0
53,79,2.36,588,1177,464,928,41,83,0,0
53,81,13.06,919,2250,494,1354,142,299,0,0
53,82,1.42,83,226,65,189,6,12,0,0
53,86,0.93,60,180,60,180,0,0,0,0
53,87,19.02,1881,4855,709,1798,345,899,0,0
53,88,1.89,234,469,135,270,0,0,0,0
53,102,5.53,671,1975,170,497,167,493,0,0
53,103,11.15,1245,2991,562,1397,444,976,0,0
54,1,10.75,1038,2046,260,512,260,512,0,0
54,2,1,42,42,11,11,11,11,0,0
54,5,1,37,110,9,28,9,28,0,0
54,8,1,14,72,4,18,4,18,0,0
54,9,1,41,41,10,10,10,10,0,0
54,12,1,133,399,33,100,33,100,0,0
54,49,0.01,0,1,0,0,0,0,0,0
54,55,0.36,104,311,26,78,26,78,0,0
54,57,4,297,648,146,387,43,80,0,0
54,58,0.93,1717,5150,429,1287,429,1287,0,0
54,61,1,12,12,3,3,3,3,0,0
54,65,1,6,22,1,6,1,6,0,0
54,79,0.94,213,577,67,171,49,135,0,0
54,81,3.78,968,1935,635,1269,111,222,0,0
54,82,0.99,92,185,27,54,22,44,0,0
54,102,3,83,83,53,53,3,3,0,0
54,103,0.03,5,10,5,10,0,0,0,0
55,0,1,105,210,105,210,0,0,0,0
55,1,3.33,297,744,140,384,52,120,0,0
55,2,8.67,1124,2999,608,1731,430,1197,0,0
55,27,1.27,95,320,80,305,5,5,0,0
55,28,5.73,1130,3137,485,1497,215,547,0,0
55,53,1,18,18,5,5,5,5,0,0
55,58,1.07,274,822,172,515,34,102,0,0
55,59,11.79,2218,6208,751,2142,489,1355,0,0
55,60,1.55,70,89,17,22,17,22,0,0
55,65,1,11,11,3,3,3,3,0,0
55,68,1,9,27,2,7,2,7,0,0
55,79,11.68,1313,3139,454,1163,286,659,0,0
55,80,0.02,2,4,1,1,1,1,0,0
55,81,8.13,1325,4244,450,1298,292,982,0,0
55,102,4,523,1639,247,758,92,294,0,0
56,2,4.26,494,1406,288,858,51,147,0,0
56,5,1,9,28,2,7,2,7,0,0
56,16,1,5,5,1,1,1,1,0,0
56,55,3.98,723,1834,291,680,144,385,0,0
56,59,9.51,1723,4178,635,1624,317,670,0,0
56,60,1.15,87,175,22,44,22,44,0,0
56,81,1.1,243,821,173,542,23,93,0,0
56,105,1,30,59,7,15,7,15,0,0
56,113,0.6,13,13,3,3,3,3,0,0
56,114,0.4,9,9,2,2,2,2,0,0
57,0,3,167,333,149,298,6,12,0,0
57,1,12.14,2082,3574,695,1242,454,761,0,0
57,14,1,17,51,4,13,4,13,0,0
57,51,0.03,18,35,4,9,4,9,0,0
57,53,1.49,149,297,67,134,0,0,0,0
57,54,1.53,186,372,186,372,0,0,0,0
57,55,3.02,727,1991,182,498,182,498,0,0
57,59,0.01,4,9,1,2,1,2,0,0
57,61,1,9,28,2,7,2,7,0,0
58,0,0.03,5,10,0,0,5,10,0,0
58,1,6.83,1367,2734,24,48,1248,2495,0,0
58,3,1,40,119,10,30,10,30,0,0
58,16,6.81,954,1910,180,434,573,1130,0,0
58,17,1.74,162,439,127,370,11,23,0,0
58,37,1,16,32,4,8,4,8,0,0
58,43,1,9,38,2,9,2,9,0,0
58,51,5.75,1170,2349,292,587,292,587,0,0
58,52,1.35,279,558,70,139,70,139,0,0
58,53,0.99,160,320,160,320,0,0,0,0
58,90,2,374,1123,0,0,0,0,374,1123
58,91,4,456,1320,152,340,57,151,0,0
58,104,1.72,95,195,31,70,21,42,0,0
58,105,0.51,80,161,0,0,0,0,0,0
58,126,1.72,185,683,88,296,32,129,0,0
58,127,0.28,50,202,13,50,13,50,0,0
59,1,1.63,23,23,6,6,6,6,0,0
59,3,1,5,5,1,1,1,1,0,0
59,7,2,50,50,12,12,12,12,0,0
59,8,16.4,2677,6818,752,1953,799,2095,0,0
59,16,2.71,282,673,37,107,147,328,0,0
59,17,2.73,587,1187,4,11,576,1155,0,0
59,43,1.24,218,613,55,153,55,153,0,0
59,44,1.76,341,890,241,688,34,67,0,0
59,45,2,100,200,25,50,25,50,0,0
59,51,4.5,460,1168,254,708,69,153,0,0
59,52,3.36,632,1592,158,398,158,398,0,0
59,58,1,6,6,1,1,1,1,0,0
59,74,1,24,48,6,12,6,12,0,0
59,86,6.45,488,1377,219,646,83,237,0,0
59,90,1,41,122,41,122,0,0,0,0
59,102,1.04,223,446,211,423,4,8,0,0
59,103,6.86,1301,3547,626,1730,176,507,0,0
59,104,8.58,1072,2714,559,1434,171,427,0,0
59,105,2.19,750,2036,271,676,134,402,0,0
59,107,6.94,775,2051,194,513,194,513,0,0
59,108,0.21,69,138,17,34,17,34,0,0
59,109,8.66,918,2362,449,1248,156,371,0,0
59,110,11.13,1012,2859,494,1437,173,474,0,0
59,111,1.41,169,242,42,61,42,61,0,0
59,112,5.59,478,1058,196,493,94,188,0,0
59,113,1,33,33,8,8,8,8,0,0
59,114,2,1204,2407,301,602,301,602,0,0
60,1,0.37,9,9,2,2,2,2,0,0
60,2,4,1058,2078,443,1055,205,341,0,0
60,3,0.65,40,40,10,10,10,10,0,0
60,4,0.01,1,1,0,0,0,0,0,0
60,5,0.69,102,305,102,305,0,0,0,0
60,6,0.31,47,140,47,140,0,0,0,0
60,7,4.02,258,547,121,193,46,118,0,0
60,8,6.59,925,1612,331,602,198,336,0,0
60,20,1,6,19,2,5,2,5,0,0
60,48,3,647,1271,630,1254,6,6,0,0
60,60,1,25,25,6,6,6,6,0,0
60,78,1,47,94,12,23,12,23,0,0
60,86,2.55,666,1868,138,381,463,1356,0,0
60,89,1.96,85,141,21,35,21,35,0,0
60,90,15.04,1020,2405,536,1305,154,351,0,0
60,92,0.85,27,27,27,27,0,0,0,0
60,93,0.15,5,5,5,5,0,0,0,0
60,94,0.01,0,0,0,0,0,0,0,0
60,95,0.99,39,39,10,10,10,10,0,0
60,101,0.23,254,509,0,0,254,509,0,0
60,102,7.92,2219,4437,339,678,1201,2402,0,0
60,103,3.95,526,1107,172,399,118,236,0,0
60,105,0.27,17,35,4,9,4,9,0,0
60,106,0.9,130,260,57,115,24,48,0,0
60,107,1.61,364,922,91,231,91,231,0,0
60,108,5.48,851,1849,406,848,149,334,0,0
60,110,9,583,1073,342,607,57,109,0,0
60,113,4.62,469,1298,265,708,68,197,0,0
60,114,5.38,972,2898,550,1645,141,418,0,0
60,120,1,208,623,52,156,52,156,0,0
61,3,1.32,105,191,29,53,25,46,0,0
61,4,3.02,207,398,183,362,8,12,0,0
61,16,1,6,6,1,1,1,1,0,0
61,17,7.63,1268,3183,584,1597,228,529,0,0
61,18,2.37,178,334,45,84,45,84,0,0
61,28,2,175,350,44,87,44,87,0,0
61,29,14.77,1660,3579,730,1718,278,555,0,0
61,30,1.58,183,412,81,208,34,68,0,0
61,31,0.22,33,65,8,16,8,16,0,0
61,89,1,287,574,287,574,0,0,0,0
61,105,0.66,44,87,11,22,11,22,0,0
61,106,6.05,576,1103,202,392,30,48,0,0
61,107,3.58,769,1516,572,1139,60,114,0,0
61,108,4.52,1528,4290,382,1073,382,1073,0,0
61,109,0.04,9,27,9,27,0,0,0,0
61,110,4.96,502,1434,280,823,74,204,0,0
61,120,5,764,2081,191,520,191,520,0,0
62,4,0.99,108,215,27,54,27,54,0,0
62,18,10,440,1009,196,523,64,126,0,0
62,19,5,283,529,170,330,24,39,0,0
62,29,5.55,959,2149,242,541,239,536,0,0
62,30,10.26,1597,3755,399,939,399,939,0,0
62,31,0.19,29,58,7,14,7,14,0,0
62,35,0.86,25,49,6,12,6,12,0,0
62,48,3.42,347,686,85,169,85,169,0,0
62,49,3,459,918,427,854,11,21,0,0
62,73,4,367,935,208,622,91,182,0,0
62,85,1,29,59,7,15,7,15,0,0
62,94,1,15,15,4,4,4,4,0,0
62,109,2,188,375,174,347,5,9,0,0
62,126,2.4,1057,2114,160,321,576,1151,0,0
62,127,4.06,386,773,97,193,97,193,0,0
63,3,2.75,416,1062,277,786,46,92,0,0
63,4,1.01,220,658,219,656,0,1,0,0
63,18,1,34,34,9,9,9,9,0,0
63,29,1.22,245,571,78,181,123,333,0,0
63,32,1,20,41,5,10,5,10,0,0
63,33,1.89,402,1153,100,288,100,288,0,0
63,34,2.48,127,248,91,181,12,22,0,0
63,35,4.66,353,681,300,593,18,29,0,0
63,39,1,20,40,5,10,5,10,0,0
63,48,0.58,11,11,0,0,0,0,0,0
63,73,2.43,683,1354,171,338,171,338,0,0
63,74,0.56,82,164,21,41,21,41,0,0
63,92,1.55,89,225,58,163,10,21,0,0
63,93,9.5,554,1182,262,675,83,140,0,0
63,104,5.8,291,670,179,488,37,61,0,0
63,105,2.2,201,436,76,187,42,83,0,0
63,114,1,67,67,17,17,17,17,0,0
63,126,0.54,291,581,26,53,212,424,0,0
63,127,1,117,350,116,349,0,0,0,0
64,3,0.25,49,98,12,24,12,24,0,0
64,9,1,48,48,12,12,12,12,0,0
64,29,1.21,127,336,69,163,83,248,0,0
64,33,2.11,264,587,66,147,66,147,0,0
64,34,1,182,364,182,364,0,0,0,0
64,37,1,26,78,7,20,7,20,0,0
64,49,1,16,16,4,4,4,4,0,0
64,72,0.59,578,1734,144,434,144,434,0,0
64,73,2.82,447,903,112,226,112,226,0,0
64,74,0.2,30,59,7,15,7,15,0,0
64,93,0.95,22,22,6,6,6,6,0,0
64,100,1,23,45,6,11,6,11,0,0
65,1,1,25,25,6,6,6,6,0,0
65,2,5.42,438,902,109,225,109,225,0,0
65,3,4.58,501,1452,234,797,89,219,0,0
65,15,0.53,20,20,5,5,5,5,0,0
65,31,1,17,52,4,13,4,13,0,0
65,43,0.85,89,177,89,177,0,0,0,0
65,44,4.15,372,726,256,513,33,65,0,0
65,54,2.61,506,1157,126,289,126,289,0,0
65,55,8.71,1326,2832,500,1212,275,540,0,0
65,72,7,1216,3446,631,1842,195,534,0,0
65,73,2.39,702,2438,235,788,156,550,0,0
65,76,1,34,68,9,17,9,17,0,0
65,92,1,9,9,2,2,2,2,0,0
65,93,6.66,473,1078,259,663,71,138,0,0
65,126,0.21,200,798,50,200,50,200,0,0
66,15,0.47,18,18,4,4,4,4,0,0
66,18,1,81,162,81,162,0,0,0,0
66,19,0.25,44,87,11,22,11,22,0,0
66,36,1,15,15,4,4,4,4,0,0
66,37,0.91,30,89,7,22,7,22,0,0
66,38,0.09,3,8,1,2,1,2,0,0
66,40,1,115,229,29,57,29,57,0,0
66,54,3.46,729,1559,178,381,178,381,0,0
66,55,1.22,217,434,54,109,54,109,0,0
66,72,16.37,1711,3793,679,1507,321,715,0,0
66,73,7.26,647,1425,241,606,108,218,0,0
66,92,7.61,549,1594,411,1333,22,39,0,0
66,93,18.71,1581,5338,1277,4282,55,121,0,0
66,94,6.96,350,1036,138,411,71,209,0,0
66,99,6.22,679,1972,435,1288,81,228,0,0
66,100,1.78,53,73,13,18,13,18,0,0
66,126,5.05,1527,4737,280,1006,756,1923,0,0
66,127,6.06,626,1773,450,1244,38,115,0,0
67,2,3.38,543,1278,281,755,87,175,0,0
67,3,2.11,238,544,111,290,42,85,0,0
67,4,1,49,98,12,25,12,25,0,0
67,7,1,7,14,2,4,2,4,0,0
67,18,1.9,301,698,0,0,0,0,301,698
67,19,0.75,131,263,33,66,33,66,0,0
67,27,1,75,75,19,19,19,19,0,0
67,38,1.31,314,786,79,196,79,196,0,0
67,53,1,10,30,2,7,2,7,0,0
67,72,4.56,488,1275,207,574,94,234,0,0
67,73,2.82,298,733,131,352,56,127,0,0
67,74,1.65,88,172,85,168,1,1,0,0
67,93,1.02,265,1323,256,1282,0,0,0,0
67,94,2.17,461,1518,117,485,1,3,342,1025
67,95,0.87,108,538,108,538,0,0,0,0
67,98,0.53,67,135,67,135,0,0,0,0
67,99,3,987,2340,247,585,247,585,0,0
67,113,3.86,480,1255,172,471,103,262,0,0
67,114,0.6,81,233,73,217,3,5,0,0
67,126,3.18,556,1163,139,291,139,291,0,0
67,127,2.07,283,628,191,398,30,77,0,0
68,1,1,34,68,8,17,8,17,0,0
68,2,0.36,95,189,24,47,24,47,0,0
68,3,0.15,22,44,6,11,6,11,0,0
68,6,5.83,455,952,129,312,146,250,0,0
68,7,11.26,1842,3826,212,478,1292,2652,0,0
68,17,1,19,19,5,5,5,5,0,0
68,18,0.1,23,46,0,0,0,0,23,46
68,21,1,9,18,2,4,2,4,0,0
68,23,2,27,60,7,15,7,15,0,0
68,37,6.05,685,1342,387,822,100,173,0,0
68,38,1.63,374,1096,94,274,94,274,0,0
68,72,0.47,180,360,45,90,45,90,0,0
68,73,2.53,326,651,81,163,81,163,0,0
68,74,2.35,120,241,53,105,7,15,0,0
68,89,2.61,108,217,80,160,9,19,0,0
68,90,3.39,240,572,95,212,48,120,0,0
68,93,5.95,298,1021,66,238,66,238,0,0
68,97,0.22,206,617,51,154,51,154,0,0
68,98,2.09,929,2727,277,771,217,652,0,0
68,113,3,428,1231,107,308,107,308,0,0
68,114,0.54,83,249,83,249,0,0,0,0
69,6,0.68,248,496,0,0,248,496,0,0
69,7,2.24,1095,2447,244,552,363,791,0,0
69,20,4.7,261,736,133,389,42,116,0,0
69,21,2.48,194,438,147,295,2,6,0,0
69,39,1,10,10,2,2,2,2,0,0
69,72,1,20,41,5,10,5,10,0,0
69,93,4.07,301,753,157,447,88,182,0,0
69,94,11.27,744,1551,517,1165,49,82,0,0
69,97,0.07,67,202,17,51,17,51,0,0
69,98,0.08,70,210,18,53,18,53,0,0
69,101,9.98,769,1987,321,884,203,529,0,0
69,103,1,35,35,9,9,9,9,0,0
69,127,1,27,27,7,7,7,7,0,0
70,2,0.68,46,92,33,66,4,8,0,0
70,3,1.32,158,316,146,292,4,8,0,0
70,5,4,520,1187,130,297,130,297,0,0
70,6,0.7,1825,5474,0,0,1825,5474,0,0
70,19,1,13,13,3,3,3,3,0,0
70,20,3.56,623,1687,151,366,220,692,0,0
70,21,12.29,2175,4779,492,1197,994,1731,0,0
70,25,1,16,98,4,24,4,24,0,0
70,51,0.84,8,8,2,2,2,2,0,0
70,52,0.16,1,1,0,0,0,0,0,0
70,58,5.76,1167,3192,425,1198,247,665,0,0
70,94,2.71,259,534,98,212,0,0,0,0
70,97,2,136,271,130,261,2,4,0,0
70,101,0.02,1,1,0,0,0,0,0,0
70,117,5,653,1109,163,277,163,277,0,0
71,2,1.53,74,74,18,18,18,18,0,0
71,3,0.57,15,15,4,4,4,4,0,0
71,6,0.3,795,2386,0,0,795,2386,0,0
71,20,0.87,420,1503,44,133,287,1105,0,0
71,21,0.1,110,329,27,82,27,82,0,0
71,22,3,214,438,189,380,8,19,0,0
71,37,4.63,1325,2649,811,1622,171,342,0,0
71,38,2.68,838,1507,210,377,210,377,0,0
71,50,2,178,355,44,89,44,89,0,0
71,51,0.11,166,332,42,83,42,83,0,0
71,55,0.99,14,41,3,10,3,10,0,0
71,56,0.01,0,0,0,0,0,0,0,0
71,57,0.08,19,37,6,11,0,0,0,0
71,58,8.16,1266,2985,415,943,237,587,0,0
71,59,4.53,353,965,133,330,73,212,0,0
71,71,1,17,33,4,8,4,8,0,0
71,93,7,921,2198,383,1009,179,396,0,0
71,94,1,32,64,8,16,8,16,0,0
72,2,3.82,221,399,146,282,25,39,0,0
72,3,0.08,2,5,1,1,1,1,0,0
72,7,0.36,8,15,2,4,2,4,0,0
72,11,1,12,35,3,9,3,9,0,0
72,21,0.02,0,0,0,0,0,0,0,0
72,22,8.37,468,929,244,486,59,117,0,0
72,26,1,17,84,4,21,4,21,0,0
72,37,3.69,413,817,103,204,103,204,0,0
72,38,6,865,2122,336,889,176,411,0,0
72,44,0.3,36,72,9,18,9,18,0,0
72,50,2,376,1066,78,235,141,360,0,0
72,51,4.62,2071,4143,518,1036,518,1036,0,0
72,52,1.03,73,123,18,31,18,31,0,0
72,54,7,1255,3074,396,1015,286,687,0,0
72,55,4,881,1999,220,500,220,500,0,0
72,57,2,241,481,60,120,60,120,0,0
72,58,0.01,0,0,0,0,0,0,0,0
72,59,3.46,289,788,266,740,8,16,0,0
72,92,2,117,175,73,130,15,15,0,0
72,93,6.63,582,1483,376,985,69,166,0,0
72,94,0.37,48,144,48,144,0,0,0,0
73,7,1.64,25,50,6,12,6,12,0,0
73,21,1.07,592,1165,6,8,573,1143,0,0
73,22,9.98,2677,5753,485,1318,1885,3787,0,0
73,44,0.7,82,164,20,41,20,41,0,0
73,51,0.93,97,193,24,48,24,48,0,0
73,52,1.3,384,768,96,192,96,192,0,0
73,53,1,16,48,4,12,4,12,0,0
73,54,1,212,423,212,423,0,0,0,0
73,66,0.12,22,66,5,16,5,16,0,0
73,67,2.83,320,629,80,157,80,157,0,0
73,68,3.46,552,1405,226,616,109,263,0,0
73,69,5.02,293,604,74,153,73,150,0,0
73,70,1.73,577,2106,144,527,144,527,0,0
73,79,2,276,800,255,757,7,14,0,0
73,91,1,28,28,7,7,7,7,0,0
73,92,4.69,245,566,126,270,40,99,0,0
73,93,1,102,204,102,204,0,0,0,0
73,95,1,66,328,66,328,0,0,0,0
73,96,3.42,279,752,188,544,30,70,0,0
74,1,10.72,650,1225,156,287,182,366,0,0
74,2,9.34,1256,2768,531,1229,242,513,0,0
74,8,1,21,129,5,32,5,32,0,0
74,21,8.42,977,2073,344,883,460,968,0,0
74,22,2.14,584,1504,120,360,464,1144,0,0
74,48,2.13,1500,3664,375,916,375,916,0,0
74,53,6,371,751,261,540,37,70,0,0
74,66,0.7,164,363,41,91,41,91,0,0
74,67,7.4,1591,4290,504,1393,362,966,0,0
74,68,1.49,287,575,139,280,49,99,0,0
74,69,8.1,1798,4285,514,1158,372,875,0,0
74,70,3.55,925,2285,231,571,231,571,0,0
74,71,7.42,1146,3181,286,795,286,795,0,0
74,72,0.58,88,176,22,44,22,44,0,0
74,90,1.93,187,373,118,236,23,46,0,0
74,91,4.14,194,384,174,347,7,12,0,0
74,92,11.46,990,2141,518,1156,157,328,0,0
74,93,3.53,281,809,268,796,4,4,0,0
74,94,1.45,61,61,55,55,2,2,0,0
74,95,1,23,23,23,23,0,0,0,0
74,96,0.58,47,140,12,35,12,35,0,0
74,99,3,93,168,68,132,8,12,0,0
74,123,0.85,132,265,33,66,33,66,0,0
75,0,1,208,416,52,104,52,104,0,0
75,1,7.31,1432,3864,130,266,1086,3157,0,0
75,2,6.85,843,1642,211,410,211,410,0,0
75,3,6,1088,2149,272,537,272,537,0,0
75,6,2,352,1196,272,1037,26,53,0,0
75,23,0.97,20,40,5,10,5,10,0,0
75,24,0.03,1,1,0,0,0,0,0,0
75,46,0.97,98,195,24,49,24,49,0,0
75,47,7.59,1092,2809,605,1494,50,103,335,1005
75,48,14.64,1973,4893,731,1788,414,1035,0,0
75,50,1,15,15,4,4,4,4,0,0
75,53,4.15,490,1148,267,576,74,190,0,0
75,54,0.5,35,106,9,26,9,26,0,0
75,66,1,293,585,293,585,0,0,0,0
75,70,7.6,715,1466,361,799,118,222,0,0
75,90,0.07,7,14,2,3,2,3,0,0
75,91,6.06,381,871,264,554,35,98,0,0
75,103,3.13,446,1180,280,800,55,126,0,0
75,122,1,30,59,7,15,7,15,0,0
75,123,4.15,409,1140,216,627,64,171,0,0
75,124,4.03,412,977,218,589,65,129,0,0
76,1,0.77,77,155,77,155,0,0,0,0
76,3,1.38,76,152,66,132,3,7,0,0
76,6,1,12,25,3,6,3,6,0,0
76,26,0.06,4,7,1,2,1,2,0,0
76,27,1,11,21,3,5,3,5,0,0
76,46,0.03,3,6,1,1,1,1,0,0
76,47,5.04,675,1905,225,609,318,936,0,0
76,48,2.26,186,485,47,121,47,121,0,0
76,53,4.76,1230,2956,308,739,308,739,0,0
76,54,10.57,2003,4221,664,1546,446,892,0,0
76,65,3.47,272,612,135,353,46,86,0,0
76,66,0.53,105,210,26,53,26,53,0,0
76,67,4,540,1431,232,551,103,293,0,0
76,91,5.66,361,1195,246,889,31,87,0,0
76,101,1,18,54,5,14,5,14,0,0
76,102,6.37,1246,3340,538,1513,236,609,0,0
76,103,7.85,2654,6260,453,1145,1294,2826,0,0
76,104,0.79,621,1242,0,0,621,1242,0,0
76,122,2,298,893,298,893,0,0,0,0
76,123,1.41,1034,2318,259,579,259,579,0,0
76,124,5.24,951,2386,238,597,238,597,0,0
77,0,3.87,554,1473,138,368,138,368,0,0
77,3,1.62,118,237,106,212,4,8,0,0
77,22,0.61,619,1238,0,0,619,1238,0,0
77,26,3.58,443,923,101,202,101,202,0,0
77,27,2.36,476,1407,119,352,119,352,0,0
77,45,1,8,8,2,2,2,2,0,0
77,47,0.34,73,180,10,19,44,121,0,0
77,49,1,8,8,2,2,2,2,0,0
77,54,0.02,9,18,2,5,2,5,0,0
77,91,2,79,217,64,187,5,10,0,0
77,97,1,9,9,2,2,2,2,0,0
77,99,1,47,95,12,24,12,24,0,0
77,102,0.2,287,574,72,144,72,144,0,0
77,103,8.64,1226,2812,425,1059,267,584,0,0
77,105,1,2100,6301,525,1575,525,1575,0,0
77,122,5.4,428,1037,190,509,79,176,0,0
77,123,0.15,88,264,22,66,22,66,0,0
77,124,0.16,99,297,25,74,25,74,0,0
78,0,1.13,207,479,52,120,52,120,0,0
78,8,1.6,1290,4717,12,24,1254,4644,0,0
78,9,4.58,1240,3363,8,13,1218,3324,0,0
78,22,3.39,794,1733,208,561,460,920,0,0
78,26,0.05,13,38,3,10,3,10,0,0
78,27,0.95,258,775,65,194,65,194,0,0
78,44,1,16,114,4,28,4,28,0,0
78,47,1,51,103,13,26,13,26,0,0
78,55,1,42,84,10,21,10,21,0,0
78,91,1,24,24,6,6,6,6,0,0
78,102,2,211,421,204,409,2,4,0,0
78,122,7.9,2455,5936,442,968,1129,3031,0,0
78,123,2.7,915,1841,229,460,229,460,0,0
79,8,0.63,268,556,64,129,75,169,0,0
79,9,3.19,627,1322,201,465,146,299,0,0
79,60,1,19,19,5,5,5,5,0,0
79,61,7.12,696,1617,258,656,146,320,0,0
79,75,1,54,54,14,14,14,14,0,0
79,90,1.92,166,594,113,433,18,54,0,0
79,91,8.08,555,1736,279,1022,54,123,0,0
79,103,10,936,2503,302,962,126,257,0,0
80,1,5,852,1756,192,397,192,397,0,0
80,25,4,599,1523,394,1113,68,137,0,0
80,38,1,17,50,4,12,4,12,0,0
80,41,0.61,247,494,62,123,62,123,0,0
80,42,8.39,1277,3174,359,943,348,785,0,0
80,43,1.19,162,318,158,314,1,1,0,0
80,44,16.39,1613,3340,842,1713,257,542,0,0
80,45,7.98,1043,2142,261,535,261,535,0,0
80,46,1.94,761,1522,190,381,190,381,0,0
80,49,1,13,25,3,6,3,6,0,0
80,60,0.36,74,223,74,223,0,0,0,0
80,61,5.44,3588,10654,1210,3604,792,2350,0,0
80,62,0.08,125,374,31,94,31,94,0,0
80,68,1,16,32,0,0,0,0,0,0
80,92,1,33,66,8,16,8,16,0,0
80,105,0.69,7,14,3,7,1,3,0,0
80,106,1.27,212,425,211,421,1,1,0,0
80,107,0.14,93,279,23,70,23,70,0,0
80,108,1,520,1560,130,390,130,390,0,0
80,125,4.37,962,1986,241,497,241,497,0,0
80,126,5.71,1308,3793,327,948,327,948,0,0
81,0,1,149,447,149,447,0,0,0,0
81,2,7.88,806,1611,716,1432,6,11,0,0
81,3,3.94,537,1188,393,785,0,0,114,341
81,23,5,440,862,385,766,18,32,0,0
81,26,2,78,156,20,39,20,39,0,0
81,42,1,7,7,2,2,2,2,0,0
81,43,6,1109,2624,459,1021,216,535,0,0
81,44,7.43,2129,5140,634,1631,443,1059,0,0
81,45,0.02,2,4,0,1,0,1,0,0
81,46,0.06,17,33,4,8,4,8,0,0
81,54,1,49,97,12,24,12,24,0,0
81,57,1,30,60,7,15,7,15,0,0
81,67,4.39,460,963,172,356,96,203,0,0
81,68,24.22,1508,3507,863,2153,215,451,0,0
81,73,1,85,170,85,170,0,0,0,0
81,106,0.04,9,18,9,18,0,0,0,0
81,107,1.99,389,1110,97,278,97,278,0,0
81,108,9.87,948,2568,335,935,204,544,0,0
81,125,0.15,61,122,15,30,15,30,0,0
81,126,2.76,789,1826,197,456,197,456,0,0
81,127,5,475,1213,360,1029,38,62,0,0
82,3,5.42,571,1440,216,432,17,33,300,899
82,4,5.75,822,1644,405,811,525,1050,0,0
82,23,0.31,171,397,55,164,117,233,0,0
82,24,7.11,3095,6642,359,992,2447,4953,0,0
82,25,0.68,537,1612,134,403,134,403,0,0
82,27,5,1825,5359,456,1340,456,1340,0,0
82,42,1,10,29,2,7,2,7,0,0
82,43,4,695,1452,174,363,174,363,0,0
82,46,0.14,41,83,10,21,10,21,0,0
82,47,2.94,2284,4567,571,1142,571,1142,0,0
82,50,1,13,40,3,10,3,10,0,0
82,67,0.02,4,9,1,2,1,2,0,0
82,68,6.37,516,1344,251,642,88,234,0,0
82,69,1,19,38,5,10,5,10,0,0
82,98,3,175,350,44,87,44,87,0,0
82,107,1,40,80,10,20,10,20,0,0
82,108,2,93,280,55,166,0,0,0,0
82,109,2,95,259,24,65,24,65,0,0
83,0,7.1,3181,8540,305,812,2416,6404,0,0
83,3,0.92,45,90,11,23,11,23,0,0
83,4,0.08,4,7,1,2,1,2,0,0
83,8,0.05,12,24,3,6,3,6,0,0
83,23,1.88,2613,5776,498,995,1119,2789,0,0
83,24,2.04,2711,5567,0,0,2711,5567,0,0
83,43,1,56,111,14,28,14,28,0,0
83,46,1.11,127,253,32,63,32,63,0,0
83,47,5.8,948,1837,237,459,237,459,0,0
83,52,0.66,238,476,59,119,59,119,0,0
83,62,1,21,21,5,5,5,5,0,0
83,86,1,16,16,4,4,4,4,0,0
83,109,3.77,164,433,131,380,11,18,0,0
84,0,1.09,761,2157,122,367,638,1790,0,0
84,1,0.3,53,160,53,160,0,0,0,0
84,2,1,54,54,0,0,0,0,0,0
84,6,4.22,1243,3149,311,787,311,787,0,0
84,7,0.5,994,2981,248,745,248,745,0,0
84,8,2.95,367,835,167,434,67,134,0,0
84,16,1,38,38,10,10,10,10,0,0
84,23,2.98,2424,4847,606,1212,606,1212,0,0
84,42,1,5,16,1,4,1,4,0,0
84,52,4.34,1103,2977,237,668,237,668,0,0
84,109,1.23,58,173,28,84,10,30,0,0
84,110,1,11,11,3,3,3,3,0,0
84,118,4,250,628,177,508,14,18,0,0
85,0,0.28,171,342,43,86,43,86,0,0
85,1,1,102,204,25,51,25,51,0,0
85,2,0.71,87,235,22,59,22,59,0,0
85,3,1.29,387,1142,97,285,97,285,0,0
85,6,3.11,397,921,99,230,99,230,0,0
85,7,0.17,348,1043,87,261,87,261,0,0
85,20,6,411,789,203,399,69,130,0,0
85,31,1,38,113,9,28,9,28,0,0
85,62,4.03,453,839,216,415,79,142,0,0
85,70,1,39,77,10,19,10,19,0,0
85,72,0.99,61,122,15,30,15,30,0,0
85,73,0.08,4,8,1,2,1,2,0,0
85,87,1,49,99,12,25,12,25,0,0
85,97,1,91,182,23,46,23,46,0,0
85,110,1.88,255,688,197,570,20,39,0,0
85,111,3.12,320,900,98,279,74,207,0,0
86,21,1,50,101,13,25,13,25,0,0
86,22,4,414,828,222,444,64,128,0,0
86,52,1.45,135,264,34,67,34,66,0,0
86,53,2.55,286,536,219,429,22,36,0,0
86,55,0.11,34,68,8,17,8,17,0,0
86,62,0.97,44,44,11,11,11,11,0,0
86,72,0.93,198,398,49,99,49,99,0,0
86,73,3.99,455,1147,114,287,114,287,0,0
86,95,14.89,1069,2562,508,1404,169,350,0,0
86,96,0.11,6,12,6,12,0,0,0,0
86,97,0.26,18,55,18,55,0,0,0,0
86,110,2,236,707,93,279,48,143,0,0
86,126,2,304,593,76,148,76,148,0,0
86,127,9.45,739,2230,543,1759,55,125,0,0
87,24,1.64,206,411,121,242,28,56,0,0
87,37,1,49,194,12,49,12,49,0,0
87,39,1,35,69,9,17,9,17,0,0
87,45,1,8,8,2,2,2,2,0,0
87,53,1,20,40,5,10,5,10,0,0
87,55,5.88,1940,4975,605,1605,445,1124,0,0
87,56,0.01,10,30,3,8,3,8,0,0
87,64,1,42,42,11,11,11,11,0,0
87,94,1.99,140,420,115,346,8,25,0,0
87,95,3,200,368,176,345,8,8,0,0
87,96,1.98,341,1287,16,46,292,1150,0,0
87,97,16.73,1382,3470,479,1207,539,1273,0,0
87,116,3,264,926,222,800,14,42,0,0
87,127,12.55,1392,4024,640,1848,490,1360,0,0
88,2,0.03,2,4,0,1,0,1,0,0
88,3,0.97,54,109,14,27,14,27,0,0
88,13,1,13,13,3,3,3,3,0,0
88,24,2.36,180,265,45,66,45,66,0,0
88,41,0.48,35,71,35,71,0,0,0,0
88,42,4.52,798,1581,82,160,630,1256,0,0
88,71,0.29,38,113,38,113,0,0,0,0
88,72,0.71,91,273,91,273,0,0,0,0
88,94,0.01,0,1,0,1,0,0,0,0
88,97,8.18,321,841,173,594,40,64,0,0
88,98,5.84,388,955,269,725,7,11,0,0
88,123,1,47,94,47,94,0,0,0,0
88,124,6,405,1192,188,559,72,211,0,0
88,125,3,151,382,67,154,28,76,0,0
89,7,0.97,168,504,168,504,0,0,0,0
89,8,2.89,1158,2570,488,1040,223,510,0,0
89,14,1,130,130,33,33,33,33,0,0
89,15,1,9,9,2,2,2,2,0,0
89,50,0.17,5,9,1,2,1,2,0,0
89,51,0.83,23,46,6,12,6,12,0,0
89,58,1,30,60,7,15,7,15,0,0
89,96,0.93,73,219,0,0,0,0,73,219
89,97,0.07,6,18,0,0,0,0,6,18
89,124,1.95,104,180,83,159,7,7,0,0
90,7,0.03,6,18,6,18,0,0,0,0
90,8,0.11,31,92,8,23,8,23,0,0
90,26,0.91,80,236,22,64,19,57,0,0
90,27,3.08,345,641,148,284,65,119,0,0
90,30,3,402,1248,205,730,66,173,0,0
90,90,1,40,40,10,10,10,10,0,0
90,123,0.81,16,16,4,4,4,4,0,0
90,124,1.24,19,21,6,9,4,4,0,0
90,125,1,67,133,67,133,0,0,0,0
91,4,1.4,149,298,107,215,14,28,0,0
91,17,1,12,25,3,6,3,6,0,0
91,22,0.16,24,49,6,12,6,12,0,0
91,23,0.07,11,22,3,5,3,5,0,0
91,27,0.01,1,2,1,2,0,0,0,0
91,29,8.15,704,1755,255,598,149,386,0,0
91,30,1.85,57,119,14,30,14,30,0,0
91,32,2.47,439,1170,275,789,55,127,0,0
91,43,0.01,1,2,1,2,0,0,0,0
91,52,1,41,81,10,20,10,20,0,0
91,82,0.41,26,52,6,13,6,13,0,0
91,83,0.59,37,75,9,19,9,19,0,0
91,109,1,54,162,14,41,14,41,0,0
91,113,2,428,1209,107,302,107,302,0,0
91,124,1,25,50,6,12,6,12,0,0
92,4,0.6,141,281,141,281,0,0,0,0
92,5,6,1501,3391,518,1055,275,569,0,0
92,11,1,969,2908,242,727,242,727,0,0
92,17,3.57,230,415,127,242,34,58,0,0
92,22,0.71,106,212,26,53,26,53,0,0
92,23,14.14,1135,2240,371,821,255,473,0,0
92,24,0.23,19,45,5,11,5,11,0,0
92,32,6.53,843,2241,411,1160,144,360,0,0
92,33,2,584,1168,146,292,146,292,0,0
92,42,6.95,733,2243,354,1072,126,390,0,0
92,43,11.27,1857,4066,648,1497,403,856,0,0
92,60,3.24,334,667,83,167,83,167,0,0
92,61,3.12,380,820,95,205,95,205,0,0
92,63,6.01,914,2590,334,964,193,542,0,0
92,64,11.89,1313,2791,340,752,299,628,0,0
92,75,1,24,24,6,6,6,6,0,0
92,87,2.75,224,501,56,125,56,125,0,0
92,88,6.06,557,1398,229,618,109,260,0,0
92,108,14.99,815,2064,550,1315,88,250,0,0
92,109,0.01,1,2,1,2,0,0,0,0
92,118,5.16,665,1776,295,701,123,358,0,0
92,124,1,16,16,4,4,4,4,0,0
93,17,2.43,170,288,96,179,25,36,0,0
93,18,0.02,9,17,9,17,0,0,0,0
93,22,0.37,43,86,11,22,11,22,0,0
93,23,11.28,1031,2028,518,935,143,308,0,0
93,24,0.04,6,19,2,5,2,5,0,0
93,25,1.64,90,241,33,81,19,53,0,0
93,29,1,29,59,7,15,7,15,0,0
93,42,3.17,308,687,133,285,58,134,0,0
93,43,1.6,537,1075,43,86,494,988,0,0
93,56,2.36,3115,8432,304,912,2204,5697,0,0
93,57,0.47,1090,3270,273,818,273,818,0,0
93,60,1,114,342,114,342,0,0,0,0
93,61,1.64,228,592,57,148,57,148,0,0
93,62,0.83,121,364,121,364,0,0,0,0
93,63,1.17,211,634,211,634,0,0,0,0
93,64,5.49,1824,4895,536,1360,397,1081,0,0
93,65,5.98,192,415,106,300,13,22,0,0
93,66,2.02,195,586,195,586,0,0,0,0
93,68,1,28,28,7,7,7,7,0,0
93,87,0.25,5,11,1,3,1,3,0,0
93,88,0.94,335,676,84,169,84,169,0,0
93,100,1,60,180,15,45,15,45,0,0
93,106,0.22,90,271,23,68,23,68,0,0
93,107,8.47,854,2501,312,1018,181,494,0,0
93,116,0.02,4,13,4,13,0,0,0,0
93,117,1.38,425,850,12,23,390,779,0,0
93,118,4.84,943,2885,236,721,236,721,0,0
93,122,1,17,69,4,17,4,17,0,0
93,123,1,15,15,4,4,4,4,0,0
93,124,1,10,10,3,3,3,3,0,0
94,18,9.97,1080,1836,710,1342,118,159,0,0
94,19,8,2144,4336,536,1084,536,1084,0,0
94,23,2,162,324,41,81,41,81,0,0
94,25,1.78,84,154,36,68,16,29,0,0
94,56,0.17,189,379,0,0,189,379,0,0
94,59,1.29,429,1287,107,322,107,322,0,0
94,61,1,147,294,147,294,0,0,0,0
94,64,1.61,859,2576,215,644,215,644,0,0
94,72,0.2,91,272,0,0,91,272,0,0
94,100,2,92,263,23,66,23,66,0,0
94,107,0.31,52,156,13,39,13,39,0,0
94,108,1,57,171,14,43,14,43,0,0
94,112,1,28,56,7,14,7,14,0,0
94,116,3.98,656,2086,517,1669,46,139,0,0
94,117,0.62,621,1243,0,0,621,1243,0,0
94,118,1,74,148,18,37,18,37,0,0
94,126,1.87,100,200,11,22,11,22,0,0
94,127,1.13,224,664,216,647,0,0,0,0
95,24,1,134,401,134,401,0,0,0,0
95,25,12.59,2106,4458,647,1478,486,993,0,0
95,59,1.71,440,1321,110,330,110,330,0,0
95,67,4,257,439,169,318,29,40,0,0
95,70,3.59,188,379,107,215,23,47,0,0
95,71,7.33,678,1300,248,483,133,252,0,0
95,72,4.7,1141,3274,284,816,531,1556,0,0
95,73,3.1,743,1517,186,379,186,379,0,0
95,74,1,122,244,122,244,0,0,0,0
95,88,1,37,74,37,74,0,0,0,0
95,90,2.57,196,774,53,158,0,0,143,615
95,91,1,19,19,5,5,5,5,0,0
95,127,0.24,13,38,3,9,3,9,0,0
96,41,0.91,1515,4546,379,1136,379,1136,0,0
96,42,0.59,28,65,21,57,2,2,0,0
96,43,11.41,1838,4021,645,1563,397,819,0,0
96,55,1,89,178,89,178,0,0,0,0
96,58,4.93,421,836,272,542,2,2,0,0
96,59,13.76,1262,3621,648,1847,167,515,0,0
96,60,6.11,660,1756,239,493,265,919,0,0
96,61,1.03,126,167,32,42,32,42,0,0
96,67,1,76,152,19,38,19,38,0,0
96,69,1,20,20,5,5,5,5,0,0
96,70,28.92,1704,4044,1132,2695,126,320,0,0
96,71,27.5,2149,4615,997,2114,381,830,0,0
96,72,2.47,534,1057,134,264,134,264,0,0
96,88,1.38,163,628,60,214,35,138,0,0
96,89,2.74,92,232,76,216,5,5,0,0
96,90,2.43,238,818,106,314,2,2,124,497
96,111,2,83,200,21,50,21,50,0,0
96,113,4.58,964,2420,369,988,198,477,0,0
96,114,0.11,33,67,15,30,6,12,0,0
96,118,1,54,108,13,27,13,27,0,0
96,122,1,20,20,5,5,5,5,0,0
97,2,4,703,1571,299,763,135,269,0,0
97,20,1,28,28,7,7,7,7,0,0
97,22,1,65,131,65,131,0,0,0,0
97,41,0.09,145,436,36,109,36,109,0,0
97,58,1,188,564,47,141,47,141,0,0
97,59,8.66,633,1408,420,878,71,177,0,0
97,60,42.6,3021,7277,1761,4345,275,559,274,821
97,67,1,12,12,3,3,3,3,0,0
97,70,2,123,298,123,298,0,0,0,0
97,71,0.09,87,174,22,44,22,44,0,0
97,72,0.11,106,213,27,53,27,53,0,0
97,74,1,13,25,3,6,3,6,0,0
97,78,1,9,9,2,2,2,2,0,0
97,80,1,15,15,4,4,4,4,0,0
97,88,6.15,249,717,87,204,54,171,0,0
97,89,4.73,256,659,153,433,34,75,0,0
97,109,1,71,143,18,36,18,36,0,0
97,110,3,424,1228,199,586,75,214,0,0
97,111,1,149,447,149,447,0,0,0,0
97,113,0.07,29,58,7,15,7,15,0,0
97,114,1.25,304,608,212,425,30,61,0,0
97,119,3,187,451,125,270,21,60,0,0
98,0,9,877,2293,331,908,182,462,0,0
98,5,2.6,917,1978,229,495,229,495,0,0
98,6,0.08,63,126,16,32,16,32,0,0
98,26,1,54,109,14,27,14,27,0,0
98,37,0.79,34,168,8,42,8,42,0,0
98,38,0.21,9,44,2,11,2,11,0,0
98,52,0.33,20,40,5,10,5,10,0,0
98,60,6.91,853,1855,258,530,168,352,90,269
98,61,3,422,792,105,198,105,198,0,0
98,69,11,636,1415,378,958,76,132,0,0
98,119,1,44,89,44,89,0,0,0,0
98,124,2,141,360,93,264,16,32,0,0
99,0,6.84,384,792,188,424,65,123,0,0
99,1,5.84,1409,3059,533,1306,292,584,0,0
99,5,4.22,574,1472,144,368,144,368,0,0
99,6,0.11,90,179,22,45,22,45,0,0
99,7,5.9,239,426,113,215,39,67,0,0
99,11,0.07,1,1,0,0,0,0,0,0
99,18,3.99,1460,2787,0,0,1460,2787,0,0
99,19,0.01,2,4,0,0,2,4,0,0
99,20,1,117,235,29,59,29,59,0,0
99,52,6.6,1269,3412,756,2171,171,414,0,0
99,53,0.07,6,12,1,3,1,3,0,0
99,57,0.1,7,14,2,4,2,4,0,0
99,68,3.92,747,1714,487,1029,87,228,0,0
99,69,0.15,18,35,4,9,4,9,0,0
99,120,0.79,21,63,5,16,5,16,0,0
99,121,0.21,5,16,1,4,1,4,0,0
99,125,1,39,117,10,29,10,29,0,0
100,1,0.01,7,14,2,4,2,4,0,0
100,7,0.1,5,10,1,2,1,2,0,0
100,11,0.93,8,8,2,2,2,2,0,0
100,19,2,419,419,0,0,419,419,0,0
100,20,2,295,591,74,148,74,148,0,0
100,29,1,28,28,7,7,7,7,0,0
100,57,9.9,1111,2903,514,1357,199,515,0,0
100,58,2.07,583,1167,146,292,146,292,0,0
100,67,0.01,4,11,1,3,1,3,0,0
100,68,0.92,640,1920,160,480,160,480,0,0
100,102,5,508,1330,127,333,127,333,0,0
100,109,6.5,791,1999,556,1383,78,205,0,0
100,117,1,102,307,102,307,0,0,0,0
100,126,1,21,21,5,5,5,5,0,0
101,1,1,160,321,160,321,0,0,0,0
101,2,3,781,1562,183,367,183,367,0,0
101,18,4.15,291,656,177,427,38,76,0,0
101,19,3.61,355,893,89,223,89,223,0,0
101,20,4,398,760,267,609,44,50,0,0
101,24,6,290,759,186,531,35,76,0,0
101,29,1,35,70,9,17,9,17,0,0
101,41,0.04,6,17,1,4,1,4,0,0
101,44,3,370,666,92,166,92,166,0,0
101,46,0.82,797,2279,29,59,710,2102,0,0
101,47,2.54,1676,4450,224,465,1168,3378,0,0
101,51,5.58,548,1523,202,576,115,316,0,0
101,52,6,982,2606,336,922,216,561,0,0
101,57,1.47,446,1020,207,543,80,159,0,0
101,58,0.83,1213,2425,303,606,303,606,0,0
101,92,7,916,2725,380,1133,179,531,0,0
101,109,3.5,123,307,69,192,18,38,0,0
101,125,1,39,77,10,19,10,19,0,0
102,8,1,36,36,9,9,9,9,0,0
102,19,0.24,19,39,5,10,5,10,0,0
102,20,1.22,406,1023,101,256,101,256,0,0
102,21,2.78,744,1724,186,431,186,431,0,0
102,32,1.77,1369,2973,342,743,342,743,0,0
102,41,9.21,839,2257,344,967,165,430,0,0
102,46,0.8,18,39,5,10,5,10,0,0
102,47,1.85,340,741,128,271,71,156,0,0
102,48,1,46,137,11,34,11,34,0,0
102,51,0.42,41,84,10,21,10,21,0,0
102,53,1,28,57,7,14,7,14,0,0
102,56,5,1397,3415,349,854,349,854,0,0
102,57,0.63,287,574,72,144,72,144,0,0
102,91,12.23,1203,3260,584,1666,206,531,0,0
102,92,5.99,545,1481,455,1261,30,74,0,0
102,107,2,180,430,128,273,18,53,0,0
102,119,2,230,689,154,461,25,76,0,0
103,27,0.08,18,53,18,53,0,0,0,0
103,28,1.14,278,747,212,615,22,44,0,0
103,32,1.23,622,1313,156,328,156,328,0,0
103,33,2,261,522,244,488,6,11,0,0
103,39,0.85,529,1058,132,265,132,265,0,0
103,40,6.15,906,1798,388,773,173,342,0,0
103,41,9.75,1142,2696,490,1210,169,398,0,0
103,42,0.27,47,140,47,140,0,0,0,0
103,52,1,25,25,6,6,6,6,0,0
103,59,3,228,643,161,474,22,56,0,0
103,60,1,35,71,9,18,9,18,0,0
103,77,1,18,18,5,5,5,5,0,0
103,90,1.11,148,443,136,408,4,12,0,0
103,91,2.44,382,895,95,224,95,224,0,0
103,92,0.23,59,117,15,29,15,29,0,0
103,106,3,112,321,57,168,2,2,0,0
103,107,4,183,537,74,263,17,35,0,0
103,113,3.47,599,1470,336,740,88,243,0,0
104,12,2.94,433,1054,108,263,108,263,0,0
104,13,5.79,751,1478,285,564,155,305,0,0
104,28,3.78,2076,4151,519,1038,519,1038,0,0
104,29,1,176,353,44,88,44,88,0,0
104,42,0.73,129,386,129,386,0,0,0,0
104,51,3,352,922,88,230,88,230,0,0
104,58,3.66,699,1374,519,1032,106,207,0,0
104,59,2.91,1182,2352,201,400,578,1153,0,0
104,66,1,20,20,5,5,5,5,0,0
104,112,0.11,23,68,6,17,6,17,0,0
104,113,0.43,90,269,22,67,22,67,0,0
104,120,4,416,820,104,205,104,205,0,0
105,12,1.27,142,334,36,83,36,83,0,0
105,16,2,165,330,118,236,0,0,0,0
105,18,1.33,175,500,156,461,6,13,0,0
105,19,3.67,1516,3659,379,915,379,915,0,0
105,28,4.9,1192,2778,290,670,323,769,0,0
105,29,1.37,309,619,77,155,77,155,0,0
105,30,1.42,2487,7249,622,1812,622,1812,0,0
105,38,1,12,12,3,3,3,3,0,0
105,44,5.83,1140,2440,377,794,254,548,0,0
105,58,0.99,146,206,82,142,22,22,0,0
105,59,0.45,345,691,86,173,86,173,0,0
105,64,0.03,0,1,0,0,0,0,0,0
105,65,1.97,137,395,126,374,4,7,0,0
105,75,1,27,54,7,13,7,13,0,0
105,79,0.88,39,117,10,29,10,29,0,0
105,89,0.4,244,488,61,122,61,122,0,0
105,90,7.41,1124,2696,281,674,281,674,0,0
105,121,0.35,52,155,13,39,13,39,0,0
105,122,3.65,520,1355,284,647,79,236,0,0
106,2,0.04,20,41,5,10,5,10,0,0
106,28,4.1,2010,5042,503,1260,503,1260,0,0
106,29,16.39,1803,4000,835,1973,292,645,0,0
106,30,6.24,1965,4315,39,103,1877,4066,0,0
106,44,0.17,122,244,30,61,30,61,0,0
106,71,1,29,115,7,29,7,29,0,0
106,79,0.12,5,16,1,4,1,4,0,0
106,90,0.2,22,65,5,16,5,16,0,0
106,91,4,180,469,127,362,18,36,0,0
106,120,1,29,29,7,7,7,7,0,0
107,1,7.77,1419,3859,355,965,355,965,0,0
107,2,6.19,1358,3095,624,1627,245,489,0,0
107,3,1,17,17,4,4,4,4,0,0
107,14,1,372,744,93,186,93,186,0,0
107,17,2,114,315,28,79,28,79,0,0
107,29,8.57,1075,2403,376,827,207,472,0,0
107,30,4,297,660,133,341,55,106,0,0
107,31,2,417,834,75,151,75,151,0,0
107,42,4.02,1180,2962,295,741,295,741,0,0
107,43,0.49,183,366,46,92,46,92,0,0
107,45,1,41,41,10,10,10,10,0,0
107,83,1,33,66,8,17,8,17,0,0
107,90,1,133,400,133,400,0,0,0,0
107,114,3,250,330,106,170,48,53,0,0
107,116,2.67,397,1111,99,278,99,278,0,0
107,117,1,306,612,76,153,76,153,0,0
107,118,2.12,484,967,305,611,59,119,0,0
107,126,1,61,184,15,46,15,46,0,0
108,2,1,1141,2281,285,570,285,570,0,0
108,23,1,25,25,6,6,6,6,0,0
108,29,0.01,2,5,0,1,0,1,0,0
108,30,2.99,362,1025,198,594,34,103,0,0
108,42,2.71,890,1827,348,960,180,289,0,0
108,43,0.79,296,795,74,199,74,199,0,0
108,44,1.51,102,277,80,233,7,15,0,0
108,45,1.49,232,535,232,535,0,0,0,0
108,76,1,15,15,4,4,4,4,0,0
108,110,1,11,11,3,3,3,3,0,0
108,116,2.33,892,2677,223,669,223,669,0,0
108,118,2.88,948,1990,237,498,237,498,0,0
108,122,0.2,137,410,34,102,34,102,0,0
108,123,0.06,39,116,10,29,10,29,0,0
109,4,5.33,1734,4540,425,1111,458,1207,0,0
109,11,1,73,293,18,73,18,73,0,0
109,26,3.54,736,1472,184,368,184,368,0,0
109,28,0.18,16,32,4,8,4,8,0,0
109,29,1.25,597,1194,191,381,136,271,0,0
109,48,1.88,185,540,174,517,4,8,0,0
109,49,1.12,65,194,34,101,10,31,0,0
109,60,1,88,265,22,66,22,66,0,0
109,70,3,243,616,130,389,113,227,0,0
109,82,6.43,469,931,119,239,117,231,0,0
109,83,3.26,215,575,148,426,22,50,0,0
109,98,0.67,17,35,4,9,4,9,0,0
109,99,5.33,856,2202,214,550,214,550,0,0
109,107,1,21,21,5,5,5,5,0,0
109,108,1.41,164,328,149,299,5,10,0,0
109,111,1,895,2685,224,671,224,671,0,0
109,120,3.7,158,419,49,133,36,95,0,0
109,121,1.3,121,409,87,272,11,46,0,0
109,122,7.6,1752,5205,575,1712,392,1164,0,0
109,123,0.15,100,301,25,75,25,75,0,0
110,3,3.12,345,739,86,185,86,185,0,0
110,4,1.54,404,1221,101,305,101,305,0,0
110,26,2.46,995,1991,249,498,249,498,0,0
110,28,1.78,555,1110,139,277,139,277,0,0
110,29,0.79,1612,3225,403,806,403,806,0,0
110,31,10.24,492,1265,280,739,56,132,0,0
110,32,3.85,1915,5580,479,1395,479,1395,0,0
110,33,0.19,55,164,14,41,14,41,0,0
110,34,1,28,56,7,14,7,14,0,0
110,82,3.12,268,738,225,659,14,26,0,0
110,83,1.19,71,149,18,37,18,37,0,0
110,84,8.95,828,2214,522,1497,102,239,0,0
110,85,1.05,43,60,17,35,9,9,0,0
110,87,2.86,537,1525,134,381,134,381,0,0
110,88,0.02,2,4,0,1,0,1,0,0
110,98,3.14,220,491,103,267,39,75,0,0
110,99,11.65,945,2176,420,1115,150,304,0,0
110,105,1,50,100,12,25,12,25,0,0
110,106,4.6,322,594,220,427,34,56,0,0
110,107,2.02,153,295,38,74,38,74,0,0
110,108,1.59,234,263,9,18,212,219,0,0
110,110,1.1,106,211,6,13,87,173,0,0
110,111,1.54,304,882,281,836,8,16,0,0
110,121,3.3,637,1447,159,362,159,362,0,0
110,122,2.51,1519,3039,380,760,380,760,0,0
110,123,1.39,275,525,69,131,69,131,0,0
111,30,1.2,177,431,44,108,44,108,0,0
111,31,9.17,1229,3411,570,1638,219,591,0,0
111,32,3.35,2187,4625,547,1156,547,1156,0,0
111,48,1,20,20,5,5,5,5,0,0
111,54,0.58,264,793,66,198,66,198,0,0
111,87,3.12,286,815,72,204,72,204,0,0
111,98,1.85,50,82,13,20,13,20,0,0
111,99,13.03,1589,3756,574,1470,338,762,0,0
111,105,2,79,158,20,39,20,39,0,0
111,106,0.39,27,82,7,20,7,20,0,0
111,110,2.36,148,295,26,51,71,142,0,0
111,121,3.67,490,1313,234,664,85,216,0,0
111,122,1.14,842,2037,211,509,211,509,0,0
111,125,1.23,130,261,125,249,2,4,0,0
111,126,3.77,163,437,41,109,41,109,0,0
112,26,6.3,1231,2744,308,686,308,686,0,0
112,27,0.01,0,1,0,0,0,0,0,0
112,28,0.79,163,490,163,490,0,0,0,0
112,39,0.76,180,363,45,91,45,91,0,0
112,40,10.7,1192,2909,467,1153,242,585,0,0
112,44,0.35,45,90,45,90,0,0,0,0
112,45,2.03,57,147,47,137,0,0,0,0
112,52,7.81,719,1871,334,873,128,333,0,0
112,53,5.61,604,1305,397,907,69,133,0,0
112,54,1.42,207,583,47,141,47,141,0,0
112,62,1,28,56,7,14,7,14,0,0
112,65,14.32,1052,2852,621,1677,144,392,0,0
112,66,1.9,102,244,25,61,25,61,0,0
112,97,4.82,526,1474,131,368,131,368,0,0
112,98,5.73,941,2384,306,738,211,549,0,0
112,99,4.26,1161,3536,314,955,282,861,0,0
113,5,2,47,93,0,0,0,0,0,0
113,23,0.51,353,706,88,176,88,176,0,0
113,24,1.68,440,797,110,199,110,199,0,0
113,25,9.55,1430,3792,525,1450,302,781,0,0
113,26,20.42,2093,5611,844,2378,303,756,339,964
113,27,10.66,910,2075,584,1432,71,138,0,0
113,28,2.21,202,446,83,208,40,79,0,0
113,37,1,29,59,7,15,7,15,0,0
113,39,0.02,6,17,1,4,1,4,0,0
113,40,7.84,1103,3218,363,1065,247,718,0,0
113,41,0.68,41,105,28,81,4,8,0,0
113,44,4,791,1571,254,506,179,355,0,0
113,45,1.62,297,595,79,157,73,146,0,0
113,52,0.14,72,145,18,36,18,36,0,0
113,53,1.44,242,476,61,119,61,119,0,0
113,65,3.78,347,693,214,427,44,89,0,0
113,85,2.95,394,767,99,192,99,192,0,0
113,97,5.46,701,1846,274,757,143,363,0,0
113,98,0.05,13,38,3,9,3,9,0,0
114,15,2.31,284,636,167,447,39,63,0,0
114,16,3.48,913,2041,228,510,228,510,0,0
114,24,2.87,448,1304,202,607,69,206,0,0
114,25,12.04,2008,4778,820,2067,379,870,0,0
114,26,6.62,826,1985,517,1365,103,206,0,0
114,27,1.34,41,67,10,17,10,17,0,0
114,49,8.1,718,1804,532,1354,62,150,0,0
114,50,3.9,110,189,35,71,25,40,0,0
114,65,1,14,14,3,3,3,3,0,0
114,84,3,212,546,144,410,23,45,0,0
114,85,0.05,18,36,4,9,4,9,0,0
114,122,1.56,61,211,15,53,15,53,0,0
114,123,2.44,94,271,66,196,9,25,0,0
115,15,0.01,2,5,2,5,0,0,0,0
115,16,1.2,133,318,33,79,33,79,0,0
115,24,1,7,7,2,2,2,2,0,0
115,25,1,148,445,148,445,0,0,0,0
115,27,0.67,610,1221,153,305,153,305,0,0
115,28,0.33,307,613,77,153,77,153,0,0
115,34,1,34,68,8,17,8,17,0,0
115,44,1,266,798,80,239,266,798,0,0
115,45,1,66,198,17,50,17,50,0,0
115,79,1,65,65,16,16,16,16,0,0
115,83,2,219,437,147,295,0,0,0,0
115,84,6.12,2809,5953,702,1488,702,1488,0,0
115,85,2.75,127,255,33,66,32,63,0,0
115,86,2.17,428,1279,107,320,107,320,0,0
115,96,2.38,596,1191,149,298,149,298,0,0
115,97,2.62,360,720,90,180,90,180,0,0
116,23,0.47,132,397,40,119,0,0,0,0
116,24,1.16,230,509,194,400,12,36,0,0
116,28,5.46,511,1286,109,284,109,284,0,0
116,29,0.54,64,129,16,32,16,32,0,0
116,74,1.15,18,18,4,4,4,4,0,0
116,83,3,246,493,230,461,5,11,0,0
116,84,1.88,1524,4355,381,1089,381,1089,0,0
116,85,1.09,90,251,75,222,5,10,0,0
116,86,7.94,1578,3627,469,1130,370,832,0,0
116,87,1.05,206,618,202,606,1,4,0,0
116,94,0.19,458,1831,114,458,114,458,0,0
116,95,3.47,3026,9854,567,2085,1325,3600,0,0
116,96,0.17,21,42,5,11,5,11,0,0
116,108,4.92,309,733,173,470,45,88,0,0
116,109,0.08,6,11,1,3,1,3,0,0
116,121,6.39,754,2000,252,627,167,458,0,0
117,17,0.91,240,721,60,180,60,180,0,0
117,23,2.59,565,1843,92,258,273,1023,0,0
117,24,4.78,2511,6667,395,1185,1326,3113,0,0
117,74,3.85,151,248,111,209,13,13,0,0
117,95,2.59,443,1105,73,201,223,501,0,0
117,96,6.63,759,2495,274,885,151,515,0,0
117,103,1,31,156,8,39,8,39,0,0
117,104,2,140,291,35,73,35,73,0,0
117,108,3,269,537,67,134,67,134,0,0
117,110,0.99,49,195,12,49,12,49,0,0
117,112,1.64,155,441,137,404,6,12,0,0
117,119,2,1081,3244,270,811,270,811,0,0
117,120,1.22,217,435,54,109,54,109,0,0
117,121,4.39,621,1493,226,515,132,326,0,0
118,14,2,139,277,35,69,35,69,0,0
118,16,2.8,1165,2958,291,739,291,739,0,0
118,17,5.32,2249,5320,509,1225,506,1216,0,0
118,18,1.55,91,244,23,61,23,61,0,0
118,19,0.88,133,318,33,79,33,79,0,0
118,41,1,93,280,23,70,23,70,0,0
118,44,1.01,724,1569,30,90,634,1298,0,0
118,45,0.04,28,56,0,0,28,56,0,0
118,46,1.99,343,424,86,106,86,106,0,0
118,47,0.07,12,22,3,5,3,5,0,0
118,48,1.62,231,626,58,156,58,156,0,0
118,52,1,50,100,13,25,13,25,0,0
118,53,1,39,39,10,10,10,10,0,0
118,67,3,167,462,144,421,8,14,0,0
118,68,2,127,357,103,308,0,0,0,0
118,69,2,87,231,51,87,12,48,0,0
118,96,3.94,1339,2931,335,733,335,733,0,0
118,97,3.9,399,1225,260,948,46,93,0,0
118,98,5.44,374,1045,170,506,68,179,0,0
118,110,0.01,1,2,0,1,0,1,0,0
118,112,2.36,99,197,25,49,25,49,0,0
119,0,3,202,593,171,511,10,27,0,0
119,1,4,418,1147,105,287,105,287,0,0
119,17,1.98,138,413,123,370,5,14,0,0
119,19,0.57,107,213,27,53,27,53,0,0
119,37,1,29,59,7,15,7,15,0,0
119,40,1,132,132,33,33,33,33,0,0
119,41,1,106,319,106,319,0,0,0,0
119,42,5,673,1995,330,984,114,337,0,0
119,44,2.68,3699,10712,513,1539,2160,6095,0,0
119,45,2.63,720,1439,50,101,568,1136,0,0
119,46,4.34,551,1285,74,193,330,706,0,0
119,47,0.57,83,167,21,42,21,42,0,0
119,48,4.24,480,1075,120,269,120,269,0,0
119,49,0.14,16,31,4,8,4,8,0,0
119,50,1,15,15,4,4,4,4,0,0
119,52,1,26,52,6,13,6,13,0,0
119,55,2,322,966,322,966,0,0,0,0
119,68,4,361,855,139,274,3,3,0,0
119,69,6,256,836,68,220,118,371,0,0
119,78,0.68,24,48,6,12,6,12,0,0
119,79,0.32,11,23,3,6,3,6,0,0
119,87,0.23,52,104,13,26,13,26,0,0
119,88,10.11,2172,5010,710,1752,488,1086,0,0
119,89,0.03,29,87,7,22,7,22,0,0
119,98,1.66,792,1576,198,394,198,394,0,0
119,123,3.31,523,1098,131,275,131,275,0,0
120,0,5.99,767,2107,192,527,192,527,0,0
120,1,3.01,1257,3771,314,943,314,943,0,0
120,13,5,555,1111,270,540,63,126,0,0
120,14,0.64,226,452,57,113,57,113,0,0
120,40,6.12,921,1942,91,258,784,1576,0,0
120,41,9.43,1194,2992,339,900,438,1203,0,0
120,42,6.31,1046,2226,297,747,677,1349,0,0
120,43,0.02,7,14,0,0,7,14,0,0
120,44,5.39,917,2241,466,933,429,1286,0,0
120,45,13.51,1161,2537,992,2175,125,325,0,0
120,46,10.28,694,1491,191,501,373,745,0,0
120,49,1,9,9,2,2,2,2,0,0
120,52,0.01,3,5,1,1,1,1,0,0
120,53,3.91,553,1106,411,823,47,94,0,0
120,54,3.29,325,829,307,794,6,12,0,0
120,55,0.71,300,601,300,601,0,0,0,0
120,67,2,57,57,44,44,4,4,0,0
120,69,3.89,151,290,128,254,8,12,0,0
120,70,11.87,664,1753,500,1441,55,104,0,0
120,84,3,190,499,48,125,48,125,0,0
120,87,3.93,433,1131,306,876,42,85,0,0
120,88,4.45,867,2446,264,754,201,564,0,0
120,89,0.25,214,642,54,161,54,161,0,0
120,107,1,29,59,7,15,7,15,0,0
120,123,0.69,150,451,38,113,38,113,0,0
121,0,0.99,76,151,76,151,0,0,0,0
121,1,4.16,516,1303,177,386,207,587,0,0
121,2,4.85,1904,6247,147,441,1463,4924,0,0
121,13,4.04,622,1491,149,353,149,353,0,0
121,14,6.39,1176,2529,430,859,190,381,0,0
121,17,2.53,1606,4374,402,1093,402,1093,0,0
121,18,2.62,671,1464,168,366,168,366,0,0
121,19,2.31,1120,3088,391,1106,243,661,0,0
121,20,0.34,453,1359,113,340,113,340,0,0
121,34,1.26,158,333,10,30,2,7,0,0
121,35,1,90,270,23,68,23,68,0,0
121,38,1,73,218,18,55,18,55,0,0
121,39,1,129,258,32,64,32,64,0,0
121,40,12.25,1378,3498,610,1694,160,332,0,0
121,41,12.43,1146,2507,443,1082,358,723,0,0
121,42,4.66,819,1776,278,717,606,1205,0,0
121,43,2.62,360,991,241,635,44,126,0,0
121,44,7.11,995,2027,243,555,726,1441,0,0
121,45,7.79,1188,2219,771,1562,139,219,0,0
121,46,3.99,1099,2183,285,566,423,843,0,0
121,47,16.55,1881,6424,818,2582,391,1620,456,1673
121,48,18.53,1148,3193,691,2038,196,555,0,0
121,49,4.13,390,1170,281,843,36,109,0,0
121,50,3.15,235,590,130,309,25,65,0,0
121,51,4.36,344,698,153,374,64,108,0,0
121,52,0.72,187,374,47,94,47,94,0,0
121,53,3.08,431,1039,241,660,63,126,0,0
121,59,1,46,92,12,23,12,23,0,0
121,69,4.99,231,414,136,260,32,51,0,0
121,70,2.25,61,85,61,85,0,0,0,0
121,80,0.03,2,3,0,1,0,1,0,0
121,81,0.12,5,16,1,4,1,4,0,0
121,84,4.14,593,1330,237,511,118,273,0,0
121,85,2.86,334,867,118,319,72,183,0,0
121,104,8.83,501,1361,312,901,63,153,0,0
121,105,2.06,23,39,6,10,6,10,0,0
122,12,0.59,119,237,30,59,30,59,0,0
122,13,0.39,77,155,19,39,19,39,0,0
122,14,5.62,1098,2160,256,502,256,502,0,0
122,15,0.08,53,106,13,27,13,27,0,0
122,17,0.34,623,1868,156,467,156,467,0,0
122,18,0.14,126,262,32,65,32,65,0,0
122,19,0.06,49,99,12,25,12,25,0,0
122,20,6.75,2610,6382,710,1825,633,1519,0,0
122,21,0.34,51,161,35,129,5,11,0,0
122,23,4,991,2382,241,589,241,589,0,0
122,29,1,17,34,4,9,4,9,0,0
122,33,0.04,6,11,1,3,1,3,0,0
122,34,7.71,936,2309,308,763,209,513,0,0
122,40,12.78,1199,3097,487,1241,165,402,0,0
122,43,5.71,969,2449,132,313,687,1735,0,0
122,44,13.14,1772,3983,459,1231,1093,2227,0,0
122,45,15.21,1669,3738,1145,2654,164,339,0,0
122,46,25.77,1773,4810,1245,3606,48,114,0,0
122,47,45.24,3889,12875,3086,10291,494,1706,0,0
122,48,52.74,3715,11713,2972,9541,298,894,0,0
122,49,17.65,2311,6933,1504,4830,609,1731,0,0
122,50,14.91,1176,2675,865,2075,37,62,0,0
122,51,2.91,283,678,246,605,12,25,0,0
122,52,1,165,330,0,0,0,0,0,0
122,53,4.26,494,1244,404,1068,30,59,0,0
122,59,0.88,135,405,79,237,19,56,0,0
122,60,0.06,14,41,3,10,3,10,0,0
122,80,1.29,70,98,17,24,17,24,0,0
122,81,0.56,26,78,6,19,6,19,0,0
122,82,2.8,495,1458,124,365,124,365,0,0
122,101,9.69,1156,2623,289,656,289,656,0,0
122,102,8.82,1531,3439,440,1111,663,1464,0,0
122,103,10.35,2733,6803,1051,2782,474,972,293,1174
122,104,2.13,190,398,175,367,5,10,0,0
122,105,2,100,201,25,50,25,50,0,0
122,113,2,130,370,123,363,3,3,0,0
122,117,1,21,21,5,5,5,5,0,0
123,14,0.25,31,62,8,16,8,16,0,0
123,20,1.56,190,358,47,90,47,90,0,0
123,29,3,273,605,183,367,10,21,0,0
123,30,0.64,245,491,61,123,61,123,0,0
123,31,13.62,971,1994,446,1040,175,318,0,0
123,40,1,502,1005,126,251,126,251,0,0
123,43,4.78,575,1484,144,371,144,371,0,0
123,44,0.53,193,542,39,117,76,190,0,0
123,45,5.93,232,514,190,473,14,14,0,0
123,46,5.07,544,1497,127,357,140,383,0,0
123,47,14.45,723,1727,353,853,124,291,0,0
123,48,8.3,976,1659,617,892,288,809,0,0
123,49,13.01,1084,2637,555,1365,328,806,0,0
123,50,8.82,779,1718,413,990,272,542,0,0
123,51,6.19,502,1258,365,892,38,115,0,0
123,52,6.52,587,1204,377,787,20,39,0,0
123,53,3.03,93,225,54,149,13,25,0,0
123,59,0.83,130,389,74,223,18,55,0,0
123,60,0.23,47,142,12,35,12,35,0,0
123,81,0.86,402,803,100,201,100,201,0,0
123,82,2.33,196,259,49,65,49,65,0,0
123,85,4.1,509,1002,127,251,127,251,0,0
123,98,3,138,322,80,218,19,35,0,0
123,101,2.54,167,334,152,304,5,10,0,0
123,102,7.71,573,1353,195,417,153,434,0,0
123,103,24.59,2182,5320,1269,2975,330,759,110,442
123,104,2.46,230,470,79,160,50,103,0,0
123,113,2,77,148,77,148,0,0,0,0
123,121,0.24,218,437,55,109,55,109,0,0
124,11,0.12,11,11,3,3,3,3,0,0
124,29,5,364,942,293,841,24,34,0,0
124,30,2.61,1810,5010,452,1252,452,1252,0,0
124,31,5.09,614,1562,215,539,133,341,0,0
124,41,1,27,27,7,7,7,7,0,0
124,46,3,170,324,132,259,4,4,0,0
124,47,2.89,240,404,169,333,4,4,0,0
124,48,0.13,10,10,9,9,1,1,0,0
124,49,2.35,147,233,74,132,15,15,0,0
124,51,1,196,392,196,392,0,0,0,0
124,52,5,314,693,192,514,31,31,0,0
124,56,1.97,200,363,50,91,50,91,0,0
124,60,1,31,31,8,8,8,8,0,0
124,66,1,37,112,9,28,9,28,0,0
124,84,0.67,185,554,46,138,46,138,0,0
124,85,9.27,1075,2894,276,738,379,943,0,0
124,86,4.23,250,621,135,374,38,82,0,0
124,88,0.22,53,159,13,40,13,40,0,0
124,89,8.78,2042,5425,683,1875,453,1184,0,0
124,92,0.14,2,2,0,0,0,0,0,0
124,95,2.19,71,126,18,32,18,32,0,0
124,96,6.01,1951,5479,530,1496,474,1328,0,0
124,97,0.66,300,899,115,346,61,184,0,0
124,101,0.1,12,24,12,24,0,0,0,0
124,102,11.99,625,1688,457,1338,34,74,0,0
124,103,3.83,101,195,18,35,13,25,0,0
124,104,1.92,146,292,125,250,7,14,0,0
124,121,2.76,1105,2359,276,590,276,590,0,0
125,11,0.88,80,80,20,20,20,20,0,0
125,30,0.05,65,195,16,49,16,49,0,0
125,39,1.73,598,1794,166,497,144,432,0,0
125,40,0.63,403,1210,101,303,101,303,0,0
125,42,1,33,131,8,33,8,33,0,0
125,45,2,61,167,15,42,15,42,0,0
125,47,0.39,39,78,10,19,10,19,0,0
125,48,0.61,60,119,15,30,15,30,0,0
125,53,2,51,94,13,24,13,24,0,0
125,56,0.03,5,9,1,2,1,2,0,0
125,60,1,19,19,5,5,5,5,0,0
125,85,7.08,1357,2714,473,946,295,589,0,0
125,86,8.1,789,1706,248,625,56,112,0,0
125,87,3,180,461,139,396,14,22,0,0
125,88,3.33,618,1861,155,465,155,465,0,0
125,89,4.67,431,1220,288,845,48,125,0,0
125,92,0.86,11,11,3,3,3,3,0,0
125,95,2.81,335,820,197,544,46,92,0,0
125,96,0.26,375,1124,94,281,94,281,0,0
125,97,0.07,98,294,25,74,25,74,0,0
125,125,0.15,185,555,46,139,46,139,0,0
125,126,2.11,1215,3598,311,922,301,892,0,0
125,127,4.98,1641,3843,831,2224,270,540,0,0
126,21,2.51,389,778,198,395,64,128,0,0
126,22,3.36,341,809,103,238,79,190,0,0
126,23,0.89,99,199,25,50,25,50,0,0
126,26,0.79,20,20,5,5,5,5,0,0
126,39,1.61,223,669,132,396,30,91,0,0
126,40,0.4,50,114,12,28,12,28,0,0
126,41,3.62,413,825,103,206,103,206,0,0
126,49,0.71,21,41,5,10,5,10,0,0
126,65,7,354,601,246,465,36,45,0,0
126,85,4.26,1099,2235,275,559,275,559,0,0
126,86,5.42,664,1463,164,359,261,650,0,0
126,87,2.86,438,1110,290,819,101,253,0,0
126,89,1.64,322,637,80,159,80,159,0,0
126,97,1,26,51,6,13,6,13,0,0
126,112,1,26,26,6,6,6,6,0,0
126,120,1,11,11,3,3,3,3,0,0
126,125,1.11,694,1388,173,347,173,347,0,0
126,126,5.66,1408,3553,352,888,352,888,0,0
127,9,0.29,12,25,3,6,3,6,0,0
127,10,2.38,201,535,50,134,50,134,0,0
127,21,1,120,360,30,90,30,90,0,0
127,22,6.26,556,1332,398,995,42,92,0,0
127,23,7.98,904,2463,319,802,195,554,0,0
127,26,0.21,5,5,1,1,1,1,0,0
127,28,5.63,802,1604,201,401,201,401,0,0
127,29,0.69,193,386,48,96,48,96,0,0
127,36,5.2,828,2169,207,542,207,542,0,0
127,37,0.81,200,599,117,350,28,83,0,0
127,38,0.3,65,194,65,194,0,0,0,0
127,39,0.19,3,3,1,1,1,1,0,0
127,40,2.18,232,677,162,482,23,65,0,0
127,41,1.82,523,1387,131,347,131,347,0,0
127,49,0.29,8,17,2,4,2,4,0,0
127,57,1,38,38,10,10,10,10,0,0
127,61,2.94,477,1813,190,666,96,382,0,0
127,62,1.06,27,54,7,14,7,14,0,0
127,64,2,78,157,63,126,5,10,0,0
127,65,20.35,1684,4360,786,2134,284,712,0,0
127,66,0.15,27,80,7,20,7,20,0,0
127,85,3.11,425,1266,277,832,46,138,0,0
127,89,8.22,1414,2820,497,991,306,609,0,0
127,110,1,28,56,7,14,7,14,0,0
127,126,5.64,869,2010,333,849,179,387,0,0
0,11,0.28,19,57,5,14,5,14,0,0
0,26,0.44,174,625,44,156,44,156,0,0
0,27,0.17,38,114,10,29,10,29,0,0
0,33,0.42,135,270,135,270,0,0,0,0
0,35,1,8,8,2,2,2,2,0,0
0,37,3.84,593,1369,496,1175,32,64,0,0
0,38,6.71,1166,2292,621,1233,181,353,0,0
0,49,1.83,337,1300,84,325,84,325,0,0
0,51,4.41,437,769,308,589,26,26,0,0
0,71,3.81,425,953,96,281,12,28,294,588
0,72,13.8,865,2382,537,1572,109,270,0,0
0,73,3.52,251,713,169,437,28,92,0,0
0,74,3,382,904,201,543,60,120,0,0
0,75,7.42,2124,4642,624,1346,500,1099,0,0
0,76,2,1054,2852,264,713,264,713,0,0
0,95,5,310,919,151,450,53,156,0,0
0,113,0.07,1,1,0,0,0,0,0,0
1,1,0.18,67,202,17,51,17,51,0,0
1,2,0.04,1,2,0,0,0,0,0,0
1,11,3.72,150,435,37,109,37,109,0,0
1,16,1,5,5,1,1,1,1,0,0
1,33,0.99,15,27,4,7,4,7,0,0
1,34,5.11,1285,4151,418,1424,289,909,0,0
1,35,0.01,15,44,4,11,4,11,0,0
1,37,4.75,660,1751,384,950,92,267,0,0
1,38,3.92,597,1518,313,927,19,46,0,0
1,40,1,39,77,10,19,10,19,0,0
1,43,1,17,17,4,4,4,4,0,0
1,45,3,589,1608,364,1054,75,185,0,0
1,49,1.17,88,291,22,73,22,73,0,0
1,51,2.13,350,1064,350,1064,0,0,0,0
1,52,4,339,603,46,93,121,167,0,0
1,58,1,58,115,14,29,14,29,0,0
1,72,3.01,491,1378,123,344,123,344,0,0
1,73,0.52,83,249,21,62,21,62,0,0
1,87,1,23,23,6,6,6,6,0,0
1,100,1,347,1040,0,0,0,0,347,1040
1,114,6,400,976,341,874,20,34,0,0
1,127,6.79,536,1092,134,273,134,273,0,0
2,1,2.46,717,1871,179,468,179,468,0,0
2,2,2.32,280,667,159,345,40,107,0,0
2,11,3.72,848,2198,212,550,212,550,0,0
2,12,0.01,2,7,2,7,0,0,0,0
2,18,1,8,8,2,2,2,2,0,0
2,34,0.34,874,2622,219,656,219,656,0,0
2,35,0.55,1424,4273,356,1068,356,1068,0,0
2,36,2.53,166,347,53,120,38,76,0,0
2,37,2.52,341,773,154,399,62,125,0,0
2,38,4.44,362,870,188,509,58,120,0,0
2,39,19.5,1682,4315,1089,3021,175,393,0,0
2,40,15.77,2819,8929,1782,5680,346,1083,0,0
2,41,4.57,574,1438,60,126,60,126,130,522
2,42,0.04,18,70,0,0,0,0,18,70
2,43,1,11,11,3,3,3,3,0,0
2,51,4,369,692,186,360,61,111,0,0
2,61,0.38,68,135,17,34,17,34,0,0
2,62,0.62,111,222,28,56,28,56,0,0
2,74,3,277,703,135,405,5,14,0,0
2,79,1.68,135,282,130,263,2,6,0,0
2,80,0.32,61,122,61,122,0,0,0,0
2,90,1,27,81,7,20,7,20,0,0
2,112,1,96,192,96,192,0,0,0,0
2,113,14.66,1064,2019,629,1249,127,221,0,0
2,114,8.8,1274,3562,371,1045,194,519,320,961
2,115,5.36,857,2058,263,616,173,406,0,0
2,127,3.19,1509,3878,377,969,377,969,0,0
3,10,0.8,104,311,26,78,26,78,0,0
3,11,9.97,1087,2782,257,667,257,667,0,0
3,12,1.53,238,633,178,512,20,40,0,0
3,13,5,392,934,177,392,72,181,0,0
3,14,1,599,1198,150,299,150,299,0,0
3,16,0.84,718,2155,0,0,718,2155,0,0
3,17,6.71,1207,3230,302,808,302,808,0,0
3,18,3.39,559,1562,123,358,123,358,0,0
3,38,0.2,191,381,48,95,48,95,0,0
3,39,6.75,470,1256,214,508,174,606,0,0
3,40,4.27,308,866,83,234,82,230,0,0
3,41,16.83,3123,10691,1138,3939,645,2103,301,1205
3,42,1.06,97,320,71,213,1,5,23,92
3,43,1.66,67,124,17,31,17,31,0,0
3,44,0.34,29,57,7,14,7,14,0,0
3,46,1.31,910,2730,228,683,228,683,0,0
3,47,0.1,205,615,51,154,51,154,0,0
3,62,1.93,290,856,72,214,72,214,0,0
3,106,1,109,328,109,328,0,0,0,0
3,109,2,22,22,6,6,6,6,0,0
3,112,6.83,980,2416,617,1476,121,313,0,0
3,113,12.92,997,1788,436,906,144,214,0,0
3,114,2.38,305,814,177,468,6,7,109,328
3,115,0.33,57,114,57,114,0,0,0,0
4,9,1,105,210,26,52,26,52,0,0
4,10,6.72,2314,5594,540,1322,540,1322,0,0
4,11,1.79,373,745,93,186,93,186,0,0
4,16,1.17,214,578,64,127,134,402,0,0
4,17,11.3,1099,2601,620,1561,185,374,0,0
4,18,3.58,320,833,161,452,53,127,0,0
4,19,2.68,492,1475,198,595,98,293,0,0
4,20,3.39,281,627,246,557,12,23,0,0
4,38,0.8,769,1537,192,384,192,384,0,0
4,41,7.5,841,2177,416,1030,127,367,0,0
4,42,4.71,684,1800,149,405,335,792,0,0
4,45,1,248,496,62,124,62,124,0,0
4,46,0.12,250,749,62,187,62,187,0,0
4,47,0.47,984,2951,246,738,246,738,0,0
4,49,1,26,53,7,13,7,13,0,0
4,53,2,206,491,111,302,31,63,0,0
4,56,1.11,200,422,50,106,50,106,0,0
4,57,1.94,324,715,88,199,79,172,0,0
4,62,10.97,1030,2317,439,1145,183,377,0,0
4,63,7.17,1109,2674,277,669,277,669,0,0
4,79,2.98,150,371,111,226,4,12,0,0
4,84,5,2746,6839,519,1375,1188,2713,0,0
4,111,0.03,4,8,4,8,0,0,0,0
4,112,6.17,1531,3584,517,1165,338,806,0,0
4,113,0.9,350,877,88,219,88,219,0,0
4,114,1.52,501,1259,64,192,309,682,0,0
5,9,0.21,203,609,0,0,203,609,0,0
5,10,2.7,2028,6778,217,595,1376,4994,0,0
5,17,5,271,644,120,266,50,126,0,0
5,18,6.28,633,1765,309,893,108,291,0,0
5,19,6.48,2438,6474,810,2220,543,1418,0,0
5,20,0.17,247,740,62,185,62,185,0,0
5,22,1,10,31,3,8,3,8,0,0
5,27,1,549,1097,137,274,137,274,0,0
5,37,0.91,124,248,124,248,0,0,0,0
5,41,2,61,107,15,27,15,27,0,0
5,50,2.93,60,63,16,20,14,14,0,0
5,51,2.29,661,1979,315,945,115,345,0,0
5,52,1.62,685,2055,171,514,171,514,0,0
5,55,1,134,269,134,269,0,0,0,0
5,56,2.83,1110,2687,278,672,278,672,0,0
5,57,2.29,343,968,277,815,22,51,0,0
5,62,0.92,149,447,149,447,0,0,0,0
5,79,0.02,1,2,0,0,0,0,0,0
5,86,1,30,60,8,15,8,15,0,0
5,110,0.05,3,5,1,1,1,1,0,0
5,111,2.84,176,329,117,234,12,24,0,0
5,113,0.09,44,132,11,33,11,33,0,0
5,114,0.02,12,36,3,9,3,9,0,0
6,9,0.41,386,1159,0,0,386,1159,0,0
6,10,0.13,122,365,0,0,122,365,0,0
6,11,0.87,67,134,17,34,17,34,0,0
6,12,0.13,10,21,3,5,3,5,0,0
6,15,1,8,16,2,4,2,4,0,0
6,26,4.05,189,451,47,113,47,113,0,0
6,27,2.95,926,1744,232,436,232,436,0,0
6,37,0.09,13,26,13,26,0,0,0,0
6,45,2.08,261,516,161,320,33,65,0,0
6,46,1.92,80,98,33,52,15,15,0,0
6,50,5,399,853,170,354,76,166,0,0
6,51,4,653,2182,163,546,163,546,0,0
6,52,0.97,706,2117,176,529,176,529,0,0
6,53,0.19,148,445,37,111,37,111,0,0
6,54,1,11,11,3,3,3,3,0,0
6,55,0.69,46,46,11,11,11,11,0,0
6,56,6.14,698,1244,166,302,166,302,0,0
6,60,2,87,220,56,159,10,20,0,0
6,64,1.76,269,808,251,754,6,18,0,0
6,81,10.54,1633,3842,547,1377,362,822,0,0
6,82,2.85,1518,4344,379,1086,379,1086,0,0
6,83,0.63,30,61,8,15,8,15,0,0
6,84,0.37,18,36,4,9,4,9,0,0
6,88,1.76,189,515,169,495,6,6,0,0
6,109,2,57,104,49,96,3,3,0,0
6,111,0.08,4,9,1,2,1,2,0,0
6,112,1.52,259,670,145,329,38,114,0,0
7,45,4.44,1567,4367,638,1585,310,927,0,0
7,46,0.99,145,435,145,435,0,0,0,0
7,63,1,506,1012,126,253,126,253,0,0
7,64,1.24,120,277,89,245,10,10,0,0
7,70,0.37,144,349,36,87,36,87,0,0
7,71,2.78,385,987,96,247,96,247,0,0
7,81,3.2,738,1662,185,415,185,415,0,0
7,82,4.4,1394,3829,266,761,597,1548,0,0
7,88,1.83,155,417,76,217,26,66,0,0
7,89,2.65,1133,3390,257,769,852,2554,0,0
7,90,2.95,1848,5045,191,448,1275,3701,0,0
7,112,3.65,401,847,174,358,76,163,0,0
7,113,0.53,169,508,42,127,42,127,0,0
8,12,0.04,15,44,4,11,4,11,0,0
8,43,4,343,922,33,124,245,549,0,0
8,44,2,637,4082,47,236,496,3375,0,0
8,45,2.57,466,1253,128,336,113,306,0,0
8,52,1.26,36,51,9,13,9,13,0,0
8,53,2.74,231,608,58,152,58,152,0,0
8,54,2.01,176,355,44,89,44,89,0,0
8,55,4.99,569,1521,142,380,142,380,0,0
8,56,1,20,39,5,10,5,10,0,0
8,67,0.93,257,514,64,129,64,129,0,0
8,70,0.64,359,717,90,179,90,179,0,0
8,71,2.21,513,1026,128,257,128,257,0,0
8,88,0.21,31,93,8,23,8,23,0,0
8,89,9.15,1132,2903,521,1457,244,564,0,0
8,90,10.05,2187,5577,405,1139,1005,2257,0,0
8,112,0.61,107,277,16,47,16,47,0,0
8,113,0.1,32,97,8,24,8,24,0,0
9,11,0.14,29,76,7,19,7,19,0,0
9,12,4.96,2136,5267,534,1317,534,1317,0,0
9,13,1,164,329,164,329,0,0,0,0
9,34,1,262,1049,66,262,66,262,0,0
9,44,0.79,29,58,7,15,7,15,0,0
9,45,2.21,147,294,37,73,37,73,0,0
9,57,1.74,88,152,22,38,22,38,0,0
9,67,4.21,1170,2340,292,585,292,585,0,0
9,68,2.25,477,1028,119,257,119,257,0,0
9,69,2,112,312,103,303,3,3,0,0
9,77,1.12,65,160,29,88,0,0,0,0
9,85,4.3,3396,8794,849,2199,849,2199,0,0
9,88,1.19,62,152,16,38,16,38,0,0
9,89,3.38,237,584,120,329,39,85,0,0
9,90,0.82,93,186,23,46,23,46,0,0
9,105,4.97,606,1451,212,484,131,322,0,0
9,106,0.74,88,176,88,176,0,0,0,0
9,112,1.58,457,913,393,787,0,0,0,0
10,11,1.14,126,251,31,63,31,63,0,0
10,12,2.59,333,922,275,806,19,39,0,0
10,13,0.13,18,54,18,54,0,0,0,0
10,32,0.99,45,91,11,23,11,23,0,0
10,33,6.01,1297,2633,635,1279,221,451,0,0
10,34,3,601,1681,258,742,115,313,0,0
10,41,1,26,26,6,6,6,6,0,0
10,57,2.14,317,611,79,153,79,153,0,0
10,58,0.12,41,82,10,21,10,21,0,0
10,68,3.88,374,853,109,244,88,203,0,0
10,69,4.39,629,1338,268,555,121,261,0,0
10,77,0.88,209,627,209,627,0,0,0,0
10,85,0.7,562,1579,141,395,141,395,0,0
10,89,1,136,408,136,408,0,0,0,0
10,104,6,1107,2490,444,1133,216,447,0,0
10,105,8.29,837,1742,388,843,150,300,0,0
10,106,0.47,202,404,202,404,0,0,0,0
11,26,1,65,195,16,49,16,49,0,0
11,33,1.97,1584,5475,396,1369,396,1369,0,0
11,34,2.99,276,588,189,388,9,27,0,0
11,35,1.04,1151,3451,0,0,1149,3446,0,0
11,42,2,581,1161,108,217,108,217,0,0
11,57,1,26,26,7,7,7,7,0,0
11,59,11.76,1687,4325,586,1574,367,917,0,0
11,66,2.5,474,1117,182,414,417,1004,0,0
11,69,0.33,89,179,22,45,22,45,0,0
11,103,1,18,18,4,4,4,4,0,0
11,104,6.49,1651,2581,622,1069,337,498,0,0
11,105,10.24,1899,4471,475,1118,475,1118,0,0
11,106,0.53,224,448,224,448,0,0,0,0
11,120,2.53,354,694,89,174,89,174,0,0
11,121,0.22,91,183,23,46,23,46,0,0
12,43,1,70,211,18,53,18,53,0,0
12,59,2.23,158,474,87,262,24,71,0,0
12,60,0.01,4,11,4,11,0,0,0,0
12,64,2,220,637,211,628,3,3,0,0
12,65,1,110,110,27,27,27,27,0,0
12,66,1.5,69,137,60,119,3,6,0,0
12,105,1.27,547,1095,137,274,137,274,0,0
12,107,1,677,1354,169,339,169,339,0,0
12,112,3.18,106,151,60,105,15,15,0,0
12,113,2.2,1080,2951,422,1041,220,637,0,0
12,120,9.31,1245,2749,395,856,283,631,0,0
12,121,5.32,441,1044,262,715,59,110,0,0
13,25,1,57,114,14,28,14,28,0,0
13,34,1,27,54,7,13,7,13,0,0
13,36,1,10,10,3,3,3,3,0,0
13,39,1,29,29,7,7,7,7,0,0
13,62,1,36,36,9,9,9,9,0,0
13,79,0.7,84,167,21,42,21,42,0,0
13,80,4.25,1500,3211,375,803,375,803,0,0
13,86,0.28,28,28,7,7,7,7,0,0
13,111,3.36,1639,5845,534,1710,368,1378,0,0
13,112,8.1,2477,4926,649,1229,483,979,0,0
13,113,2.75,1261,3640,411,1102,283,846,0,0
13,120,5.56,1187,2462,938,1897,120,262,0,0
13,121,0.05,16,32,16,32,0,0,0,0
14,9,0.52,139,418,35,104,35,104,0,0
14,37,1,7,7,2,2,2,2,0,0
14,39,0.47,108,215,27,54,27,54,0,0
14,40,11.32,1540,3948,474,1271,343,880,0,0
14,41,0.59,65,194,16,48,16,48,0,0
14,52,2.37,256,686,43,130,126,296,0,0
14,53,1.14,171,360,18,54,153,306,0,0
14,67,1,50,151,13,38,13,38,0,0
14,79,1.76,682,2010,171,503,171,503,0,0
14,80,2.3,1360,3507,340,877,340,877,0,0
14,86,5.34,693,1635,173,409,173,409,0,0
14,87,4.37,426,1051,107,263,107,263,0,0
14,103,1.46,45,45,11,11,11,11,0,0
14,104,0.54,19,19,5,5,5,5,0,0
14,111,1.17,891,3562,223,891,223,891,0,0
14,112,0.24,329,664,82,166,82,166,0,0
14,113,1,220,439,55,110,55,110,0,0
14,119,1,12,12,3,3,3,3,0,0
14,120,1,264,793,66,198,66,198,0,0
15,9,1.21,565,1696,141,424,141,424,0,0
15,10,4.28,612,1758,321,944,97,272,0,0
15,25,0.76,61,122,42,84,0,0,0,0
15,26,3.69,333,867,147,398,104,306,0,0
15,27,1,15,15,4,4,4,4,0,0
15,28,1.31,1233,2949,121,362,872,1864,0,0
15,29,1.43,606,1751,152,438,152,438,0,0
15,39,1.93,470,939,117,235,117,235,0,0
15,40,1.68,175,350,144,287,10,21,0,0
15,52,5.48,2486,6646,519,1386,930,2488,0,0
15,53,5.01,1192,3205,376,1034,295,791,0,0
15,60,4,152,260,94,178,19,27,0,0
15,68,1,113,227,113,227,0,0,0,0
15,69,1,272,651,68,163,68,163,0,0
15,70,2.82,641,1280,48,97,496,991,0,0
15,71,1,159,478,159,478,0,0,0,0
15,83,2,289,805,242,712,16,31,0,0
15,93,1,72,143,18,36,18,36,0,0
16,9,3,147,442,37,111,37,111,0,0
16,21,1,108,324,27,81,27,81,0,0
16,25,5.42,568,2324,206,837,121,496,0,0
16,26,10.91,1082,3490,416,1360,222,710,0,0
16,27,1.56,233,594,58,149,58,149,0,0
16,28,0.27,299,834,59,176,123,304,0,0
16,64,2,99,199,25,50,25,50,0,0
16,67,3,270,810,257,772,4,13,0,0
16,68,0.7,45,135,34,102,4,11,0,0
16,69,5.11,763,1951,561,1345,67,202,0,0
16,70,5.93,1018,2235,542,1133,159,367,0,0
16,71,1,100,200,100,200,0,0,0,0
16,75,0.98,239,477,65,130,58,116,0,0
16,76,0.05,13,27,3,7,3,7,0,0
16,78,1.5,112,175,28,45,28,43,0,0
16,83,3,544,1247,136,312,136,312,0,0
17,10,5.09,2271,6894,25,71,2195,6680,0,0
17,11,0.01,9,27,2,7,2,7,0,0
17,12,4,450,899,282,565,56,112,0,0
17,13,2,274,841,68,210,68,210,0,0
17,24,1,11,43,3,11,3,11,0,0
17,25,0.14,62,290,16,73,16,73,0,0
17,26,3.08,2350,7092,587,1773,587,1773,0,0
17,27,1.44,185,555,46,139,46,139,0,0
17,43,1,13,13,3,3,3,3,0,0
17,68,5.55,413,930,352,792,20,46,0,0
17,69,7.04,1065,2535,805,1849,86,229,0,0
17,70,5.07,911,2195,455,1003,152,397,0,0
17,75,6.97,1199,2624,457,971,247,551,0,0
17,78,2.98,596,1524,299,831,99,231,0,0
17,79,0.52,134,403,90,270,15,44,0,0
17,90,2,108,239,76,207,11,11,0,0
17,91,1.9,185,530,176,521,3,3,0,0
17,94,1,19,19,5,5,5,5,0,0
18,4,8.2,704,1498,187,374,118,236,0,0
18,5,2.23,383,767,96,191,96,191,0,0
18,10,0.18,166,499,42,125,42,125,0,0
18,11,9.6,1914,4994,548,1388,455,1202,0,0
18,12,1.12,255,511,110,220,48,97,0,0
18,13,1,9,46,2,12,2,12,0,0
18,18,1,10,10,3,3,3,3,0,0
18,25,1,12,12,3,3,3,3,0,0
18,35,0.25,362,723,90,181,90,181,0,0
18,62,0.88,776,2223,194,556,194,556,0,0
18,63,0.79,327,712,82,178,82,178,0,0
18,67,3.66,738,1475,184,369,184,369,0,0
18,68,7.65,816,1642,634,1276,64,137,0,0
18,69,6.81,871,2095,429,1199,368,750,0,0
18,70,4.57,616,1532,497,1178,39,118,0,0
18,89,3,70,126,17,31,17,31,0,0
18,90,0.1,5,15,1,4,1,4,0,0
18,91,5.65,397,906,250,680,46,65,0,0
18,92,2,128,446,111,429,6,6,0,0
18,94,2,51,51,36,36,5,5,0,0
18,96,0.39,34,69,8,17,8,17,0,0
18,97,0.08,7,14,2,3,2,3,0,0
18,98,1,37,37,9,9,9,9,0,0
18,114,2,79,134,20,33,20,33,0,0
18,127,0.03,29,59,0,0,29,59,0,0
19,3,7.17,755,2375,499,1695,116,243,0,0
19,4,1.48,182,525,3,3,3,3,0,0
19,5,2.09,1801,5117,450,1279,450,1279,0,0
19,30,3.56,448,1268,112,317,112,317,0,0
19,35,0.75,1093,2186,273,546,273,546,0,0
19,36,0.86,224,448,56,112,56,112,0,0
19,37,1,12,12,3,3,3,3,0,0
19,62,2.33,1185,2662,296,665,296,665,0,0
19,63,13.16,2405,5479,505,1246,1073,2290,0,0
19,64,1.8,322,903,275,810,15,31,0,0
19,66,2.03,87,118,24,49,2,4,0,0
19,67,5.98,623,1352,443,1058,13,26,0,0
19,68,2.5,215,435,57,119,53,106,0,0
19,69,4.58,796,1672,345,770,70,139,0,0
19,70,8.74,875,2168,507,1537,74,161,0,0
19,90,0.96,93,278,23,69,23,69,0,0
19,91,5.38,743,2097,169,473,142,394,0,0
19,96,4.37,477,1400,224,665,84,245,0,0
19,97,0.15,13,26,3,7,3,7,0,0
19,98,5,309,760,261,667,16,31,0,0
19,115,0.16,11,21,3,5,3,5,0,0
19,116,0.84,55,110,14,27,14,27,0,0
19,127,0.76,740,1481,0,0,740,1481,0,0
20,3,0.83,68,203,68,203,0,0,0,0
20,11,6.04,502,1285,266,742,79,181,0,0
20,30,0.44,62,187,16,47,16,47,0,0
20,36,1.14,119,238,30,60,30,60,0,0
20,62,2,1953,5717,488,1429,488,1429,0,0
20,63,1.71,1629,5569,407,1392,407,1392,0,0
20,64,0.01,3,6,0,0,3,6,0,0
20,65,3.99,699,1739,125,334,325,735,0,0
20,66,2.33,219,480,215,476,1,2,0,0
20,67,4.64,339,842,146,393,65,149,0,0
20,69,2.99,524,1263,491,1198,11,22,0,0
20,70,3.65,847,2071,482,1333,431,865,0,0
20,71,8.74,878,1389,728,1099,4,4,0,0
20,72,4.23,594,960,594,960,0,0,0,0
20,75,6,280,625,124,319,52,102,0,0
20,86,2,34,136,9,34,9,34,0,0
20,115,1,36,36,9,9,9,9,0,0
20,127,1,25,50,6,13,6,13,0,0
21,11,0.96,482,965,121,241,121,241,0,0
21,19,7.37,724,1783,246,660,135,326,0,0
21,20,9.62,1085,3561,419,1336,175,603,0,0
21,37,0.32,256,519,64,130,64,130,0,0
21,38,1.33,143,364,36,91,36,91,0,0
21,42,2.96,689,2039,172,510,172,510,0,0
21,46,1,13,13,3,3,3,3,0,0
21,62,0.34,337,1346,84,337,84,337,0,0
21,63,0.88,40,79,10,20,10,20,0,0
21,64,0.12,6,11,1,3,1,3,0,0
21,69,3,67,170,46,135,2,2,0,0
21,70,14.92,2003,5221,921,2493,622,1537,0,0
21,71,5.02,608,1082,438,743,48,95,0,0
21,76,2,370,1087,361,1079,3,3,0,0
21,78,1.16,630,1889,175,526,152,455,0,0
21,84,3,285,762,264,721,7,14,0,0
21,101,3,404,1185,206,611,66,191,0,0
21,102,4,326,633,81,158,81,158,0,0
21,127,1.55,112,224,28,56,28,56,0,0
22,16,1,14,29,4,7,4,7,0,0
22,17,6.5,1771,5935,443,1484,443,1484,0,0
22,18,1,150,299,150,299,0,0,0,0
22,19,2.01,56,116,14,29,14,29,0,0
22,20,2,89,178,22,44,22,44,0,0
22,27,3,344,897,202,573,47,108,0,0
22,37,3.52,1343,3120,336,780,336,780,0,0
22,38,1.83,314,767,176,387,46,127,0,0
22,42,4.27,383,1023,96,256,96,256,0,0
22,43,10.78,1555,4096,632,1666,308,810,0,0
22,44,0.65,208,416,52,104,52,104,0,0
22,45,0.3,202,404,50,101,50,101,0,0
22,50,1,31,62,8,15,8,15,0,0
22,56,1,9,9,2,2,2,2,0,0
22,69,0.66,206,413,206,413,0,0,0,0
22,70,2.78,365,815,286,594,26,74,0,0
22,71,11.98,697,1545,449,1047,145,291,0,0
22,72,0.31,50,100,12,25,12,25,0,0
22,78,5.84,762,2182,359,1051,134,377,0,0
22,81,1,38,75,9,19,9,19,0,0
22,82,2,421,1264,253,759,56,168,0,0
22,90,3.07,264,930,66,232,66,232,0,0
22,91,1,32,97,8,24,8,24,0,0
22,107,1,151,302,151,302,0,0,0,0
22,127,1.74,299,583,75,146,75,146,0,0
23,17,2.5,291,755,73,189,73,189,0,0
23,18,0.26,216,636,54,159,54,159,0,0
23,19,2.38,251,474,57,107,57,107,0,0
23,20,10.98,1561,4121,615,1705,315,805,0,0
23,27,1,44,174,11,44,11,44,0,0
23,42,1.01,13,13,3,3,3,3,0,0
23,43,11.32,1561,4084,905,2404,219,560,0,0
23,44,3.01,715,1825,179,456,179,456,0,0
23,45,1.59,789,1612,127,263,408,824,0,0
23,48,1,12,12,3,3,3,3,0,0
23,69,0.34,105,209,105,209,0,0,0,0
23,70,1,215,645,215,645,0,0,0,0
23,71,19.07,2611,7653,1423,4068,1144,3603,0,0
23,72,9.58,1539,4710,296,719,815,2916,0,0
23,73,3.57,588,1180,588,1180,0,0,0,0
23,74,8.17,568,1474,500,1356,5,8,0,0
23,75,0.94,46,91,0,0,0,0,0,0
23,78,1.86,305,866,76,216,76,216,0,0
23,79,4.23,2118,5488,530,1372,530,1372,0,0
23,90,0.93,42,125,10,31,10,31,0,0
23,106,1.51,1253,3759,81,244,1009,3027,0,0
23,107,3.58,302,755,260,633,14,41,0,0
23,108,2.59,397,556,218,377,60,60,0,0
23,109,1,228,457,57,114,57,114,0,0
23,113,0.09,97,389,24,97,24,97,0,0
23,114,0.09,97,390,24,97,24,97,0,0
23,127,0.02,3,5,1,1,1,1,0,0
24,11,0.97,9,9,2,2,2,2,0,0
24,16,1,231,693,231,693,0,0,0,0
24,18,3.64,1091,3131,408,1189,228,647,0,0
24,19,0.73,66,168,36,107,0,0,0,0
24,20,0.02,14,43,4,11,4,11,0,0
24,43,1,18,18,4,4,4,4,0,0
24,44,7.4,1852,4550,484,1179,456,1124,0,0
24,45,7.11,2830,8049,622,1841,964,2525,0,0
24,50,0.16,11,21,11,21,0,0,0,0
24,69,1.72,340,1021,182,546,92,275,0,0
24,70,4.23,394,871,212,445,61,142,0,0
24,71,16.8,2181,6256,1601,4767,489,1310,0,0
24,72,15.19,1606,4750,980,3197,406,1152,0,0
24,73,6.44,1082,2464,604,1368,267,688,0,0
24,74,2.49,610,1158,208,495,228,315,0,0
24,75,1,15,15,4,4,4,4,0,0
24,76,0.35,50,100,50,100,0,0,0,0
24,77,1.65,171,342,94,189,0,0,0,0
24,78,2.5,378,846,323,737,18,36,0,0
24,79,1.91,1631,3262,408,816,408,816,0,0
24,106,2.12,1464,3816,121,242,1101,3089,0,0
24,107,10.11,1771,4467,799,2064,279,665,0,0
24,108,9.96,893,1901,447,1126,135,244,0,0
24,113,0.65,706,2824,177,706,177,706,0,0
24,114,2.71,2436,5196,629,1340,602,1286,0,0
25,10,1,18,55,5,14,5,14,0,0
25,11,0.03,0,0,0,0,0,0,0,0
25,16,1.96,686,2059,402,1205,95,285,0,0
25,17,2.04,691,1965,182,520,170,482,0,0
25,18,1,8,8,2,2,2,2,0,0
25,36,1.07,332,700,83,175,83,175,0,0
25,37,1.03,41,54,10,13,10,13,0,0
25,44,2.6,426,889,140,289,95,200,0,0
25,50,7.8,941,2022,374,782,189,413,0,0
25,51,0.03,5,14,1,4,1,4,0,0
25,60,0.02,5,10,1,3,1,3,0,0
25,61,3.39,731,2150,183,538,183,538,0,0
25,62,1,34,34,8,8,8,8,0,0
25,71,10.48,779,2248,624,1935,81,176,0,0
25,72,16.68,2733,7501,1837,5318,525,1511,327,653
25,73,3.76,2347,4683,470,938,982,1961,0,0
25,74,2.17,869,1022,38,77,754,792,0,0
25,78,0.5,89,266,89,266,0,0,0,0
25,92,0.18,25,74,6,19,6,19,0,0
25,93,0.82,110,331,28,83,28,83,0,0
25,98,1,36,36,9,9,9,9,0,0
25,107,0.95,228,456,57,114,57,114,0,0
25,108,0.12,6,6,0,0,0,0,0,0
25,114,2.46,345,512,211,378,45,45,0,0
25,115,1,161,482,40,120,40,120,0,0
25,121,6.41,2587,5755,881,2034,568,1240,0,0
25,122,5.41,507,1307,174,421,111,295,0,0
26,22,3,205,443,51,111,51,111,0,0
26,23,2,207,568,45,136,45,136,0,0
26,33,0.01,2,2,1,1,1,1,0,0
26,36,1.87,860,2059,215,515,215,515,0,0
26,37,1.03,225,461,56,115,56,115,0,0
26,50,11.2,1484,3829,369,910,475,1294,0,0
26,60,0.12,26,70,6,17,6,17,0,0
26,61,4.47,1676,4817,419,1204,419,1204,0,0
26,68,1,50,149,12,37,12,37,0,0
26,71,15.57,1307,3233,795,2044,332,895,0,0
26,72,13.48,1627,3806,1145,2888,168,344,137,230
26,73,6.13,775,1571,245,495,271,548,0,0
26,74,3,289,819,241,724,0,0,0,0
26,99,4,319,558,259,498,20,20,0,0
26,107,0.05,13,26,3,6,3,6,0,0
26,112,3.52,2058,4103,461,918,676,1349,0,0
26,113,4.41,583,1380,163,363,140,339,0,0
26,118,1.12,293,349,252,265,14,28,0,0
26,120,0.94,230,460,230,460,0,0,0,0
26,121,5.78,852,1988,280,653,191,445,0,0
26,122,8.46,2486,5386,809,1909,559,1159,0,0
26,123,0.74,576,1151,144,288,144,288,0,0
27,20,1,31,61,8,15,8,15,0,0
27,26,1,36,146,9,36,9,36,0,0
27,33,1.99,230,230,57,57,57,57,0,0
27,50,2.93,478,1071,172,459,58,116,0,0
27,51,3.89,300,792,209,610,18,36,0,0
27,59,0.26,221,442,55,111,55,111,0,0
27,67,1.06,140,315,9,26,9,26,0,0
27,68,3.94,1010,2768,455,1365,141,424,0,0
27,69,3.96,258,418,95,190,5,11,0,0
27,70,2.48,334,522,106,175,75,113,0,0
27,71,10.87,1244,3400,634,1623,339,1000,0,0
27,72,8.99,1148,2720,223,574,440,912,0,0
27,74,1,18,36,4,9,4,9,0,0
27,91,1.57,26,63,7,16,7,16,0,0
27,92,16.8,1482,3917,784,2222,228,555,0,0
27,93,3.23,275,500,151,313,11,32,0,0
27,112,3.23,1593,3818,171,274,1079,2997,0,0
27,113,2.85,381,877,79,108,226,634,0,0
27,115,2.12,1042,2085,261,521,261,521,0,0
27,116,11.88,1002,2467,459,1321,181,382,0,0
27,118,0.88,393,786,98,197,98,197,0,0
27,119,4,414,1116,175,414,70,205,0,0
27,120,3,281,562,224,447,6,12,0,0
27,122,0.07,77,154,19,39,19,39,0,0
27,123,0.18,141,283,35,71,35,71,0,0
28,4,1,22,22,5,5,5,5,0,0
28,44,0.03,10,30,3,8,3,8,0,0
28,45,2,123,245,31,61,31,61,0,0
28,50,7.98,952,2128,319,693,194,445,0,0
28,52,2,154,463,100,300,18,54,0,0
28,58,1,196,588,196,588,0,0,0,0
28,59,15.94,2018,4734,708,1793,437,980,0,0
28,60,3.47,2803,7838,143,285,2375,6983,0,0
28,68,9.31,525,960,197,388,147,288,0,0
28,69,14.69,929,1995,554,1211,130,249,0,0
28,70,2.98,225,449,133,266,0,0,0,0
28,71,0.92,47,47,12,12,12,12,0,0
28,72,1,14,14,4,4,4,4,0,0
28,74,4.56,609,1215,152,304,152,304,0,0
28,75,3.72,474,948,272,543,67,135,0,0
28,76,1.08,26,52,7,14,0,0,0,0
28,91,2.07,510,1469,128,367,128,367,0,0
28,92,5.32,496,1318,242,565,85,251,0,0
28,118,0.63,43,43,11,11,11,11,0,0
28,119,3.37,570,1111,207,472,121,213,0,0
28,120,2.05,185,542,179,533,2,3,0,0
29,7,1,6,6,2,2,2,2,0,0
29,23,0.02,7,14,2,3,2,3,0,0
29,24,2.99,1066,2794,267,698,267,698,0,0
29,25,1,294,587,73,147,73,147,0,0
29,44,10.07,1450,4172,737,2056,237,705,0,0
29,45,0.89,150,530,38,133,38,133,0,0
29,54,0.38,104,208,104,208,0,0,0,0
29,59,6.33,633,1763,257,737,125,342,0,0
29,67,4.29,759,1455,348,681,137,258,0,0
29,68,6.83,714,1798,517,1464,66,111,0,0
29,69,3.21,502,1467,320,951,61,172,0,0
29,72,2,204,351,161,309,14,14,0,0
29,73,2,190,529,170,509,0,0,0,0
29,74,4.65,547,993,137,248,137,248,0,0
29,105,1.98,301,761,183,407,39,118,0,0
29,106,1.03,22,32,6,8,6,8,0,0
29,120,2.79,584,1169,357,715,76,151,0,0
30,8,6.53,215,395,54,100,53,99,0,0
30,9,10.39,1322,2945,416,943,291,645,0,0
30,16,1,22,43,5,11,5,11,0,0
30,30,1.81,582,1163,145,291,145,291,0,0
30,31,0.54,203,406,51,101,51,101,0,0
30,44,1,34,34,9,9,9,9,0,0
30,54,3.62,253,540,192,393,20,49,0,0
30,67,4,646,1077,273,381,108,216,0,0
30,68,1.67,329,987,329,987,0,0,0,0
30,69,1,124,247,124,247,0,0,0,0
30,73,1,27,27,7,7,7,7,0,0
30,104,3,283,698,83,212,67,162,0,0
30,105,1.99,572,1717,273,818,100,300,0,0
30,106,0.01,3,10,1,3,1,3,0,0
30,120,1.58,239,438,205,399,11,13,0,0
30,121,0.01,2,5,2,5,0,0,0,0
31,0,2,72,136,18,34,18,34,0,0
31,9,6.08,1243,4454,333,1179,303,1092,0,0
31,10,10,1564,3492,378,847,378,847,0,0
31,11,1.24,134,269,129,257,2,4,0,0
31,26,1,45,89,11,22,11,22,0,0
31,30,8.43,1374,3766,436,1249,274,761,0,0
31,31,2.21,383,871,172,445,71,142,0,0
31,53,0.9,125,374,125,374,0,0,0,0
31,74,2,173,346,83,166,0,0,0,0
31,83,6.43,700,1968,283,816,139,384,0,0
31,84,0.93,269,538,67,135,67,135,0,0
31,85,6.62,2195,5602,549,1401,549,1401,0,0
31,86,2,136,242,106,212,0,0,0,0
31,104,1.71,346,539,87,135,87,135,0,0
31,105,4,1000,2000,362,723,213,426,0,0
31,107,1,197,591,197,591,0,0,0,0
31,108,2,212,493,132,383,0,0,0,0
31,120,2.34,836,1672,299,599,179,358,0,0
31,121,8.68,574,1262,343,714,77,183,0,0
32,11,0.76,50,100,44,88,2,4,0,0
32,18,2.46,237,533,71,170,55,121,0,0
32,19,2.08,687,1726,264,708,141,339,0,0
32,22,1,10,10,2,2,2,2,0,0
32,23,1.59,394,1543,98,386,98,386,0,0
32,24,1.41,273,992,68,248,68,248,0,0
32,30,0.07,23,47,6,12,6,12,0,0
32,31,0.94,349,699,87,175,87,175,0,0
32,53,0.1,14,43,14,43,0,0,0,0
32,74,1,20,40,5,10,5,10,0,0
32,85,0.02,9,26,2,6,2,6,0,0
32,91,5.96,234,551,147,402,29,50,0,0
32,92,1.25,178,434,103,285,25,50,0,0
32,104,0.29,64,64,16,16,16,16,0,0
32,106,1,247,495,247,495,0,0,0,0
32,107,5,434,1074,297,801,18,36,0,0
32,108,3,323,732,122,302,43,96,0,0
32,121,2.55,304,709,165,430,0,0,0,0
33,7,1,15,15,4,4,4,4,0,0
33,13,1,6,19,2,5,2,5,0,0
33,17,2.58,138,314,35,79,35,79,0,0
33,18,2.07,225,675,78,233,49,147,0,0
33,19,3.39,347,799,227,559,40,80,0,0
33,28,1,14,54,3,14,3,14,0,0
33,32,1,190,379,190,379,0,0,0,0
33,54,2.84,549,1753,137,438,137,438,0,0
33,59,2,67,190,17,47,17,47,0,0
33,66,1.44,1536,6139,384,1535,384,1535,0,0
33,67,6.91,2191,6111,641,1715,517,1465,0,0
33,74,2.67,587,1388,147,347,147,347,0,0
33,75,0.33,107,321,27,80,27,80,0,0
33,86,2.44,88,166,20,39,20,39,0,0
33,87,1,111,221,111,221,0,0,0,0
33,91,0.68,45,122,36,104,3,6,0,0
33,92,0.12,17,43,11,31,2,4,0,0
34,0,0.16,48,97,12,24,12,24,0,0
34,16,2.62,162,385,106,314,5,10,0,0
34,17,3.71,286,821,111,323,58,165,0,0
34,18,1.98,226,460,46,94,46,94,0,0
34,34,1,234,701,58,175,58,175,0,0
34,54,11.69,715,1434,280,603,141,273,0,0
34,55,2.47,122,254,38,86,28,56,0,0
34,65,1.42,136,364,103,298,11,22,0,0
34,66,3.04,2166,6473,620,1852,516,1540,0,0
34,67,1.51,1322,3515,118,243,966,2786,0,0
34,80,1,21,85,5,21,5,21,0,0
34,84,5,287,527,189,367,32,54,0,0
34,85,10.85,3074,8633,898,2757,1156,3250,0,0
34,86,14.18,1034,2442,461,1119,175,409,0,0
34,87,0.2,5,10,1,2,1,2,0,0
34,88,2,155,282,134,261,7,7,0,0
35,0,4.59,669,1561,347,930,107,210,0,0
35,18,0.11,22,43,5,11,5,11,0,0
35,19,1,9,9,2,2,2,2,0,0
35,35,1,173,347,173,347,0,0,0,0
35,39,5,1636,3854,409,964,409,964,0,0
35,40,1,174,174,44,44,44,44,0,0
35,54,5,1402,3384,351,846,351,846,0,0
35,59,1,12,12,3,3,3,3,0,0
35,66,0.68,63,150,33,89,10,20,0,0
35,72,1,154,308,39,77,39,77,0,0
35,73,2,130,379,122,362,3,6,0,0
35,81,1,238,713,59,178,59,178,0,0
35,85,7.33,454,1021,180,454,91,189,0,0
35,86,6.96,1441,3216,576,1385,245,505,0,0
35,88,0.07,1,2,0,1,0,1,0,0
35,89,7.99,741,1858,317,850,141,336,0,0
35,90,3.94,565,1440,292,660,91,260,0,0
35,118,0.21,101,304,25,76,25,76,0,0
36,0,1.11,176,500,155,459,7,14,0,0
36,2,2,73,73,18,18,18,18,0,0
36,16,1,13,13,3,3,3,3,0,0
36,17,1,5,5,1,1,1,1,0,0
36,18,5,625,1854,354,1058,75,221,0,0
36,23,1.43,480,1372,22,49,413,1223,0,0
36,30,2,157,415,39,104,39,104,0,0
36,38,1,158,315,158,315,0,0,0,0
36,43,3,436,1479,305,1153,44,109,0,0
36,48,1,11,42,3,11,3,11,0,0
36,60,0.24,9,9,2,2,2,2,0,0
36,74,0.09,167,666,42,167,42,167,0,0
36,78,1.63,13,21,3,5,3,5,0,0
36,79,1,127,255,127,255,0,0,0,0
36,81,2,816,2404,204,601,204,601,0,0
36,85,0.44,374,1121,93,280,93,280,0,0
36,86,3.6,760,2046,251,634,170,471,0,0
36,88,0.39,84,336,84,336,0,0,0,0
36,95,1.04,153,354,90,193,21,54,0,0
36,96,3.26,552,1587,170,460,127,375,0,0
36,118,6.76,2253,6363,615,1694,546,1556,0,0
36,119,2,411,1232,103,308,103,308,0,0
37,0,1.99,293,852,73,213,73,213,0,0
37,1,1.05,26,53,7,13,7,13,0,0
37,2,1.95,362,1061,90,265,90,265,0,0
37,16,1,10,10,2,2,2,2,0,0
37,23,4.57,964,2277,237,557,253,605,0,0
37,31,2.29,174,501,69,202,35,100,0,0
37,32,3.41,259,655,89,217,57,146,0,0
37,33,4.08,1185,2371,415,829,257,514,0,0
37,34,0.01,3,5,1,1,1,1,0,0
37,37,0.94,107,213,107,213,0,0,0,0
37,38,1.06,75,83,75,83,0,0,0,0
37,60,0.76,30,30,7,7,7,7,0,0
37,73,3.09,1058,2443,264,611,264,611,0,0
37,74,6.82,4362,14539,1090,3635,1090,3635,0,0
37,78,0.37,5,10,1,2,1,2,0,0
37,88,3.61,302,724,173,570,43,51,0,0
37,93,2,149,337,38,114,111,222,0,0
37,95,2.7,336,629,38,65,38,65,0,0
37,104,0.56,197,591,49,148,49,148,0,0
37,118,0.03,33,100,8,25,8,25,0,0
37,126,2.35,263,527,66,132,66,132,0,0
38,0,5.59,514,1149,270,713,81,145,0,0
38,1,12.1,1712,4626,416,1133,416,1133,0,0
38,2,0.77,200,601,50,150,50,150,0,0
38,24,1,26,26,7,7,7,7,0,0
38,31,12.43,1088,2346,326,722,254,541,0,0
38,32,16.95,1520,4011,392,874,379,792,391,1565
38,33,9.88,1701,2830,389,725,740,961,0,0
38,34,1.03,208,208,2,2,206,206,0,0
38,44,3,271,721,191,561,12,23,0,0
38,64,1.11,92,253,23,63,23,63,0,0
38,65,3.03,303,718,74,177,74,177,0,0
38,68,0.73,90,184,87,174,1,3,0,0
38,69,1.28,88,176,34,68,0,0,0,0
38,97,3.29,1087,1087,57,57,956,956,0,0
38,104,0.44,155,465,39,116,39,116,0,0
38,124,1.74,305,782,76,196,76,195,0,0
38,125,3.16,364,784,191,304,37,118,0,0
38,126,5.03,752,2113,403,1172,117,314,0,0
39,0,2.42,403,709,101,177,101,177,0,0
39,1,4.14,486,1725,121,431,121,431,0,0
39,27,7.66,854,2443,163,467,571,1664,0,0
39,31,1.5,1113,2392,300,662,271,577,0,0
39,32,8.43,699,1980,510,1459,63,174,0,0
39,33,1,58,115,14,29,14,29,0,0
39,41,2,436,1139,109,285,109,285,0,0
39,56,1,592,1183,148,296,148,296,0,0
39,57,8.24,793,1636,341,733,150,301,0,0
39,58,4.11,423,1108,159,384,88,241,0,0
39,59,1,11,33,3,8,3,8,0,0
39,65,1.87,138,268,32,65,32,65,0,0
39,68,3.99,771,2493,193,623,193,623,0,0
39,76,2,160,320,131,261,10,19,0,0
39,77,3,872,2517,218,629,218,629,0,0
39,94,1.41,168,429,107,368,20,20,0,0
39,95,3.59,241,821,136,525,12,32,0,0
39,97,3.52,289,473,179,363,37,37,0,0
39,98,0.2,31,31,8,8,8,8,0,0
39,101,4.99,869,2180,217,545,217,545,0,0
39,102,4,566,1673,338,1008,76,222,0,0
39,104,0.23,101,220,25,55,25,55,0,0
39,109,1,24,24,6,6,6,6,0,0
39,124,7.07,1658,3592,596,1456,354,712,0,0
39,125,5.66,581,1586,375,1173,69,138,0,0
39,126,3,157,263,118,224,13,13,0,0
40,26,0.17,125,250,0,0,125,250,0,0
40,27,2.17,748,1741,1,1,744,1738,0,0
40,56,0.06,7,21,2,5,2,5,0,0
40,57,5.7,624,1407,232,539,131,290,0,0
40,58,1.89,288,810,75,209,71,200,0,0
40,94,1,58,116,58,116,0,0,0,0
40,98,7.31,519,1093,128,271,136,279,0,0
40,99,6.82,978,1996,701,1614,158,193,0,0
40,100,4.93,240,447,167,331,17,31,0,0
40,101,2.31,49,72,22,28,9,15,0,0
40,102,4.54,366,864,198,429,56,145,0,0
40,104,12.77,2181,5329,660,1678,507,1217,0,0
40,105,1,173,347,173,347,0,0,0,0
40,125,8.64,1428,3415,390,991,447,1010,0,0
40,126,0.36,52,156,52,156,0,0,0,0
41,10,1,379,1137,95,284,95,284,0,0
41,47,5.97,716,1716,458,1176,86,180,0,0
41,48,7.72,3394,10779,414,956,2152,7910,0,0
41,61,2,79,210,20,52,20,52,0,0
41,62,1,19,57,5,14,5,14,0,0
41,67,1,118,236,29,59,29,59,0,0
41,70,5.93,734,1944,242,603,164,447,0,0
41,71,0.07,10,19,2,5,2,5,0,0
41,73,2,482,963,120,241,120,241,0,0
41,94,4,186,186,152,152,11,11,0,0
41,97,2,262,524,241,483,7,14,0,0
41,99,0.11,16,16,0,0,16,16,0,0
41,122,1.15,310,620,77,155,77,155,0,0
42,30,2,235,469,59,117,59,117,0,0
42,44,1,47,188,12,47,12,47,0,0
42,47,0.75,233,467,58,117,58,117,0,0
42,48,0.57,155,407,39,102,39,102,0,0
42,60,0.41,5,5,1,1,1,1,0,0
42,67,1.02,174,346,173,345,0,0,0,0
42,73,6.89,855,2030,214,508,214,508,0,0
42,121,3.03,1267,2476,548,1082,240,465,0,0
42,122,8.47,1131,2050,370,688,253,454,0,0
43,2,2,111,310,93,273,6,12,0,0
43,5,0.66,57,113,14,28,14,28,0,0
43,6,0.34,29,57,7,14,7,14,0,0
43,7,1,10,40,3,10,3,10,0,0
43,46,0.01,4,11,1,3,1,3,0,0
43,52,4,330,951,243,719,29,77,0,0
43,58,1,26,106,7,26,7,26,0,0
43,60,0.59,6,6,2,2,2,2,0,0
43,62,0.71,79,158,20,39,20,39,0,0
43,67,1.98,118,118,29,29,29,29,0,0
43,73,0.11,46,137,11,34,11,34,0,0
43,77,0.14,33,66,8,17,8,17,0,0
43,78,2.86,363,705,198,390,55,105,0,0
43,107,2.02,1287,2636,322,659,322,659,0,0
43,108,1,59,59,15,15,15,15,0,0
43,121,2.2,355,695,147,289,69,135,0,0
43,122,5.15,569,1120,297,589,91,177,0,0
43,123,0.22,412,824,103,206,103,206,0,0
44,2,0.34,130,389,0,0,129,388,0,0
44,3,2.51,1373,4137,328,990,387,1167,0,0
44,4,3,151,289,132,262,6,9,0,0
44,5,9.22,836,2142,381,1056,144,346,0,0
44,6,4.23,397,937,263,726,45,70,0,0
44,20,1,34,34,8,8,8,8,0,0
44,46,1.16,316,998,79,250,79,250,0,0
44,47,3.83,511,1585,128,396,128,396,0,0
44,59,1,8,8,2,2,2,2,0,0
44,60,1.1,25,56,6,14,6,14,0,0
44,61,17.87,1417,3571,361,845,325,772,245,734
44,62,5.21,715,1942,179,485,179,485,0,0
44,77,1.93,228,457,212,424,5,11,0,0
44,107,3.09,496,1116,124,279,124,279,0,0
44,108,1.89,222,447,55,112,55,112,0,0
44,122,0.84,623,1572,74,148,401,1129,0,0
44,123,0.93,1409,2961,317,634,459,1060,0,0
44,127,3,504,1210,126,302,126,302,0,0
45,2,0.09,35,106,0,0,35,106,0,0
45,3,5.05,1814,5542,459,1358,553,1699,0,0
45,5,0.55,28,57,0,0,0,0,0,0
45,15,0.6,24,49,6,12,6,12,0,0
45,30,1.4,127,336,73,176,18,54,0,0
45,31,7.56,1208,2899,381,961,276,646,0,0
45,32,0.36,17,34,4,8,4,8,0,0
45,38,1,16,16,4,4,4,4,0,0
45,49,2.65,229,607,57,152,57,152,0,0
45,50,2.59,445,1379,184,635,87,248,0,0
45,54,0.74,65,195,16,49,16,49,0,0
45,55,1.35,272,786,68,197,68,197,0,0
45,60,3.18,118,281,29,70,29,70,0,0
45,61,15.34,1363,3170,731,1745,372,790,24,72
45,68,0.34,82,165,21,41,21,41,0,0
45,69,1.95,240,461,84,186,52,91,0,0
45,76,2.68,311,576,78,144,78,144,0,0
45,77,1.27,126,220,44,79,27,47,0,0
45,126,1.87,870,1740,870,1740,0,0,0,0
45,127,1.76,394,789,130,259,88,176,0,0
46,2,5,234,468,68,136,39,79,0,0
46,4,0.72,272,543,68,136,68,136,0,0
46,15,0.4,16,32,4,8,4,8,0,0
46,30,2.13,173,320,45,82,43,79,0,0
46,31,3.55,252,586,63,146,63,146,0,0
46,34,1,20,20,5,5,5,5,0,0
46,49,4.78,633,2042,245,771,129,424,0,0
46,50,1.97,1295,4179,355,1169,313,1003,0,0
46,55,0.9,129,326,32,82,32,82,0,0
46,60,0.99,350,1049,350,1049,0,0,0,0
46,61,3.97,875,2302,509,1205,309,926,0,0
46,68,4,464,1364,291,867,57,166,0,0
46,69,1.71,141,424,93,278,16,48,0,0
46,70,1,86,173,22,43,22,43,0,0
46,73,2,492,1203,287,793,68,137,0,0
46,75,1.36,589,1768,147,442,147,442,0,0
46,76,6.76,1447,3891,452,1243,332,882,0,0
46,92,1,47,94,12,24,12,24,0,0
46,109,1.12,213,426,53,107,53,107,0,0
46,110,2.46,964,1928,241,482,241,482,0,0
46,117,2.99,836,1645,353,700,161,315,0,0
46,124,1,11,11,3,3,3,3,0,0
46,127,15.63,1485,3963,719,1970,488,1242,0,0
47,4,0.28,106,211,26,53,26,53,0,0
47,21,0.52,460,1379,0,0,460,1379,0,0
47,22,4.97,2188,4960,440,919,868,2203,0,0
47,23,2,1265,3134,316,783,316,783,0,0
47,27,0.25,79,79,20,20,20,20,0,0
47,35,1.21,129,364,32,91,32,91,0,0
47,36,3.7,764,1886,191,471,191,471,0,0
47,37,10,1513,2895,378,724,378,724,0,0
47,42,1,75,226,19,56,19,56,0,0
47,50,1,17,34,4,9,4,9,0,0
47,54,1,10,10,3,3,3,3,0,0
47,60,0.02,1,2,1,2,0,0,0,0
47,61,2.6,138,413,138,413,0,0,0,0
47,62,1,9,9,2,2,2,2,0,0
47,65,1,79,238,20,59,20,59,0,0
47,66,0.42,544,2177,136,544,136,544,0,0
47,70,2,168,436,42,109,42,109,0,0
47,73,1,150,300,150,300,0,0,0,0
47,74,0.89,474,948,118,237,118,237,0,0
47,75,1.11,186,373,145,289,14,28,0,0
47,106,4.07,183,354,159,316,8,13,0,0
47,107,1.93,169,338,47,93,41,81,0,0
47,108,0.51,239,716,60,179,60,179,0,0
47,109,3.47,472,1175,170,398,82,221,0,0
47,110,0.44,69,137,69,137,0,0,0,0
47,117,4.01,602,1463,455,1087,49,125,0,0
47,119,1,3,3,1,1,1,1,0,0
47,127,4.46,1159,2937,181,346,780,2226,0,0
48,7,0.64,209,417,0,0,0,0,209,417
48,10,8,1619,4262,534,1324,362,980,0,0
48,22,0.98,448,1292,112,323,112,323,0,0
48,23,1.53,461,1371,115,343,115,343,0,0
48,27,0.75,242,242,60,60,60,60,0,0
48,35,0.6,62,134,14,32,14,32,0,0
48,36,8.48,856,2009,386,854,147,375,0,0
48,60,11.37,1186,3046,554,1430,211,539,0,0
48,65,2,2019,6057,0,0,2019,6057,0,0
48,66,5.58,1412,4425,468,1451,315,991,0,0
48,67,6,508,1189,382,948,42,80,0,0
48,68,2.16,583,1999,146,500,146,500,0,0
48,69,3.84,877,1755,357,715,130,260,0,0
48,73,1,8,8,2,2,2,2,0,0
48,116,0.29,26,60,7,15,7,15,0,0
48,117,0.13,14,27,3,7,3,7,0,0
48,118,4,585,1327,264,683,107,215,0,0
49,1,1,16,32,4,8,4,8,0,0
49,6,1,68,204,17,51,17,51,0,0
49,7,2.36,571,1480,118,235,0,0,454,1244
49,8,4,505,1337,181,445,108,297,0,0
49,9,2,62,120,16,30,16,30,0,0
49,10,1,14,28,4,7,4,7,0,0
49,44,0.9,33,33,8,8,8,8,0,0
49,54,2.77,860,1770,267,585,197,395,0,0
49,55,0.55,62,186,62,186,0,0,0,0
49,60,0.63,71,142,52,104,6,13,0,0
49,68,2.04,1125,3334,287,851,279,828,0,0
49,79,1,13,13,3,3,3,3,0,0
49,88,1,25,25,6,6,6,6,0,0
49,92,1,48,144,12,36,12,36,0,0
49,116,2.24,207,474,52,118,52,118,0,0
49,117,0.34,34,68,9,17,9,17,0,0
49,120,1,19,19,5,5,5,5,0,0
49,121,4.95,997,1860,479,924,173,312,0,0
49,125,0.12,44,89,11,22,11,22,0,0
49,126,0.93,331,661,87,174,81,162,0,0
49,127,2.95,134,241,114,222,7,7,0,0
50,9,12,945,2505,529,1505,139,333,0,0
50,40,3.94,838,1634,210,409,210,409,0,0
50,41,1,121,363,121,363,0,0,0,0
50,44,5.62,964,2229,241,557,241,557,0,0
50,45,1.48,152,307,38,77,38,77,0,0
50,53,0.07,14,42,14,42,0,0,0,0
50,54,6.91,996,2298,635,1478,120,273,0,0
50,55,1.69,450,1128,113,282,113,282,0,0
50,64,4,352,852,199,545,51,102,0,0
50,68,0.96,171,511,170,511,0,0,0,0
50,89,2.02,496,1479,124,370,124,370,0,0
50,90,0.98,276,556,69,139,69,139,0,0
50,95,1.95,273,820,68,205,68,205,0,0
50,112,0.06,2,2,1,1,1,1,0,0
50,113,11.5,1733,3647,614,1274,373,791,0,0
50,120,3,106,106,92,92,5,5,0,0
50,121,0.05,19,38,5,10,5,10,0,0
50,122,1,43,43,0,0,0,0,0,0
50,124,0.06,41,82,10,21,10,21,0,0
50,125,2.94,1823,4294,294,588,941,2531,0,0
50,126,1.83,248,427,62,107,62,107,0,0
50,127,10.7,1371,2974,239,537,652,1363,0,0
51,1,5,350,967,87,242,87,242,0,0
51,7,2.11,141,393,119,349,7,15,0,0
51,8,3.67,252,729,63,182,63,182,0,0
51,9,4,131,237,30,57,30,57,0,0
51,40,8.01,1074,2145,438,875,212,423,0,0
51,41,10.26,1279,3087,489,1167,264,640,0,0
51,48,11.78,2092,4309,142,316,1665,3362,0,0
51,49,1.22,178,450,45,113,45,113,0,0
51,63,2.44,233,594,114,317,40,93,0,0
51,64,0.56,95,285,95,285,0,0,0,0
51,68,2,195,195,0,0,195,195,0,0
51,75,1,24,48,6,12,6,12,0,0
51,87,2.36,879,2219,166,394,381,1038,0,0
51,94,1.65,122,244,114,228,3,5,0,0
51,95,3.03,180,429,45,107,45,107,0,0
51,99,1,26,52,6,13,6,13,0,0
51,113,0.44,27,54,7,14,7,14,0,0
51,126,3.05,315,515,165,215,50,100,0,0
51,127,9.49,977,1700,398,790,220,358,0,0
52,2,1,16,33,4,8,4,8,0,0
52,7,0.12,13,34,10,30,1,2,0,0
52,8,0.09,7,14,2,3,2,3,0,0
52,17,1,29,29,7,7,7,7,0,0
52,39,0.25,220,659,0,0,220,659,0,0
52,40,1.75,663,1948,5,5,648,1932,0,0
52,41,9.78,828,1870,329,711,166,386,0,0
52,42,2,110,220,27,55,27,55,0,0
52,62,0.56,355,710,57,115,183,367,0,0
52,63,10.59,3850,9946,1007,2676,1096,2721,0,0
52,64,0.84,204,600,51,150,51,150,0,0
52,69,2,867,1735,867,1735,0,0,0,0
52,78,1,13,13,3,3,3,3,0,0
52,81,3.29,298,781,214,615,28,56,0,0
52,82,0.22,31,93,31,93,0,0,0,0
52,86,2.78,199,538,154,449,15,30,0,0
52,87,14.37,3638,10280,887,2503,1521,4404,0,0
52,88,2.66,201,472,120,257,27,72,0,0
52,95,12.02,1317,2870,471,1142,282,576,0,0
52,96,0.34,6,6,2,2,2,2,0,0
52,103,0.32,148,296,0,0,148,296,0,0
52,104,0.96,283,565,0,0,283,565,0,0
52,127,8,616,1314,367,756,83,186,0,0
53,3,1,9,9,2,2,2,2,0,0
53,49,0.99,71,212,18,53,18,53,0,0
53,55,3.64,621,1430,147,340,147,340,0,0
53,62,0.21,165,330,0,0,165,330,0,0
53,63,0.79,628,1256,0,0,628,1256,0,0
53,79,2.36,588,1177,464,928,41,83,0,0
53,81,13.06,919,2250,494,1354,142,299,0,0
53,82,1.42,83,226,65,189,6,12,0,0
53,86,0.93,60,180,60,180,0,0,0,0
53,87,19.02,1881,4855,709,1798,345,899,0,0
53,88,1.89,234,469,135,270,0,0,0,0
53,102,5.53,671,1975,170,497,167,493,0,0
53,103,11.15,1245,2991,562,1397,444,976,0,0
54,1,10.75,1038,2046,260,512,260,512,0,0
54,2,1,42,42,11,11,11,11,0,0
54,5,1,37,110,9,28,9,28,0,0
54,8,1,14,72,4,18,4,18,0,0
54,9,1,41,41,10,10,10,10,0,0
54,12,1,133,399,33,100,33,100,0,0
54,49,0.01,0,1,0,0,0,0,0,0
54,55,0.36,104,311,26,78,26,78,0,0
54,57,4,297,648,146,387,43,80,0,0
54,58,0.93,1717,5150,429,1287,429,1287,0,0
54,61,1,12,12,3,3,3,3,0,0
54,65,1,6,22,1,6,1,6,0,0
54,79,0.94,213,577,67,171,49,135,0,0
54,81,3.78,968,1935,635,1269,111,222,0,0
54,82,0.99,92,185,27,54,22,44,0,0
54,102,3,83,83,53,53,3,3,0,0
54,103,0.03,5,10,5,10,0,0,0,0
55,0,1,105,210,105,210,0,0,0,0
55,1,3.33,297,744,140,384,52,120,0,0
55,2,8.67,1124,2999,608,1731,430,1197,0,0
55,27,1.27,95,320,80,305,5,5,0,0
55,28,5.73,1130,3137,485,1497,215,547,0,0
55,53,1,18,18,5,5,5,5,0,0
55,58,1.07,274,822,172,515,34,102,0,0
55,59,11.79,2218,6208,751,2142,489,1355,0,0
55,60,1.55,70,89,17,22,17,22,0,0
55,65,1,11,11,3,3,3,3,0,0
55,68,1,9,27,2,7,2,7,0,0
55,79,11.68,1313,3139,454,1163,286,659,0,0
55,80,0.02,2,4,1,1,1,1,0,0
55,81,8.13,1325,4244,450,1298,292,982,0,0
55,102,4,523,1639,247,758,92,294,0,0
56,2,4.26,494,1406,288,858,51,147,0,0
56,5,1,9,28,2,7,2,7,0,0
56,16,1,5,5,1,1,1,1,0,0
56,55,3.98,723,1834,291,680,144,385,0,0
56,59,9.51,1723,4178,635,1624,317,670,0,0
56,60,1.15,87,175,22,44,22,44,0,0
56,81,1.1,243,821,173,542,23,93,0,0
56,105,1,30,59,7,15,7,15,0,0
56,113,0.6,13,13,3,3,3,3,0,0
56,114,0.4,9,9,2,2,2,2,0,0
57,0,3,167,333,149,298,6,12,0,0
57,1,12.14,2082,3574,695,1242,454,761,0,0
57,14,1,17,51,4,13,4,13,0,0
57,51,0.03,18,35,4,9,4,9,0,0
57,53,1.49,149,297,67,134,0,0,0,0
57,54,1.53,186,372,186,372,0,0,0,0
57,55,3.02,727,1991,182,498,182,498,0,0
57,59,0.01,4,9,1,2,1,2,0,0
57,61,1,9,28,2,7,2,7,0,0
58,0,0.03,5,10,0,0,5,10,0,0
58,1,6.83,1367,2734,24,48,1248,2495,0,0
58,3,1,40,119,10,30,10,30,0,0
58,16,6.81,954,1910,180,434,573,1130,0,0
58,17,1.74,162,439,127,370,11,23,0,0
58,37,1,16,32,4,8,4,8,0,0
58,43,1,9,38,2,9,2,9,0,0
58,51,5.75,1170,2349,292,587,292,587,0,0
58,52,1.35,279,558,70,139,70,139,0,0
58,53,0.99,160,320,160,320,0,0,0,0
58,90,2,374,1123,0,0,0,0,374,1123
58,91,4,456,1320,152,340,57,151,0,0
58,104,1.72,95,195,31,70,21,42,0,0
58,105,0.51,80,161,0,0,0,0,0,0
58,126,1.72,185,683,88,296,32,129,0,0
58,127,0.28,50,202,13,50,13,50,0,0
59,1,1.63,23,23,6,6,6,6,0,0
59,3,1,5,5,1,1,1,1,0,0
59,7,2,50,50,12,12,12,12,0,0
59,8,16.4,2677,6818,752,1953,799,2095,0,0
59,16,2.71,282,673,37,107,147,328,0,0
59,17,2.73,587,1187,4,11,576,1155,0,0
59,43,1.24,218,613,55,153,55,153,0,0
59,44,1.76,341,890,241,688,34,67,0,0
59,45,2,100,200,25,50,25,50,0,0
59,51,4.5,460,1168,254,708,69,153,0,0
59,52,3.36,632,1592,158,398,158,398,0,0
59,58,1,6,6,1,1,1,1,0,0
59,74,1,24,48,6,12,6,12,0,0
59,86,6.45,488,1377,219,646,83,237,0,0
59,90,1,41,122,41,122,0,0,0,0
59,102,1.04,223,446,211,423,4,8,0,0
59,103,6.86,1301,3547,626,1730,176,507,0,0
59,104,8.58,1072,2714,559,1434,171,427,0,0
59,105,2.19,750,2036,271,676,134,402,0,0
59,107,6.94,775,2051,194,513,194,513,0,0
59,108,0.21,69,138,17,34,17,34,0,0
59,109,8.66,918,2362,449,1248,156,371,0,0
59,110,11.13,1012,2859,494,1437,173,474,0,0
59,111,1.41,169,242,42,61,42,61,0,0
59,112,5.59,478,1058,196,493,94,188,0,0
59,113,1,33,33,8,8,8,8,0,0
59,114,2,1204,2407,301,602,301,602,0,0
60,1,0.37,9,9,2,2,2,2,0,0
60,2,4,1058,2078,443,1055,205,341,0,0
60,3,0.65,40,40,10,10,10,10,0,0
60,4,0.01,1,1,0,0,0,0,0,0
60,5,0.69,102,305,102,305,0,0,0,0
60,6,0.31,47,140,47,140,0,0,0,0
60,7,4.02,258,547,121,193,46,118,0,0
60,8,6.59,925,1612,331,602,198,336,0,0
60,20,1,6,19,2,5,2,5,0,0
60,48,3,647,1271,630,1254,6,6,0,0
60,60,1,25,25,6,6,6,6,0,0
60,78,1,47,94,12,23,12,23,0,0
60,86,2.55,666,1868,138,381,463,1356,0,0
60,89,1.96,85,141,21,35,21,35,0,0
60,90,15.04,1020,2405,536,1305,154,351,0,0
60,92,0.85,27,27,27,27,0,0,0,0
60,93,0.15,5,5,5,5,0,0,0,0
60,94,0.01,0,0,0,0,0,0,0,0
60,95,0.99,39,39,10,10,10,10,0,0
60,101,0.23,254,509,0,0,254,509,0,0
60,102,7.92,2219,4437,339,678,1201,2402,0,0
60,103,3.95,526,1107,172,399,118,236,0,0
60,105,0.27,17,35,4,9,4,9,0,0
60,106,0.9,130,260,57,115,24,48,0,0
60,107,1.61,364,922,91,231,91,231,0,0
60,108,5.48,851,1849,406,848,149,334,0,0
60,110,9,583,1073,342,607,57,109,0,0
60,113,4.62,469,1298,265,708,68,197,0,0
60,114,5.38,972,2898,550,1645,141,418,0,0
60,120,1,208,623,52,156,52,156,0,0
61,3,1.32,105,191,29,53,25,46,0,0
61,4,3.02,207,398,183,362,8,12,0,0
61,16,1,6,6,1,1,1,1,0,0
61,17,7.63,1268,3183,584,1597,228,529,0,0
61,18,2.37,178,334,45,84,45,84,0,0
61,28,2,175,350,44,87,44,87,0,0
61,29,14.77,1660,3579,730,1718,278,555,0,0
61,30,1.58,183,412,81,208,34,68,0,0
61,31,0.22,33,65,8,16,8,16,0,0
61,89,1,287,574,287,574,0,0,0,0
61,105,0.66,44,87,11,22,11,22,0,0
61,106,6.05,576,1103,202,392,30,48,0,0
61,107,3.58,769,1516,572,1139,60,114,0,0
61,108,4.52,1528,4290,382,1073,382,1073,0,0
61,109,0.04,9,27,9,27,0,0,0,0
61,110,4.96,502,1434,280,823,74,204,0,0
61,120,5,764,2081,191,520,191,520,0,0
62,4,0.99,108,215,27,54,27,54,0,0
62,18,10,440,1009,196,523,64,126,0,0
62,19,5,283,529,170,330,24,39,0,0
62,29,5.55,959,2149,242,541,239,536,0,0
62,30,10.26,1597,3755,399,939,399,939,0,0
62,31,0.19,29,58,7,14,7,14,0,0
62,35,0.86,25,49,6,12,6,12,0,0
62,48,3.42,347,686,85,169,85,169,0,0
62,49,3,459,918,427,854,11,21,0,0
62,73,4,367,935,208,622,91,182,0,0
62,85,1,29,59,7,15,7,15,0,0
62,94,1,15,15,4,4,4,4,0,0
62,109,2,188,375,174,347,5,9,0,0
62,126,2.4,1057,2114,160,321,576,1151,0,0
62,127,4.06,386,773,97,193,97,193,0,0
63,3,2.75,416,1062,277,786,46,92,0,0
63,4,1.01,220,658,219,656,0,1,0,0
63,18,1,34,34,9,9,9,9,0,0
63,29,1.22,245,571,78,181,123,333,0,0
63,32,1,20,41,5,10,5,10,0,0
63,33,1.89,402,1153,100,288,100,288,0,0
63,34,2.48,127,248,91,181,12,22,0,0
63,35,4.66,353,681,300,593,18,29,0,0
63,39,1,20,40,5,10,5,10,0,0
63,48,0.58,11,11,0,0,0,0,0,0
63,73,2.43,683,1354,171,338,171,338,0,0
63,74,0.56,82,164,21,41,21,41,0,0
63,92,1.55,89,225,58,163,10,21,0,0
63,93,9.5,554,1182,262,675,83,140,0,0
63,104,5.8,291,670,179,488,37,61,0,0
63,105,2.2,201,436,76,187,42,83,0,0
63,114,1,67,67,17,17,17,17,0,0
63,126,0.54,291,581,26,53,212,424,0,0
63,127,1,117,350,116,349,0,0,0,0
64,3,0.25,49,98,12,24,12,24,0,0
64,9,1,48,48,12,12,12,12,0,0
64,29,1.21,127,336,69,163,83,248,0,0
64,33,2.11,264,587,66,147,66,147,0,0
64,34,1,182,364,182,364,0,0,0,0
64,37,1,26,78,7,20,7,20,0,0
64,49,1,16,16,4,4,4,4,0,0
64,72,0.59,578,1734,144,434,144,434,0,0
64,73,2.82,447,903,112,226,112,226,0,0
64,74,0.2,30,59,7,15,7,15,0,0
64,93,0.95,22,22,6,6,6,6,0,0
64,100,1,23,45,6,11,6,11,0,0
65,1,1,25,25,6,6,6,6,0,0
65,2,5.42,438,902,109,225,109,225,0,0
65,3,4.58,501,1452,234,797,89,219,0,0
65,15,0.53,20,20,5,5,5,5,0,0
65,31,1,17,52,4,13,4,13,0,0
65,43,0.85,89,177,89,177,0,0,0,0
65,44,4.15,372,726,256,513,33,65,0,0
65,54,2.61,506,1157,126,289,126,289,0,0
65,55,8.71,1326,2832,500,1212,275,540,0,0
65,72,7,1216,3446,631,1842,195,534,0,0
65,73,2.39,702,2438,235,788,156,550,0,0
65,76,1,34,68,9,17,9,17,0,0
65,92,1,9,9,2,2,2,2,0,0
65,93,6.66,473,1078,259,663,71,138,0,0
65,126,0.21,200,798,50,200,50,200,0,0
66,15,0.47,18,18,4,4,4,4,0,0
66,18,1,81,162,81,162,0,0,0,0
66,19,0.25,44,87,11,22,11,22,0,0
66,36,1,15,15,4,4,4,4,0,0
66,37,0.91,30,89,7,22,7,22,0,0
66,38,0.09,3,8,1,2,1,2,0,0
66,40,1,115,229,29,57,29,57,0,0
66,54,3.46,729,1559,178,381,178,381,0,0
66,55,1.22,217,434,54,109,54,109,0,0
66,72,16.37,1711,3793,679,1507,321,715,0,0
66,73,7.26,647,1425,241,606,108,218,0,0
66,92,7.61,549,1594,411,1333,22,39,0,0
66,93,18.71,1581,5338,1277,4282,55,121,0,0
66,94,6.96,350,1036,138,411,71,209,0,0
66,99,6.22,679,1972,435,1288,81,228,0,0
66,100,1.78,53,73,13,18,13,18,0,0
66,126,5.05,1527,4737,280,1006,756,1923,0,0
66,127,6.06,626,1773,450,1244,38,115,0,0
67,2,3.38,543,1278,281,755,87,175,0,0
67,3,2.11,238,544,111,290,42,85,0,0
67,4,1,49,98,12,25,12,25,0,0
67,7,1,7,14,2,4,2,4,0,0
67,18,1.9,301,698,0,0,0,0,301,698
67,19,0.75,131,263,33,66,33,66,0,0
67,27,1,75,75,19,19,19,19,0,0
67,38,1.31,314,786,79,196,79,196,0,0
67,53,1,10,30,2,7,2,7,0,0
67,72,4.56,488,1275,207,574,94,234,0,0
67,73,2.82,298,733,131,352,56,127,0,0
67,74,1.65,88,172,85,168,1,1,0,0
67,93,1.02,265,1323,256,1282,0,0,0,0
67,94,2.17,461,1518,117,485,1,3,342,1025
67,95,0.87,108,538,108,538,0,0,0,0
67,98,0.53,67,135,67,135,0,0,0,0
67,99,3,987,2340,247,585,247,585,0,0
67,113,3.86,480,1255,172,471,103,262,0,0
67,114,0.6,81,233,73,217,3,5,0,0
67,126,3.18,556,1163,139,291,139,291,0,0
67,127,2.07,283,628,191,398,30,77,0,0
68,1,1,34,68,8,17,8,17,0,0
68,2,0.36,95,189,24,47,24,47,0,0
68,3,0.15,22,44,6,11,6,11,0,0
68,6,5.83,455,952,129,312,146,250,0,0
68,7,11.26,1842,3826,212,478,1292,2652,0,0
68,17,1,19,19,5,5,5,5,0,0
68,18,0.1,23,46,0,0,0,0,23,46
68,21,1,9,18,2,4,2,4,0,0
68,23,2,27,60,7,15,7,15,0,0
68,37,6.05,685,1342,387,822,100,173,0,0
68,38,1.63,374,1096,94,274,94,274,0,0
68,72,0.47,180,360,45,90,45,90,0,0
68,73,2.53,326,651,81,163,81,163,0,0
68,74,2.35,120,241,53,105,7,15,0,0
68,89,2.61,108,217,80,160,9,19,0,0
68,90,3.39,240,572,95,212,48,120,0,0
68,93,5.95,298,1021,66,238,66,238,0,0
68,97,0.22,206,617,51,154,51,154,0,0
68,98,2.09,929,2727,277,771,217,652,0,0
68,113,3,428,1231,107,308,107,308,0,0
68,114,0.54,83,249,83,249,0,0,0,0
69,6,0.68,248,496,0,0,248,496,0,0
69,7,2.24,1095,2447,244,552,363,791,0,0
69,20,4.7,261,736,133,389,42,116,0,0
69,21,2.48,194,438,147,295,2,6,0,0
69,39,1,10,10,2,2,2,2,0,0
69,72,1,20,41,5,10,5,10,0,0
69,93,4.07,301,753,157,447,88,182,0,0
69,94,11.27,744,1551,517,1165,49,82,0,0
69,97,0.07,67,202,17,51,17,51,0,0
69,98,0.08,70,210,18,53,18,53,0,0
69,101,9.98,769,1987,321,884,203,529,0,0
69,103,1,35,35,9,9,9,9,0,0
69,127,1,27,27,7,7,7,7,0,0
70,2,0.68,46,92,33,66,4,8,0,0
70,3,1.32,158,316,146,292,4,8,0,0
70,5,4,520,1187,130,297,130,297,0,0
70,6,0.7,1825,5474,0,0,1825,5474,0,0
70,19,1,13,13,3,3,3,3,0,0
70,20,3.56,623,1687,151,366,220,692,0,0
70,21,12.29,2175,4779,492,1197,994,1731,0,0
70,25,1,16,98,4,24,4,24,0,0
70,51,0.84,8,8,2,2,2,2,0,0
70,52,0.16,1,1,0,0,0,0,0,0
70,58,5.76,1167,3192,425,1198,247,665,0,0
70,94,2.71,259,534,98,212,0,0,0,0
70,97,2,136,271,130,261,2,4,0,0
70,101,0.02,1,1,0,0,0,0,0,0
70,117,5,653,1109,163,277,163,277,0,0
71,2,1.53,74,74,18,18,18,18,0,0
71,3,0.57,15,15,4,4,4,4,0,0
71,6,0.3,795,2386,0,0,795,2386,0,0
71,20,0.87,420,1503,44,133,287,1105,0,0
71,21,0.1,110,329,27,82,27,82,0,0
71,22,3,214,438,189,380,8,19,0,0
71,37,4.63,1325,2649,811,1622,171,342,0,0
71,38,2.68,838,1507,210,377,210,377,0,0
71,50,2,178,355,44,89,44,89,0,0
71,51,0.11,166,332,42,83,42,83,0,0
71,55,0.99,14,41,3,10,3,10,0,0
71,56,0.01,0,0,0,0,0,0,0,0
71,57,0.08,19,37,6,11,0,0,0,0
71,58,8.16,1266,2985,415,943,237,587,0,0
71,59,4.53,353,965,133,330,73,212,0,0
71,71,1,17,33,4,8,4,8,0,0
71,93,7,921,2198,383,1009,179,396,0,0
71,94,1,32,64,8,16,8,16,0,0
72,2,3.82,221,399,146,282,25,39,0,0
72,3,0.08,2,5,1,1,1,1,0,0
72,7,0.36,8,15,2,4,2,4,0,0
72,11,1,12,35,3,9,3,9,0,0
72,21,0.02,0,0,0,0,0,0,0,0
72,22,8.37,468,929,244,486,59,117,0,0
72,26,1,17,84,4,21,4,21,0,0
72,37,3.69,413,817,103,204,103,204,0,0
72,38,6,865,2122,336,889,176,411,0,0
72,44,0.3,36,72,9,18,9,18,0,0
72,50,2,376,1066,78,235,141,360,0,0
72,51,4.62,2071,4143,518,1036,518,1036,0,0
72,52,1.03,73,123,18,31,18,31,0,0
72,54,7,1255,3074,396,1015,286,687,0,0
72,55,4,881,1999,220,500,220,500,0,0
72,57,2,241,481,60,120,60,120,0,0
72,58,0.01,0,0,0,0,0,0,0,0
72,59,3.46,289,788,266,740,8,16,0,0
72,92,2,117,175,73,130,15,15,0,0
72,93,6.63,582,1483,376,985,69,166,0,0
72,94,0.37,48,144,48,144,0,0,0,0
73,7,1.64,25,50,6,12,6,12,0,0
73,21,1.07,592,1165,6,8,573,1143,0,0
73,22,9.98,2677,5753,485,1318,1885,3787,0,0
73,44,0.7,82,164,20,41,20,41,0,0
73,51,0.93,97,193,24,48,24,48,0,0
73,52,1.3,384,768,96,192,96,192,0,0
73,53,1,16,48,4,12,4,12,0,0
73,54,1,212,423,212,423,0,0,0,0
73,66,0.12,22,66,5,16,5,16,0,0
73,67,2.83,320,629,80,157,80,157,0,0
73,68,3.46,552,1405,226,616,109,263,0,0
73,69,5.02,293,604,74,153,73,150,0,0
73,70,1.73,577,2106,144,527,144,527,0,0
73,79,2,276,800,255,757,7,14,0,0
73,91,1,28,28,7,7,7,7,0,0
73,92,4.69,245,566,126,270,40,99,0,0
73,93,1,102,204,102,204,0,0,0,0
73,95,1,66,328,66,328,0,0,0,0
73,96,3.42,279,752,188,544,30,70,0,0
74,1,10.72,650,1225,156,287,182,366,0,0
74,2,9.34,1256,2768,531,1229,242,513,0,0
74,8,1,21,129,5,32,5,32,0,0
74,21,8.42,977,2073,344,883,460,968,0,0
74,22,2.14,584,1504,120,360,464,1144,0,0
74,48,2.13,1500,3664,375,916,375,916,0,0
74,53,6,371,751,261,540,37,70,0,0
74,66,0.7,164,363,41,91,41,91,0,0
74,67,7.4,1591,4290,504,1393,362,966,0,0
74,68,1.49,287,575,139,280,49,99,0,0
74,69,8.1,1798,4285,514,1158,372,875,0,0
74,70,3.55,925,2285,231,571,231,571,0,0
74,71,7.42,1146,3181,286,795,286,795,0,0
74,72,0.58,88,176,22,44,22,44,0,0
74,90,1.93,187,373,118,236,23,46,0,0
74,91,4.14,194,384,174,347,7,12,0,0
74,92,11.46,990,2141,518,1156,157,328,0,0
74,93,3.53,281,809,268,796,4,4,0,0
74,94,1.45,61,61,55,55,2,2,0,0
74,95,1,23,23,23,23,0,0,0,0
74,96,0.58,47,140,12,35,12,35,0,0
74,99,3,93,168,68,132,8,12,0,0
74,123,0.85,132,265,33,66,33,66,0,0
75,0,1,208,416,52,104,52,104,0,0
75,1,7.31,1432,3864,130,266,1086,3157,0,0
75,2,6.85,843,1642,211,410,211,410,0,0
75,3,6,1088,2149,272,537,272,537,0,0
75,6,2,352,1196,272,1037,26,53,0,0
75,23,0.97,20,40,5,10,5,10,0,0
75,24,0.03,1,1,0,0,0,0,0,0
75,46,0.97,98,195,24,49,24,49,0,0
75,47,7.59,1092,2809,605,1494,50,103,335,1005
75,48,14.64,1973,4893,731,1788,414,1035,0,0
75,50,1,15,15,4,4,4,4,0,0
75,53,4.15,490,1148,267,576,74,190,0,0
75,54,0.5,35,106,9,26,9,26,0,0
75,66,1,293,585,293,585,0,0,0,0
75,70,7.6,715,1466,361,799,118,222,0,0
75,90,0.07,7,14,2,3,2,3,0,0
75,91,6.06,381,871,264,554,35,98,0,0
75,103,3.13,446,1180,280,800,55,126,0,0
75,122,1,30,59,7,15,7,15,0,0
75,123,4.15,409,1140,216,627,64,171,0,0
75,124,4.03,412,977,218,589,65,129,0,0
76,1,0.77,77,155,77,155,0,0,0,0
76,3,1.38,76,152,66,132,3,7,0,0
76,6,1,12,25,3,6,3,6,0,0
76,26,0.06,4,7,1,2,1,2,0,0
76,27,1,11,21,3,5,3,5,0,0
76,46,0.03,3,6,1,1,1,1,0,0
76,47,5.04,675,1905,225,609,318,936,0,0
76,48,2.26,186,485,47,121,47,121,0,0
76,53,4.76,1230,2956,308,739,308,739,0,0
76,54,10.57,2003,4221,664,1546,446,892,0,0
76,65,3.47,272,612,135,353,46,86,0,0
76,66,0.53,105,210,26,53,26,53,0,0
76,67,4,540,1431,232,551,103,293,0,0
76,91,5.66,361,1195,246,889,31,87,0,0
76,101,1,18,54,5,14,5,14,0,0
76,102,6.37,1246,3340,538,1513,236,609,0,0
76,103,7.85,2654,6260,453,1145,1294,2826,0,0
76,104,0.79,621,1242,0,0,621,1242,0,0
76,122,2,298,893,298,893,0,0,0,0
76,123,1.41,1034,2318,259,579,259,579,0,0
76,124,5.24,951,2386,238,597,238,597,0,0
77,0,3.87,554,1473,138,368,138,368,0,0
77,3,1.62,118,237,106,212,4,8,0,0
77,22,0.61,619,1238,0,0,619,1238,0,0
77,26,3.58,443,923,101,202,101,202,0,0
77,27,2.36,476,1407,119,352,119,352,0,0
77,45,1,8,8,2,2,2,2,0,0
77,47,0.34,73,180,10,19,44,121,0,0
77,49,1,8,8,2,2,2,2,0,0
77,54,0.02,9,18,2,5,2,5,0,0
77,91,2,79,217,64,187,5,10,0,0
77,97,1,9,9,2,2,2,2,0,0
77,99,1,47,95,12,24,12,24,0,0
77,102,0.2,287,574,72,144,72,144,0,0
77,103,8.64,1226,2812,425,1059,267,584,0,0
77,105,1,2100,6301,525,1575,525,1575,0,0
77,122,5.4,428,1037,190,509,79,176,0,0
77,123,0.15,88,264,22,66,22,66,0,0
77,124,0.16,99,297,25,74,25,74,0,0
78,0,1.13,207,479,52,120,52,120,0,0
78,8,1.6,1290,4717,12,24,1254,4644,0,0
78,9,4.58,1240,3363,8,13,1218,3324,0,0
78,22,3.39,794,1733,208,561,460,920,0,0
78,26,0.05,13,38,3,10,3,10,0,0
78,27,0.95,258,775,65,194,65,194,0,0
78,44,1,16,114,4,28,4,28,0,0
78,47,1,51,103,13,26,13,26,0,0
78,55,1,42,84,10,21,10,21,0,0
78,91,1,24,24,6,6,6,6,0,0
78,102,2,211,421,204,409,2,4,0,0
78,122,7.9,2455,5936,442,968,1129,3031,0,0
78,123,2.7,915,1841,229,460,229,460,0,0
79,8,0.63,268,556,64,129,75,169,0,0
79,9,3.19,627,1322,201,465,146,299,0,0
79,60,1,19,19,5,5,5,5,0,0
79,61,7.12,696,1617,258,656,146,320,0,0
79,75,1,54,54,14,14,14,14,0,0
79,90,1.92,166,594,113,433,18,54,0,0
79,91,8.08,555,1736,279,1022,54,123,0,0
79,103,10,936,2503,302,962,126,257,0,0
80,1,5,852,1756,192,397,192,397,0,0
80,25,4,599,1523,394,1113,68,137,0,0
80,38,1,17,50,4,12,4,12,0,0
80,41,0.61,247,494,62,123,62,123,0,0
80,42,8.39,1277,3174,359,943,348,785,0,0
80,43,1.19,162,318,158,314,1,1,0,0
80,44,16.39,1613,3340,842,1713,257,542,0,0
80,45,7.98,1043,2142,261,535,261,535,0,0
80,46,1.94,761,1522,190,381,190,381,0,0
80,49,1,13,25,3,6,3,6,0,0
80,60,0.36,74,223,74,223,0,0,0,0
80,61,5.44,3588,10654,1210,3604,792,2350,0,0
80,62,0.08,125,374,31,94,31,94,0,0
80,68,1,16,32,0,0,0,0,0,0
80,92,1,33,66,8,16,8,16,0,0
80,105,0.69,7,14,3,7,1,3,0,0
80,106,1.27,212,425,211,421,1,1,0,0
80,107,0.14,93,279,23,70,23,70,0,0
80,108,1,520,1560,130,390,130,390,0,0
80,125,4.37,962,1986,241,497,241,497,0,0
80,126,5.71,1308,3793,327,948,327,948,0,0
81,0,1,149,447,149,447,0,0,0,0
81,2,7.88,806,1611,716,1432,6,11,0,0
81,3,3.94,537,1188,393,785,0,0,114,341
81,23,5,440,862,385,766,18,32,0,0
81,26,2,78,156,20,39,20,39,0,0
81,42,1,7,7,2,2,2,2,0,0
81,43,6,1109,2624,459,1021,216,535,0,0
81,44,7.43,2129,5140,634,1631,443,1059,0,0
81,45,0.02,2,4,0,1,0,1,0,0
81,46,0.06,17,33,4,8,4,8,0,0
81,54,1,49,97,12,24,12,24,0,0
81,57,1,30,60,7,15,7,15,0,0
81,67,4.39,460,963,172,356,96,203,0,0
81,68,24.22,1508,3507,863,2153,215,451,0,0
81,73,1,85,170,85,170,0,0,0,0
81,106,0.04,9,18,9,18,0,0,0,0
81,107,1.99,389,1110,97,278,97,278,0,0
81,108,9.87,948,2568,335,935,204,544,0,0
81,125,0.15,61,122,15,30,15,30,0,0
81,126,2.76,789,1826,197,456,197,456,0,0
81,127,5,475,1213,360,1029,38,62,0,0
82,3,5.42,571,1440,216,432,17,33,300,899
82,4,5.75,822,1644,405,811,525,1050,0,0
82,23,0.31,171,397,55,164,117,233,0,0
82,24,7.11,3095,6642,359,992,2447,4953,0,0
82,25,0.68,537,1612,134,403,134,403,0,0
82,27,5,1825,5359,456,1340,456,1340,0,0
82,42,1,10,29,2,7,2,7,0,0
82,43,4,695,1452,174,363,174,363,0,0
82,46,0.14,41,83,10,21,10,21,0,0
82,47,2.94,2284,4567,571,1142,571,1142,0,0
82,50,1,13,40,3,10,3,10,0,0
82,67,0.02,4,9,1,2,1,2,0,0
82,68,6.37,516,1344,251,642,88,234,0,0
82,69,1,19,38,5,10,5,10,0,0
82,98,3,175,350,44,87,44,87,0,0
82,107,1,40,80,10,20,10,20,0,0
82,108,2,93,280,55,166,0,0,0,0
82,109,2,95,259,24,65,24,65,0,0
83,0,7.1,3181,8540,305,812,2416,6404,0,0
83,3,0.92,45,90,11,23,11,23,0,0
83,4,0.08,4,7,1,2,1,2,0,0
83,8,0.05,12,24,3,6,3,6,0,0
83,23,1.88,2613,5776,498,995,1119,2789,0,0
83,24,2.04,2711,5567,0,0,2711,5567,0,0
83,43,1,56,111,14,28,14,28,0,0
83,46,1.11,127,253,32,63,32,63,0,0
83,47,5.8,948,1837,237,459,237,459,0,0
83,52,0.66,238,476,59,119,59,119,0,0
83,62,1,21,21,5,5,5,5,0,0
83,86,1,16,16,4,4,4,4,0,0
83,109,3.77,164,433,131,380,11,18,0,0
84,0,1.09,761,2157,122,367,638,1790,0,0
84,1,0.3,53,160,53,160,0,0,0,0
84,2,1,54,54,0,0,0,0,0,0
84,6,4.22,1243,3149,311,787,311,787,0,0
84,7,0.5,994,2981,248,745,248,745,0,0
84,8,2.95,367,835,167,434,67,134,0,0
84,16,1,38,38,10,10,10,10,0,0
84,23,2.98,2424,4847,606,1212,606,1212,0,0
84,42,1,5,16,1,4,1,4,0,0
84,52,4.34,1103,2977,237,668,237,668,0,0
84,109,1.23,58,173,28,84,10,30,0,0
84,110,1,11,11,3,3,3,3,0,0
84,118,4,250,628,177,508,14,18,0,0
85,0,0.28,171,342,43,86,43,86,0,0
85,1,1,102,204,25,51,25,51,0,0
85,2,0.71,87,235,22,59,22,59,0,0
85,3,1.29,387,1142,97,285,97,285,0,0
85,6,3.11,397,921,99,230,99,230,0,0
85,7,0.17,348,1043,87,261,87,261,0,0
85,20,6,411,789,203,399,69,130,0,0
85,31,1,38,113,9,28,9,28,0,0
85,62,4.03,453,839,216,415,79,142,0,0
85,70,1,39,77,10,19,10,19,0,0
85,72,0.99,61,122,15,30,15,30,0,0
85,73,0.08,4,8,1,2,1,2,0,0
85,87,1,49,99,12,25,12,25,0,0
85,97,1,91,182,23,46,23,46,0,0
85,110,1.88,255,688,197,570,20,39,0,0
85,111,3.12,320,900,98,279,74,207,0,0
86,21,1,50,101,13,25,13,25,0,0
86,22,4,414,828,222,444,64,128,0,0
86,52,1.45,135,264,34,67,34,66,0,0
86,53,2.55,286,536,219,429,22,36,0,0
86,55,0.11,34,68,8,17,8,17,0,0
86,62,0.97,44,44,11,11,11,11,0,0
86,72,0.93,198,398,49,99,49,99,0,0
86,73,3.99,455,1147,114,287,114,287,0,0
86,95,14.89,1069,2562,508,1404,169,350,0,0
86,96,0.11,6,12,6,12,0,0,0,0
86,97,0.26,18,55,18,55,0,0,0,0
86,110,2,236,707,93,279,48,143,0,0
86,126,2,304,593,76,148,76,148,0,0
86,127,9.45,739,2230,543,1759,55,125,0,0
87,24,1.64,206,411,121,242,28,56,0,0
87,37,1,49,194,12,49,12,49,0,0
87,39,1,35,69,9,17,9,17,0,0
87,45,1,8,8,2,2,2,2,0,0
87,53,1,20,40,5,10,5,10,0,0
87,55,5.88,1940,4975,605,1605,445,1124,0,0
87,56,0.01,10,30,3,8,3,8,0,0
87,64,1,42,42,11,11,11,11,0,0
87,94,1.99,140,420,115,346,8,25,0,0
87,95,3,200,368,176,345,8,8,0,0
87,96,1.98,341,1287,16,46,292,1150,0,0
87,97,16.73,1382,3470,479,1207,539,1273,0,0
87,116,3,264,926,222,800,14,42,0,0
87,127,12.55,1392,4024,640,1848,490,1360,0,0
88,2,0.03,2,4,0,1,0,1,0,0
88,3,0.97,54,109,14,27,14,27,0,0
88,13,1,13,13,3,3,3,3,0,0
88,24,2.36,180,265,45,66,45,66,0,0
88,41,0.48,35,71,35,71,0,0,0,0
88,42,4.52,798,1581,82,160,630,1256,0,0
88,71,0.29,38,113,38,113,0,0,0,0
88,72,0.71,91,273,91,273,0,0,0,0
88,94,0.01,0,1,0,1,0,0,0,0
88,97,8.18,321,841,173,594,40,64,0,0
88,98,5.84,388,955,269,725,7,11,0,0
88,123,1,47,94,47,94,0,0,0,0
88,124,6,405,1192,188,559,72,211,0,0
88,125,3,151,382,67,154,28,76,0,0
89,7,0.97,168,504,168,504,0,0,0,0
89,8,2.89,1158,2570,488,1040,223,510,0,0
89,14,1,130,130,33,33,33,33,0,0
89,15,1,9,9,2,2,2,2,0,0
89,50,0.17,5,9,1,2,1,2,0,0
89,51,0.83,23,46,6,12,6,12,0,0
89,58,1,30,60,7,15,7,15,0,0
89,96,0.93,73,219,0,0,0,0,73,219
89,97,0.07,6,18,0,0,0,0,6,18
89,124,1.95,104,180,83,159,7,7,0,0
90,7,0.03,6,18,6,18,0,0,0,0
90,8,0.11,31,92,8,23,8,23,0,0
90,26,0.91,80,236,22,64,19,57,0,0
90,27,3.08,345,641,148,284,65,119,0,0
90,30,3,402,1248,205,730,66,173,0,0
90,90,1,40,40,10,10,10,10,0,0
90,123,0.81,16,16,4,4,4,4,0,0
90,124,1.24,19,21,6,9,4,4,0,0
90,125,1,67,133,67,133,0,0,0,0
91,4,1.4,149,298,107,215,14,28,0,0
91,17,1,12,25,3,6,3,6,0,0
91,22,0.16,24,49,6,12,6,12,0,0
91,23,0.07,11,22,3,5,3,5,0,0
91,27,0.01,1,2,1,2,0,0,0,0
91,29,8.15,704,1755,255,598,149,386,0,0
91,30,1.85,57,119,14,30,14,30,0,0
91,32,2.47,439,1170,275,789,55,127,0,0
91,43,0.01,1,2,1,2,0,0,0,0
91,52,1,41,81,10,20,10,20,0,0
91,82,0.41,26,52,6,13,6,13,0,0
91,83,0.59,37,75,9,19,9,19,0,0
91,109,1,54,162,14,41,14,41,0,0
91,113,2,428,1209,107,302,107,302,0,0
91,124,1,25,50,6,12,6,12,0,0
92,4,0.6,141,281,141,281,0,0,0,0
92,5,6,1501,3391,518,1055,275,569,0,0
92,11,1,969,2908,242,727,242,727,0,0
92,17,3.57,230,415,127,242,34,58,0,0
92,22,0.71,106,212,26,53,26,53,0,0
92,23,14.14,1135,2240,371,821,255,473,0,0
92,24,0.23,19,45,5,11,5,11,0,0
92,32,6.53,843,2241,411,1160,144,360,0,0
92,33,2,584,1168,146,292,146,292,0,0
92,42,6.95,733,2243,354,1072,126,390,0,0
92,43,11.27,1857,4066,648,1497,403,856,0,0
92,60,3.24,334,667,83,167,83,167,0,0
92,61,3.12,380,820,95,205,95,205,0,0
92,63,6.01,914,2590,334,964,193,542,0,0
92,64,11.89,1313,2791,340,752,299,628,0,0
92,75,1,24,24,6,6,6,6,0,0
92,87,2.75,224,501,56,125,56,125,0,0
92,88,6.06,557,1398,229,618,109,260,0,0
92,108,14.99,815,2064,550,1315,88,250,0,0
92,109,0.01,1,2,1,2,0,0,0,0
92,118,5.16,665,1776,295,701,123,358,0,0
92,124,1,16,16,4,4,4,4,0,0
93,17,2.43,170,288,96,179,25,36,0,0
93,18,0.02,9,17,9,17,0,0,0,0
93,22,0.37,43,86,11,22,11,22,0,0
93,23,11.28,1031,2028,518,935,143,308,0,0
93,24,0.04,6,19,2,5,2,5,0,0
93,25,1.64,90,241,33,81,19,53,0,0
93,29,1,29,59,7,15,7,15,0,0
93,42,3.17,308,687,133,285,58,134,0,0
93,43,1.6,537,1075,43,86,494,988,0,0
93,56,2.36,3115,8432,304,912,2204,5697,0,0
93,57,0.47,1090,3270,273,818,273,818,0,0
93,60,1,114,342,114,342,0,0,0,0
93,61,1.64,228,592,57,148,57,148,0,0
93,62,0.83,121,364,121,364,0,0,0,0
93,63,1.17,211,634,211,634,0,0,0,0
93,64,5.49,1824,4895,536,1360,397,1081,0,0
93,65,5.98,192,415,106,300,13,22,0,0
93,66,2.02,195,586,195,586,0,0,0,0
93,68,1,28,28,7,7,7,7,0,0
93,87,0.25,5,11,1,3,1,3,0,0
93,88,0.94,335,676,84,169,84,169,0,0
93,100,1,60,180,15,45,15,45,0,0
93,106,0.22,90,271,23,68,23,68,0,0
93,107,8.47,854,2501,312,1018,181,494,0,0
93,116,0.02,4,13,4,13,0,0,0,0
93,117,1.38,425,850,12,23,390,779,0,0
93,118,4.84,943,2885,236,721,236,721,0,0
93,122,1,17,69,4,17,4,17,0,0
93,123,1,15,15,4,4,4,4,0,0
93,124,1,10,10,3,3,3,3,0,0
94,18,9.97,1080,1836,710,1342,118,159,0,0
94,19,8,2144,4336,536,1084,536,1084,0,0
94,23,2,162,324,41,81,41,81,0,0
94,25,1.78,84,154,36,68,16,29,0,0
94,56,0.17,189,379,0,0,189,379,0,0
94,59,1.29,429,1287,107,322,107,322,0,0
94,61,1,147,294,147,294,0,0,0,0
94,64,1.61,859,2576,215,644,215,644,0,0
94,72,0.2,91,272,0,0,91,272,0,0
94,100,2,92,263,23,66,23,66,0,0
94,107,0.31,52,156,13,39,13,39,0,0
94,108,1,57,171,14,43,14,43,0,0
94,112,1,28,56,7,14,7,14,0,0
94,116,3.98,656,2086,517,1669,46,139,0,0
94,117,0.62,621,1243,0,0,621,1243,0,0
94,118,1,74,148,18,37,18,37,0,0
94,126,1.87,100,200,11,22,11,22,0,0
94,127,1.13,224,664,216,647,0,0,0,0
95,24,1,134,401,134,401,0,0,0,0
95,25,12.59,2106,4458,647,1478,486,993,0,0
95,59,1.71,440,1321,110,330,110,330,0,0
95,67,4,257,439,169,318,29,40,0,0
95,70,3.59,188,379,107,215,23,47,0,0
95,71,7.33,678,1300,248,483,133,252,0,0
95,72,4.7,1141,3274,284,816,531,1556,0,0
95,73,3.1,743,1517,186,379,186,379,0,0
95,74,1,122,244,122,244,0,0,0,0
95,88,1,37,74,37,74,0,0,0,0
95,90,2.57,196,774,53,158,0,0,143,615
95,91,1,19,19,5,5,5,5,0,0
95,127,0.24,13,38,3,9,3,9,0,0
96,41,0.91,1515,4546,379,1136,379,1136,0,0
96,42,0.59,28,65,21,57,2,2,0,0
96,43,11.41,1838,4021,645,1563,397,819,0,0
96,55,1,89,178,89,178,0,0,0,0
96,58,4.93,421,836,272,542,2,2,0,0
96,59,13.76,1262,3621,648,1847,167,515,0,0
96,60,6.11,660,1756,239,493,265,919,0,0
96,61,1.03,126,167,32,42,32,42,0,0
96,67,1,76,152,19,38,19,38,0,0
96,69,1,20,20,5,5,5,5,0,0
96,70,28.92,1704,4044,1132,2695,126,320,0,0
96,71,27.5,2149,4615,997,2114,381,830,0,0
96,72,2.47,534,1057,134,264,134,264,0,0
96,88,1.38,163,628,60,214,35,138,0,0
96,89,2.74,92,232,76,216,5,5,0,0
96,90,2.43,238,818,106,314,2,2,124,497
96,111,2,83,200,21,50,21,50,0,0
96,113,4.58,964,2420,369,988,198,477,0,0
96,114,0.11,33,67,15,30,6,12,0,0
96,118,1,54,108,13,27,13,27,0,0
96,122,1,20,20,5,5,5,5,0,0
97,2,4,703,1571,299,763,135,269,0,0
97,20,1,28,28,7,7,7,7,0,0
97,22,1,65,131,65,131,0,0,0,0
97,41,0.09,145,436,36,109,36,109,0,0
97,58,1,188,564,47,141,47,141,0,0
97,59,8.66,633,1408,420,878,71,177,0,0
97,60,42.6,3021,7277,1761,4345,275,559,274,821
97,67,1,12,12,3,3,3,3,0,0
97,70,2,123,298,123,298,0,0,0,0
97,71,0.09,87,174,22,44,22,44,0,0
97,72,0.11,106,213,27,53,27,53,0,0
97,74,1,13,25,3,6,3,6,0,0
97,78,1,9,9,2,2,2,2,0,0
97,80,1,15,15,4,4,4,4,0,0
97,88,6.15,249,717,87,204,54,171,0,0
97,89,4.73,256,659,153,433,34,75,0,0
97,109,1,71,143,18,36,18,36,0,0
97,110,3,424,1228,199,586,75,214,0,0
97,111,1,149,447,149,447,0,0,0,0
97,113,0.07,29,58,7,15,7,15,0,0
97,114,1.25,304,608,212,425,30,61,0,0
97,119,3,187,451,125,270,21,60,0,0
98,0,9,877,2293,331,908,182,462,0,0
98,5,2.6,917,1978,229,495,229,495,0,0
98,6,0.08,63,126,16,32,16,32,0,0
98,26,1,54,109,14,27,14,27,0,0
98,37,0.79,34,168,8,42,8,42,0,0
98,38,0.21,9,44,2,11,2,11,0,0
98,52,0.33,20,40,5,10,5,10,0,0
98,60,6.91,853,1855,258,530,168,352,90,269
98,61,3,422,792,105,198,105,198,0,0
98,69,11,636,1415,378,958,76,132,0,0
98,119,1,44,89,44,89,0,0,0,0
98,124,2,141,360,93,264,16,32,0,0
99,0,6.84,384,792,188,424,65,123,0,0
99,1,5.84,1409,3059,533,1306,292,584,0,0
99,5,4.22,574,1472,144,368,144,368,0,0
99,6,0.11,90,179,22,45,22,45,0,0
99,7,5.9,239,426,113,215,39,67,0,0
99,11,0.07,1,1,0,0,0,0,0,0
99,18,3.99,1460,2787,0,0,1460,2787,0,0
99,19,0.01,2,4,0,0,2,4,0,0
99,20,1,117,235,29,59,29,59,0,0
99,52,6.6,1269,3412,756,2171,171,414,0,0
99,53,0.07,6,12,1,3,1,3,0,0
99,57,0.1,7,14,2,4,2,4,0,0
99,68,3.92,747,1714,487,1029,87,228,0,0
99,69,0.15,18,35,4,9,4,9,0,0
99,120,0.79,21,63,5,16,5,16,0,0
99,121,0.21,5,16,1,4,1,4,0,0
99,125,1,39,117,10,29,10,29,0,0
100,1,0.01,7,14,2,4,2,4,0,0
100,7,0.1,5,10,1,2,1,2,0,0
100,11,0.93,8,8,2,2,2,2,0,0
100,19,2,419,419,0,0,419,419,0,0
100,20,2,295,591,74,148,74,148,0,0
100,29,1,28,28,7,7,7,7,0,0
100,57,9.9,1111,2903,514,1357,199,515,0,0
100,58,2.07,583,1167,146,292,146,292,0,0
100,67,0.01,4,11,1,3,1,3,0,0
100,68,0.92,640,1920,160,480,160,480,0,0
100,102,5,508,1330,127,333,127,333,0,0
100,109,6.5,791,1999,556,1383,78,205,0,0
100,117,1,102,307,102,307,0,0,0,0
100,126,1,21,21,5,5,5,5,0,0
101,1,1,160,321,160,321,0,0,0,0
101,2,3,781,1562,183,367,183,367,0,0
101,18,4.15,291,656,177,427,38,76,0,0
101,19,3.61,355,893,89,223,89,223,0,0
101,20,4,398,760,267,609,44,50,0,0
101,24,6,290,759,186,531,35,76,0,0
101,29,1,35,70,9,17,9,17,0,0
101,41,0.04,6,17,1,4,1,4,0,0
101,44,3,370,666,92,166,92,166,0,0
101,46,0.82,797,2279,29,59,710,2102,0,0
101,47,2.54,1676,4450,224,465,1168,3378,0,0
101,51,5.58,548,1523,202,576,115,316,0,0
101,52,6,982,2606,336,922,216,561,0,0
101,57,1.47,446,1020,207,543,80,159,0,0
101,58,0.83,1213,2425,303,606,303,606,0,0
101,92,7,916,2725,380,1133,179,531,0,0
101,109,3.5,123,307,69,192,18,38,0,0
101,125,1,39,77,10,19,10,19,0,0
102,8,1,36,36,9,9,9,9,0,0
102,19,0.24,19,39,5,10,5,10,0,0
102,20,1.22,406,1023,101,256,101,256,0,0
102,21,2.78,744,1724,186,431,186,431,0,0
102,32,1.77,1369,2973,342,743,342,743,0,0
102,41,9.21,839,2257,344,967,165,430,0,0
102,46,0.8,18,39,5,10,5,10,0,0
102,47,1.85,340,741,128,271,71,156,0,0
102,48,1,46,137,11,34,11,34,0,0
102,51,0.42,41,84,10,21,10,21,0,0
102,53,1,28,57,7,14,7,14,0,0
102,56,5,1397,3415,349,854,349,854,0,0
102,57,0.63,287,574,72,144,72,144,0,0
102,91,12.23,1203,3260,584,1666,206,531,0,0
102,92,5.99,545,1481,455,1261,30,74,0,0
102,107,2,180,430,128,273,18,53,0,0
102,119,2,230,689,154,461,25,76,0,0
103,27,0.08,18,53,18,53,0,0,0,0
103,28,1.14,278,747,212,615,22,44,0,0
103,32,1.23,622,1313,156,328,156,328,0,0
103,33,2,261,522,244,488,6,11,0,0
103,39,0.85,529,1058,132,265,132,265,0,0
103,40,6.15,906,1798,388,773,173,342,0,0
103,41,9.75,1142,2696,490,1210,169,398,0,0
103,42,0.27,47,140,47,140,0,0,0,0
103,52,1,25,25,6,6,6,6,0,0
103,59,3,228,643,161,474,22,56,0,0
103,60,1,35,71,9,18,9,18,0,0
103,77,1,18,18,5,5,5,5,0,0
103,90,1.11,148,443,136,408,4,12,0,0
103,91,2.44,382,895,95,224,95,224,0,0
103,92,0.23,59,117,15,29,15,29,0,0
103,106,3,112,321,57,168,2,2,0,0
103,107,4,183,537,74,263,17,35,0,0
103,113,3.47,599,1470,336,740,88,243,0,0
104,12,2.94,433,1054,108,263,108,263,0,0
104,13,5.79,751,1478,285,564,155,305,0,0
104,28,3.78,2076,4151,519,1038,519,1038,0,0
104,29,1,176,353,44,88,44,88,0,0
104,42,0.73,129,386,129,386,0,0,0,0
104,51,3,352,922,88,230,88,230,0,0
104,58,3.66,699,1374,519,1032,106,207,0,0
104,59,2.91,1182,2352,201,400,578,1153,0,0
104,66,1,20,20,5,5,5,5,0,0
104,112,0.11,23,68,6,17,6,17,0,0
104,113,0.43,90,269,22,67,22,67,0,0
104,120,4,416,820,104,205,104,205,0,0
105,12,1.27,142,334,36,83,36,83,0,0
105,16,2,165,330,118,236,0,0,0,0
105,18,1.33,175,500,156,461,6,13,0,0
105,19,3.67,1516,3659,379,915,379,915,0,0
105,28,4.9,1192,2778,290,670,323,769,0,0
105,29,1.37,309,619,77,155,77,155,0,0
105,30,1.42,2487,7249,622,1812,622,1812,0,0
105,38,1,12,12,3,3,3,3,0,0
105,44,5.83,1140,2440,377,794,254,548,0,0
105,58,0.99,146,206,82,142,22,22,0,0
105,59,0.45,345,691,86,173,86,173,0,0
105,64,0.03,0,1,0,0,0,0,0,0
105,65,1.97,137,395,126,374,4,7,0,0
105,75,1,27,54,7,13,7,13,0,0
105,79,0.88,39,117,10,29,10,29,0,0
105,89,0.4,244,488,61,122,61,122,0,0
105,90,7.41,1124,2696,281,674,281,674,0,0
105,121,0.35,52,155,13,39,13,39,0,0
105,122,3.65,520,1355,284,647,79,236,0,0
106,2,0.04,20,41,5,10,5,10,0,0
106,28,4.1,2010,5042,503,1260,503,1260,0,0
106,29,16.39,1803,4000,835,1973,292,645,0,0
106,30,6.24,1965,4315,39,103,1877,4066,0,0
106,44,0.17,122,244,30,61,30,61,0,0
106,71,1,29,115,7,29,7,29,0,0
106,79,0.12,5,16,1,4,1,4,0,0
106,90,0.2,22,65,5,16,5,16,0,0
106,91,4,180,469,127,362,18,36,0,0
106,120,1,29,29,7,7,7,7,0,0
107,1,7.77,1419,3859,355,965,355,965,0,0
107,2,6.19,1358,3095,624,1627,245,489,0,0
107,3,1,17,17,4,4,4,4,0,0
107,14,1,372,744,93,186,93,186,0,0
107,17,2,114,315,28,79,28,79,0,0
107,29,8.57,1075,2403,376,827,207,472,0,0
107,30,4,297,660,133,341,55,106,0,0
107,31,2,417,834,75,151,75,151,0,0
107,42,4.02,1180,2962,295,741,295,741,0,0
107,43,0.49,183,366,46,92,46,92,0,0
107,45,1,41,41,10,10,10,10,0,0
107,83,1,33,66,8,17,8,17,0,0
107,90,1,133,400,133,400,0,0,0,0
107,114,3,250,330,106,170,48,53,0,0
107,116,2.67,397,1111,99,278,99,278,0,0
107,117,1,306,612,76,153,76,153,0,0
107,118,2.12,484,967,305,611,59,119,0,0
107,126,1,61,184,15,46,15,46,0,0
108,2,1,1141,2281,285,570,285,570,0,0
108,23,1,25,25,6,6,6,6,0,0
108,29,0.01,2,5,0,1,0,1,0,0
108,30,2.99,362,1025,198,594,34,103,0,0
108,42,2.71,890,1827,348,960,180,289,0,0
108,43,0.79,296,795,74,199,74,199,0,0
108,44,1.51,102,277,80,233,7,15,0,0
108,45,1.49,232,535,232,535,0,0,0,0
108,76,1,15,15,4,4,4,4,0,0
108,110,1,11,11,3,3,3,3,0,0
108,116,2.33,892,2677,223,669,223,669,0,0
108,118,2.88,948,1990,237,498,237,498,0,0
108,122,0.2,137,410,34,102,34,102,0,0
108,123,0.06,39,116,10,29,10,29,0,0
109,4,5.33,1734,4540,425,1111,458,1207,0,0
109,11,1,73,293,18,73,18,73,0,0
109,26,3.54,736,1472,184,368,184,368,0,0
109,28,0.18,16,32,4,8,4,8,0,0
109,29,1.25,597,1194,191,381,136,271,0,0
109,48,1.88,185,540,174,517,4,8,0,0
109,49,1.12,65,194,34,101,10,31,0,0
109,60,1,88,265,22,66,22,66,0,0
109,70,3,243,616,130,389,113,227,0,0
109,82,6.43,469,931,119,239,117,231,0,0
109,83,3.26,215,575,148,426,22,50,0,0
109,98,0.67,17,35,4,9,4,9,0,0
109,99,5.33,856,2202,214,550,214,550,0,0
109,107,1,21,21,5,5,5,5,0,0
109,108,1.41,164,328,149,299,5,10,0,0
109,111,1,895,2685,224,671,224,671,0,0
109,120,3.7,158,419,49,133,36,95,0,0
109,121,1.3,121,409,87,272,11,46,0,0
109,122,7.6,1752,5205,575,1712,392,1164,0,0
109,123,0.15,100,301,25,75,25,75,0,0
110,3,3.12,345,739,86,185,86,185,0,0
110,4,1.54,404,1221,101,305,101,305,0,0
110,26,2.46,995,1991,249,498,249,498,0,0
110,28,1.78,555,1110,139,277,139,277,0,0
110,29,0.79,1612,3225,403,806,403,806,0,0
110,31,10.24,492,1265,280,739,56,132,0,0
110,32,3.85,1915,5580,479,1395,479,1395,0,0
110,33,0.19,55,164,14,41,14,41,0,0
110,34,1,28,56,7,14,7,14,0,0
110,82,3.12,268,738,225,659,14,26,0,0
110,83,1.19,71,149,18,37,18,37,0,0
110,84,8.95,828,2214,522,1497,102,239,0,0
110,85,1.05,43,60,17,35,9,9,0,0
110,87,2.86,537,1525,134,381,134,381,0,0
110,88,0.02,2,4,0,1,0,1,0,0
110,98,3.14,220,491,103,267,39,75,0,0
110,99,11.65,945,2176,420,1115,150,304,0,0
110,105,1,50,100,12,25,12,25,0,0
110,106,4.6,322,594,220,427,34,56,0,0
110,107,2.02,153,295,38,74,38,74,0,0
110,108,1.59,234,263,9,18,212,219,0,0
110,110,1.1,106,211,6,13,87,173,0,0
110,111,1.54,304,882,281,836,8,16,0,0
110,121,3.3,637,1447,159,362,159,362,0,0
110,122,2.51,1519,3039,380,760,380,760,0,0
110,123,1.39,275,525,69,131,69,131,0,0
111,30,1.2,177,431,44,108,44,108,0,0
111,31,9.17,1229,3411,570,1638,219,591,0,0
111,32,3.35,2187,4625,547,1156,547,1156,0,0
111,48,1,20,20,5,5,5,5,0,0
111,54,0.58,264,793,66,198,66,198,0,0
111,87,3.12,286,815,72,204,72,204,0,0
111,98,1.85,50,82,13,20,13,20,0,0
111,99,13.03,1589,3756,574,1470,338,762,0,0
111,105,2,79,158,20,39,20,39,0,0
111,106,0.39,27,82,7,20,7,20,0,0
111,110,2.36,148,295,26,51,71,142,0,0
111,121,3.67,490,1313,234,664,85,216,0,0
111,122,1.14,842,2037,211,509,211,509,0,0
111,125,1.23,130,261,125,249,2,4,0,0
111,126,3.77,163,437,41,109,41,109,0,0
112,26,6.3,1231,2744,308,686,308,686,0,0
112,27,0.01,0,1,0,0,0,0,0,0
112,28,0.79,163,490,163,490,0,0,0,0
112,39,0.76,180,363,45,91,45,91,0,0
112,40,10.7,1192,2909,467,1153,242,585,0,0
112,44,0.35,45,90,45,90,0,0,0,0
112,45,2.03,57,147,47,137,0,0,0,0
112,52,7.81,719,1871,334,873,128,333,0,0
112,53,5.61,604,1305,397,907,69,133,0,0
112,54,1.42,207,583,47,141,47,141,0,0
112,62,1,28,56,7,14,7,14,0,0
112,65,14.32,1052,2852,621,1677,144,392,0,0
112,66,1.9,102,244,25,61,25,61,0,0
112,97,4.82,526,1474,131,368,131,368,0,0
112,98,5.73,941,2384,306,738,211,549,0,0
112,99,4.26,1161,3536,314,955,282,861,0,0
113,5,2,47,93,0,0,0,0,0,0
113,23,0.51,353,706,88,176,88,176,0,0
113,24,1.68,440,797,110,199,110,199,0,0
113,25,9.55,1430,3792,525,1450,302,781,0,0
113,26,20.42,2093,5611,844,2378,303,756,339,964
113,27,10.66,910,2075,584,1432,71,138,0,0
113,28,2.21,202,446,83,208,40,79,0,0
113,37,1,29,59,7,15,7,15,0,0
113,39,0.02,6,17,1,4,1,4,0,0
113,40,7.84,1103,3218,363,1065,247,718,0,0
113,41,0.68,41,105,28,81,4,8,0,0
113,44,4,791,1571,254,506,179,355,0,0
113,45,1.62,297,595,79,157,73,146,0,0
113,52,0.14,72,145,18,36,18,36,0,0
113,53,1.44,242,476,61,119,61,119,0,0
113,65,3.78,347,693,214,427,44,89,0,0
113,85,2.95,394,767,99,192,99,192,0,0
113,97,5.46,701,1846,274,757,143,363,0,0
113,98,0.05,13,38,3,9,3,9,0,0
114,15,2.31,284,636,167,447,39,63,0,0
114,16,3.48,913,2041,228,510,228,510,0,0
114,24,2.87,448,1304,202,607,69,206,0,0
114,25,12.04,2008,4778,820,2067,379,870,0,0
114,26,6.62,826,1985,517,1365,103,206,0,0
114,27,1.34,41,67,10,17,10,17,0,0
114,49,8.1,718,1804,532,1354,62,150,0,0
114,50,3.9,110,189,35,71,25,40,0,0
114,65,1,14,14,3,3,3,3,0,0
114,84,3,212,546,144,410,23,45,0,0
114,85,0.05,18,36,4,9,4,9,0,0
114,122,1.56,61,211,15,53,15,53,0,0
114,123,2.44,94,271,66,196,9,25,0,0
115,15,0.01,2,5,2,5,0,0,0,0
115,16,1.2,133,318,33,79,33,79,0,0
115,24,1,7,7,2,2,2,2,0,0
115,25,1,148,445,148,445,0,0,0,0
115,27,0.67,610,1221,153,305,153,305,0,0
115,28,0.33,307,613,77,153,77,153,0,0
115,34,1,34,68,8,17,8,17,0,0
115,44,1,266,798,80,239,266,798,0,0
115,45,1,66,198,17,50,17,50,0,0
115,79,1,65,65,16,16,16,16,0,0
115,83,2,219,437,147,295,0,0,0,0
115,84,6.12,2809,5953,702,1488,702,1488,0,0
115,85,2.75,127,255,33,66,32,63,0,0
115,86,2.17,428,1279,107,320,107,320,0,0
115,96,2.38,596,1191,149,298,149,298,0,0
115,97,2.62,360,720,90,180,90,180,0,0
116,23,0.47,132,397,40,119,0,0,0,0
116,24,1.16,230,509,194,400,12,36,0,0
116,28,5.46,511,1286,109,284,109,284,0,0
116,29,0.54,64,129,16,32,16,32,0,0
116,74,1.15,18,18,4,4,4,4,0,0
116,83,3,246,493,230,461,5,11,0,0
116,84,1.88,1524,4355,381,1089,381,1089,0,0
116,85,1.09,90,251,75,222,5,10,0,0
116,86,7.94,1578,3627,469,1130,370,832,0,0
116,87,1.05,206,618,202,606,1,4,0,0
116,94,0.19,458,1831,114,458,114,458,0,0
116,95,3.47,3026,9854,567,2085,1325,3600,0,0
116,96,0.17,21,42,5,11,5,11,0,0
116,108,4.92,309,733,173,470,45,88,0,0
116,109,0.08,6,11,1,3,1,3,0,0
116,121,6.39,754,2000,252,627,167,458,0,0
117,17,0.91,240,721,60,180,60,180,0,0
117,23,2.59,565,1843,92,258,273,1023,0,0
117,24,4.78,2511,6667,395,1185,1326,3113,0,0
117,74,3.85,151,248,111,209,13,13,0,0
117,95,2.59,443,1105,73,201,223,501,0,0
117,96,6.63,759,2495,274,885,151,515,0,0
117,103,1,31,156,8,39,8,39,0,0
117,104,2,140,291,35,73,35,73,0,0
117,108,3,269,537,67,134,67,134,0,0
117,110,0.99,49,195,12,49,12,49,0,0
117,112,1.64,155,441,137,404,6,12,0,0
117,119,2,1081,3244,270,811,270,811,0,0
117,120,1.22,217,435,54,109,54,109,0,0
117,121,4.39,621,1493,226,515,132,326,0,0
118,14,2,139,277,35,69,35,69,0,0
118,16,2.8,1165,2958,291,739,291,739,0,0
118,17,5.32,2249,5320,509,1225,506,1216,0,0
118,18,1.55,91,244,23,61,23,61,0,0
118,19,0.88,133,318,33,79,33,79,0,0
118,41,1,93,280,23,70,23,70,0,0
118,44,1.01,724,1569,30,90,634,1298,0,0
118,45,0.04,28,56,0,0,28,56,0,0
118,46,1.99,343,424,86,106,86,106,0,0
118,47,0.07,12,22,3,5,3,5,0,0
118,48,1.62,231,626,58,156,58,156,0,0
118,52,1,50,100,13,25,13,25,0,0
118,53,1,39,39,10,10,10,10,0,0
118,67,3,167,462,144,421,8,14,0,0
118,68,2,127,357,103,308,0,0,0,0
118,69,2,87,231,51,87,12,48,0,0
118,96,3.94,1339,2931,335,733,335,733,0,0
118,97,3.9,399,1225,260,948,46,93,0,0
118,98,5.44,374,1045,170,506,68,179,0,0
118,110,0.01,1,2,0,1,0,1,0,0
118,112,2.36,99,197,25,49,25,49,0,0
119,0,3,202,593,171,511,10,27,0,0
119,1,4,418,1147,105,287,105,287,0,0
119,17,1.98,138,413,123,370,5,14,0,0
119,19,0.57,107,213,27,53,27,53,0,0
119,37,1,29,59,7,15,7,15,0,0
119,40,1,132,132,33,33,33,33,0,0
119,41,1,106,319,106,319,0,0,0,0
119,42,5,673,1995,330,984,114,337,0,0
119,44,2.68,3699,10712,513,1539,2160,6095,0,0
119,45,2.63,720,1439,50,101,568,1136,0,0
119,46,4.34,551,1285,74,193,330,706,0,0
119,47,0.57,83,167,21,42,21,42,0,0
119,48,4.24,480,1075,120,269,120,269,0,0
119,49,0.14,16,31,4,8,4,8,0,0
119,50,1,15,15,4,4,4,4,0,0
119,52,1,26,52,6,13,6,13,0,0
119,55,2,322,966,322,966,0,0,0,0
119,68,4,361,855,139,274,3,3,0,0
119,69,6,256,836,68,220,118,371,0,0
119,78,0.68,24,48,6,12,6,12,0,0
119,79,0.32,11,23,3,6,3,6,0,0
119,87,0.23,52,104,13,26,13,26,0,0
119,88,10.11,2172,5010,710,1752,488,1086,0,0
119,89,0.03,29,87,7,22,7,22,0,0
119,98,1.66,792,1576,198,394,198,394,0,0
119,123,3.31,523,1098,131,275,131,275,0,0
120,0,5.99,767,2107,192,527,192,527,0,0
120,1,3.01,1257,3771,314,943,314,943,0,0
120,13,5,555,1111,270,540,63,126,0,0
120,14,0.64,226,452,57,113,57,113,0,0
120,40,6.12,921,1942,91,258,784,1576,0,0
120,41,9.43,1194,2992,339,900,438,1203,0,0
120,42,6.31,1046,2226,297,747,677,1349,0,0
120,43,0.02,7,14,0,0,7,14,0,0
120,44,5.39,917,2241,466,933,429,1286,0,0
120,45,13.51,1161,2537,992,2175,125,325,0,0
120,46,10.28,694,1491,191,501,373,745,0,0
120,49,1,9,9,2,2,2,2,0,0
120,52,0.01,3,5,1,1,1,1,0,0
120,53,3.91,553,1106,411,823,47,94,0,0
120,54,3.29,325,829,307,794,6,12,0,0
120,55,0.71,300,601,300,601,0,0,0,0
120,67,2,57,57,44,44,4,4,0,0
120,69,3.89,151,290,128,254,8,12,0,0
120,70,11.87,664,1753,500,1441,55,104,0,0
120,84,3,190,499,48,125,48,125,0,0
120,87,3.93,433,1131,306,876,42,85,0,0
120,88,4.45,867,2446,264,754,201,564,0,0
120,89,0.25,214,642,54,161,54,161,0,0
120,107,1,29,59,7,15,7,15,0,0
120,123,0.69,150,451,38,113,38,113,0,0
121,0,0.99,76,151,76,151,0,0,0,0
121,1,4.16,516,1303,177,386,207,587,0,0
121,2,4.85,1904,6247,147,441,1463,4924,0,0
121,13,4.04,622,1491,149,353,149,353,0,0
121,14,6.39,1176,2529,430,859,190,381,0,0
121,17,2.53,1606,4374,402,1093,402,1093,0,0
121,18,2.62,671,1464,168,366,168,366,0,0
121,19,2.31,1120,3088,391,1106,243,661,0,0
121,20,0.34,453,1359,113,340,113,340,0,0
121,34,1.26,158,333,10,30,2,7,0,0
121,35,1,90,270,23,68,23,68,0,0
121,38,1,73,218,18,55,18,55,0,0
121,39,1,129,258,32,64,32,64,0,0
121,40,12.25,1378,3498,610,1694,160,332,0,0
121,41,12.43,1146,2507,443,1082,358,723,0,0
121,42,4.66,819,1776,278,717,606,1205,0,0
121,43,2.62,360,991,241,635,44,126,0,0
121,44,7.11,995,2027,243,555,726,1441,0,0
121,45,7.79,1188,2219,771,1562,139,219,0,0
121,46,3.99,1099,2183,285,566,423,843,0,0
121,47,16.55,1881,6424,818,2582,391,1620,456,1673
121,48,18.53,1148,3193,691,2038,196,555,0,0
121,49,4.13,390,1170,281,843,36,109,0,0
121,50,3.15,235,590,130,309,25,65,0,0
121,51,4.36,344,698,153,374,64,108,0,0
121,52,0.72,187,374,47,94,47,94,0,0
121,53,3.08,431,1039,241,660,63,126,0,0
121,59,1,46,92,12,23,12,23,0,0
121,69,4.99,231,414,136,260,32,51,0,0
121,70,2.25,61,85,61,85,0,0,0,0
121,80,0.03,2,3,0,1,0,1,0,0
121,81,0.12,5,16,1,4,1,4,0,0
121,84,4.14,593,1330,237,511,118,273,0,0
121,85,2.86,334,867,118,319,72,183,0,0
121,104,8.83,501,1361,312,901,63,153,0,0
121,105,2.06,23,39,6,10,6,10,0,0
122,12,0.59,119,237,30,59,30,59,0,0
122,13,0.39,77,155,19,39,19,39,0,0
122,14,5.62,1098,2160,256,502,256,502,0,0
122,15,0.08,53,106,13,27,13,27,0,0
122,17,0.34,623,1868,156,467,156,467,0,0
122,18,0.14,126,262,32,65,32,65,0,0
122,19,0.06,49,99,12,25,12,25,0,0
122,20,6.75,2610,6382,710,1825,633,1519,0,0
122,21,0.34,51,161,35,129,5,11,0,0
122,23,4,991,2382,241,589,241,589,0,0
122,29,1,17,34,4,9,4,9,0,0
122,33,0.04,6,11,1,3,1,3,0,0
122,34,7.71,936,2309,308,763,209,513,0,0
122,40,12.78,1199,3097,487,1241,165,402,0,0
122,43,5.71,969,2449,132,313,687,1735,0,0
122,44,13.14,1772,3983,459,1231,1093,2227,0,0
122,45,15.21,1669,3738,1145,2654,164,339,0,0
122,46,25.77,1773,4810,1245,3606,48,114,0,0
122,47,45.24,3889,12875,3086,10291,494,1706,0,0
122,48,52.74,3715,11713,2972,9541,298,894,0,0
122,49,17.65,2311,6933,1504,4830,609,1731,0,0
122,50,14.91,1176,2675,865,2075,37,62,0,0
122,51,2.91,283,678,246,605,12,25,0,0
122,52,1,165,330,0,0,0,0,0,0
122,53,4.26,494,1244,404,1068,30,59,0,0
122,59,0.88,135,405,79,237,19,56,0,0
122,60,0.06,14,41,3,10,3,10,0,0
122,80,1.29,70,98,17,24,17,24,0,0
122,81,0.56,26,78,6,19,6,19,0,0
122,82,2.8,495,1458,124,365,124,365,0,0
122,101,9.69,1156,2623,289,656,289,656,0,0
122,102,8.82,1531,3439,440,1111,663,1464,0,0
122,103,10.35,2733,6803,1051,2782,474,972,293,1174
122,104,2.13,190,398,175,367,5,10,0,0
122,105,2,100,201,25,50,25,50,0,0
122,113,2,130,370,123,363,3,3,0,0
122,117,1,21,21,5,5,5,5,0,0
123,14,0.25,31,62,8,16,8,16,0,0
123,20,1.56,190,358,47,90,47,90,0,0
123,29,3,273,605,183,367,10,21,0,0
123,30,0.64,245,491,61,123,61,123,0,0
123,31,13.62,971,1994,446,1040,175,318,0,0
123,40,1,502,1005,126,251,126,251,0,0
123,43,4.78,575,1484,144,371,144,371,0,0
123,44,0.53,193,542,39,117,76,190,0,0
123,45,5.93,232,514,190,473,14,14,0,0
123,46,5.07,544,1497,127,357,140,383,0,0
123,47,14.45,723,1727,353,853,124,291,0,0
123,48,8.3,976,1659,617,892,288,809,0,0
123,49,13.01,1084,2637,555,1365,328,806,0,0
123,50,8.82,779,1718,413,990,272,542,0,0
123,51,6.19,502,1258,365,892,38,115,0,0
123,52,6.52,587,1204,377,787,20,39,0,0
123,53,3.03,93,225,54,149,13,25,0,0
123,59,0.83,130,389,74,223,18,55,0,0
123,60,0.23,47,142,12,35,12,35,0,0
123,81,0.86,402,803,100,201,100,201,0,0
123,82,2.33,196,259,49,65,49,65,0,0
123,85,4.1,509,1002,127,251,127,251,0,0
123,98,3,138,322,80,218,19,35,0,0
123,101,2.54,167,334,152,304,5,10,0,0
123,102,7.71,573,1353,195,417,153,434,0,0
123,103,24.59,2182,5320,1269,2975,330,759,110,442
123,104,2.46,230,470,79,160,50,103,0,0
123,113,2,77,148,77,148,0,0,0,0
123,121,0.24,218,437,55,109,55,109,0,0
124,11,0.12,11,11,3,3,3,3,0,0
124,29,5,364,942,293,841,24,34,0,0
124,30,2.61,1810,5010,452,1252,452,1252,0,0
124,31,5.09,614,1562,215,539,133,341,0,0
124,41,1,27,27,7,7,7,7,0,0
124,46,3,170,324,132,259,4,4,0,0
124,47,2.89,240,404,169,333,4,4,0,0
124,48,0.13,10,10,9,9,1,1,0,0
124,49,2.35,147,233,74,132,15,15,0,0
124,51,1,196,392,196,392,0,0,0,0
124,52,5,314,693,192,514,31,31,0,0
124,56,1.97,200,363,50,91,50,91,0,0
124,60,1,31,31,8,8,8,8,0,0
124,66,1,37,112,9,28,9,28,0,0
124,84,0.67,185,554,46,138,46,138,0,0
124,85,9.27,1075,2894,276,738,379,943,0,0
124,86,4.23,250,621,135,374,38,82,0,0
124,88,0.22,53,159,13,40,13,40,0,0
124,89,8.78,2042,5425,683,1875,453,1184,0,0
124,92,0.14,2,2,0,0,0,0,0,0
124,95,2.19,71,126,18,32,18,32,0,0
124,96,6.01,1951,5479,530,1496,474,1328,0,0
124,97,0.66,300,899,115,346,61,184,0,0
124,101,0.1,12,24,12,24,0,0,0,0
124,102,11.99,625,1688,457,1338,34,74,0,0
124,103,3.83,101,195,18,35,13,25,0,0
124,104,1.92,146,292,125,250,7,14,0,0
124,121,2.76,1105,2359,276,590,276,590,0,0
125,11,0.88,80,80,20,20,20,20,0,0
125,30,0.05,65,195,16,49,16,49,0,0
125,39,1.73,598,1794,166,497,144,432,0,0
125,40,0.63,403,1210,101,303,101,303,0,0
125,42,1,33,131,8,33,8,33,0,0
125,45,2,61,167,15,42,15,42,0,0
125,47,0.39,39,78,10,19,10,19,0,0
125,48,0.61,60,119,15,30,15,30,0,0
125,53,2,51,94,13,24,13,24,0,0
125,56,0.03,5,9,1,2,1,2,0,0
125,60,1,19,19,5,5,5,5,0,0
125,85,7.08,1357,2714,473,946,295,589,0,0
125,86,8.1,789,1706,248,625,56,112,0,0
125,87,3,180,461,139,396,14,22,0,0
125,88,3.33,618,1861,155,465,155,465,0,0
125,89,4.67,431,1220,288,845,48,125,0,0
125,92,0.86,11,11,3,3,3,3,0,0
125,95,2.81,335,820,197,544,46,92,0,0
125,96,0.26,375,1124,94,281,94,281,0,0
125,97,0.07,98,294,25,74,25,74,0,0
125,125,0.15,185,555,46,139,46,139,0,0
125,126,2.11,1215,3598,311,922,301,892,0,0
125,127,4.98,1641,3843,831,2224,270,540,0,0
126,21,2.51,389,778,198,395,64,128,0,0
126,22,3.36,341,809,103,238,79,190,0,0
126,23,0.89,99,199,25,50,25,50,0,0
126,26,0.79,20,20,5,5,5,5,0,0
126,39,1.61,223,669,132,396,30,91,0,0
126,40,0.4,50,114,12,28,12,28,0,0
126,41,3.62,413,825,103,206,103,206,0,0
126,49,0.71,21,41,5,10,5,10,0,0
126,65,7,354,601,246,465,36,45,0,0
126,85,4.26,1099,2235,275,559,275,559,0,0
126,86,5.42,664,1463,164,359,261,650,0,0
126,87,2.86,438,1110,290,819,101,253,0,0
126,89,1.64,322,637,80,159,80,159,0,0
126,97,1,26,51,6,13,6,13,0,0
126,112,1,26,26,6,6,6,6,0,0
126,120,1,11,11,3,3,3,3,0,0
126,125,1.11,694,1388,173,347,173,347,0,0
126,126,5.66,1408,3553,352,888,352,888,0,0
127,9,0.29,12,25,3,6,3,6,0,0
127,10,2.38,201,535,50,134,50,134,0,0
127,21,1,120,360,30,90,30,90,0,0
127,22,6.26,556,1332,398,995,42,92,0,0
127,23,7.98,904,2463,319,802,195,554,0,0
127,26,0.21,5,5,1,1,1,1,0,0
127,28,5.63,802,1604,201,401,201,401,0,0
127,29,0.69,193,386,48,96,48,96,0,0
127,36,5.2,828,2169,207,542,207,542,0,0
127,37,0.81,200,599,117,350,28,83,0,0
127,38,0.3,65,194,65,194,0,0,0,0
127,39,0.19,3,3,1,1,1,1,0,0
127,40,2.18,232,677,162,482,23,65,0,0
127,41,1.82,523,1387,131,347,131,347,0,0
127,49,0.29,8,17,2,4,2,4,0,0
127,57,1,38,38,10,10,10,10,0,0
127,61,2.94,477,1813,190,666,96,382,0,0
127,62,1.06,27,54,7,14,7,14,0,0
127,64,2,78,157,63,126,5,10,0,0
127,65,20.35,1684,4360,786,2134,284,712,0,0
127,66,0.15,27,80,7,20,7,20,0,0
127,85,3.11,425,1266,277,832,46,138,0,0
127,89,8.22,1414,2820,497,991,306,609,0,0
127,110,1,28,56,7,14,7,14,0,0
127,126,5.64,869,2010,333,849,179,387,0,0
