x,y,number,ground_area,floor_area,residential_ground_area,residential_floor_area,economic_activity_ground_area,economic_activity_floor_area,cultural_ground_area,cultural_floor_area
0,3,8,1276,1276,727,727,382,382,0,0
0,11,5,489,489,254,254,235,235,0,0
0,14,17,2138,2138,2133,2133,5,5,0,0
0,15,53,7472,7472,6088,6088,1384,1384,0,0
0,16,48,9429,9429,8910,8910,507,507,0,0
0,17,79,9262,9262,9176,9176,86,86,0,0
0,37,3,6723,6723,0,0,6723,6723,0,0
0,38,6,10218,10218,6,6,10211,10211,0,0
0,39,19,1869,1869,1869,1869,0,0,0,0
0,40,44,6838,6838,6838,6838,0,0,0,0
0,41,55,7934,7934,7934,7934,0,0,0,0
0,42,46,5793,5793,5793,5793,0,0,0,0
0,43,21,2766,2766,2557,2557,78,78,0,0
0,45,2,565,565,565,565,0,0,0,0
0,46,13,894,894,894,894,0,0,0,0
0,55,1,1281,1281,149,149,1132,1132,0,0
0,56,10,2499,2499,1084,1084,1416,1416,0,0
0,61,2,3185,3185,0,0,3185,3185,0,0
0,63,38,6614,6614,6050,6050,564,564,0,0
0,64,69,10019,10019,9596,9596,423,423,0,0
0,65,24,4718,4718,4718,4718,0,0,0,0
0,66,20,3553,3553,3553,3553,0,0,0,0
0,67,63,7270,7270,7012,7012,258,258,0,0
0,70,6,1191,1191,445,445,746,746,0,0
0,72,24,3137,3137,3110,3110,27,27,0,0
0,73,5,2305,2305,1066,1066,1240,1240,0,0
0,85,4,1346,1346,958,958,389,389,0,0
0,86,2,329,329,329,329,0,0,0,0
0,90,3,110,110,110,110,0,0,0,0
0,92,2,168,168,168,168,0,0,0,0
0,94,5,988,988,714,714,274,274,0,0
0,95,4,583,583,401,401,182,182,0,0
0,96,9,1031,1031,1031,1031,0,0,0,0
0,98,1,118,118,116,116,1,1,0,0
0,99,19,2315,2315,1669,1669,646,646,0,0
0,105,45,5469,5469,4860,4860,610,610,0,0
0,106,29,4430,4430,2834,2834,1575,1575,0,0
0,107,16,1991,1991,1929,1929,63,63,0,0
0,109,23,6071,6071,2530,2530,3541,3541,0,0
0,110,40,8143,8143,7861,7861,282,282,0,0
0,111,13,3726,3726,2238,2238,1488,1488,0,0
0,112,62,6940,6940,6940,6940,0,0,0,0
0,113,37,5801,5801,5222,5222,579,579,0,0
0,114,7,2593,2593,592,592,2001,2001,0,0
0,115,7,997,997,527,527,471,471,0,0
0,116,9,2115,2115,2115,2115,0,0,0,0
0,119,22,2618,2618,1819,1819,799,799,0,0
0,121,14,3121,3121,3105,3105,5,5,0,0
0,122,3,802,802,802,802,0,0,0,0
0,123,7,3188,3188,626,626,2562,2562,0,0
0,124,10,950,950,835,835,66,66,0,0
0,125,15,1982,1982,1620,1620,363,363,0,0
0,4,1,255,255,255,255,0,0,0,0
0,6,1,2020,2020,0,0,2020,2020,0,0
0,18,1,679,679,426,426,253,253,0,0
0,44,11,1822,1822,1427,1427,395,395,0,0
0,58,1,21,21,21,21,0,0,0,0
0,68,14,1863,1863,1863,1863,0,0,0,0
0,71,2,996,996,174,174,822,822,0,0
0,74,5,1252,1252,200,200,1052,1052,0,0
0,76,1,102,102,0,0,102,102,0,0
0,80,1,149,149,149,149,0,0,0,0
0,89,2,312,312,119,119,193,193,0,0
0,97,3,223,223,223,223,0,0,0,0
0,100,3,524,524,387,387,119,119,0,0
0,104,12,1366,1366,1151,1151,215,215,0,0
0,108,4,1521,1521,156,156,1364,1364,0,0
0,117,6,862,862,512,512,350,350,0,0
0,118,10,2289,2289,1359,1359,931,931,0,0
0,120,10,1458,1458,1458,1458,0,0,0,0
1,4,2,1892,1892,75,75,1817,1817,0,0
1,5,8,2913,2913,747,747,2166,2166,0,0
1,6,9,1718,1718,852,852,866,866,0,0
1,7,1,662,662,248,248,415,415,0,0
1,10,1,1839,1839,0,0,1839,1839,0,0
1,11,4,456,456,328,328,128,128,0,0
1,14,10,2326,2326,1053,1053,1274,1274,0,0
1,15,13,2269,2269,1293,1293,977,977,0,0
1,16,30,4488,4488,3960,3960,528,528,0,0
1,17,18,3863,3863,3562,3562,301,301,0,0
1,18,6,2405,2405,390,390,2015,2015,0,0
1,19,7,1170,1170,1170,1170,0,0,0,0
1,20,7,1284,1284,1284,1284,0,0,0,0
1,26,9,2758,2758,285,285,2473,2473,0,0
1,27,4,407,407,193,193,213,213,0,0
1,37,7,6608,6608,198,198,6410,6410,0,0
1,38,4,5621,5621,335,335,5286,5286,0,0
1,39,4,2270,2270,1576,1576,694,694,0,0
1,40,22,7285,7285,7285,7285,0,0,0,0
1,41,14,6913,6913,2377,2377,4390,4390,48,48
1,42,80,9892,9892,8632,8632,314,314,889,889
1,43,76,10081,10081,9790,9790,245,245,0,0
1,44,18,2273,2273,2273,2273,0,0,0,0
1,48,10,2964,2964,1329,1329,1636,1636,0,0
1,55,7,2281,2281,589,589,1692,1692,0,0
1,63,5,664,664,664,664,0,0,0,0
1,64,17,5141,5141,5141,5141,0,0,0,0
1,68,13,2263,2263,2005,2005,194,194,0,0
1,69,10,2705,2705,1142,1142,1563,1563,0,0
1,72,40,7201,7201,6856,6856,345,345,0,0
1,73,6,819,819,819,819,0,0,0,0
1,79,9,1952,1952,1952,1952,0,0,0,0
1,80,9,2292,2292,2292,2292,0,0,0,0
1,85,11,3739,3739,2179,2179,1560,1560,0,0
1,89,3,415,415,415,415,0,0,0,0
1,92,8,2010,2010,2010,2010,0,0,0,0
1,93,5,1712,1712,98,98,1614,1614,0,0
1,94,9,2182,2182,1342,1342,840,840,0,0
1,96,8,1157,1157,925,925,231,231,0,0
1,97,17,1475,1475,1469,1469,6,6,0,0
1,98,28,2512,2512,2092,2092,421,421,0,0
1,99,37,3178,3178,3178,3178,0,0,0,0
1,100,8,1342,1342,1132,1132,210,210,0,0
1,104,12,6692,6692,6692,6692,0,0,0,0
1,105,2,271,271,257,257,14,14,0,0
1,107,15,1814,1814,1814,1814,0,0,0,0
1,108,35,6822,6822,6820,6820,2,2,0,0
1,109,44,7609,7609,7409,7409,200,200,0,0
1,110,40,6543,6543,5761,5761,783,783,0,0
1,111,25,5590,5590,4523,4523,528,528,0,0
1,112,49,7560,7560,7560,7560,0,0,0,0
1,113,22,4170,4170,4170,4170,0,0,0,0
1,114,38,6730,6730,5157,5157,1573,1573,0,0
1,115,13,3455,3455,2253,2253,1201,1201,0,0
1,116,27,3385,3385,2914,2914,471,471,0,0
1,117,7,1276,1276,715,715,561,561,0,0
1,118,8,623,623,623,623,0,0,0,0
1,119,17,1800,1800,1800,1800,0,0,0,0
1,120,16,2771,2771,1619,1619,1152,1152,0,0
1,121,22,3602,3602,1862,1862,1740,1740,0,0
1,122,9,752,752,752,752,0,0,0,0
1,124,4,331,331,331,331,0,0,0,0
1,125,26,5060,5060,5060,5060,0,0,0,0
1,126,20,4082,4082,3937,3937,49,49,0,0
1,8,3,461,461,444,444,18,18,0,0
1,24,7,1125,1125,613,613,512,512,0,0
1,56,9,1169,1169,1169,1169,0,0,0,0
1,60,7,1938,1938,1405,1405,533,533,0,0
1,61,6,1244,1244,1244,1244,0,0,0,0
1,65,2,519,519,519,519,0,0,0,0
1,70,11,1973,1973,1230,1230,743,743,0,0
1,71,33,4882,4882,4723,4723,53,53,0,0
1,74,1,254,254,254,254,0,0,0,0
1,86,8,1157,1157,1157,1157,0,0,0,0
1,90,7,1364,1364,1364,1364,0,0,0,0
1,91,2,316,316,316,316,0,0,0,0
1,101,2,707,707,707,707,0,0,0,0
1,102,5,842,842,597,597,246,246,0,0
1,103,4,294,294,294,294,0,0,0,0
1,106,6,4234,4234,490,490,3744,3744,0,0
2,8,13,2007,2007,1358,1358,649,649,0,0
2,9,23,3958,3958,2775,2775,1185,1185,0,0
2,10,31,4285,4285,3815,3815,470,470,0,0
2,11,3,650,650,650,650,0,0,0,0
2,17,15,2065,2065,1965,1965,100,100,0,0
2,24,1,2789,2789,1866,1866,923,923,0,0
2,37,5,4662,4662,249,249,4413,4413,0,0
2,38,2,6555,6555,125,125,6430,6430,0,0
2,39,11,1298,1298,1180,1180,76,76,0,0
2,40,10,3972,3972,3972,3972,0,0,0,0
2,41,50,9397,9397,7871,7871,1526,1526,0,0
2,42,92,14424,14424,12289,12289,266,266,1337,1337
2,43,90,12584,12584,8929,8929,3656,3656,0,0
2,44,24,5612,5612,5612,5612,0,0,0,0
2,45,20,3645,3645,2727,2727,918,918,0,0
2,50,5,626,626,245,245,382,382,0,0
2,55,25,6905,6905,6073,6073,832,832,0,0
2,56,71,7449,7449,7449,7449,0,0,0,0
2,58,66,8377,8377,7957,7957,420,420,0,0
2,59,38,3683,3683,3683,3683,0,0,0,0
2,60,31,4042,4042,3963,3963,80,80,0,0
2,63,3,181,181,181,181,0,0,0,0
2,64,33,10207,10207,9786,9786,421,421,0,0
2,65,18,3814,3814,3814,3814,0,0,0,0
2,66,5,2262,2262,2262,2262,0,0,0,0
2,67,4,1499,1499,179,179,1320,1320,0,0
2,68,2,3008,3008,0,0,3008,3008,0,0
2,69,3,336,336,162,162,175,175,0,0
2,70,38,8163,8163,4484,4484,3679,3679,0,0
2,71,91,12363,12363,12111,12111,252,252,0,0
2,72,54,11689,11689,11351,11351,338,338,0,0
2,73,41,6154,6154,5890,5890,256,256,0,0
2,74,2,670,670,73,73,594,594,0,0
2,78,1,116,116,116,116,0,0,0,0
2,79,2,39,39,39,39,0,0,0,0
2,86,6,720,720,720,720,0,0,0,0
2,90,2,112,112,112,112,0,0,0,0
2,91,7,897,897,645,645,252,252,0,0
2,94,1,218,218,218,218,0,0,0,0
2,95,1,1618,1618,1618,1618,0,0,0,0
2,96,11,3133,3133,2550,2550,193,193,0,0
2,97,10,1768,1768,1054,1054,238,238,0,0
2,98,10,1028,1028,1028,1028,0,0,0,0
2,99,16,1798,1798,1580,1580,218,218,0,0
2,100,17,2598,2598,1968,1968,628,628,0,0
2,101,34,4371,4371,3738,3738,633,633,0,0
2,102,18,2431,2431,2397,2397,34,34,0,0
2,106,24,5684,5684,5620,5620,64,64,0,0
2,108,45,6598,6598,6447,6447,151,151,0,0
2,109,17,4230,4230,2585,2585,1645,1645,0,0
2,110,77,8297,8297,8297,8297,0,0,0,0
2,111,65,9849,9849,9740,9740,110,110,0,0
2,112,27,6320,6320,5006,5006,1314,1314,0,0
2,113,40,7268,7268,7268,7268,0,0,0,0
2,114,53,7158,7158,5972,5972,1185,1185,0,0
2,115,6,998,998,997,997,0,0,0,0
2,116,7,701,701,701,701,0,0,0,0
2,121,8,989,989,727,727,261,261,0,0
2,122,14,1994,1994,1843,1843,150,150,0,0
2,123,2,486,486,65,65,421,421,0,0
2,124,10,17556,17556,845,845,16711,16711,0,0
2,126,40,4267,4267,3622,3622,644,644,0,0
2,127,7,800,800,800,800,0,0,0,0
2,47,1,61,61,61,61,0,0,0,0
2,57,30,3565,3565,3565,3565,0,0,0,0
2,75,1,891,891,113,113,778,778,0,0
2,105,1,45,45,45,45,0,0,0,0
2,117,3,341,341,341,341,0,0,0,0
2,119,16,2591,2591,2591,2591,0,0,0,0
2,120,9,1711,1711,1711,1711,0,0,0,0
3,2,3,1985,1985,153,153,1833,1833,0,0
3,4,2,1426,1426,402,402,1024,1024,0,0
3,5,2,900,900,229,229,671,671,0,0
3,7,4,600,600,529,529,71,71,0,0
3,8,8,1789,1789,921,921,868,868,0,0
3,9,28,5433,5433,4375,4375,748,748,310,310
3,10,26,5323,5323,3623,3623,1556,1556,0,0
3,11,1,20,20,20,20,0,0,0,0
3,18,8,4544,4544,691,691,3853,3853,0,0
3,38,20,11309,11309,785,785,10523,10523,0,0
3,40,4,2141,2141,1805,1805,336,336,0,0
3,41,32,4600,4600,4600,4600,0,0,0,0
3,42,66,10203,10203,9099,9099,1104,1104,0,0
3,43,45,6219,6219,5501,5501,719,719,0,0
3,44,9,3112,3112,2303,2303,809,809,0,0
3,45,14,6003,6003,6003,6003,0,0,0,0
3,47,5,633,633,633,633,0,0,0,0
3,52,1,41,41,41,41,0,0,0,0
3,55,21,4514,4514,4514,4514,0,0,0,0
3,56,34,5372,5372,5349,5349,23,23,0,0
3,57,17,2212,2212,2212,2212,0,0,0,0
3,58,25,3936,3936,3099,3099,837,837,0,0
3,59,28,5135,5135,4383,4383,364,364,388,388
3,60,29,3311,3311,3311,3311,0,0,0,0
3,61,2,2297,2297,490,490,1808,1808,0,0
3,62,21,4264,4264,2548,2548,1580,1580,0,0
3,63,2,327,327,274,274,18,18,0,0
3,64,32,11539,11539,8520,8520,3019,3019,0,0
3,65,13,3911,3911,1222,1222,2689,2689,0,0
3,69,5,602,602,445,445,157,157,0,0
3,70,20,5613,5613,2569,2569,3045,3045,0,0
3,71,22,5044,5044,4693,4693,351,351,0,0
3,72,35,7230,7230,7230,7230,0,0,0,0
3,73,54,8534,8534,7316,7316,636,636,583,583
3,75,18,7693,7693,1447,1447,6245,6245,0,0
3,80,16,2819,2819,2166,2166,652,652,0,0
3,86,3,1563,1563,41,41,1522,1522,0,0
3,87,13,1155,1155,1155,1155,0,0,0,0
3,89,5,623,623,392,392,231,231,0,0
3,90,4,772,772,706,706,67,67,0,0
3,91,8,2114,2114,734,734,1380,1380,0,0
3,95,12,1382,1382,1240,1240,142,142,0,0
3,96,2,284,284,284,284,0,0,0,0
3,97,11,1420,1420,1113,1113,307,307,0,0
3,101,22,4459,4459,1604,1604,2856,2856,0,0
3,102,15,3948,3948,778,778,3170,3170,0,0
3,105,13,1375,1375,832,832,544,544,0,0
3,106,21,3377,3377,3244,3244,44,44,0,0
3,107,56,5964,5964,5515,5515,150,150,0,0
3,108,4,1068,1068,1068,1068,0,0,0,0
3,109,25,3387,3387,2334,2334,815,815,0,0
3,110,61,10864,10864,9707,9707,1157,1157,0,0
3,111,24,4940,4940,2924,2924,2015,2015,0,0
3,112,36,7128,7128,5502,5502,1445,1445,0,0
3,113,52,7872,7872,7757,7757,38,38,0,0
3,114,81,8144,8144,7220,7220,924,924,0,0
3,115,14,1320,1320,1320,1320,0,0,0,0
3,116,8,1205,1205,1166,1166,13,13,0,0
3,117,13,1336,1336,1336,1336,0,0,0,0
3,118,4,1917,1917,1917,1917,0,0,0,0
3,119,44,7653,7653,7375,7375,258,258,0,0
3,120,36,5096,5096,4682,4682,414,414,0,0
3,121,6,420,420,420,420,0,0,0,0
3,122,5,491,491,491,491,0,0,0,0
3,123,2,133,133,133,133,0,0,0,0
3,124,2,2255,2255,144,144,2112,2112,0,0
3,6,3,211,211,211,211,0,0,0,0
3,13,8,1757,1757,1062,1062,695,695,0,0
3,16,3,1483,1483,50,50,1433,1433,0,0
3,17,17,3563,3563,1447,1447,2117,2117,0,0
3,19,1,2453,2453,444,444,2008,2008,0,0
3,30,3,339,339,50,50,232,232,0,0
3,31,6,1167,1167,518,518,649,649,0,0
3,34,3,823,823,176,176,647,647,0,0
3,39,6,3142,3142,343,343,2799,2799,0,0
3,46,3,1664,1664,234,234,1430,1430,0,0
3,48,8,1334,1334,971,971,121,121,0,0
3,66,1,10,10,10,10,0,0,0,0
3,67,2,20,20,20,20,0,0,0,0
3,74,26,3666,3666,2586,2586,1079,1079,0,0
3,78,2,296,296,296,296,0,0,0,0
3,83,4,416,416,416,416,0,0,0,0
3,84,6,672,672,672,672,0,0,0,0
3,85,1,41,41,41,41,0,0,0,0
3,125,7,1509,1509,286,286,1223,1223,0,0
4,4,5,4199,4199,149,149,4050,4050,0,0
4,16,4,14085,14085,263,263,13822,13822,0,0
4,17,8,5486,5486,712,712,4773,4773,0,0
4,19,3,3411,3411,598,598,2812,2812,0,0
4,30,2,342,342,226,226,116,116,0,0
4,31,6,1366,1366,908,908,459,459,0,0
4,37,14,2383,2383,1127,1127,1257,1257,0,0
4,38,15,1929,1929,1770,1770,159,159,0,0
4,39,29,3606,3606,3606,3606,0,0,0,0
4,40,6,2033,2033,1741,1741,293,293,0,0
4,41,23,5329,5329,5329,5329,0,0,0,0
4,42,32,6305,6305,6304,6304,1,1,0,0
4,43,59,8384,8384,7999,7999,384,384,0,0
4,44,47,8809,8809,3596,3596,5213,5213,0,0
4,46,41,8200,8200,5197,5197,3002,3002,0,0
4,47,50,7033,7033,7013,7013,19,19,0,0
4,48,38,6724,6724,6724,6724,0,0,0,0
4,49,4,513,513,455,455,19,19,0,0
4,55,23,7932,7932,3311,3311,4572,4572,0,0
4,56,6,3517,3517,156,156,3361,3361,0,0
4,59,38,5137,5137,4402,4402,65,65,540,540
4,60,48,3723,3723,3723,3723,0,0,0,0
4,61,4,440,440,440,440,0,0,0,0
4,62,27,3036,3036,2753,2753,283,283,0,0
4,63,26,3511,3511,3511,3511,0,0,0,0
4,64,23,4841,4841,4109,4109,313,313,420,420
4,65,7,671,671,671,671,0,0,0,0
4,66,8,747,747,747,747,0,0,0,0
4,67,4,446,446,446,446,0,0,0,0
4,68,12,1436,1436,1436,1436,0,0,0,0
4,69,7,784,784,784,784,0,0,0,0
4,70,1,51,51,51,51,0,0,0,0
4,72,3,671,671,671,671,0,0,0,0
4,73,24,2519,2519,2519,2519,0,0,0,0
4,74,13,2340,2340,1812,1812,529,529,0,0
4,75,2,257,257,257,257,0,0,0,0
4,76,5,283,283,283,283,0,0,0,0
4,78,2,219,219,219,219,0,0,0,0
4,80,2,139,139,139,139,0,0,0,0
4,83,7,1133,1133,1133,1133,0,0,0,0
4,84,12,4270,4270,4270,4270,0,0,0,0
4,86,8,738,738,738,738,0,0,0,0
4,87,1,141,141,141,141,0,0,0,0
4,88,1,399,399,255,255,144,144,0,0
4,91,1,149,149,149,149,0,0,0,0
4,96,5,1749,1749,1749,1749,0,0,0,0
4,98,6,601,601,452,452,149,149,0,0
4,101,5,1346,1346,531,531,815,815,0,0
4,102,2,972,972,65,65,907,907,0,0
4,106,3,878,878,708,708,166,166,0,0
4,107,39,5626,5626,5590,5590,12,12,0,0
4,108,77,9801,9801,9276,9276,524,524,0,0
4,109,89,9853,9853,9853,9853,0,0,0,0
4,110,104,11504,11504,11048,11048,445,445,0,0
4,111,65,8710,8710,8710,8710,0,0,0,0
4,112,40,6927,6927,6927,6927,0,0,0,0
4,113,37,5772,5772,5478,5478,296,296,0,0
4,114,24,3619,3619,3445,3445,155,155,0,0
4,115,1,38,38,38,38,0,0,0,0
4,116,4,1403,1403,1403,1403,0,0,0,0
4,118,2,1351,1351,1351,1351,0,0,0,0
4,119,46,8268,8268,6041,6041,2013,2013,0,0
4,120,49,7151,7151,5599,5599,1552,1552,0,0
4,124,9,1042,1042,1042,1042,0,0,0,0
4,3,3,1119,1119,169,169,950,950,0,0
4,8,1,1655,1655,0,0,1655,1655,0,0
4,9,6,1428,1428,710,710,718,718,0,0
4,10,18,2378,2378,1662,1662,653,653,0,0
4,11,8,1301,1301,981,981,320,320,0,0
4,12,5,994,994,505,505,489,489,0,0
4,13,12,2024,2024,1819,1819,204,204,0,0
4,18,1,76,76,76,76,0,0,0,0
4,36,4,609,609,609,609,0,0,0,0
4,45,14,2574,2574,1099,1099,1475,1475,0,0
4,54,2,1625,1625,1311,1311,313,313,0,0
4,77,3,231,231,231,231,0,0,0,0
4,79,6,748,748,748,748,0,0,0,0
4,90,1,93,93,93,93,0,0,0,0
4,92,4,1135,1135,1116,1116,19,19,0,0
4,94,7,558,558,558,558,0,0,0,0
4,97,11,1901,1901,265,265,1635,1635,0,0
4,99,1,213,213,213,213,0,0,0,0
4,100,11,1297,1297,1297,1297,0,0,0,0
4,104,6,908,908,291,291,617,617,0,0
4,105,1,50,50,50,50,0,0,0,0
4,122,15,2276,2276,965,965,1311,1311,0,0
4,123,2,806,806,652,652,155,155,0,0
4,126,5,384,384,334,334,17,17,0,0
5,0,2,1032,1032,78,78,954,954,0,0
5,3,1,1038,1038,0,0,1038,1038,0,0
5,4,1,2151,2151,8,8,2143,2143,0,0
5,8,3,1803,1803,338,338,1465,1465,0,0
5,9,2,685,685,257,257,429,429,0,0
5,10,27,4308,4308,2742,2742,1565,1565,0,0
5,11,9,2026,2026,749,749,1172,1172,0,0
5,12,4,1057,1057,433,433,625,625,0,0
5,13,9,1860,1860,1547,1547,313,313,0,0
5,16,4,13801,13801,389,389,13411,13411,0,0
5,17,9,7883,7883,591,591,7293,7293,0,0
5,19,3,3761,3761,307,307,3454,3454,0,0
5,27,11,2215,2215,857,857,1358,1358,0,0
5,37,17,2016,2016,1951,1951,65,65,0,0
5,38,18,3077,3077,1955,1955,1121,1121,0,0
5,39,1,99,99,99,99,0,0,0,0
5,40,5,1488,1488,614,614,874,874,0,0
5,41,17,5925,5925,5805,5805,120,120,0,0
5,42,42,7758,7758,6543,6543,1215,1215,0,0
5,43,26,5113,5113,2315,2315,2162,2162,0,0
5,44,11,2026,2026,916,916,1011,1011,0,0
5,45,44,6241,6241,6241,6241,0,0,0,0
5,46,29,4323,4323,3756,3756,189,189,0,0
5,47,52,6771,6771,6658,6658,112,112,0,0
5,48,44,7627,7627,6868,6868,759,759,0,0
5,49,10,2075,2075,2075,2075,0,0,0,0
5,50,32,4059,4059,3923,3923,136,136,0,0
5,51,10,1706,1706,1560,1560,147,147,0,0
5,54,14,13764,13764,679,679,13084,13084,0,0
5,55,6,3319,3319,358,358,2961,2961,0,0
5,56,1,4020,4020,0,0,4020,4020,0,0
5,59,33,4131,4131,3492,3492,640,640,0,0
5,63,7,1834,1834,1834,1834,0,0,0,0
5,64,32,6478,6478,6478,6478,0,0,0,0
5,68,3,146,146,146,146,0,0,0,0
5,69,8,1763,1763,811,811,951,951,0,0
5,72,10,2630,2630,2630,2630,0,0,0,0
5,77,6,451,451,451,451,0,0,0,0
5,78,4,617,617,617,617,0,0,0,0
5,83,7,1013,1013,1013,1013,0,0,0,0
5,84,2,331,331,331,331,0,0,0,0
5,89,9,2091,2091,1015,1015,1076,1076,0,0
5,91,8,874,874,689,689,185,185,0,0
5,92,14,1534,1534,1208,1208,326,326,0,0
5,93,9,1369,1369,1159,1159,210,210,0,0
5,94,2,709,709,417,417,292,292,0,0
5,96,12,8115,8115,849,849,7265,7265,0,0
5,97,14,5366,5366,3216,3216,2150,2150,0,0
5,98,26,7134,7134,7134,7134,0,0,0,0
5,99,14,5917,5917,3879,3879,2037,2037,0,0
5,100,19,2864,2864,1904,1904,960,960,0,0
5,101,22,4215,4215,4215,4215,0,0,0,0
5,106,28,7205,7205,1929,1929,5275,5275,0,0
5,107,21,3304,3304,3222,3222,82,82,0,0
5,108,38,4592,4592,4202,4202,130,130,0,0
5,109,29,3926,3926,3773,3773,51,51,0,0
5,110,47,4608,4608,4608,4608,0,0,0,0
5,111,40,5984,5984,5984,5984,0,0,0,0
5,112,36,4897,4897,4897,4897,0,0,0,0
5,113,15,2823,2823,1441,1441,1383,1383,0,0
5,114,47,7139,7139,7115,7115,24,24,0,0
5,115,18,5748,5748,5748,5748,0,0,0,0
5,116,19,6885,6885,6885,6885,0,0,0,0
5,117,5,1250,1250,1022,1022,228,228,0,0
5,118,9,2930,2930,2046,2046,347,347,0,0
5,119,31,10885,10885,3631,3631,7254,7254,0,0
5,120,37,6112,6112,6027,6027,28,28,0,0
5,121,2,294,294,294,294,0,0,0,0
5,122,14,3376,3376,1378,1378,1999,1999,0,0
5,124,1,24,24,24,24,0,0,0,0
5,126,10,20796,20796,558,558,20238,20238,0,0
5,127,12,1809,1809,1809,1809,0,0,0,0
5,1,4,3042,3042,668,668,2374,2374,0,0
5,60,8,1617,1617,1107,1107,510,510,0,0
5,62,11,1573,1573,1252,1252,321,321,0,0
5,65,2,350,350,350,350,0,0,0,0
5,66,1,122,122,122,122,0,0,0,0
5,70,1,42,42,42,42,0,0,0,0
5,79,5,1416,1416,1416,1416,0,0,0,0
5,82,1,46,46,46,46,0,0,0,0
5,85,1,21,21,21,21,0,0,0,0
5,87,3,2829,2829,592,592,2238,2238,0,0
5,95,3,3179,3179,302,302,2876,2876,0,0
5,102,5,373,373,373,373,0,0,0,0
5,103,1,223,223,223,223,0,0,0,0
5,104,1,38,38,38,38,0,0,0,0
5,105,27,2464,2464,1998,1998,466,466,0,0
5,125,4,360,360,360,360,0,0,0,0
6,4,3,507,507,138,138,369,369,0,0
6,10,7,1217,1217,1217,1217,0,0,0,0
6,18,1,1896,1896,288,288,1608,1608,0,0
6,19,4,4337,4337,1126,1126,3211,3211,0,0
6,37,1,86,86,86,86,0,0,0,0
6,40,1,234,234,234,234,0,0,0,0
6,42,11,2353,2353,1320,1320,1032,1032,0,0
6,43,6,1253,1253,247,247,1005,1005,0,0
6,44,28,2352,2352,2352,2352,0,0,0,0
6,45,29,3465,3465,3465,3465,0,0,0,0
6,46,17,2104,2104,1993,1993,111,111,0,0
6,47,9,1372,1372,1233,1233,139,139,0,0
6,49,8,2064,2064,1967,1967,97,97,0,0
6,50,10,1841,1841,1841,1841,0,0,0,0
6,53,14,2740,2740,1526,1526,1214,1214,0,0
6,59,3,601,601,317,317,284,284,0,0
6,60,16,2907,2907,2265,2265,642,642,0,0
6,62,10,2011,2011,1755,1755,257,257,0,0
6,63,10,1311,1311,1311,1311,0,0,0,0
6,64,37,8668,8668,8668,8668,0,0,0,0
6,69,3,461,461,260,260,67,67,0,0
6,72,15,2728,2728,2464,2464,263,263,0,0
6,73,3,143,143,143,143,0,0,0,0
6,77,9,1129,1129,1129,1129,0,0,0,0
6,79,13,6028,6028,6028,6028,0,0,0,0
6,82,4,1098,1098,1098,1098,0,0,0,0
6,86,3,735,735,735,735,0,0,0,0
6,88,10,1465,1465,1465,1465,0,0,0,0
6,93,16,5082,5082,2278,2278,2746,2746,0,0
6,94,16,18013,18013,2150,2150,15849,15849,0,0
6,95,16,12449,12449,3170,3170,9278,9278,0,0
6,96,4,5734,5734,268,268,5466,5466,0,0
6,97,14,3193,3193,3058,3058,135,135,0,0
6,98,18,9095,9095,9095,9095,0,0,0,0
6,99,24,7047,7047,6442,6442,605,605,0,0
6,100,33,8170,8170,6084,6084,1417,1417,669,669
6,101,92,10159,10159,10159,10159,0,0,0,0
6,102,34,3841,3841,3841,3841,0,0,0,0
6,103,14,1252,1252,1252,1252,0,0,0,0
6,105,8,1216,1216,922,922,294,294,0,0
6,110,1,930,930,0,0,930,930,0,0
6,111,2,2425,2425,229,229,2197,2197,0,0
6,112,9,4677,4677,1529,1529,3148,3148,0,0
6,113,10,5923,5923,3070,3070,2853,2853,0,0
6,114,30,10750,10750,7776,7776,2974,2974,0,0
6,115,14,4781,4781,4781,4781,0,0,0,0
6,116,14,6600,6600,4037,4037,2562,2562,0,0
6,117,14,6964,6964,6964,6964,0,0,0,0
6,119,25,17725,17725,2310,2310,15416,15416,0,0
6,120,6,1080,1080,275,275,805,805,0,0
6,122,4,2040,2040,195,195,1845,1845,0,0
6,126,7,1307,1307,1307,1307,0,0,0,0
6,127,3,151,151,151,151,0,0,0,0
6,29,1,251,251,251,251,0,0,0,0
6,36,3,587,587,54,54,533,533,0,0
6,48,2,391,391,391,391,0,0,0,0
6,52,7,1147,1147,1147,1147,0,0,0,0
6,65,4,365,365,365,365,0,0,0,0
6,80,3,606,606,606,606,0,0,0,0
6,81,10,803,803,803,803,0,0,0,0
6,87,4,1030,1030,447,447,583,583,0,0
6,92,2,1706,1706,0,0,1706,1706,0,0
6,106,3,183,183,183,183,0,0,0,0
6,107,2,211,211,211,211,0,0,0,0
6,118,8,1401,1401,1401,1401,0,0,0,0
6,123,3,519,519,519,519,0,0,0,0
7,9,4,748,748,748,748,0,0,0,0
7,18,9,1399,1399,898,898,501,501,0,0
7,19,5,7868,7868,557,557,7312,7312,0,0
7,28,5,2250,2250,350,350,1900,1900,0,0
7,29,8,2350,2350,1980,1980,288,288,0,0
7,33,6,2644,2644,538,538,2105,2105,0,0
7,34,7,6890,6890,585,585,6304,6304,0,0
7,35,4,1981,1981,223,223,1758,1758,0,0
7,36,10,1367,1367,873,873,494,494,0,0
7,42,2,838,838,189,189,649,649,0,0
7,45,8,1117,1117,518,518,599,599,0,0
7,46,5,1138,1138,351,351,787,787,0,0
7,53,3,479,479,192,192,143,143,81,81
7,59,21,8951,8951,2308,2308,6642,6642,0,0
7,60,21,4631,4631,1216,1216,3415,3415,0,0
7,62,15,2627,2627,2560,2560,66,66,0,0
7,63,21,6061,6061,5894,5894,167,167,0,0
7,64,45,10391,10391,10362,10362,29,29,0,0
7,65,23,4624,4624,2708,2708,1916,1916,0,0
7,66,21,4031,4031,4031,4031,0,0,0,0
7,72,6,2231,2231,747,747,1484,1484,0,0
7,73,3,297,297,297,297,0,0,0,0
7,74,9,814,814,814,814,0,0,0,0
7,78,6,1193,1193,640,640,553,553,0,0
7,82,2,2688,2688,2688,2688,0,0,0,0
7,87,1,1492,1492,0,0,1492,1492,0,0
7,89,14,1812,1812,1774,1774,37,37,0,0
7,91,5,11275,11275,779,779,10497,10497,0,0
7,92,32,17293,17293,2364,2364,14877,14877,0,0
7,93,43,14708,14708,2061,2061,12648,12648,0,0
7,94,24,13979,13979,1683,1683,12295,12295,0,0
7,95,29,20954,20954,1152,1152,19802,19802,0,0
7,96,16,15643,15643,1231,1231,14412,14412,0,0
7,98,27,8308,8308,7084,7084,1224,1224,0,0
7,99,35,11859,11859,11859,11859,0,0,0,0
7,100,69,15392,15392,13345,13345,2046,2046,0,0
7,101,117,12791,12791,12536,12536,255,255,0,0
7,102,69,7251,7251,6540,6540,711,711,0,0
7,104,11,5336,5336,678,678,4656,4656,0,0
7,105,2,1175,1175,172,172,1003,1003,0,0
7,110,3,252,252,252,252,0,0,0,0
7,111,1,1790,1790,160,160,1630,1630,0,0
7,112,3,1261,1261,1261,1261,0,0,0,0
7,113,24,7229,7229,6436,6436,793,793,0,0
7,114,44,9351,9351,6068,6068,3283,3283,0,0
7,115,17,4911,4911,3641,3641,1270,1270,0,0
7,116,16,5976,5976,3722,3722,2254,2254,0,0
7,117,30,7607,7607,7607,7607,0,0,0,0
7,118,18,2504,2504,2504,2504,0,0,0,0
7,121,6,1985,1985,1696,1696,0,0,288,288
7,122,7,1172,1172,1030,1030,0,0,142,142
7,123,3,338,338,338,338,0,0,0,0
7,125,15,4324,4324,1193,1193,3132,3132,0,0
7,126,11,1688,1688,1279,1279,409,409,0,0
7,0,5,655,655,239,239,417,417,0,0
7,11,1,159,159,159,159,0,0,0,0
7,31,6,604,604,601,601,3,3,0,0
7,32,13,2450,2450,1135,1135,1314,1314,0,0
7,47,2,74,74,43,43,31,31,0,0
7,48,2,541,541,541,541,0,0,0,0
7,54,2,238,238,238,238,0,0,0,0
7,67,6,4216,4216,2398,2398,1818,1818,0,0
7,68,5,1594,1594,1594,1594,0,0,0,0
7,69,5,918,918,918,918,0,0,0,0
7,70,5,1007,1007,344,344,662,662,0,0
7,75,2,3166,3166,147,147,3019,3019,0,0
7,85,1,20,20,20,20,0,0,0,0
7,88,4,1228,1228,0,0,1228,1228,0,0
7,90,2,7144,7144,783,783,6361,6361,0,0
7,97,6,1332,1332,1332,1332,0,0,0,0
7,103,1,1456,1456,1456,1456,0,0,0,0
7,106,3,380,380,380,380,0,0,0,0
7,109,3,584,584,584,584,0,0,0,0
8,11,9,1709,1709,711,711,998,998,0,0
8,19,20,6284,6284,1512,1512,4771,4771,0,0
8,28,3,548,548,431,431,0,0,117,117
8,29,5,3686,3686,1473,1473,2213,2213,0,0
8,30,3,366,366,92,92,92,92,0,0
8,31,9,1460,1460,905,905,555,555,0,0
8,41,2,659,659,383,383,276,276,0,0
8,45,24,2188,2188,1997,1997,192,192,0,0
8,47,1,2680,2680,0,0,2680,2680,0,0
8,48,6,1035,1035,1035,1035,0,0,0,0
8,52,4,418,418,418,418,0,0,0,0
8,55,6,683,683,683,683,0,0,0,0
8,58,3,2209,2209,45,45,2164,2164,0,0
8,59,15,9343,9343,1753,1753,7589,7589,0,0
8,60,46,6480,6480,4301,4301,2178,2178,0,0
8,61,32,4818,4818,3313,3313,1504,1504,0,0
8,62,59,7715,7715,6933,6933,782,782,0,0
8,63,76,10665,10665,10438,10438,75,75,0,0
8,64,83,12854,12854,12458,12458,396,396,0,0
8,65,76,12056,12056,8854,8854,2242,2242,959,959
8,66,55,12108,12108,9991,9991,2116,2116,0,0
8,67,41,8950,8950,7440,7440,1511,1511,0,0
8,68,67,10686,10686,10039,10039,646,646,0,0
8,69,40,5037,5037,5037,5037,0,0,0,0
8,70,8,1686,1686,1149,1149,537,537,0,0
8,72,2,5165,5165,94,94,5071,5071,0,0
8,73,6,18365,18365,1826,1826,16540,16540,0,0
8,74,10,23875,23875,1106,1106,22769,22769,0,0
8,75,6,766,766,766,766,0,0,0,0
8,76,4,642,642,642,642,0,0,0,0
8,78,11,2485,2485,2485,2485,0,0,0,0
8,79,5,405,405,405,405,0,0,0,0
8,81,2,570,570,570,570,0,0,0,0
8,85,2,4,4,4,4,0,0,0,0
8,86,2,950,950,950,950,0,0,0,0
8,88,4,1698,1698,296,296,1402,1402,0,0
8,89,31,14273,14273,3148,3148,11127,11127,0,0
8,90,22,12096,12096,1279,1279,10816,10816,0,0
8,91,42,14232,14232,2749,2749,11483,11483,0,0
8,92,28,18912,18912,1819,1819,17095,17095,0,0
8,93,38,17764,17764,1569,1569,16195,16195,0,0
8,94,23,13835,13835,2717,2717,11092,11092,0,0
8,95,21,6212,6212,1577,1577,4635,4635,0,0
8,96,9,4146,4146,506,506,3640,3640,0,0
8,97,44,6608,6608,6109,6109,500,500,0,0
8,98,24,5677,5677,3989,3989,1688,1688,0,0
8,99,42,7235,7235,6766,6766,469,469,0,0
8,100,101,13016,13016,12887,12887,129,129,0,0
8,101,85,10915,10915,10262,10262,653,653,0,0
8,102,37,12977,12977,1974,1974,11004,11004,0,0
8,103,7,5122,5122,214,214,4908,4908,0,0
8,104,8,1099,1099,320,320,779,779,0,0
8,106,2,118,118,118,118,0,0,0,0
8,110,3,2148,2148,1821,1821,327,327,0,0
8,111,24,10144,10144,4918,4918,5226,5226,0,0
8,112,17,3094,3094,2589,2589,168,168,0,0
8,113,38,9899,9899,7185,7185,2519,2519,0,0
8,114,38,9142,9142,5635,5635,3507,3507,0,0
8,115,32,6090,6090,5631,5631,0,0,459,459
8,116,27,8979,8979,6402,6402,520,520,2056,2056
8,117,24,5139,5139,3580,3580,1559,1559,0,0
8,121,4,1370,1370,1370,1370,0,0,0,0
8,123,1,14,14,4,4,4,4,0,0
8,124,8,1718,1718,767,767,952,952,0,0
8,125,9,2942,2942,1339,1339,1604,1604,0,0
8,126,8,981,981,981,981,0,0,0,0
8,18,4,729,729,240,240,490,490,0,0
8,20,1,1996,1996,289,289,1707,1707,0,0
8,33,4,667,667,182,182,485,485,0,0
8,44,8,1236,1236,1236,1236,0,0,0,0
8,54,6,1608,1608,328,328,1280,1280,0,0
8,56,11,1621,1621,1621,1621,0,0,0,0
8,71,1,785,785,785,785,0,0,0,0
8,77,2,585,585,585,585,0,0,0,0
8,87,4,366,366,366,366,0,0,0,0
8,105,1,76,76,76,76,0,0,0,0
8,108,4,337,337,337,337,0,0,0,0
8,118,2,173,173,173,173,0,0,0,0
9,1,7,1559,1559,1106,1106,453,453,0,0
9,22,7,1716,1716,1716,1716,0,0,0,0
9,29,6,1048,1048,537,537,482,482,0,0
9,33,5,1394,1394,215,215,1179,1179,0,0
9,39,2,453,453,453,453,0,0,0,0
9,44,41,3673,3673,3326,3326,116,116,0,0
9,45,25,1627,1627,1627,1627,0,0,0,0
9,48,1,94,94,94,94,0,0,0,0
9,53,5,1910,1910,381,381,1529,1529,0,0
9,54,2,297,297,297,297,0,0,0,0
9,60,20,2895,2895,1925,1925,971,971,0,0
9,61,13,3697,3697,1540,1540,2156,2156,0,0
9,62,2,352,352,351,351,1,1,0,0
9,63,43,6129,6129,6129,6129,0,0,0,0
9,64,37,6109,6109,6109,6109,0,0,0,0
9,65,20,4245,4245,4245,4245,0,0,0,0
9,66,22,4302,4302,4112,4112,63,63,0,0
9,67,36,7517,7517,7517,7517,0,0,0,0
9,68,43,7529,7529,7233,7233,282,282,0,0
9,69,37,5392,5392,5392,5392,0,0,0,0
9,71,11,3916,3916,2658,2658,1249,1249,9,9
9,72,15,17540,17540,2947,2947,14594,14594,0,0
9,73,12,16930,16930,3478,3478,13452,13452,0,0
9,74,9,16110,16110,839,839,15272,15272,0,0
9,75,7,3109,3109,1448,1448,1661,1661,0,0
9,77,8,1564,1564,998,998,566,566,0,0
9,78,5,1108,1108,1108,1108,0,0,0,0
9,79,1,22,22,22,22,0,0,0,0
9,81,5,515,515,515,515,0,0,0,0
9,83,1,33,33,33,33,0,0,0,0
9,87,1,291,291,291,291,0,0,0,0
9,89,9,5424,5424,595,595,4830,4830,0,0
9,90,29,10697,10697,1784,1784,8912,8912,0,0
9,91,30,13550,13550,1502,1502,12048,12048,0,0
9,92,21,15396,15396,1090,1090,14305,14305,0,0
9,93,30,23606,23606,1858,1858,21747,21747,0,0
9,94,50,21248,21248,5430,5430,15818,15818,0,0
9,95,14,7985,7985,1128,1128,6855,6855,0,0
9,96,19,4725,4725,3069,3069,1656,1656,0,0
9,97,79,11684,11684,11684,11684,0,0,0,0
9,98,80,10033,10033,10033,10033,0,0,0,0
9,99,83,8386,8386,7651,7651,735,735,0,0
9,100,36,7589,7589,6376,6376,956,956,0,0
9,101,41,4853,4853,4716,4716,45,45,0,0
9,102,16,4901,4901,789,789,4112,4112,0,0
9,103,2,1289,1289,0,0,1289,1289,0,0
9,104,5,350,350,350,350,0,0,0,0
9,105,2,175,175,175,175,0,0,0,0
9,108,5,2048,2048,1865,1865,183,183,0,0
9,109,12,3178,3178,1352,1352,1095,1095,0,0
9,110,16,4740,4740,4586,4586,51,51,0,0
9,111,32,6840,6840,6297,6297,543,543,0,0
9,112,18,5948,5948,5580,5580,123,123,0,0
9,113,24,14848,14848,8284,8284,6284,6284,0,0
9,114,39,12048,12048,10562,10562,1486,1486,0,0
9,115,53,8331,8331,8331,8331,0,0,0,0
9,116,36,9459,9459,9050,9050,409,409,0,0
9,117,9,5350,5350,4142,4142,1208,1208,0,0
9,118,9,3129,3129,3100,3100,28,28,0,0
9,119,2,772,772,41,41,716,716,0,0
9,122,2,57,57,57,57,0,0,0,0
9,124,14,4167,4167,321,321,3846,3846,0,0
9,125,2,1016,1016,623,623,393,393,0,0
9,127,2,17,17,17,17,0,0,0,0
9,18,5,876,876,462,462,415,415,0,0
9,31,1,92,92,92,92,0,0,0,0
9,32,2,307,307,307,307,0,0,0,0
9,46,1,46,46,46,46,0,0,0,0
9,52,5,546,546,546,546,0,0,0,0
9,58,1,52,52,52,52,0,0,0,0
9,59,5,934,934,466,466,468,468,0,0
9,70,1,455,455,455,455,0,0,0,0
9,123,6,1121,1121,1121,1121,0,0,0,0
9,126,5,870,870,227,227,644,644,0,0
10,17,4,889,889,475,475,414,414,0,0
10,18,2,966,966,64,64,902,902,0,0
10,20,1,274,274,98,98,176,176,0,0
10,21,2,1396,1396,52,52,1344,1344,0,0
10,31,1,137,137,137,137,0,0,0,0
10,33,3,1249,1249,882,882,367,367,0,0
10,34,1,3163,3163,0,0,3163,3163,0,0
10,44,1,127,127,127,127,0,0,0,0
10,45,6,1251,1251,348,348,903,903,0,0
10,46,3,410,410,291,291,119,119,0,0
10,52,2,805,805,805,805,0,0,0,0
10,58,11,7097,7097,1993,1993,5103,5103,0,0
10,64,20,2253,2253,2161,2161,92,92,0,0
10,67,2,388,388,388,388,0,0,0,0
10,68,27,3441,3441,3441,3441,0,0,0,0
10,69,32,5646,5646,5646,5646,0,0,0,0
10,70,15,3168,3168,3168,3168,0,0,0,0
10,71,15,3780,3780,2351,2351,1367,1367,62,62
10,72,20,7179,7179,3015,3015,4164,4164,0,0
10,73,2,4752,4752,42,42,4710,4710,0,0
10,74,4,7951,7951,443,443,7508,7508,0,0
10,75,18,13516,13516,3051,3051,10418,10418,0,0
10,76,2,2886,2886,106,106,2780,2780,0,0
10,77,10,1304,1304,1304,1304,0,0,0,0
10,81,19,1937,1937,1685,1685,251,251,0,0
10,82,2,78,78,78,78,0,0,0,0
10,86,4,1084,1084,770,770,314,314,0,0
10,89,1,1118,1118,964,964,52,52,0,0
10,90,5,1377,1377,1324,1324,18,18,0,0
10,91,5,6643,6643,769,769,5875,5875,0,0
10,92,27,14586,14586,4646,4646,9940,9940,0,0
10,93,35,12721,12721,4599,4599,8122,8122,0,0
10,94,28,16910,16910,2114,2114,14796,14796,0,0
10,95,7,3843,3843,823,823,1863,1863,1157,1157
10,96,18,6750,6750,3942,3942,2808,2808,0,0
10,97,54,7626,7626,7027,7027,598,598,0,0
10,98,70,10732,10732,10732,10732,0,0,0,0
10,99,37,7387,7387,7320,7320,67,67,0,0
10,100,28,6177,6177,6177,6177,0,0,0,0
10,101,3,798,798,798,798,0,0,0,0
10,102,6,1233,1233,0,0,1233,1233,0,0
10,103,18,1245,1245,1118,1118,127,127,0,0
10,104,19,2300,2300,1621,1621,679,679,0,0
10,105,6,919,919,762,762,52,52,0,0
10,107,17,1966,1966,817,817,1149,1149,0,0
10,111,20,7895,7895,7895,7895,0,0,0,0
10,112,22,8754,8754,6448,6448,2307,2307,0,0
10,113,15,3815,3815,3264,3264,551,551,0,0
10,114,35,7427,7427,6108,6108,1319,1319,0,0
10,115,43,8932,8932,8023,8023,908,908,0,0
10,116,43,7980,7980,4962,4962,2966,2966,0,0
10,117,18,7969,7969,5712,5712,2122,2122,135,135
10,118,13,4529,4529,4452,4452,0,0,77,77
10,119,1,427,427,427,427,0,0,0,0
10,120,5,370,370,370,370,0,0,0,0
10,122,1,311,311,311,311,0,0,0,0
10,123,11,1410,1410,803,803,436,436,0,0
10,124,6,1659,1659,860,860,799,799,0,0
10,125,2,128,128,128,128,0,0,0,0
10,0,1,140,140,140,140,0,0,0,0
10,1,4,310,310,310,310,0,0,0,0
10,13,6,997,997,706,706,291,291,0,0
10,32,2,259,259,259,259,0,0,0,0
10,48,5,3514,3514,68,68,3446,3446,0,0
10,49,3,259,259,259,259,0,0,0,0
10,63,3,447,447,245,245,202,202,0,0
10,85,2,418,418,320,320,98,98,0,0
10,87,6,4635,4635,1284,1284,3351,3351,0,0
10,108,2,232,232,232,232,0,0,0,0
10,109,4,2587,2587,2587,2587,0,0,0,0
10,110,1,567,567,567,567,0,0,0,0
10,121,1,36,36,36,36,0,0,0,0
11,0,47,7781,7781,7781,7781,0,0,0,0
11,1,19,2121,2121,2121,2121,0,0,0,0
11,13,2,647,647,138,138,509,509,0,0
11,32,2,658,658,658,658,0,0,0,0
11,46,1,454,454,454,454,0,0,0,0
11,48,1,2917,2917,0,0,2917,2917,0,0
11,54,3,345,345,345,345,0,0,0,0
11,58,10,2468,2468,1249,1249,1219,1219,0,0
11,62,1,809,809,809,809,0,0,0,0
11,63,12,1247,1247,575,575,671,671,0,0
11,66,9,7940,7940,1597,1597,6344,6344,0,0
11,70,6,1459,1459,309,309,1150,1150,0,0
11,71,29,6057,6057,5790,5790,267,267,0,0
11,72,21,3908,3908,3086,3086,822,822,0,0
11,73,37,6933,6933,6400,6400,482,482,0,0
11,74,16,3329,3329,2910,2910,417,417,0,0
11,75,17,9416,9416,3374,3374,6042,6042,0,0
11,76,15,4611,4611,1494,1494,3116,3116,0,0
11,78,3,426,426,426,426,0,0,0,0
11,80,4,440,440,440,440,0,0,0,0
11,81,5,397,397,397,397,0,0,0,0
11,85,2,923,923,923,923,0,0,0,0
11,86,31,4034,4034,4034,4034,0,0,0,0
11,89,16,16678,16678,2510,2510,14169,14169,0,0
11,90,31,11682,11682,6607,6607,5076,5076,0,0
11,91,13,15534,15534,849,849,14684,14684,0,0
11,92,52,16529,16529,2464,2464,14064,14064,0,0
11,93,49,21998,21998,1888,1888,20107,20107,0,0
11,94,38,12192,12192,2462,2462,9730,9730,0,0
11,96,45,10845,10845,10845,10845,0,0,0,0
11,97,24,7770,7770,6318,6318,1452,1452,0,0
11,98,29,5508,5508,4201,4201,1307,1307,0,0
11,99,58,9203,9203,8556,8556,647,647,0,0
11,100,26,9560,9560,9156,9156,404,404,0,0
11,101,14,3861,3861,1334,1334,2527,2527,0,0
11,102,5,1452,1452,0,0,1452,1452,0,0
11,103,26,5745,5745,3939,3939,1806,1806,0,0
11,104,8,1491,1491,1121,1121,370,370,0,0
11,105,6,602,602,602,602,0,0,0,0
11,107,4,2427,2427,386,386,2043,2043,0,0
11,108,6,910,910,603,603,306,306,0,0
11,109,19,6782,6782,5981,5981,801,801,0,0
11,110,15,4075,4075,3398,3398,677,677,0,0
11,111,56,9496,9496,9007,9007,489,489,0,0
11,112,59,10470,10470,7371,7371,2872,2872,0,0
11,113,58,8652,8652,7467,7467,1185,1185,0,0
11,114,41,8319,8319,8319,8319,0,0,0,0
11,115,25,4510,4510,4510,4510,0,0,0,0
11,116,16,7785,7785,7633,7633,152,152,0,0
11,117,8,5897,5897,2442,2442,3405,3405,50,50
11,118,7,2644,2644,2310,2310,0,0,334,334
11,120,1,5,5,5,5,0,0,0,0
11,123,1,352,352,340,340,12,12,0,0
11,124,10,7087,7087,750,750,6337,6337,0,0
11,125,14,1436,1436,1393,1393,14,14,0,0
11,126,2,254,254,254,254,0,0,0,0
11,11,2,298,298,131,131,167,167,0,0
11,12,5,2397,2397,549,549,1847,1847,0,0
11,43,1,141,141,44,44,32,32,0,0
11,57,2,1899,1899,357,357,1543,1543,0,0
11,64,2,348,348,348,348,0,0,0,0
11,67,3,2399,2399,44,44,2355,2355,0,0
11,77,4,398,398,398,398,0,0,0,0
11,87,1,1380,1380,0,0,1380,1380,0,0
11,88,4,5931,5931,205,205,5726,5726,0,0
11,95,7,2399,2399,2107,2107,292,292,0,0
11,106,5,899,899,899,899,0,0,0,0
11,121,1,662,662,591,591,72,72,72,72
11,122,2,159,159,159,159,0,0,0,0
11,127,4,252,252,252,252,0,0,0,0
12,0,8,1785,1785,897,897,887,887,0,0
12,10,1,174,174,174,174,0,0,0,0
12,11,1,155,155,129,129,27,27,0,0
12,12,1,77,77,0,0,77,77,0,0
12,40,3,934,934,313,313,622,622,0,0
12,43,1,1512,1512,578,578,311,311,0,0
12,45,9,4379,4379,2638,2638,1742,1742,0,0
12,46,6,1510,1510,591,591,919,919,0,0
12,58,5,1607,1607,781,781,826,826,0,0
12,64,7,758,758,688,688,70,70,0,0
12,67,8,5795,5795,809,809,4985,4985,0,0
12,68,58,7706,7706,7706,7706,0,0,0,0
12,69,21,4327,4327,3212,3212,1114,1114,0,0
12,70,7,1218,1218,1198,1198,20,20,0,0
12,71,1,228,228,228,228,0,0,0,0
12,72,11,960,960,960,960,0,0,0,0
12,74,2,507,507,507,507,0,0,0,0
12,75,19,4533,4533,4533,4533,0,0,0,0
12,76,22,3308,3308,3308,3308,0,0,0,0
12,77,11,1200,1200,1200,1200,0,0,0,0
12,78,1,7,7,7,7,0,0,0,0
12,80,13,1541,1541,1541,1541,0,0,0,0
12,81,3,107,107,107,107,0,0,0,0
12,82,5,248,248,248,248,0,0,0,0
12,83,7,1505,1505,1505,1505,0,0,0,0
12,85,8,913,913,913,913,0,0,0,0
12,86,10,894,894,894,894,0,0,0,0
12,87,6,1602,1602,585,585,1017,1017,0,0
12,88,7,6382,6382,923,923,5458,5458,0,0
12,89,7,14771,14771,3921,3921,10849,10849,0,0
12,90,14,14822,14822,1401,1401,13420,13420,0,0
12,91,18,18976,18976,494,494,18482,18482,0,0
12,92,40,17595,17595,2161,2161,15436,15436,0,0
12,93,68,19652,19652,5336,5336,14318,14318,0,0
12,94,44,19319,19319,2941,2941,16378,16378,0,0
12,95,21,12196,12196,873,873,11324,11324,0,0
12,96,32,8868,8868,2445,2445,6423,6423,0,0
12,97,13,4767,4767,1550,1550,3217,3217,0,0
12,98,28,4789,4789,4789,4789,0,0,0,0
12,99,69,11681,11681,10479,10479,248,248,953,953
12,100,71,12593,12593,12351,12351,241,241,0,0
12,101,28,7559,7559,3516,3516,4043,4043,0,0
12,102,5,1476,1476,0,0,1476,1476,0,0
12,103,2,147,147,147,147,0,0,0,0
12,104,24,3845,3845,2489,2489,1335,1335,0,0
12,105,14,5677,5677,5677,5677,0,0,0,0
12,106,25,7277,7277,5514,5514,1764,1764,0,0
12,107,5,7896,7896,384,384,7512,7512,0,0
12,109,7,2919,2919,2919,2919,0,0,0,0
12,110,39,7455,7455,4673,4673,2783,2783,0,0
12,111,68,10798,10798,10183,10183,614,614,0,0
12,112,76,10694,10694,10694,10694,0,0,0,0
12,113,50,9337,9337,9063,9063,274,274,0,0
12,114,45,8436,8436,8436,8436,0,0,0,0
12,115,18,5518,5518,4314,4314,1204,1204,0,0
12,116,10,6834,6834,5607,5607,1227,1227,0,0
12,117,9,2092,2092,2092,2092,0,0,0,0
12,120,14,3166,3166,3166,3166,0,0,0,0
12,121,12,4785,4785,1476,1476,3310,3310,0,0
12,122,4,6454,6454,1057,1057,5397,5397,0,0
12,123,11,3109,3109,2428,2428,227,227,0,0
12,124,5,795,795,717,717,0,0,78,78
12,126,5,359,359,359,359,0,0,0,0
12,1,4,1775,1775,183,183,1592,1592,0,0
12,28,1,381,381,160,160,221,221,0,0
12,29,8,2859,2859,1099,1099,1761,1761,0,0
12,66,2,680,680,557,557,123,123,0,0
12,108,1,3261,3261,0,0,3261,3261,0,0
12,118,1,57,57,57,57,0,0,0,0
12,119,5,769,769,769,769,0,0,0,0
12,125,28,1890,1890,1803,1803,0,0,88,88
12,127,1,53,53,13,13,13,13,0,0
13,0,77,12480,12480,12234,12234,240,240,6,6
13,1,91,12529,12529,10156,10156,2373,2373,0,0
13,15,9,2250,2250,944,944,1306,1306,0,0
13,37,21,5255,5255,1076,1076,4179,4179,0,0
13,46,5,2334,2334,1039,1039,1294,1294,0,0
13,52,10,3566,3566,962,962,2605,2605,0,0
13,63,18,3504,3504,1303,1303,2200,2200,0,0
13,64,12,5777,5777,2500,2500,3278,3278,0,0
13,66,23,3313,3313,3313,3313,0,0,0,0
13,67,14,1713,1713,1713,1713,0,0,0,0
13,68,26,2650,2650,2650,2650,0,0,0,0
13,69,7,904,904,904,904,0,0,0,0
13,74,10,1391,1391,1391,1391,0,0,0,0
13,75,11,1467,1467,1467,1467,0,0,0,0
13,76,16,1384,1384,1384,1384,0,0,0,0
13,77,13,1877,1877,1877,1877,0,0,0,0
13,78,10,2010,2010,1147,1147,863,863,0,0
13,79,4,3694,3694,431,431,3262,3262,0,0
13,80,4,421,421,421,421,0,0,0,0
13,81,9,921,921,921,921,0,0,0,0
13,82,17,2679,2679,2679,2679,0,0,0,0
13,83,6,1822,1822,762,762,1060,1060,0,0
13,84,2,476,476,19,19,457,457,0,0
13,85,6,2665,2665,154,154,2511,2511,0,0
13,86,14,1226,1226,1226,1226,0,0,0,0
13,87,12,3536,3536,2149,2149,1387,1387,0,0
13,88,10,2631,2631,2501,2501,130,130,0,0
13,89,22,6759,6759,4530,4530,2229,2229,0,0
13,90,33,20369,20369,2632,2632,17738,17738,0,0
13,91,40,22194,22194,1504,1504,20690,20690,0,0
13,92,52,17242,17242,3200,3200,14042,14042,0,0
13,93,48,20714,20714,3908,3908,16808,16808,0,0
13,94,49,20414,20414,3277,3277,17136,17136,0,0
13,95,17,12374,12374,3157,3157,9218,9218,0,0
13,96,34,7526,7526,1442,1442,6084,6084,0,0
13,97,12,1510,1510,1419,1419,92,92,0,0
13,98,39,7492,7492,7121,7121,371,371,0,0
13,99,38,8455,8455,7683,7683,772,772,0,0
13,100,86,12378,12378,12378,12378,0,0,0,0
13,101,11,3164,3164,731,731,2433,2433,0,0
13,102,6,398,398,0,0,398,398,0,0
13,104,24,6153,6153,3470,3470,2684,2684,0,0
13,105,57,11106,11106,11106,11106,0,0,0,0
13,106,30,8555,8555,8262,8262,293,293,0,0
13,107,32,8777,8777,8777,8777,0,0,0,0
13,108,28,10774,10774,10676,10676,98,98,0,0
13,109,37,10476,10476,10476,10476,0,0,0,0
13,110,60,10760,10760,10234,10234,526,526,0,0
13,111,29,7320,7320,5116,5116,2203,2203,0,0
13,112,62,11964,11964,9018,9018,2946,2946,0,0
13,113,48,12491,12491,12491,12491,0,0,0,0
13,114,46,12143,12143,11331,11331,621,621,0,0
13,115,6,4067,4067,2512,2512,516,516,1038,1038
13,116,7,5559,5559,3756,3756,1693,1693,0,0
13,117,2,3024,3024,1044,1044,1979,1979,0,0
13,120,12,3349,3349,3349,3349,0,0,0,0
13,121,36,6635,6635,5377,5377,1256,1256,0,0
13,122,21,5490,5490,4631,4631,857,857,0,0
13,125,22,1718,1718,1505,1505,0,0,213,213
13,127,40,3310,3310,3310,3310,0,0,0,0
13,2,3,616,616,358,358,258,258,0,0
13,17,2,1284,1284,411,411,873,873,0,0
13,48,3,886,886,289,289,597,597,0,0
13,49,12,2488,2488,1571,1571,917,917,0,0
13,60,1,204,204,18,18,186,186,0,0
13,62,5,666,666,319,319,347,347,0,0
13,103,3,5315,5315,72,72,5243,5243,0,0
13,123,1,385,385,385,385,0,0,0,0
13,124,1,121,121,121,121,0,0,0,0
13,126,5,679,679,608,608,24,24,0,0
14,0,33,9078,9078,6124,6124,2761,2761,192,192
14,1,46,9506,9506,6784,6784,2584,2584,0,0
14,2,22,4655,4655,4468,4468,187,187,0,0
14,17,3,1619,1619,468,468,1150,1150,0,0
14,18,2,1671,1671,151,151,1520,1520,0,0
14,37,3,1785,1785,276,276,1510,1510,0,0
14,48,7,4059,4059,1298,1298,2761,2761,0,0
14,49,2,670,670,252,252,417,417,0,0
14,60,12,1873,1873,1617,1617,256,256,0,0
14,61,1,25,25,25,25,0,0,0,0
14,62,4,564,564,535,535,28,28,0,0
14,64,2,792,792,191,191,601,601,0,0
14,68,7,1707,1707,1707,1707,0,0,0,0
14,72,1,2,2,2,2,0,0,0,0
14,74,6,642,642,642,642,0,0,0,0
14,76,4,605,605,605,605,0,0,0,0
14,77,3,96,96,96,96,0,0,0,0
14,78,4,455,455,455,455,0,0,0,0
14,79,12,1446,1446,1446,1446,0,0,0,0
14,80,10,6493,6493,518,518,5975,5975,0,0
14,81,12,1754,1754,1754,1754,0,0,0,0
14,82,26,3813,3813,2931,2931,0,0,881,881
14,83,38,5351,5351,5351,5351,0,0,0,0
14,84,7,1528,1528,1528,1528,0,0,0,0
14,85,8,1247,1247,398,398,849,849,0,0
14,86,54,4999,4999,4033,4033,904,904,61,61
14,87,4,6587,6587,1001,1001,5587,5587,0,0
14,89,21,12321,12321,2072,2072,10250,10250,0,0
14,90,34,21132,21132,3606,3606,17527,17527,0,0
14,91,35,17674,17674,4799,4799,12874,12874,0,0
14,92,9,14821,14821,934,934,13886,13886,0,0
14,93,66,14620,14620,6813,6813,7806,7806,0,0
14,94,64,20767,20767,6353,6353,14415,14415,0,0
14,95,47,17108,17108,3488,3488,13619,13619,0,0
14,96,31,9654,9654,2707,2707,6947,6947,0,0
14,97,21,12264,12264,1410,1410,10855,10855,0,0
14,98,19,6526,6526,4708,4708,1819,1819,0,0
14,99,64,13000,13000,12518,12518,482,482,0,0
14,100,27,7904,7904,7904,7904,0,0,0,0
14,101,16,7555,7555,632,632,6923,6923,0,0
14,102,6,980,980,0,0,980,980,0,0
14,103,5,2184,2184,0,0,2184,2184,0,0
14,104,2,379,379,379,379,0,0,0,0
14,105,34,5338,5338,4930,4930,409,409,0,0
14,106,49,7738,7738,7738,7738,0,0,0,0
14,107,75,10760,10760,10463,10463,296,296,0,0
14,108,54,9348,9348,9211,9211,46,46,0,0
14,109,43,7445,7445,7445,7445,0,0,0,0
14,110,41,7824,7824,6780,6780,1045,1045,0,0
14,111,28,4857,4857,3669,3669,1102,1102,87,87
14,112,26,3678,3678,2969,2969,709,709,0,0
14,113,12,2104,2104,2104,2104,0,0,0,0
14,114,12,3449,3449,3249,3249,112,112,88,88
14,115,28,7812,7812,7015,7015,796,796,0,0
14,117,4,1409,1409,1409,1409,0,0,0,0
14,118,3,1976,1976,1976,1976,0,0,0,0
14,119,10,2242,2242,2242,2242,0,0,0,0
14,120,60,9312,9312,9312,9312,0,0,0,0
14,121,66,11980,11980,10934,10934,1045,1045,0,0
14,122,47,6884,6884,6811,6811,74,74,0,0
14,124,20,3566,3566,3562,3562,4,4,0,0
14,125,45,8695,8695,7070,7070,1624,1624,0,0
14,126,84,9128,9128,8843,8843,284,284,0,0
14,127,123,10210,10210,9948,9948,263,263,0,0
14,32,2,698,698,246,246,452,452,0,0
14,63,1,16,16,16,16,0,0,0,0
14,75,1,663,663,0,0,663,663,0,0
14,88,10,2231,2231,2231,2231,0,0,0,0
14,123,7,1828,1828,1828,1828,0,0,0,0
15,0,9,3640,3640,2387,2387,1252,1252,0,0
15,1,28,4688,4688,4341,4341,349,349,0,0
15,2,18,10348,10348,1847,1847,8500,8500,0,0
15,32,1,281,281,109,109,172,172,0,0
15,49,9,3393,3393,563,563,2831,2831,0,0
15,50,8,1647,1647,1373,1373,274,274,0,0
15,68,7,1173,1173,1173,1173,0,0,0,0
15,75,2,195,195,195,195,0,0,0,0
15,76,7,656,656,656,656,0,0,0,0
15,78,3,198,198,198,198,0,0,0,0
15,79,14,1174,1174,1119,1119,55,55,0,0
15,80,20,11774,11774,1322,1322,10452,10452,0,0
15,81,31,4829,4829,4541,4541,288,288,0,0
15,82,32,4744,4744,3131,3131,1613,1613,0,0
15,83,12,2847,2847,2847,2847,0,0,0,0
15,84,7,612,612,612,612,0,0,0,0
15,85,4,363,363,363,363,0,0,0,0
15,86,17,2068,2068,1948,1948,119,119,0,0
15,87,3,623,623,623,623,0,0,0,0
15,88,37,9581,9581,2721,2721,6860,6860,0,0
15,89,29,10926,10926,2227,2227,8698,8698,0,0
15,90,25,6858,6858,2004,2004,4853,4853,0,0
15,91,2,1277,1277,1097,1097,180,180,0,0
15,92,9,13228,13228,1529,1529,11699,11699,0,0
15,93,38,11750,11750,4442,4442,7308,7308,0,0
15,94,45,14761,14761,3899,3899,10861,10861,0,0
15,95,49,19680,19680,2945,2945,16735,16735,0,0
15,96,29,12068,12068,2049,2049,10020,10020,0,0
15,97,18,21720,21720,1230,1230,20490,20490,0,0
15,99,47,7828,7828,6622,6622,1205,1205,0,0
15,100,36,11088,11088,6511,6511,2500,2500,0,0
15,101,8,1665,1665,919,919,746,746,0,0
15,102,2,30,30,0,0,30,30,0,0
15,104,17,7829,7829,6965,6965,864,864,0,0
15,105,10,2313,2313,2313,2313,0,0,0,0
15,106,29,10373,10373,9621,9621,753,753,0,0
15,107,47,14632,14632,3868,3868,10764,10764,0,0
15,108,48,7135,7135,6339,6339,753,753,0,0
15,109,9,2855,2855,2607,2607,0,0,248,248
15,110,16,7389,7389,6723,6723,1,1,664,664
15,111,37,8860,8860,8214,8214,0,0,646,646
15,112,48,9135,9135,7959,7959,433,433,743,743
15,113,44,8745,8745,7732,7732,946,946,67,67
15,114,9,2885,2885,2222,2222,0,0,662,662
15,115,15,5448,5448,4887,4887,561,561,0,0
15,118,5,3561,3561,1340,1340,2221,2221,0,0
15,119,19,3837,3837,3837,3837,0,0,0,0
15,120,50,8324,8324,6288,6288,2035,2035,0,0
15,121,39,9816,9816,9816,9816,0,0,0,0
15,122,19,5226,5226,4263,4263,963,963,0,0
15,123,11,2981,2981,2981,2981,0,0,0,0
15,124,47,6293,6293,5781,5781,512,512,0,0
15,125,38,5679,5679,5373,5373,306,306,0,0
15,126,36,4413,4413,3807,3807,606,606,0,0
15,127,20,2571,2571,2571,2571,0,0,0,0
15,57,2,70,70,70,70,0,0,0,0
15,58,5,1127,1127,1127,1127,0,0,0,0
15,71,1,134,134,134,134,0,0,0,0
15,74,5,676,676,676,676,0,0,0,0
15,116,2,681,681,681,681,0,0,0,0
15,117,6,2966,2966,2966,2966,0,0,0,0
16,3,4,2641,2641,116,116,2525,2525,0,0
16,7,10,2030,2030,607,607,1423,1423,0,0
16,8,4,1467,1467,304,304,1163,1163,0,0
16,15,6,1127,1127,806,806,320,320,0,0
16,46,1,12,12,12,12,0,0,0,0
16,49,2,595,595,593,593,2,2,0,0
16,55,5,844,844,539,539,305,305,0,0
16,71,1,190,190,190,190,0,0,0,0
16,76,10,1219,1219,954,954,265,265,0,0
16,80,3,7048,7048,1359,1359,5689,5689,0,0
16,81,23,4507,4507,4507,4507,0,0,0,0
16,82,3,472,472,472,472,0,0,0,0
16,83,6,1545,1545,1545,1545,0,0,0,0
16,84,27,2286,2286,2100,2100,186,186,0,0
16,85,26,1825,1825,1379,1379,446,446,0,0
16,86,10,1814,1814,1814,1814,0,0,0,0
16,87,8,4620,4620,3603,3603,1018,1018,2606,2606
16,88,30,20048,20048,3108,3108,16940,16940,0,0
16,89,32,14343,14343,2404,2404,11939,11939,0,0
16,90,14,6930,6930,1322,1322,5608,5608,0,0
16,92,37,19394,19394,3216,3216,16179,16179,0,0
16,93,54,20343,20343,4227,4227,16115,16115,0,0
16,94,45,18575,18575,4029,4029,14547,14547,0,0
16,95,56,17596,17596,4029,4029,13565,13565,0,0
16,96,59,12382,12382,7146,7146,5237,5237,0,0
16,97,9,10271,10271,1334,1334,8936,8936,0,0
16,98,4,19467,19467,24,24,19442,19442,0,0
16,99,13,17081,17081,2573,2573,14508,14508,0,0
16,100,76,12061,12061,10695,10695,1366,1366,0,0
16,101,7,1546,1546,1456,1456,90,90,0,0
16,103,4,1008,1008,0,0,1008,1008,0,0
16,104,18,12341,12341,300,300,12041,12041,0,0
16,105,14,5943,5943,5301,5301,643,643,0,0
16,106,24,3984,3984,3984,3984,0,0,0,0
16,107,32,4373,4373,4373,4373,0,0,0,0
16,108,18,3150,3150,2147,2147,0,0,1003,1003
16,109,15,5310,5310,4236,4236,509,509,565,565
16,110,33,11854,11854,10357,10357,1495,1495,1,1
16,111,52,13000,13000,12112,12112,310,310,578,578
16,112,33,7233,7233,5139,5139,0,0,2094,2094
16,113,38,11475,11475,10993,10993,482,482,0,0
16,114,18,9588,9588,8643,8643,0,0,945,945
16,115,22,6290,6290,6290,6290,0,0,0,0
16,116,26,9226,9226,9226,9226,0,0,0,0
16,117,20,9053,9053,7928,7928,1125,1125,0,0
16,118,21,3031,3031,1545,1545,1486,1486,0,0
16,119,55,10034,10034,10034,10034,0,0,0,0
16,120,44,10690,10690,10690,10690,0,0,0,0
16,121,34,9801,9801,9801,9801,0,0,0,0
16,122,15,9426,9426,8106,8106,1320,1320,0,0
16,123,10,3395,3395,1616,1616,1779,1779,0,0
16,124,27,4408,4408,2963,2963,1445,1445,0,0
16,125,7,992,992,992,992,0,0,0,0
16,126,2,410,410,410,410,0,0,0,0
16,2,2,4216,4216,269,269,3946,3946,0,0
16,58,1,111,111,106,106,5,5,0,0
16,64,1,18,18,18,18,0,0,0,0
16,65,5,831,831,831,831,0,0,0,0
16,66,1,75,75,75,75,0,0,0,0
16,72,1,132,132,132,132,0,0,0,0
16,73,2,287,287,287,287,0,0,0,0
16,74,1,846,846,0,0,846,846,0,0
16,77,1,442,442,32,32,410,410,0,0
16,91,4,2270,2270,541,541,1728,1728,0,0
17,3,2,7183,7183,0,0,7183,7183,0,0
17,5,2,1220,1220,198,198,1022,1022,0,0
17,51,2,285,285,6,6,280,280,0,0
17,52,5,992,992,589,589,405,405,0,0
17,58,7,2363,2363,1656,1656,707,707,0,0
17,66,10,2081,2081,2081,2081,0,0,0,0
17,67,15,1671,1671,1671,1671,0,0,0,0
17,72,3,295,295,295,295,0,0,0,0
17,73,2,223,223,223,223,0,0,0,0
17,74,5,487,487,254,254,233,233,0,0
17,75,7,1226,1226,1226,1226,0,0,0,0
17,76,4,406,406,406,406,0,0,0,0
17,81,8,7910,7910,1677,1677,6234,6234,0,0
17,85,10,1122,1122,1122,1122,0,0,0,0
17,87,14,6024,6024,1574,1574,4450,4450,0,0
17,88,21,11642,11642,3392,3392,8251,8251,0,0
17,89,24,5147,5147,3448,3448,1699,1699,0,0
17,90,42,10233,10233,7128,7128,3105,3105,0,0
17,91,43,12779,12779,5401,5401,7377,7377,0,0
17,92,64,18219,18219,4174,4174,14046,14046,0,0
17,93,59,16287,16287,4381,4381,11906,11906,0,0
17,94,32,24172,24172,2337,2337,21836,21836,0,0
17,95,19,16646,16646,1716,1716,14929,14929,0,0
17,96,14,10161,10161,1598,1598,8562,8562,0,0
17,97,12,16946,16946,3129,3129,13816,13816,0,0
17,98,15,12608,12608,1826,1826,10783,10783,0,0
17,99,23,13578,13578,1720,1720,11858,11858,0,0
17,100,94,19314,19314,10547,10547,8766,8766,0,0
17,101,17,2125,2125,1825,1825,299,299,0,0
17,102,6,6371,6371,381,381,5990,5990,0,0
17,103,3,495,495,0,0,495,495,0,0
17,104,8,11608,11608,339,339,11268,11268,0,0
17,105,10,3986,3986,2356,2356,1631,1631,0,0
17,107,21,5795,5795,1076,1076,3894,3894,825,825
17,108,29,12089,12089,4951,4951,6173,6173,883,883
17,109,50,16650,16650,8426,8426,5717,5717,2509,2509
17,110,38,10366,10366,5604,5604,1597,1597,3166,3166
17,111,98,18223,18223,17714,17714,411,411,0,0
17,112,54,9843,9843,9843,9843,0,0,0,0
17,113,12,2303,2303,1873,1873,0,0,430,430
17,114,2,1330,1330,316,316,876,876,137,137
17,115,13,1866,1866,1866,1866,0,0,0,0
17,116,18,5188,5188,5188,5188,0,0,0,0
17,117,18,3727,3727,893,893,2834,2834,0,0
17,118,28,10050,10050,582,582,9468,9468,0,0
17,119,42,9542,9542,6529,6529,3013,3013,0,0
17,120,54,8534,8534,7794,7794,741,741,0,0
17,121,39,10170,10170,10170,10170,0,0,0,0
17,122,20,6301,6301,4881,4881,1422,1422,0,0
17,123,2,1313,1313,15,15,1298,1298,0,0
17,125,24,5997,5997,2067,2067,3930,3930,0,0
17,126,11,2661,2661,1121,1121,1540,1540,0,0
17,2,1,955,955,0,0,955,955,0,0
17,15,1,844,844,844,844,0,0,0,0
17,18,3,568,568,218,218,350,350,0,0
17,27,1,885,885,430,430,455,455,0,0
17,28,4,1277,1277,900,900,376,376,0,0
17,36,1,1211,1211,0,0,1211,1211,0,0
17,37,9,1919,1919,1254,1254,664,664,0,0
17,38,1,2131,2131,0,0,2131,2131,0,0
17,55,3,487,487,353,353,45,45,0,0
17,62,1,180,180,125,125,18,18,0,0
17,65,4,624,624,624,624,0,0,0,0
17,68,1,43,43,43,43,0,0,0,0
17,69,1,210,210,210,210,0,0,0,0
17,77,1,365,365,365,365,0,0,0,0
17,80,1,247,247,247,247,0,0,0,0
17,82,5,1465,1465,1465,1465,0,0,0,0
17,83,3,3616,3616,3616,3616,0,0,0,0
17,84,2,162,162,162,162,0,0,0,0
17,106,1,521,521,0,0,0,0,521,521
17,124,1,92,92,92,92,0,0,0,0
17,127,3,212,212,212,212,0,0,0,0
18,3,3,3298,3298,288,288,2433,2433,0,0
18,18,4,819,819,576,576,242,242,0,0
18,21,12,3094,3094,1128,1128,1966,1966,0,0
18,27,4,3897,3897,305,305,3593,3593,0,0
18,31,1,61,61,15,15,15,15,0,0
18,36,5,1168,1168,565,565,467,467,0,0
18,37,13,3234,3234,2996,2996,15,15,193,193
18,42,2,726,726,94,94,632,632,0,0
18,43,4,7128,7128,121,121,7007,7007,0,0
18,58,7,2500,2500,295,295,2204,2204,0,0
18,59,2,2922,2922,290,290,2632,2632,0,0
18,62,4,780,780,780,780,0,0,0,0
18,63,9,1368,1368,1368,1368,0,0,0,0
18,64,4,997,997,997,997,0,0,0,0
18,65,10,3235,3235,3133,3133,104,104,0,0
18,68,5,417,417,417,417,0,0,0,0
18,70,8,1080,1080,1080,1080,0,0,0,0
18,75,3,933,933,933,933,0,0,0,0
18,76,6,899,899,899,899,0,0,0,0
18,77,6,1789,1789,1255,1255,534,534,0,0
18,82,12,12033,12033,4265,4265,7768,7768,0,0
18,83,8,17435,17435,4910,4910,12525,12525,0,0
18,84,17,2484,2484,1491,1491,993,993,0,0
18,87,16,16767,16767,2835,2835,13932,13932,0,0
18,88,35,11342,11342,2478,2478,8864,8864,0,0
18,89,23,12534,12534,3295,3295,9239,9239,0,0
18,90,52,9510,9510,6535,6535,2974,2974,0,0
18,91,127,12316,12316,11906,11906,390,390,0,0
18,92,91,10992,10992,10986,10986,2,2,0,0
18,93,104,11231,11231,10705,10705,526,526,0,0
18,94,60,18591,18591,6909,6909,11681,11681,0,0
18,95,32,11616,11616,3801,3801,7816,7816,0,0
18,96,17,2797,2797,2464,2464,333,333,0,0
18,97,6,5361,5361,1485,1485,3876,3876,0,0
18,98,11,7663,7663,2140,2140,5523,5523,0,0
18,99,25,16781,16781,9316,9316,7462,7462,0,0
18,100,22,15560,15560,1685,1685,13875,13875,0,0
18,101,18,9427,9427,1931,1931,7495,7495,0,0
18,102,10,9549,9549,233,233,9316,9316,0,0
18,103,10,3543,3543,847,847,2696,2696,0,0
18,104,6,2797,2797,686,686,2112,2112,0,0
18,105,4,694,694,694,694,0,0,0,0
18,106,12,3195,3195,2329,2329,0,0,866,866
18,107,30,14491,14491,7500,7500,6991,6991,0,0
18,108,54,15837,15837,7951,7951,7885,7885,0,0
18,109,66,13795,13795,10992,10992,2803,2803,0,0
18,110,46,16575,16575,13272,13272,3304,3304,0,0
18,111,23,5878,5878,5878,5878,0,0,0,0
18,112,26,7751,7751,7751,7751,0,0,0,0
18,113,47,11709,11709,11709,11709,0,0,0,0
18,114,26,7766,7766,6775,6775,992,992,0,0
18,115,45,8776,8776,8776,8776,0,0,0,0
18,116,19,6649,6649,6649,6649,0,0,0,0
18,117,24,13393,13393,364,364,13029,13029,0,0
18,118,34,10400,10400,2557,2557,7842,7842,0,0
18,119,56,11496,11496,11496,11496,0,0,0,0
18,120,76,11141,11141,11141,11141,0,0,0,0
18,121,66,9652,9652,9407,9407,245,245,0,0
18,122,23,3657,3657,3557,3557,100,100,0,0
18,124,1,162,162,162,162,0,0,0,0
18,125,15,3509,3509,1572,1572,1573,1573,0,0
18,126,54,14587,14587,3776,3776,10810,10810,0,0
18,127,5,433,433,433,433,0,0,0,0
18,4,3,1756,1756,0,0,1756,1756,0,0
18,8,5,809,809,478,478,331,331,0,0
18,14,2,595,595,595,595,0,0,0,0
18,15,6,1933,1933,1933,1933,0,0,0,0
18,16,1,1292,1292,289,289,1003,1003,0,0
18,19,1,228,228,228,228,0,0,0,0
18,22,3,821,821,200,200,620,620,0,0
18,26,3,485,485,310,310,174,174,0,0
18,29,1,223,223,136,136,29,29,0,0
18,38,1,208,208,166,166,43,43,0,0
18,46,1,5,5,5,5,0,0,0,0
18,51,5,816,816,816,816,0,0,0,0
18,56,3,527,527,507,507,7,7,0,0
18,60,4,1225,1225,667,667,559,559,0,0
18,69,6,1663,1663,1082,1082,581,581,0,0
18,71,7,643,643,643,643,0,0,0,0
18,85,7,1214,1214,847,847,367,367,0,0
18,86,3,1136,1136,339,339,797,797,0,0
19,3,1,405,405,0,0,405,405,0,0
19,4,2,595,595,402,402,193,193,0,0
19,12,2,5296,5296,90,90,5206,5206,0,0
19,14,3,1106,1106,1106,1106,0,0,0,0
19,15,8,2720,2720,2720,2720,0,0,0,0
19,16,4,806,806,625,625,181,181,0,0
19,18,5,3505,3505,22,22,3483,3483,0,0
19,19,7,2076,2076,647,647,1429,1429,0,0
19,22,8,1744,1744,873,873,871,871,0,0
19,29,3,294,294,294,294,0,0,0,0
19,37,4,2367,2367,1839,1839,528,528,0,0
19,38,3,1318,1318,235,235,1082,1082,0,0
19,55,2,1214,1214,0,0,1214,1214,0,0
19,56,5,948,948,948,948,0,0,0,0
19,64,2,1188,1188,466,466,722,722,0,0
19,65,1,799,799,86,86,713,713,0,0
19,71,1,317,317,82,82,78,78,0,0
19,72,12,887,887,887,887,0,0,0,0
19,73,2,322,322,322,322,0,0,0,0
19,74,19,3268,3268,3268,3268,0,0,0,0
19,75,74,6993,6993,6993,6993,0,0,0,0
19,76,32,2987,2987,2987,2987,0,0,0,0
19,77,28,3441,3441,3441,3441,0,0,0,0
19,80,18,1468,1468,1468,1468,0,0,0,0
19,84,13,12568,12568,2614,2614,9955,9955,0,0
19,85,3,6042,6042,115,115,5927,5927,0,0
19,87,17,8655,8655,2000,2000,6655,6655,0,0
19,88,31,16824,16824,3187,3187,13639,13639,0,0
19,89,6,4812,4812,3195,3195,1617,1617,0,0
19,90,9,3276,3276,1953,1953,1323,1323,0,0
19,91,99,9920,9920,9782,9782,138,138,0,0
19,92,84,11780,11780,11292,11292,487,487,0,0
19,93,101,12118,12118,11214,11214,72,72,830,830
19,94,78,12758,12758,10097,10097,2604,2604,0,0
19,95,43,10767,10767,9927,9927,840,840,0,0
19,96,66,12386,12386,12344,12344,14,14,0,0
19,97,32,7560,7560,6396,6396,1165,1165,0,0
19,98,25,12033,12033,7077,7077,3783,3783,1173,1173
19,99,42,17067,17067,11201,11201,2820,2820,0,0
19,100,35,18421,18421,4034,4034,14388,14388,0,0
19,101,24,13820,13820,166,166,13655,13655,0,0
19,102,10,3525,3525,590,590,2935,2935,0,0
19,103,18,7639,7639,2865,2865,4776,4776,0,0
19,104,21,5903,5903,3688,3688,2214,2214,0,0
19,106,20,9947,9947,7869,7869,1825,1825,253,253
19,107,45,15601,15601,15601,15601,0,0,0,0
19,108,59,21076,21076,21076,21076,0,0,0,0
19,109,103,20124,20124,20056,20056,68,68,0,0
19,110,59,12010,12010,12010,12010,0,0,0,0
19,112,17,11913,11913,11913,11913,0,0,0,0
19,113,63,11309,11309,11309,11309,0,0,0,0
19,114,49,10868,10868,8596,8596,1681,1681,591,591
19,115,67,11272,11272,11272,11272,0,0,0,0
19,116,19,12050,12050,12050,12050,0,0,0,0
19,117,45,11442,11442,8737,8737,2704,2704,0,0
19,118,47,11540,11540,10323,10323,1217,1217,0,0
19,119,36,5302,5302,5302,5302,0,0,0,0
19,120,50,6673,6673,5770,5770,902,902,0,0
19,121,42,6653,6653,5315,5315,1338,1338,0,0
19,122,4,2214,2214,1681,1681,533,533,0,0
19,124,10,3138,3138,3138,3138,0,0,0,0
19,125,22,5133,5133,5133,5133,0,0,0,0
19,126,38,8714,8714,8267,8267,149,149,0,0
19,127,48,5357,5357,5126,5126,232,232,0,0
19,11,1,1196,1196,0,0,1196,1196,0,0
19,13,5,9514,9514,212,212,9302,9302,0,0
19,21,1,274,274,95,95,179,179,0,0
19,25,2,174,174,170,170,3,3,0,0
19,26,3,370,370,370,370,0,0,0,0
19,45,2,922,922,295,295,627,627,0,0
19,49,3,331,331,331,331,0,0,0,0
19,78,10,1742,1742,1742,1742,0,0,0,0
19,79,1,34,34,34,34,0,0,0,0
19,82,6,4460,4460,1661,1661,2798,2798,0,0
19,83,1,2017,2017,26,26,1991,1991,0,0
19,86,1,2872,2872,0,0,2872,2872,0,0
19,105,6,1007,1007,884,884,0,0,123,123
19,111,11,1642,1642,1642,1642,0,0,0,0
20,0,2,3169,3169,0,0,3169,3169,0,0
20,1,9,4034,4034,980,980,3054,3054,0,0
20,9,3,454,454,454,454,0,0,0,0
20,11,7,1351,1351,541,541,810,810,0,0
20,12,1,527,527,42,42,484,484,0,0
20,21,5,1077,1077,562,562,514,514,0,0
20,44,1,21,21,21,21,0,0,0,0
20,49,16,3374,3374,3374,3374,0,0,0,0
20,51,1,2106,2106,0,0,2106,2106,0,0
20,57,8,7390,7390,1111,1111,6279,6279,0,0
20,58,14,2095,2095,1525,1525,570,570,0,0
20,59,1,197,197,197,197,0,0,0,0
20,70,7,998,998,998,998,0,0,0,0
20,72,8,1438,1438,1438,1438,0,0,0,0
20,73,1,10,10,10,10,0,0,0,0
20,74,10,1265,1265,1265,1265,0,0,0,0
20,75,49,7166,7166,7166,7166,0,0,0,0
20,76,25,2797,2797,2465,2465,333,333,0,0
20,77,24,2741,2741,2318,2318,423,423,0,0
20,78,4,486,486,486,486,0,0,0,0
20,79,9,400,400,400,400,0,0,0,0
20,80,22,1986,1986,1986,1986,0,0,0,0
20,81,19,1200,1200,1105,1105,95,95,0,0
20,82,8,8464,8464,1083,1083,7381,7381,0,0
20,83,6,6654,6654,262,262,6392,6392,0,0
20,84,9,816,816,638,638,178,178,0,0
20,86,9,15066,15066,1418,1418,13649,13649,0,0
20,87,6,3097,3097,842,842,2255,2255,0,0
20,88,25,6676,6676,798,798,5877,5877,0,0
20,89,39,7798,7798,4417,4417,3381,3381,0,0
20,90,13,6096,6096,6096,6096,0,0,0,0
20,91,8,4355,4355,4355,4355,0,0,0,0
20,92,29,8513,8513,8066,8066,447,447,0,0
20,93,42,9465,9465,8936,8936,440,440,0,0
20,94,88,10982,10982,6850,6850,4131,4131,0,0
20,95,74,10974,10974,10135,10135,838,838,0,0
20,96,72,9989,9989,9377,9377,611,611,0,0
20,97,69,12221,12221,11087,11087,1134,1134,0,0
20,98,45,10774,10774,9434,9434,1332,1332,0,0
20,99,30,6026,6026,6026,6026,0,0,0,0
20,101,29,14445,14445,3783,3783,10661,10661,0,0
20,102,9,14556,14556,427,427,14129,14129,0,0
20,103,16,14420,14420,1712,1712,12708,12708,0,0
20,104,15,4093,4093,1117,1117,2975,2975,0,0
20,105,15,3057,3057,2076,2076,0,0,981,981
20,106,33,13237,13237,12069,12069,269,269,816,816
20,107,42,14266,14266,12902,12902,1324,1324,0,0
20,108,54,15060,15060,14958,14958,101,101,0,0
20,109,73,21764,21764,20445,20445,1320,1320,0,0
20,110,56,17627,17627,17627,17627,0,0,0,0
20,111,21,6417,6417,5183,5183,1234,1234,0,0
20,112,31,12516,12516,12168,12168,349,349,0,0
20,113,45,14403,14403,14403,14403,0,0,0,0
20,114,47,13296,13296,12754,12754,542,542,0,0
20,115,61,10156,10156,9845,9845,311,311,0,0
20,116,54,11723,11723,11723,11723,0,0,0,0
20,117,64,10303,10303,9909,9909,394,394,0,0
20,118,35,4130,4130,4130,4130,0,0,0,0
20,119,25,4064,4064,4064,4064,0,0,0,0
20,120,7,959,959,959,959,0,0,0,0
20,121,19,2499,2499,2499,2499,0,0,0,0
20,122,7,649,649,615,615,11,11,0,0
20,123,10,1176,1176,1176,1176,0,0,0,0
20,124,13,1966,1966,1966,1966,0,0,0,0
20,125,35,5127,5127,4238,4238,0,0,888,888
20,126,72,6413,6413,6128,6128,284,284,0,0
20,127,66,8357,8357,7221,7221,1136,1136,0,0
20,2,6,8210,8210,0,0,8210,8210,0,0
20,13,3,1410,1410,178,178,1232,1232,0,0
20,25,1,697,697,104,104,593,593,0,0
20,50,1,3347,3347,0,0,3347,3347,0,0
20,54,4,1188,1188,92,92,1096,1096,0,0
20,62,1,71,71,71,71,0,0,0,0
20,66,1,736,736,736,736,0,0,0,0
20,85,7,1849,1849,727,727,1121,1121,0,0
20,100,14,1665,1665,1002,1002,663,663,0,0
21,1,2,449,449,136,136,313,313,0,0
21,10,1,552,552,552,552,0,0,0,0
21,12,3,1763,1763,53,53,1711,1711,0,0
21,13,9,2498,2498,1035,1035,1463,1463,0,0
21,14,4,2253,2253,265,265,1988,1988,0,0
21,25,7,4869,4869,1221,1221,3646,3646,0,0
21,26,3,3151,3151,195,195,2956,2956,0,0
21,40,1,3466,3466,0,0,3466,3466,0,0
21,45,8,623,623,623,623,0,0,0,0
21,49,6,3666,3666,1385,1385,2281,2281,0,0
21,50,4,19734,19734,243,243,19491,19491,0,0
21,55,10,1809,1809,1315,1315,495,495,0,0
21,56,14,3232,3232,1482,1482,1750,1750,0,0
21,57,20,13859,13859,1279,1279,12579,12579,0,0
21,58,15,6133,6133,1901,1901,4234,4234,0,0
21,66,5,920,920,920,920,0,0,0,0
21,71,17,1266,1266,1266,1266,0,0,0,0
21,72,8,666,666,666,666,0,0,0,0
21,73,4,502,502,502,502,0,0,0,0
21,76,10,2555,2555,2555,2555,0,0,0,0
21,77,36,5000,5000,5000,5000,0,0,0,0
21,78,13,1363,1363,1363,1363,0,0,0,0
21,80,6,699,699,699,699,0,0,0,0
21,81,13,1325,1325,1325,1325,0,0,0,0
21,83,11,1248,1248,1248,1248,0,0,0,0
21,84,1,28,28,28,28,0,0,0,0
21,89,26,5815,5815,3694,3694,2120,2120,0,0
21,90,15,6343,6343,2452,2452,3600,3600,291,291
21,91,20,5627,5627,935,935,4692,4692,0,0
21,92,4,1855,1855,315,315,1540,1540,0,0
21,93,2,1393,1393,50,50,1343,1343,0,0
21,94,26,7211,7211,3895,3895,3317,3317,0,0
21,95,74,10420,10420,10273,10273,147,147,0,0
21,96,64,10530,10530,10060,10060,472,472,0,0
21,97,71,11704,11704,11150,11150,554,554,0,0
21,98,40,6272,6272,5664,5664,283,283,0,0
21,99,9,3252,3252,1922,1922,1329,1329,0,0
21,100,20,4378,4378,2036,2036,2342,2342,0,0
21,101,47,12857,12857,2768,2768,10089,10089,0,0
21,102,41,20617,20617,4956,4956,15660,15660,0,0
21,103,11,6364,6364,552,552,5812,5812,0,0
21,104,17,2150,2150,1705,1705,445,445,0,0
21,105,21,3066,3066,2188,2188,0,0,877,877
21,106,25,8662,8662,7309,7309,1353,1353,0,0
21,107,14,13869,13869,5751,5751,8070,8070,49,49
21,108,32,16303,16303,15677,15677,184,184,441,441
21,109,42,17013,17013,16186,16186,245,245,93,93
21,110,77,21587,21587,21587,21587,0,0,0,0
21,111,52,19052,19052,17823,17823,0,0,1229,1229
21,112,19,5727,5727,5727,5727,0,0,0,0
21,113,25,8720,8720,8720,8720,0,0,0,0
21,114,64,14344,14344,14344,14344,0,0,0,0
21,115,64,10807,10807,10807,10807,0,0,0,0
21,116,59,11130,11130,11130,11130,0,0,0,0
21,117,23,4191,4191,4191,4191,0,0,0,0
21,118,11,3675,3675,3675,3675,0,0,0,0
21,121,10,932,932,932,932,0,0,0,0
21,123,10,672,672,672,672,0,0,0,0
21,124,4,360,360,360,360,0,0,0,0
21,126,1,256,256,256,256,0,0,0,0
21,127,28,1852,1852,1852,1852,0,0,0,0
21,5,2,633,633,266,266,366,366,0,0
21,19,1,630,630,117,117,513,513,0,0
21,23,2,3038,3038,0,0,3038,3038,0,0
21,46,1,92,92,47,47,45,45,0,0
21,54,7,1641,1641,658,658,983,983,0,0
21,59,7,2485,2485,335,335,2150,2150,0,0
21,62,1,1422,1422,1422,1422,0,0,0,0
21,69,4,396,396,396,396,0,0,0,0
21,70,3,279,279,279,279,0,0,0,0
21,74,4,687,687,687,687,0,0,0,0
21,75,1,7,7,7,7,0,0,0,0
21,85,4,213,213,213,213,0,0,0,0
21,86,12,2536,2536,1649,1649,888,888,0,0
21,88,6,2341,2341,1813,1813,176,176,0,0
21,119,10,1350,1350,1350,1350,0,0,0,0
21,120,1,334,334,334,334,0,0,0,0
21,125,4,633,633,633,633,0,0,0,0
22,1,8,2055,2055,853,853,1201,1201,0,0
22,2,7,3152,3152,690,690,2371,2371,90,90
22,4,5,2814,2814,269,269,2545,2545,0,0
22,5,3,1586,1586,385,385,1201,1201,0,0
22,18,4,2476,2476,0,0,2476,2476,0,0
22,19,8,3997,3997,1933,1933,1997,1997,67,67
22,23,2,2163,2163,170,170,1993,1993,0,0
22,43,9,2783,2783,689,689,2094,2094,0,0
22,46,7,772,772,526,526,245,245,0,0
22,49,4,421,421,420,420,1,1,0,0
22,50,1,1074,1074,0,0,1074,1074,0,0
22,54,5,906,906,906,906,0,0,0,0
22,55,36,5246,5246,5246,5246,0,0,0,0
22,56,4,813,813,380,380,433,433,0,0
22,57,7,5645,5645,274,274,5372,5372,0,0
22,58,11,10666,10666,478,478,10188,10188,0,0
22,63,14,1657,1657,1657,1657,0,0,0,0
22,65,5,2305,2305,878,878,1427,1427,0,0
22,68,28,4360,4360,4256,4256,33,33,70,70
22,69,14,3322,3322,3322,3322,0,0,0,0
22,71,2,457,457,457,457,0,0,0,0
22,74,8,1181,1181,1181,1181,0,0,0,0
22,75,25,2503,2503,2503,2503,0,0,0,0
22,76,14,2339,2339,2339,2339,0,0,0,0
22,77,17,2041,2041,2041,2041,0,0,0,0
22,78,103,10428,10428,10428,10428,0,0,0,0
22,79,29,3313,3313,3313,3313,0,0,0,0
22,80,30,3948,3948,3948,3948,0,0,0,0
22,81,25,5441,5441,2834,2834,2606,2606,0,0
22,82,23,3370,3370,3370,3370,0,0,0,0
22,83,7,1552,1552,835,835,717,717,0,0
22,84,6,649,649,649,649,0,0,0,0
22,85,11,2972,2972,2972,2972,0,0,0,0
22,86,8,4173,4173,4071,4071,102,102,0,0
22,87,12,3372,3372,1877,1877,1495,1495,0,0
22,88,11,688,688,623,623,22,22,0,0
22,89,12,3536,3536,852,852,2684,2684,0,0
22,90,31,20387,20387,0,0,20387,20387,0,0
22,91,12,1911,1911,988,988,923,923,0,0
22,92,43,4665,4665,4611,4611,54,54,0,0
22,93,16,4823,4823,2862,2862,1960,1960,0,0
22,94,53,9611,9611,6352,6352,1676,1676,1583,1583
22,95,110,11453,11453,10705,10705,748,748,0,0
22,96,60,11789,11789,5982,5982,5807,5807,0,0
22,97,41,5940,5940,5940,5940,0,0,0,0
22,99,8,10815,10815,300,300,10516,10516,0,0
22,100,2,1807,1807,0,0,1807,1807,0,0
22,101,14,2074,2074,605,605,1469,1469,0,0
22,102,28,8345,8345,2764,2764,5581,5581,0,0
22,103,21,4950,4950,2780,2780,2169,2169,0,0
22,104,45,5626,5626,4630,4630,996,996,0,0
22,105,7,4227,4227,3665,3665,30,30,531,531
22,106,8,8326,8326,8326,8326,0,0,0,0
22,107,17,10775,10775,4387,4387,5291,5291,1097,1097
22,108,35,18782,18782,16765,16765,1449,1449,568,568
22,109,31,15360,15360,10872,10872,3673,3673,743,743
22,110,32,16735,16735,9359,9359,6241,6241,7360,7360
22,111,122,26715,26715,26715,26715,0,0,0,0
22,112,103,24108,24108,23416,23416,692,692,0,0
22,113,82,20250,20250,19112,19112,1138,1138,0,0
22,114,36,8574,8574,8574,8574,0,0,0,0
22,115,14,3320,3320,2555,2555,0,0,1330,1330
22,116,45,7044,7044,6726,6726,0,0,318,318
22,117,22,4033,4033,3077,3077,955,955,0,0
22,118,6,1383,1383,625,625,0,0,758,758
22,119,8,2817,2817,2739,2739,0,0,78,78
22,120,12,1691,1691,1691,1691,0,0,0,0
22,122,9,1947,1947,1947,1947,0,0,0,0
22,123,9,803,803,803,803,0,0,0,0
22,124,4,242,242,242,242,0,0,0,0
22,125,11,1514,1514,1509,1509,2,2,0,0
22,22,2,747,747,284,284,463,463,0,0
22,60,6,2574,2574,686,686,1888,1888,0,0
22,66,1,318,318,318,318,0,0,0,0
22,67,1,140,140,96,96,43,43,0,0
22,121,8,986,986,986,986,0,0,0,0
22,126,1,168,168,168,168,0,0,0,0
22,127,2,330,330,330,330,0,0,0,0
23,0,8,2588,2588,753,753,1835,1835,0,0
23,4,2,3024,3024,0,0,3024,3024,0,0
23,5,3,3256,3256,0,0,3256,3256,0,0
23,19,14,4016,4016,2634,2634,1381,1381,0,0
23,20,11,946,946,729,729,216,216,0,0
23,21,7,3189,3189,520,520,2668,2668,0,0
23,22,1,1191,1191,31,31,1160,1160,0,0
23,37,5,669,669,669,669,0,0,0,0
23,40,16,3757,3757,1446,1446,2311,2311,0,0
23,49,3,432,432,432,432,0,0,0,0
23,50,8,824,824,824,824,0,0,0,0
23,55,26,5535,5535,4692,4692,843,843,0,0
23,60,28,9948,9948,1965,1965,7981,7981,0,0
23,61,7,6491,6491,296,296,6195,6195,0,0
23,63,6,810,810,810,810,0,0,0,0
23,64,15,2150,2150,1449,1449,688,688,0,0
23,65,1,752,752,28,28,724,724,0,0
23,66,5,2295,2295,632,632,1662,1662,0,0
23,68,18,3244,3244,1913,1913,1205,1205,0,0
23,69,87,12104,12104,12104,12104,0,0,0,0
23,70,45,6371,6371,6371,6371,0,0,0,0
23,71,2,125,125,125,125,0,0,0,0
23,75,3,1278,1278,1278,1278,0,0,0,0
23,76,28,4788,4788,4788,4788,0,0,0,0
23,77,33,5933,5933,5933,5933,0,0,0,0
23,78,137,13078,13078,13078,13078,0,0,0,0
23,79,86,11535,11535,9841,9841,562,562,1132,1132
23,80,56,5726,5726,5726,5726,0,0,0,0
23,81,56,8974,8974,8332,8332,642,642,0,0
23,82,16,2864,2864,2864,2864,0,0,0,0
23,85,6,794,794,694,694,33,33,0,0
23,86,4,735,735,735,735,0,0,0,0
23,87,9,556,556,556,556,0,0,0,0
23,89,6,3723,3723,3723,3723,0,0,0,0
23,90,16,7267,7267,113,113,7154,7154,0,0
23,91,12,2742,2742,2329,2329,413,413,0,0
23,92,60,8621,8621,8621,8621,0,0,0,0
23,93,49,6848,6848,6848,6848,0,0,0,0
23,94,66,9312,9312,9312,9312,0,0,0,0
23,95,84,13676,13676,9785,9785,3805,3805,0,0
23,96,64,11656,11656,8214,8214,2978,2978,0,0
23,97,7,1536,1536,1536,1536,0,0,0,0
23,99,9,1196,1196,516,516,680,680,0,0
23,100,16,4543,4543,1137,1137,3406,3406,0,0
23,101,2,197,197,197,197,0,0,0,0
23,103,23,6208,6208,2030,2030,4179,4179,0,0
23,104,11,4173,4173,1120,1120,2934,2934,118,118
23,105,39,4829,4829,4510,4510,91,91,228,228
23,106,48,11010,11010,11010,11010,0,0,0,0
23,107,37,12318,12318,10037,10037,2281,2281,0,0
23,108,51,15463,15463,14797,14797,0,0,667,667
23,109,71,21500,21500,20108,20108,1243,1243,150,150
23,110,76,23810,23810,21838,21838,978,978,994,994
23,111,105,25417,25417,25417,25417,0,0,0,0
23,112,106,23317,23317,22708,22708,0,0,610,610
23,113,117,26711,26711,26711,26711,0,0,0,0
23,114,120,22573,22573,20338,20338,0,0,2236,2236
23,115,24,7152,7152,4716,4716,0,0,2436,2436
23,116,41,8446,8446,6052,6052,1716,1716,677,677
23,117,37,5835,5835,5243,5243,591,591,0,0
23,118,11,1300,1300,1300,1300,0,0,0,0
23,119,12,1493,1493,1493,1493,0,0,0,0
23,120,6,628,628,628,628,0,0,0,0
23,121,20,1162,1162,1162,1162,0,0,0,0
23,122,10,2932,2932,2932,2932,0,0,0,0
23,123,12,1296,1296,1296,1296,0,0,0,0
23,124,16,1919,1919,1092,1092,529,529,298,298
23,125,11,881,881,881,881,0,0,0,0
23,10,1,1039,1039,0,0,1039,1039,0,0
23,24,20,3746,3746,2413,2413,1333,1333,0,0
23,26,1,24,24,24,24,0,0,0,0
23,41,3,1357,1357,373,373,984,984,0,0
23,62,5,595,595,595,595,0,0,0,0
23,67,4,1136,1136,1136,1136,0,0,0,0
23,83,6,1088,1088,961,961,127,127,0,0
23,84,1,85,85,29,29,56,56,0,0
23,88,4,398,398,398,398,0,0,0,0
23,102,15,3342,3342,2035,2035,1307,1307,0,0
23,126,3,371,371,371,371,0,0,0,0
23,127,11,1000,1000,1000,1000,0,0,0,0
24,0,1,996,996,80,80,916,916,0,0
24,5,10,6480,6480,969,969,5511,5511,0,0
24,10,7,2655,2655,1020,1020,1580,1580,55,55
24,19,18,4117,4117,3073,3073,1043,1043,0,0
24,20,1,225,225,27,27,198,198,0,0
24,23,8,1134,1134,1134,1134,0,0,0,0
24,24,14,2246,2246,2246,2246,0,0,0,0
24,26,2,397,397,397,397,0,0,0,0
24,41,1,1404,1404,63,63,1213,1213,0,0
24,52,7,3332,3332,1092,1092,2240,2240,0,0
24,53,12,4794,4794,1528,1528,3266,3266,0,0
24,55,44,9143,9143,8498,8498,644,644,0,0
24,56,29,5915,5915,5799,5799,72,72,0,0
24,58,31,5725,5725,5683,5683,41,41,0,0
24,59,35,5525,5525,5525,5525,0,0,0,0
24,60,14,2238,2238,2238,2238,0,0,0,0
24,61,6,1565,1565,1565,1565,0,0,0,0
24,62,1,65,65,64,64,2,2,0,0
24,66,2,541,541,541,541,0,0,0,0
24,68,2,239,239,239,239,0,0,0,0
24,69,30,5190,5190,4820,4820,123,123,0,0
24,70,44,5563,5563,5350,5350,213,213,0,0
24,71,20,1467,1467,1467,1467,0,0,0,0
24,72,22,5073,5073,4505,4505,568,568,0,0
24,74,16,1947,1947,1947,1947,0,0,0,0
24,75,8,1241,1241,1241,1241,0,0,0,0
24,76,21,4491,4491,4491,4491,0,0,0,0
24,77,31,4506,4506,4506,4506,0,0,0,0
24,78,85,9456,9456,9456,9456,0,0,0,0
24,79,87,10243,10243,10243,10243,0,0,0,0
24,80,28,4484,4484,4484,4484,0,0,0,0
24,81,19,2709,2709,2709,2709,0,0,0,0
24,82,37,4551,4551,4551,4551,0,0,0,0
24,83,26,2583,2583,2360,2360,223,223,0,0
24,90,7,2474,2474,2474,2474,0,0,0,0
24,91,25,7584,7584,6695,6695,889,889,0,0
24,92,85,9398,9398,8951,8951,447,447,0,0
24,93,67,9359,9359,9359,9359,0,0,0,0
24,94,45,8793,8793,5662,5662,3131,3131,0,0
24,95,16,5413,5413,2557,2557,2856,2856,0,0
24,96,11,5466,5466,1252,1252,4215,4215,0,0
24,99,5,510,510,0,0,510,510,0,0
24,102,11,2165,2165,887,887,1278,1278,0,0
24,103,15,13345,13345,436,436,12909,12909,0,0
24,104,28,15659,15659,1153,1153,14506,14506,0,0
24,105,16,13392,13392,1300,1300,12092,12092,0,0
24,107,15,7525,7525,6932,6932,594,594,0,0
24,108,53,12940,12940,11327,11327,1243,1243,370,370
24,109,128,23250,23250,23250,23250,0,0,0,0
24,110,117,22457,22457,22457,22457,0,0,0,0
24,111,156,25214,25214,25214,25214,0,0,0,0
24,112,95,20319,20319,20319,20319,0,0,0,0
24,113,122,24844,24844,19597,19597,2020,2020,3229,3229
24,114,94,18590,18590,16054,16054,2310,2310,227,227
24,115,45,6619,6619,5524,5524,1095,1095,0,0
24,116,59,12528,12528,8188,8188,3540,3540,799,799
24,117,81,11923,11923,11923,11923,0,0,0,0
24,118,61,10029,10029,8310,8310,1718,1718,0,0
24,119,44,5144,5144,5144,5144,0,0,0,0
24,120,21,2664,2664,2664,2664,0,0,0,0
24,121,8,731,731,731,731,0,0,0,0
24,122,7,619,619,619,619,0,0,0,0
24,123,6,442,442,442,442,0,0,0,0
24,124,8,641,641,641,641,0,0,0,0
24,125,8,520,520,520,520,0,0,0,0
24,126,7,1069,1069,355,355,714,714,0,0
24,127,10,3803,3803,63,63,3740,3740,0,0
24,3,5,496,496,380,380,116,116,0,0
24,4,7,1635,1635,677,677,959,959,0,0
24,6,2,1958,1958,20,20,1938,1938,0,0
24,17,4,1416,1416,1416,1416,0,0,0,0
24,18,2,2124,2124,198,198,1552,1552,0,0
24,22,1,813,813,317,317,497,497,0,0
24,25,2,358,358,358,358,0,0,0,0
24,29,1,103,103,26,26,26,26,0,0
24,46,1,299,299,145,145,154,154,0,0
24,54,13,3132,3132,3132,3132,0,0,0,0
24,57,22,3777,3777,3296,3296,480,480,0,0
24,67,1,867,867,18,18,849,849,0,0
24,73,1,237,237,237,237,0,0,0,0
24,84,1,14,14,14,14,0,0,0,0
24,85,3,154,154,154,154,0,0,0,0
24,88,5,946,946,438,438,508,508,0,0
24,97,1,96,96,24,24,24,24,0,0
24,98,5,327,327,273,273,54,54,0,0
24,101,1,29,29,29,29,0,0,0,0
24,106,11,7484,7484,5324,5324,2160,2160,0,0
25,4,2,1846,1846,14,14,1831,1831,0,0
25,5,5,2183,2183,183,183,1999,1999,0,0
25,17,8,2101,2101,708,708,1218,1218,175,175
25,18,27,6835,6835,2528,2528,4307,4307,0,0
25,19,44,9640,9640,7213,7213,2415,2415,0,0
25,20,31,6908,6908,3968,3968,2941,2941,0,0
25,21,59,6653,6653,6164,6164,163,163,0,0
25,22,71,8523,8523,7740,7740,682,682,0,0
25,23,37,3808,3808,2937,2937,631,631,240,240
25,24,20,2655,2655,2655,2655,0,0,0,0
25,25,26,5411,5411,3908,3908,1503,1503,0,0
25,26,13,1335,1335,1194,1194,140,140,0,0
25,39,2,283,283,19,19,264,264,0,0
25,40,2,193,193,48,48,48,48,0,0
25,47,4,3999,3999,441,441,3557,3557,0,0
25,50,6,1268,1268,335,335,933,933,0,0
25,53,38,5662,5662,5425,5425,236,236,0,0
25,54,77,10221,10221,10107,10107,114,114,0,0
25,55,55,8449,8449,8197,8197,84,84,0,0
25,56,35,6771,6771,5238,5238,316,316,980,980
25,57,55,11003,11003,7572,7572,3431,3431,0,0
25,58,25,5104,5104,5104,5104,0,0,0,0
25,59,18,2815,2815,2815,2815,0,0,0,0
25,61,1,104,104,104,104,0,0,0,0
25,63,2,59,59,30,30,10,10,0,0
25,64,3,2917,2917,19,19,2898,2898,0,0
25,69,18,5005,5005,3152,3152,1426,1426,427,427
25,70,49,7918,7918,7656,7656,262,262,0,0
25,72,1,195,195,124,124,71,71,0,0
25,78,54,5285,5285,5285,5285,0,0,0,0
25,79,70,7552,7552,7552,7552,0,0,0,0
25,80,5,948,948,948,948,0,0,0,0
25,81,1,21,21,21,21,0,0,0,0
25,82,12,1465,1465,1465,1465,0,0,0,0
25,87,3,13,13,13,13,0,0,0,0
25,90,15,3501,3501,3501,3501,0,0,0,0
25,91,23,6176,6176,6176,6176,0,0,0,0
25,92,36,6351,6351,6351,6351,0,0,0,0
25,93,14,3783,3783,3783,3783,0,0,0,0
25,94,12,3739,3739,2318,2318,1421,1421,0,0
25,95,10,2542,2542,1131,1131,1411,1411,0,0
25,96,3,1339,1339,1339,1339,0,0,0,0
25,97,19,1338,1338,1338,1338,0,0,0,0
25,98,49,5145,5145,4932,4932,71,71,0,0
25,104,22,17870,17870,598,598,17273,17273,0,0
25,105,15,31882,31882,481,481,31401,31401,0,0
25,106,28,13279,13279,4483,4483,8798,8798,0,0
25,107,31,7081,7081,3233,3233,3849,3849,0,0
25,108,11,2998,2998,1165,1165,1365,1365,389,389
25,110,52,9133,9133,9133,9133,0,0,0,0
25,111,45,9853,9853,9853,9853,0,0,0,0
25,112,31,8928,8928,8928,8928,0,0,0,0
25,113,45,8454,8454,8454,8454,0,0,0,0
25,114,47,6664,6664,6664,6664,0,0,0,0
25,115,78,7814,7814,7798,7798,15,15,0,0
25,116,55,8752,8752,6601,6601,1341,1341,786,786
25,117,52,9948,9948,9336,9336,611,611,0,0
25,118,48,8233,8233,7853,7853,380,380,0,0
25,119,59,8666,8666,7585,7585,0,0,1081,1081
25,120,56,7265,7265,7265,7265,0,0,0,0
25,121,29,4202,4202,4202,4202,0,0,0,0
25,123,7,761,761,594,594,55,55,0,0
25,124,2,202,202,99,99,34,34,0,0
25,125,10,1122,1122,1122,1122,0,0,0,0
25,126,1,102,102,102,102,0,0,0,0
25,127,2,480,480,90,90,389,389,0,0
25,30,3,1668,1668,857,857,474,474,0,0
25,35,14,2650,2650,806,806,1431,1431,76,76
25,42,2,410,410,314,314,32,32,0,0
25,43,4,708,708,708,708,0,0,0,0
25,51,5,1297,1297,878,878,418,418,0,0
25,52,7,1830,1830,1830,1830,0,0,0,0
25,62,3,1117,1117,16,16,1101,1101,0,0
25,68,2,943,943,765,765,59,59,0,0
25,71,1,37,37,37,37,0,0,0,0
25,75,5,425,425,425,425,0,0,0,0
25,76,1,86,86,86,86,0,0,0,0
25,77,10,1557,1557,1557,1557,0,0,0,0
25,85,7,624,624,624,624,0,0,0,0
25,103,5,1155,1155,45,45,1110,1110,0,0
25,109,50,9299,9299,7601,7601,1698,1698,0,0
25,122,1,210,210,210,210,0,0,0,0
26,19,51,10465,10465,6218,6218,4247,4247,0,0
26,20,21,3771,3771,3664,3664,107,107,0,0
26,21,14,1940,1940,1940,1940,0,0,0,0
26,22,1,60,60,60,60,0,0,0,0
26,23,12,1241,1241,1241,1241,0,0,0,0
26,35,7,5903,5903,1351,1351,4552,4552,0,0
26,39,5,282,282,113,113,162,162,0,0
26,40,6,643,643,643,643,0,0,0,0
26,42,5,1598,1598,646,646,881,881,0,0
26,49,6,2530,2530,948,948,1582,1582,0,0
26,50,19,3514,3514,2627,2627,887,887,0,0
26,51,9,1976,1976,1527,1527,449,449,0,0
26,52,44,11683,11683,4388,4388,7295,7295,0,0
26,53,21,3115,3115,3115,3115,0,0,0,0
26,54,39,5963,5963,5509,5509,453,453,0,0
26,55,19,6159,6159,5120,5120,1040,1040,0,0
26,56,22,6639,6639,6579,6579,60,60,0,0
26,57,29,6684,6684,6684,6684,0,0,0,0
26,58,4,751,751,751,751,0,0,0,0
26,62,2,461,461,461,461,0,0,0,0
26,64,3,248,248,239,239,3,3,0,0
26,66,1,331,331,83,83,83,83,0,0
26,68,1,225,225,56,56,56,56,0,0
26,69,10,2345,2345,2064,2064,94,94,0,0
26,70,37,7597,7597,6451,6451,1146,1146,0,0
26,71,16,2377,2377,1481,1481,896,896,0,0
26,72,14,1473,1473,1456,1456,17,17,0,0
26,73,17,1888,1888,1888,1888,0,0,0,0
26,75,5,482,482,482,482,0,0,0,0
26,78,78,7408,7408,7408,7408,0,0,0,0
26,79,57,15508,15508,5663,5663,9845,9845,0,0
26,82,14,1955,1955,1586,1586,370,370,0,0
26,86,1,34,34,34,34,0,0,0,0
26,90,28,2729,2729,2125,2125,604,604,0,0
26,91,28,3886,3886,3785,3785,101,101,0,0
26,92,21,2684,2684,2427,2427,257,257,0,0
26,93,9,3107,3107,3107,3107,0,0,0,0
26,94,19,1771,1771,1386,1386,385,385,0,0
26,95,5,595,595,595,595,0,0,0,0
26,97,7,915,915,813,813,102,102,0,0
26,98,11,3605,3605,3605,3605,0,0,0,0
26,99,21,3087,3087,2254,2254,832,832,0,0
26,104,7,10165,10165,26,26,10138,10138,0,0
26,105,19,16653,16653,1812,1812,14841,14841,0,0
26,106,3,29,29,29,29,0,0,0,0
26,107,5,1068,1068,25,25,0,0,0,0
26,108,2,3511,3511,686,686,2525,2525,301,301
26,109,40,11500,11500,6855,6855,4646,4646,0,0
26,110,147,23822,23822,22302,22302,952,952,568,568
26,111,119,23402,23402,21764,21764,1637,1637,0,0
26,112,99,18549,18549,16169,16169,0,0,2379,2379
26,113,116,18755,18755,15969,15969,1746,1746,1041,1041
26,114,132,11782,11782,11782,11782,0,0,0,0
26,115,46,4669,4669,4669,4669,0,0,0,0
26,116,29,2678,2678,2030,2030,0,0,648,648
26,117,21,3030,3030,3011,3011,0,0,20,20
26,118,8,1203,1203,1203,1203,0,0,0,0
26,119,11,770,770,770,770,0,0,0,0
26,120,10,1102,1102,1102,1102,0,0,0,0
26,122,9,1132,1132,1132,1132,0,0,0,0
26,123,1,126,126,126,126,0,0,0,0
26,127,13,1507,1507,1507,1507,0,0,0,0
26,5,4,1570,1570,608,608,962,962,0,0
26,12,2,1278,1278,31,31,1247,1247,0,0
26,14,3,802,802,596,596,206,206,0,0
26,47,4,544,544,310,310,234,234,0,0
26,48,3,839,839,839,839,0,0,0,0
26,74,1,385,385,385,385,0,0,0,0
26,80,3,125,125,65,65,61,61,0,0
26,85,6,2324,2324,84,84,2240,2240,0,0
26,121,2,169,169,169,169,0,0,0,0
26,126,4,257,257,257,257,0,0,0,0
27,4,9,949,949,832,832,118,118,0,0
27,5,3,2087,2087,105,105,1982,1982,0,0
27,6,4,1629,1629,716,716,913,913,0,0
27,7,6,4345,4345,479,479,3866,3866,0,0
27,10,9,3156,3156,2199,2199,956,956,0,0
27,11,22,8495,8495,2308,2308,6187,6187,0,0
27,12,27,14163,14163,2492,2492,11671,11671,0,0
27,13,39,12190,12190,5069,5069,7121,7121,0,0
27,14,56,8805,8805,8353,8353,452,452,0,0
27,15,46,7705,7705,5386,5386,2233,2233,0,0
27,16,9,8072,8072,1061,1061,7011,7011,0,0
27,17,42,7153,7153,6945,6945,161,161,0,0
27,18,21,6241,6241,2862,2862,946,946,2433,2433
27,19,29,4149,4149,4075,4075,74,74,0,0
27,20,4,785,785,785,785,0,0,0,0
27,38,5,362,362,362,362,0,0,0,0
27,40,16,3082,3082,1697,1697,1384,1384,0,0
27,41,1,218,218,218,218,0,0,0,0
27,47,1,129,129,129,129,0,0,0,0
27,50,6,2422,2422,340,340,2082,2082,0,0
27,51,3,772,772,435,435,337,337,0,0
27,52,43,7477,7477,5536,5536,1634,1634,0,0
27,53,5,874,874,874,874,0,0,0,0
27,56,15,3147,3147,3147,3147,0,0,0,0
27,57,17,2868,2868,2476,2476,392,392,0,0
27,66,8,3464,3464,824,824,2640,2640,0,0
27,68,1,40,40,40,40,0,0,0,0
27,69,7,2778,2778,1073,1073,1705,1705,0,0
27,70,13,2552,2552,2552,2552,0,0,0,0
27,71,19,4017,4017,3879,3879,46,46,0,0
27,72,2,176,176,176,176,0,0,0,0
27,78,12,2875,2875,2875,2875,0,0,0,0
27,79,24,12862,12862,2807,2807,10056,10056,0,0
27,80,3,281,281,281,281,0,0,0,0
27,83,6,858,858,858,858,0,0,0,0
27,87,10,1297,1297,1297,1297,0,0,0,0
27,88,4,524,524,524,524,0,0,0,0
27,89,11,1361,1361,1091,1091,168,168,0,0
27,90,4,829,829,829,829,0,0,0,0
27,92,23,4678,4678,4678,4678,0,0,0,0
27,93,51,6610,6610,6610,6610,0,0,0,0
27,94,18,3128,3128,1877,1877,1251,1251,0,0
27,96,9,1058,1058,944,944,114,114,0,0
27,99,13,2363,2363,2363,2363,0,0,0,0
27,105,4,256,256,256,256,0,0,0,0
27,107,12,2980,2980,0,0,0,0,78,78
27,108,1,524,524,141,141,0,0,384,384
27,109,28,5719,5719,5719,5719,0,0,0,0
27,110,116,21361,21361,21361,21361,0,0,0,0
27,111,139,20333,20333,18824,18824,1465,1465,0,0
27,112,71,13928,13928,11488,11488,2440,2440,0,0
27,113,68,10354,10354,10354,10354,0,0,0,0
27,114,49,5670,5670,5670,5670,0,0,0,0
27,115,34,5322,5322,5322,5322,0,0,0,0
27,116,41,4472,4472,4072,4072,400,400,0,0
27,117,4,1367,1367,676,676,0,0,690,690
27,118,3,653,653,653,653,0,0,0,0
27,119,2,96,96,86,86,4,4,0,0
27,120,8,786,786,786,786,0,0,0,0
27,121,29,2205,2205,2205,2205,0,0,0,0
27,122,2,698,698,698,698,0,0,0,0
27,123,9,1262,1262,413,413,849,849,0,0
27,125,8,1172,1172,939,939,111,111,0,0
27,127,4,93,93,93,93,0,0,0,0
27,8,10,6859,6859,949,949,5910,5910,0,0
27,9,9,6697,6697,970,970,5728,5728,0,0
27,39,4,2513,2513,353,353,2159,2159,0,0
27,62,2,424,424,424,424,0,0,0,0
27,65,1,27,27,27,27,0,0,0,0
27,73,6,436,436,436,436,0,0,0,0
27,86,29,3111,3111,2459,2459,652,652,0,0
27,91,2,162,162,162,162,0,0,0,0
27,106,2,486,486,330,330,156,156,0,0
28,0,1,253,253,0,0,253,253,0,0
28,3,3,758,758,254,254,504,504,0,0
28,4,1,199,199,199,199,0,0,0,0
28,6,7,3999,3999,474,474,3526,3526,0,0
28,7,7,19242,19242,857,857,18385,18385,0,0
28,8,8,15747,15747,496,496,15251,15251,0,0
28,9,15,11829,11829,950,950,10878,10878,0,0
28,10,20,7358,7358,859,859,6499,6499,0,0
28,11,10,3669,3669,1572,1572,2096,2096,0,0
28,12,22,9432,9432,889,889,8542,8542,0,0
28,13,31,11302,11302,3564,3564,7738,7738,0,0
28,14,44,8652,8652,7326,7326,1220,1220,0,0
28,15,37,10917,10917,4052,4052,6866,6866,0,0
28,16,82,10764,10764,8988,8988,1777,1777,0,0
28,17,84,14634,14634,14634,14634,0,0,0,0
28,18,89,18381,18381,15463,15463,41,41,2879,2879
28,19,59,11326,11326,10264,10264,1062,1062,0,0
28,20,38,7516,7516,5465,5465,1819,1819,0,0
28,21,16,7756,7756,7347,7347,409,409,0,0
28,22,17,4432,4432,3669,3669,763,763,0,0
28,32,9,1470,1470,795,795,675,675,0,0
28,33,4,965,965,393,393,572,572,0,0
28,35,2,353,353,157,157,195,195,0,0
28,38,2,1316,1316,19,19,1297,1297,0,0
28,39,5,5360,5360,717,717,4642,4642,0,0
28,42,4,837,837,635,635,202,202,0,0
28,50,9,1363,1363,1019,1019,344,344,0,0
28,51,19,2752,2752,2752,2752,0,0,0,0
28,52,3,4321,4321,416,416,3823,3823,0,0
28,55,1,29,29,29,29,0,0,0,0
28,66,2,289,289,289,289,0,0,0,0
28,67,9,1473,1473,1323,1323,50,50,0,0
28,68,1,289,289,289,289,0,0,0,0
28,69,3,797,797,325,325,471,471,22,22
28,70,27,4982,4982,4509,4509,473,473,0,0
28,71,28,7596,7596,4987,4987,2608,2608,0,0
28,75,5,687,687,687,687,0,0,0,0
28,78,5,797,797,797,797,0,0,0,0
28,79,6,666,666,460,460,206,206,0,0
28,81,10,932,932,932,932,0,0,0,0
28,83,11,1421,1421,1421,1421,0,0,0,0
28,86,13,1129,1129,1026,1026,103,103,0,0
28,87,18,3459,3459,3459,3459,0,0,0,0
28,88,4,777,777,715,715,21,21,0,0
28,89,7,2057,2057,476,476,1581,1581,0,0
28,90,3,599,599,599,599,0,0,0,0
28,92,29,3830,3830,3557,3557,273,273,0,0
28,93,17,2213,2213,2014,2014,199,199,0,0
28,94,1,45,45,45,45,0,0,0,0
28,98,5,918,918,385,385,506,506,0,0
28,99,2,1932,1932,1932,1932,0,0,0,0
28,100,2,1625,1625,1625,1625,0,0,0,0
28,105,4,619,619,421,421,198,198,0,0
28,106,59,6332,6332,6121,6121,211,211,0,0
28,107,9,1328,1328,495,495,288,288,239,239
28,109,21,5913,5913,5421,5421,492,492,0,0
28,110,85,19099,19099,17512,17512,1560,1560,0,0
28,111,83,21254,21254,12926,12926,6645,6645,1683,1683
28,112,35,5092,5092,4053,4053,25,25,1013,1013
28,113,21,3889,3889,3283,3283,0,0,605,605
28,114,14,1897,1897,1309,1309,0,0,588,588
28,115,14,1211,1211,836,836,0,0,376,376
28,116,6,327,327,327,327,0,0,0,0
28,118,9,1822,1822,1822,1822,0,0,0,0
28,120,7,290,290,290,290,0,0,0,0
28,124,6,593,593,593,593,0,0,0,0
28,23,1,189,189,29,29,160,160,0,0
28,26,3,352,352,352,352,0,0,0,0
28,28,8,2049,2049,506,506,1542,1542,0,0
28,29,3,379,379,206,206,172,172,0,0
28,56,1,320,320,320,320,0,0,0,0
28,57,10,941,941,684,684,258,258,0,0
28,58,10,1499,1499,1290,1290,209,209,0,0
28,59,3,3213,3213,26,26,3187,3187,0,0
28,72,5,444,444,444,444,0,0,0,0
28,73,3,384,384,384,384,0,0,0,0
28,91,1,132,132,132,132,0,0,0,0
28,97,1,174,174,174,174,0,0,0,0
28,102,2,181,181,181,181,0,0,0,0
28,108,1,681,681,0,0,664,664,18,18
28,117,1,455,455,0,0,0,0,455,455
28,121,3,209,209,209,209,0,0,0,0
28,122,3,335,335,335,335,0,0,0,0
29,1,7,1481,1481,575,575,907,907,0,0
29,5,2,3103,3103,412,412,2691,2691,0,0
29,7,5,3604,3604,311,311,3293,3293,0,0
29,8,24,12442,12442,2441,2441,10002,10002,0,0
29,9,22,14234,14234,1864,1864,12370,12370,0,0
29,10,2,2552,2552,55,55,2497,2497,0,0
29,12,3,469,469,150,150,146,146,0,0
29,13,27,4671,4671,4671,4671,0,0,0,0
29,14,67,9943,9943,9654,9654,289,289,0,0
29,15,32,6083,6083,4779,4779,1304,1304,0,0
29,16,82,10526,10526,7978,7978,1999,1999,550,550
29,17,84,10216,10216,9624,9624,592,592,0,0
29,18,82,17664,17664,13231,13231,4433,4433,0,0
29,19,19,5771,5771,3499,3499,2272,2272,0,0
29,20,34,5527,5527,4695,4695,832,832,0,0
29,21,33,8092,8092,8092,8092,0,0,0,0
29,22,56,10901,10901,8524,8524,2338,2338,39,39
29,23,29,8754,8754,3903,3903,4809,4809,43,43
29,24,4,1261,1261,1261,1261,0,0,0,0
29,25,4,423,423,423,423,0,0,0,0
29,26,15,3419,3419,2302,2302,1066,1066,0,0
29,28,4,684,684,143,143,541,541,0,0
29,29,6,516,516,435,435,81,81,0,0
29,33,6,2256,2256,381,381,1874,1874,0,0
29,39,4,1326,1326,49,49,1277,1277,0,0
29,40,7,2082,2082,1075,1075,1008,1008,0,0
29,50,11,5213,5213,1403,1403,3810,3810,0,0
29,51,35,5909,5909,5292,5292,617,617,0,0
29,57,1,110,110,27,27,82,82,0,0
29,58,19,2763,2763,1724,1724,1040,1040,0,0
29,59,1,121,121,121,121,0,0,0,0
29,64,1,408,408,238,238,170,170,0,0
29,66,5,620,620,340,340,280,280,0,0
29,69,6,4570,4570,629,629,3941,3941,0,0
29,70,8,820,820,820,820,0,0,0,0
29,71,29,5351,5351,5351,5351,1,1,0,0
29,72,4,438,438,438,438,0,0,0,0
29,84,4,438,438,438,438,0,0,0,0
29,86,3,1737,1737,194,194,1543,1543,0,0
29,87,5,1266,1266,1266,1266,0,0,0,0
29,90,30,9489,9489,5455,5455,4035,4035,0,0
29,91,22,3258,3258,2304,2304,954,954,0,0
29,92,4,666,666,372,372,293,293,0,0
29,99,7,2762,2762,1954,1954,807,807,0,0
29,101,1,175,175,44,44,44,44,0,0
29,105,2,163,163,163,163,0,0,0,0
29,106,34,7010,7010,5833,5833,664,664,0,0
29,107,12,3454,3454,1770,1770,1685,1685,0,0
29,108,29,4985,4985,1463,1463,3318,3318,204,204
29,109,2,6698,6698,1448,1448,5250,5250,0,0
29,110,84,14345,14345,14345,14345,0,0,0,0
29,111,87,10725,10725,10541,10541,2,2,178,178
29,112,51,6300,6300,5450,5450,230,230,516,516
29,113,44,3840,3840,3571,3571,269,269,0,0
29,115,17,2027,2027,1935,1935,31,31,0,0
29,116,6,556,556,556,556,0,0,0,0
29,118,2,133,133,133,133,0,0,0,0
29,120,11,846,846,846,846,0,0,0,0
29,121,19,1320,1320,1320,1320,0,0,0,0
29,123,6,794,794,794,794,0,0,0,0
29,127,16,1419,1419,1419,1419,0,0,0,0
29,42,5,852,852,515,515,337,337,0,0
29,61,3,232,232,232,232,0,0,0,0
29,62,2,1310,1310,715,715,594,594,0,0
29,63,1,221,221,64,64,157,157,0,0
29,65,1,947,947,303,303,644,644,0,0
29,73,1,304,304,304,304,0,0,0,0
29,74,6,943,943,282,282,661,661,0,0
29,75,1,278,278,268,268,10,10,0,0
29,76,3,234,234,234,234,0,0,0,0
29,78,5,2898,2898,69,69,2829,2829,0,0
29,81,1,300,300,300,300,0,0,0,0
29,82,4,1177,1177,1177,1177,0,0,0,0
29,89,9,1347,1347,731,731,616,616,0,0
29,100,2,2775,2775,2775,2775,0,0,0,0
29,104,2,100,100,0,0,100,100,0,0
29,114,4,487,487,487,487,0,0,0,0
29,117,6,526,526,526,526,0,0,0,0
29,125,4,383,383,383,383,0,0,0,0
29,126,5,1078,1078,1078,1078,0,0,0,0
30,1,1,190,190,190,190,0,0,0,0
30,8,2,4952,4952,242,242,4710,4710,0,0
30,9,12,12853,12853,1084,1084,11769,11769,0,0
30,12,14,2996,2996,2996,2996,0,0,0,0
30,13,16,4636,4636,4636,4636,0,0,0,0
30,14,56,8942,8942,8200,8200,742,742,0,0
30,15,43,8180,8180,8180,8180,0,0,0,0
30,16,63,9987,9987,9055,9055,821,821,0,0
30,17,56,8163,8163,6572,6572,1591,1591,0,0
30,18,48,7555,7555,6380,6380,1174,1174,0,0
30,19,18,3405,3405,2647,2647,759,759,0,0
30,20,44,5066,5066,4951,4951,38,38,0,0
30,21,20,2674,2674,2674,2674,0,0,0,0
30,22,20,2669,2669,2669,2669,0,0,0,0
30,50,3,971,971,971,971,0,0,0,0
30,51,10,814,814,814,814,0,0,0,0
30,62,9,2154,2154,1837,1837,317,317,0,0
30,64,14,1439,1439,1347,1347,92,92,0,0
30,68,2,205,205,205,205,0,0,0,0
30,71,3,1002,1002,1002,1002,0,0,0,0
30,74,1,167,167,167,167,0,0,0,0
30,75,8,1753,1753,788,788,965,965,0,0
30,76,4,297,297,297,297,0,0,0,0
30,77,8,744,744,744,744,0,0,0,0
30,78,15,1677,1677,1642,1642,35,35,0,0
30,81,2,276,276,276,276,0,0,0,0
30,82,20,2215,2215,2215,2215,0,0,0,0
30,84,22,5118,5118,5118,5118,0,0,0,0
30,86,5,10062,10062,480,480,9583,9583,0,0
30,87,3,8719,8719,0,0,8719,8719,0,0
30,89,19,4384,4384,3724,3724,659,659,0,0
30,90,62,9495,9495,7736,7736,1497,1497,260,260
30,91,31,4240,4240,4143,4143,97,97,0,0
30,98,2,338,338,282,282,56,56,0,0
30,100,4,1606,1606,1478,1478,128,128,0,0
30,106,40,8052,8052,7377,7377,675,675,0,0
30,107,20,5571,5571,2905,2905,2667,2667,0,0
30,108,21,6350,6350,2005,2005,4346,4346,0,0
30,109,14,1941,1941,843,843,749,749,347,347
30,110,63,10627,10627,8911,8911,169,169,1547,1547
30,111,46,7836,7836,6338,6338,0,0,1499,1499
30,112,65,9056,9056,7517,7517,1540,1540,0,0
30,113,42,5124,5124,5085,5085,13,13,0,0
30,114,54,6510,6510,5835,5835,674,674,0,0
30,115,42,5812,5812,5812,5812,0,0,0,0
30,116,24,2160,2160,2151,2151,3,3,0,0
30,117,11,1379,1379,1379,1379,0,0,0,0
30,120,10,970,970,970,970,0,0,0,0
30,121,2,254,254,181,181,25,25,0,0
30,122,12,1295,1295,1295,1295,0,0,0,0
30,123,5,1940,1940,801,801,1138,1138,0,0
30,124,11,1480,1480,1440,1440,40,40,0,0
30,125,7,1544,1544,1544,1544,0,0,0,0
30,126,2,994,994,994,994,0,0,0,0
30,127,27,3963,3963,3963,3963,0,0,0,0
30,2,1,288,288,288,288,0,0,0,0
30,10,3,5622,5622,298,298,5324,5324,0,0
30,52,4,477,477,340,340,137,137,0,0
30,57,1,192,192,192,192,0,0,0,0
30,58,2,2293,2293,101,101,2192,2192,0,0
30,59,15,3397,3397,1250,1250,2147,2147,0,0
30,65,1,189,189,189,189,0,0,0,0
30,66,6,907,907,907,907,0,0,0,0
30,79,2,980,980,161,161,819,819,0,0
30,85,3,275,275,275,275,0,0,0,0
30,92,1,38,38,38,38,0,0,0,0
30,99,2,369,369,254,254,115,115,0,0
30,101,7,850,850,850,850,0,0,0,0
30,103,1,6,6,6,6,0,0,0,0
31,1,2,638,638,638,638,0,0,0,0
31,3,2,6293,6293,281,281,6014,6014,0,0
31,8,3,5817,5817,0,0,5817,5817,0,0
31,9,5,4020,4020,168,168,3852,3852,0,0
31,10,4,2775,2775,119,119,2656,2656,0,0
31,12,3,817,817,817,817,0,0,0,0
31,13,36,6204,6204,6204,6204,0,0,0,0
31,14,17,2134,2134,2134,2134,0,0,0,0
31,15,3,739,739,739,739,0,0,0,0
31,16,27,4227,4227,3085,3085,1142,1142,0,0
31,17,61,6700,6700,6700,6700,0,0,0,0
31,18,13,1668,1668,1510,1510,158,158,0,0
31,20,3,1038,1038,438,438,600,600,0,0
31,26,8,1320,1320,633,633,687,687,0,0
31,52,19,4664,4664,1781,1781,2882,2882,0,0
31,56,1,58,58,58,58,0,0,0,0
31,58,9,1720,1720,924,924,501,501,0,0
31,60,1,66,66,66,66,0,0,0,0
31,61,2,738,738,24,24,713,713,0,0
31,62,19,3576,3576,1607,1607,1969,1969,0,0
31,64,5,737,737,653,653,84,84,0,0
31,65,16,2012,2012,2012,2012,0,0,0,0
31,67,3,214,214,214,214,0,0,0,0
31,69,4,933,933,933,933,0,0,0,0
31,70,19,1984,1984,1984,1984,0,0,0,0
31,71,14,1931,1931,1804,1804,128,128,0,0
31,72,5,792,792,792,792,0,0,0,0
31,74,11,1216,1216,777,777,439,439,0,0
31,75,5,469,469,469,469,0,0,0,0
31,76,1,287,287,287,287,0,0,0,0
31,77,4,773,773,773,773,0,0,0,0
31,78,17,1401,1401,1401,1401,0,0,0,0
31,81,2,323,323,323,323,0,0,0,0
31,82,19,2188,2188,2080,2080,108,108,0,0
31,86,1,211,211,61,61,150,150,0,0
31,87,9,4300,4300,661,661,3639,3639,0,0
31,88,9,3467,3467,1827,1827,1639,1639,0,0
31,89,11,6673,6673,1291,1291,5381,5381,0,0
31,90,15,4116,4116,1829,1829,1845,1845,441,441
31,91,7,885,885,565,565,319,319,0,0
31,100,2,449,449,195,195,254,254,0,0
31,101,22,2928,2928,2534,2534,394,394,0,0
31,105,1,74,74,74,74,0,0,0,0
31,106,56,8037,8037,6616,6616,1421,1421,0,0
31,107,53,8413,8413,7883,7883,530,530,0,0
31,108,11,2713,2713,2536,2536,177,177,0,0
31,109,24,13190,13190,1278,1278,11913,11913,0,0
31,110,42,13588,13588,8078,8078,5511,5511,0,0
31,111,86,14217,14217,12199,12199,1832,1832,0,0
31,112,66,11143,11143,10722,10722,337,337,0,0
31,113,68,11353,11353,10746,10746,606,606,0,0
31,114,35,6912,6912,4801,4801,2111,2111,0,0
31,115,36,4959,4959,4959,4959,0,0,0,0
31,116,27,5136,5136,5136,5136,0,0,0,0
31,125,7,1382,1382,1382,1382,0,0,0,0
31,126,7,3344,3344,3344,3344,0,0,0,0
31,127,20,6742,6742,6212,6212,530,530,0,0
31,2,1,5127,5127,0,0,5127,5127,0,0
31,11,1,80,80,80,80,0,0,0,0
31,50,4,753,753,566,566,187,187,0,0
31,51,1,173,173,173,173,0,0,0,0
31,73,2,356,356,356,356,0,0,0,0
31,80,1,381,381,381,381,0,0,0,0
31,83,5,333,333,333,333,0,0,0,0
31,84,5,3460,3460,644,644,2816,2816,0,0
31,92,1,120,120,120,120,0,0,0,0
31,96,3,1903,1903,924,924,979,979,0,0
31,102,1,1381,1381,0,0,1381,1381,0,0
31,117,11,3030,3030,3030,3030,0,0,0,0
31,119,1,383,383,383,383,0,0,0,0
31,120,3,190,190,119,119,71,71,0,0
31,121,5,864,864,674,674,190,190,0,0
31,122,3,447,447,305,305,143,143,0,0
31,123,2,229,229,229,229,0,0,0,0
31,124,2,1645,1645,613,613,1032,1032,0,0
32,2,3,2850,2850,640,640,2210,2210,0,0
32,10,4,1056,1056,667,667,390,390,0,0
32,13,13,2102,2102,2102,2102,0,0,0,0
32,16,25,3478,3478,3478,3478,0,0,0,0
32,17,10,1844,1844,1105,1105,739,739,0,0
32,18,34,4067,4067,4067,4067,0,0,0,0
32,20,7,1144,1144,1144,1144,0,0,0,0
32,21,9,1134,1134,1134,1134,0,0,0,0
32,52,10,1745,1745,1566,1566,179,179,0,0
32,58,8,3873,3873,731,731,3142,3142,0,0
32,62,1,364,364,0,0,364,364,0,0
32,64,9,1299,1299,1040,1040,259,259,0,0
32,65,3,432,432,432,432,0,0,0,0
32,66,2,198,198,198,198,0,0,0,0
32,69,18,2661,2661,2661,2661,0,0,0,0
32,70,5,354,354,354,354,0,0,0,0
32,71,6,815,815,815,815,0,0,0,0
32,76,4,1259,1259,912,912,346,346,0,0
32,77,4,1033,1033,1033,1033,0,0,0,0
32,78,7,1239,1239,1030,1030,207,207,0,0
32,79,8,7142,7142,651,651,6490,6490,0,0
32,80,5,1071,1071,540,540,531,531,0,0
32,82,8,6101,6101,955,955,5146,5146,0,0
32,83,22,17740,17740,1739,1739,16001,16001,0,0
32,84,6,4328,4328,613,613,3715,3715,0,0
32,85,13,14793,14793,1212,1212,13579,13579,0,0
32,86,9,17066,17066,1173,1173,15893,15893,0,0
32,87,14,6283,6283,1604,1604,4680,4680,0,0
32,88,2,2412,2412,1,1,2411,2411,0,0
32,89,8,3945,3945,1794,1794,2150,2150,0,0
32,90,2,1065,1065,319,319,746,746,0,0
32,101,14,3035,3035,2134,2134,899,899,0,0
32,102,8,1060,1060,987,987,73,73,0,0
32,106,70,9276,9276,8240,8240,1037,1037,0,0
32,107,91,10644,10644,10644,10644,0,0,0,0
32,108,23,7053,7053,2322,2322,4731,4731,0,0
32,109,19,25837,25837,508,508,25328,25328,0,0
32,110,42,13313,13313,8112,8112,5201,5201,0,0
32,111,97,18605,18605,18564,18564,14,14,0,0
32,112,69,16046,16046,10331,10331,5715,5715,0,0
32,113,90,13352,13352,12197,12197,1153,1153,0,0
32,114,45,7401,7401,7401,7401,0,0,0,0
32,115,58,10058,10058,9939,9939,40,40,0,0
32,116,60,13467,13467,13467,13467,0,0,0,0
32,117,47,10545,10545,10545,10545,0,0,0,0
32,118,23,4545,4545,4545,4545,0,0,0,0
32,119,35,3416,3416,2655,2655,760,760,0,0
32,120,20,5708,5708,1740,1740,3967,3967,0,0
32,121,9,3496,3496,474,474,3021,3021,0,0
32,122,8,1093,1093,874,874,219,219,0,0
32,125,12,8611,8611,1354,1354,7256,7256,0,0
32,127,1,48,48,48,48,0,0,0,0
32,12,3,262,262,262,262,0,0,0,0
32,14,9,1225,1225,1225,1225,0,0,0,0
32,15,4,343,343,343,343,0,0,0,0
32,25,1,311,311,58,58,252,252,0,0
32,27,3,845,845,498,498,347,347,0,0
32,28,1,447,447,0,0,447,447,0,0
32,37,1,18,18,18,18,0,0,0,0
32,46,9,1168,1168,653,653,427,427,0,0
32,53,2,212,212,212,212,0,0,0,0
32,57,1,2828,2828,0,0,2828,2828,0,0
32,75,16,2684,2684,1237,1237,1447,1447,0,0
32,92,1,1618,1618,37,37,1581,1581,0,0
32,105,5,1091,1091,1091,1091,0,0,0,0
33,8,2,327,327,327,327,0,0,0,0
33,12,20,2343,2343,2256,2256,87,87,0,0
33,13,29,3821,3821,3726,3726,95,95,0,0
33,14,36,4318,4318,4318,4318,0,0,0,0
33,15,71,7849,7849,7849,7849,0,0,0,0
33,16,2,291,291,291,291,0,0,0,0
33,17,13,3434,3434,2248,2248,1187,1187,0,0
33,21,2,353,353,12,12,341,341,0,0
33,22,4,2957,2957,607,607,2350,2350,0,0
33,25,3,1181,1181,416,416,765,765,0,0
33,27,6,1448,1448,966,966,483,483,0,0
33,28,1,308,308,154,154,155,155,0,0
33,46,23,3067,3067,2570,2570,485,485,0,0
33,52,12,2660,2660,1327,1327,1131,1131,0,0
33,53,6,698,698,698,698,0,0,0,0
33,58,10,2045,2045,1588,1588,457,457,0,0
33,59,6,956,956,956,956,0,0,0,0
33,60,2,842,842,643,643,199,199,0,0
33,71,3,196,196,196,196,0,0,0,0
33,75,3,588,588,31,31,557,557,0,0
33,78,12,3494,3494,2549,2549,945,945,0,0
33,82,16,13756,13756,1705,1705,12052,12052,0,0
33,83,8,6124,6124,692,692,5432,5432,0,0
33,84,26,13229,13229,2230,2230,10999,10999,0,0
33,85,32,14950,14950,2818,2818,12131,12131,0,0
33,86,14,19607,19607,2523,2523,17083,17083,0,0
33,87,14,16735,16735,688,688,16047,16047,0,0
33,88,13,11504,11504,2242,2242,9261,9261,0,0
33,89,1,174,174,163,163,11,11,0,0
33,90,9,8195,8195,1610,1610,6586,6586,0,0
33,95,7,2051,2051,1872,1872,180,180,0,0
33,102,17,4436,4436,4247,4247,190,190,0,0
33,103,22,3466,3466,3249,3249,217,217,0,0
33,105,16,3073,3073,2587,2587,485,485,0,0
33,106,54,6734,6734,6351,6351,383,383,0,0
33,107,65,7404,7404,7354,7354,21,21,0,0
33,108,33,5141,5141,4742,4742,399,399,0,0
33,109,30,20675,20675,1207,1207,19467,19467,0,0
33,110,70,10880,10880,5748,5748,5005,5005,0,0
33,111,91,15015,15015,14083,14083,931,931,0,0
33,112,88,11507,11507,11323,11323,185,185,0,0
33,113,78,13066,13066,10121,10121,2945,2945,0,0
33,114,56,11632,11632,11613,11613,6,6,0,0
33,115,26,8898,8898,7822,7822,1076,1076,0,0
33,116,21,7506,7506,4530,4530,2909,2909,0,0
33,117,15,8443,8443,8443,8443,0,0,0,0
33,118,9,2557,2557,2520,2520,12,12,0,0
33,119,4,270,270,270,270,0,0,0,0
33,124,1,168,168,168,168,0,0,0,0
33,125,15,7336,7336,1675,1675,5661,5661,0,0
33,1,4,367,367,367,367,0,0,0,0
33,6,3,2392,2392,511,511,1881,1881,0,0
33,18,2,782,782,112,112,670,670,0,0
33,19,2,54,54,54,54,0,0,0,0
33,23,1,217,217,217,217,0,0,0,0
33,29,1,1023,1023,1023,1023,0,0,0,0
33,51,1,119,119,119,119,0,0,0,0
33,62,6,785,785,553,553,232,232,0,0
33,63,1,2495,2495,0,0,2495,2495,0,0
33,77,1,194,194,194,194,0,0,0,0
33,80,4,644,644,644,644,0,0,0,0
33,81,5,707,707,707,707,0,0,0,0
33,96,3,305,305,305,305,0,0,0,0
33,99,1,33,33,33,33,0,0,0,0
33,100,6,584,584,584,584,0,0,0,0
33,120,1,190,190,190,190,0,0,0,0
33,121,1,192,192,34,34,158,158,0,0
33,127,1,187,187,187,187,0,0,0,0
34,0,10,4568,4568,2041,2041,2527,2527,0,0
34,6,13,8651,8651,1972,1972,5393,5393,45,45
34,7,3,285,285,285,285,0,0,0,0
34,12,4,1538,1538,1332,1332,206,206,0,0
34,13,1,1028,1028,0,0,1028,1028,0,0
34,14,7,712,712,476,476,237,237,0,0
34,15,1,138,138,138,138,0,0,0,0
34,17,20,2477,2477,2126,2126,351,351,0,0
34,18,5,703,703,325,325,317,317,0,0
34,19,3,3114,3114,157,157,2958,2958,0,0
34,22,7,1613,1613,1171,1171,442,442,0,0
34,23,14,2336,2336,1030,1030,1306,1306,0,0
34,29,8,2994,2994,2491,2491,424,424,79,79
34,30,3,1184,1184,245,245,939,939,0,0
34,38,1,11,11,11,11,0,0,0,0
34,41,1,19,19,19,19,0,0,0,0
34,47,6,838,838,698,698,140,140,0,0
34,51,1,126,126,126,126,0,0,0,0
34,52,5,1142,1142,460,460,682,682,0,0
34,53,4,368,368,368,368,0,0,0,0
34,59,22,3238,3238,2916,2916,320,320,0,0
34,60,26,2237,2237,2237,2237,0,0,0,0
34,61,5,1268,1268,1268,1268,0,0,0,0
34,62,11,2634,2634,928,928,1705,1705,0,0
34,63,3,1069,1069,505,505,564,564,0,0
34,64,1,125,125,125,125,0,0,0,0
34,65,10,1432,1432,1159,1159,273,273,0,0
34,69,8,768,768,768,768,0,0,0,0
34,70,2,415,415,313,313,102,102,0,0
34,71,4,1012,1012,1012,1012,0,0,0,0
34,72,17,2743,2743,2346,2346,397,397,0,0
34,76,9,1581,1581,969,969,612,612,0,0
34,77,4,481,481,481,481,0,0,0,0
34,79,26,5713,5713,4953,4953,760,760,0,0
34,80,6,737,737,737,737,0,0,0,0
34,82,4,2592,2592,87,87,2505,2505,0,0
34,83,10,12636,12636,1001,1001,11636,11636,0,0
34,84,8,4072,4072,1434,1434,2638,2638,0,0
34,85,25,24397,24397,1952,1952,22444,22444,0,0
34,86,13,15488,15488,2756,2756,12731,12731,0,0
34,87,21,6402,6402,2275,2275,4127,4127,0,0
34,88,15,11991,11991,1586,1586,10406,10406,0,0
34,90,3,6523,6523,319,319,6204,6204,0,0
34,91,13,15272,15272,2438,2438,12834,12834,0,0
34,99,1,5,5,5,5,0,0,0,0
34,100,3,279,279,109,109,170,170,0,0
34,102,11,1976,1976,1976,1976,0,0,0,0
34,106,14,2182,2182,1045,1045,1137,1137,0,0
34,107,41,5901,5901,5287,5287,614,614,0,0
34,108,40,5093,5093,4858,4858,169,169,0,0
34,109,30,9967,9967,7328,7328,2640,2640,0,0
34,110,75,16246,16246,10071,10071,6159,6159,0,0
34,111,54,10214,10214,9604,9604,610,610,0,0
34,112,75,10383,10383,10378,10378,5,5,0,0
34,113,76,9735,9735,8753,8753,981,981,0,0
34,114,70,12146,12146,9578,9578,1802,1802,0,0
34,115,18,6849,6849,4836,4836,2013,2013,0,0
34,116,9,4722,4722,3209,3209,0,0,1513,1513
34,117,32,5816,5816,5552,5552,88,88,0,0
34,118,23,2777,2777,2777,2777,0,0,0,0
34,121,8,1262,1262,337,337,925,925,0,0
34,125,13,8616,8616,2708,2708,5908,5908,0,0
34,126,3,1114,1114,351,351,764,764,0,0
34,127,2,308,308,308,308,0,0,0,0
34,1,1,97,97,97,97,0,0,0,0
34,11,3,863,863,314,314,549,549,0,0
34,26,3,321,321,155,155,166,166,0,0
34,44,2,512,512,476,476,36,36,0,0
34,45,5,932,932,436,436,496,496,0,0
34,48,2,452,452,256,256,196,196,0,0
34,78,1,283,283,283,283,0,0,0,0
34,89,1,2761,2761,801,801,1960,1960,0,0
35,16,5,3176,3176,491,491,2685,2685,0,0
35,17,14,3906,3906,1868,1868,2038,2038,0,0
35,23,4,3638,3638,135,135,3503,3503,0,0
35,25,2,648,648,346,346,101,101,0,0
35,26,1,55,55,55,55,0,0,0,0
35,42,1,17,17,17,17,0,0,0,0
35,43,18,5662,5662,1303,1303,4218,4218,0,0
35,44,10,3069,3069,2253,2253,816,816,0,0
35,58,34,6671,6671,4682,4682,1989,1989,0,0
35,59,12,2626,2626,1162,1162,1434,1434,0,0
35,60,13,1286,1286,1175,1175,111,111,0,0
35,62,1,98,98,98,98,0,0,0,0
35,63,1,10,10,3,3,3,3,0,0
35,65,1,247,247,247,247,0,0,0,0
35,66,2,1029,1029,253,253,776,776,0,0
35,70,8,1055,1055,1055,1055,0,0,0,0
35,71,16,2358,2358,1969,1969,389,389,0,0
35,72,27,3162,3162,3090,3090,72,72,0,0
35,73,3,426,426,426,426,0,0,0,0
35,74,6,723,723,691,691,32,32,0,0
35,76,4,1008,1008,1008,1008,0,0,0,0
35,77,13,2524,2524,1615,1615,909,909,0,0
35,78,21,3488,3488,2379,2379,1109,1109,0,0
35,79,19,3113,3113,2153,2153,960,960,0,0
35,82,7,1425,1425,1368,1368,57,57,0,0
35,83,14,14338,14338,2344,2344,11995,11995,0,0
35,84,22,21698,21698,3135,3135,18563,18563,0,0
35,85,26,13661,13661,3082,3082,10580,10580,0,0
35,86,23,9328,9328,3398,3398,5928,5928,0,0
35,87,30,17936,17936,3327,3327,14609,14609,0,0
35,88,15,16290,16290,1502,1502,14787,14787,0,0
35,89,5,5529,5529,221,221,5308,5308,0,0
35,90,9,10433,10433,1199,1199,9234,9234,0,0
35,91,1,4183,4183,26,26,4157,4157,0,0
35,102,24,3008,3008,2933,2933,75,75,0,0
35,107,38,3836,3836,2764,2764,1071,1071,0,0
35,108,6,18287,18287,4310,4310,13977,13977,0,0
35,109,37,5202,5202,5202,5202,0,0,0,0
35,110,74,11972,11972,11709,11709,264,264,0,0
35,111,31,8570,8570,3060,3060,5509,5509,0,0
35,112,10,2634,2634,2397,2397,237,237,0,0
35,113,53,13084,13084,11540,11540,1544,1544,0,0
35,114,28,6101,6101,5490,5490,611,611,0,0
35,115,18,6019,6019,3302,3302,2718,2718,0,0
35,116,12,3933,3933,3933,3933,0,0,0,0
35,117,3,833,833,718,718,38,38,0,0
35,125,1,174,174,77,77,97,97,0,0
35,11,1,1860,1860,0,0,1860,1860,0,0
35,18,3,2179,2179,110,110,2069,2069,0,0
35,37,5,360,360,360,360,0,0,0,0
35,41,2,18,18,18,18,0,0,0,0
35,48,4,388,388,202,202,102,102,84,84
35,52,5,594,594,594,594,0,0,0,0
35,57,2,1750,1750,21,21,1729,1729,0,0
35,81,1,455,455,158,158,297,297,0,0
35,95,4,1008,1008,840,840,168,168,0,0
35,103,9,925,925,711,711,214,214,0,0
35,121,3,519,519,519,519,0,0,0,0
35,124,1,112,112,0,0,112,112,0,0
36,16,4,552,552,552,552,0,0,0,0
36,17,18,1609,1609,1609,1609,0,0,0,0
36,43,8,1385,1385,1157,1157,227,227,0,0
36,45,1,2285,2285,0,0,2285,2285,0,0
36,58,7,2092,2092,1187,1187,904,904,0,0
36,60,18,6312,6312,3158,3158,3154,3154,0,0
36,61,2,521,521,521,521,0,0,0,0
36,66,4,572,572,572,572,0,0,0,0
36,70,1,131,131,131,131,0,0,0,0
36,71,60,6664,6664,6509,6509,154,154,0,0
36,72,45,4962,4962,4962,4962,0,0,0,0
36,73,29,4174,4174,3816,3816,119,119,0,0
36,74,38,8426,8426,6232,6232,2194,2194,0,0
36,75,27,4190,4190,3325,3325,865,865,0,0
36,76,16,1725,1725,1559,1559,167,167,0,0
36,77,15,4895,4895,1962,1962,2933,2933,0,0
36,78,11,1274,1274,1269,1269,5,5,0,0
36,80,8,713,713,619,619,94,94,0,0
36,81,15,4467,4467,3891,3891,576,576,0,0
36,82,23,7446,7446,7446,7446,0,0,0,0
36,83,15,7410,7410,1658,1658,5753,5753,0,0
36,84,43,15808,15808,4509,4509,11300,11300,0,0
36,85,49,14356,14356,7887,7887,6469,6469,0,0
36,86,20,10497,10497,1956,1956,8541,8541,0,0
36,87,21,7623,7623,1124,1124,6498,6498,0,0
36,88,7,5746,5746,804,804,4942,4942,0,0
36,89,6,4222,4222,950,950,3272,3272,0,0
36,95,6,741,741,625,625,116,116,0,0
36,98,13,4651,4651,1433,1433,3217,3217,0,0
36,102,28,2931,2931,2824,2824,108,108,0,0
36,103,24,2424,2424,2225,2225,199,199,0,0
36,107,12,1021,1021,1021,1021,0,0,0,0
36,108,11,7632,7632,2014,2014,5619,5619,0,0
36,109,31,11776,11776,6200,6200,5577,5577,0,0
36,110,26,6775,6775,5832,5832,349,349,595,595
36,111,35,13843,13843,5264,5264,8578,8578,0,0
36,112,8,3549,3549,571,571,2978,2978,0,0
36,113,9,4519,4519,4519,4519,0,0,0,0
36,114,12,8249,8249,8249,8249,0,0,0,0
36,115,15,6403,6403,5610,5610,794,794,0,0
36,116,16,6040,6040,5766,5766,91,91,0,0
36,117,12,4709,4709,4261,4261,448,448,0,0
36,121,1,260,260,260,260,0,0,0,0
36,122,9,5023,5023,2025,2025,2998,2998,0,0
36,125,6,754,754,754,754,0,0,0,0
36,14,2,119,119,119,119,0,0,0,0
36,37,1,39,39,39,39,0,0,0,0
36,41,2,223,223,223,223,0,0,0,0
36,49,5,968,968,573,573,395,395,0,0
36,68,3,953,953,50,50,903,903,0,0
36,69,3,144,144,144,144,0,0,0,0
36,79,4,855,855,607,607,247,247,0,0
36,99,2,198,198,198,198,0,0,0,0
36,100,2,359,359,163,163,196,196,0,0
36,101,4,355,355,319,319,36,36,0,0
36,127,5,307,307,307,307,0,0,0,0
37,10,9,2024,2024,1250,1250,773,773,0,0
37,17,13,1281,1281,1281,1281,0,0,0,0
37,24,3,220,220,136,136,28,28,0,0
37,25,6,2146,2146,670,670,1476,1476,0,0
37,37,27,4606,4606,2346,2346,2239,2239,0,0
37,39,1,512,512,125,125,387,387,0,0
37,41,7,1426,1426,622,622,804,804,0,0
37,54,1,2813,2813,0,0,2813,2813,0,0
37,60,11,2412,2412,2060,2060,352,352,0,0
37,61,1,109,109,109,109,0,0,0,0
37,71,14,2139,2139,1940,1940,199,199,0,0
37,72,90,10068,10068,9821,9821,82,82,0,0
37,73,31,7188,7188,7188,7188,0,0,0,0
37,74,73,10953,10953,9565,9565,1389,1389,0,0
37,75,16,5293,5293,5003,5003,290,290,0,0
37,76,8,1230,1230,1060,1060,170,170,0,0
37,78,27,3089,3089,3089,3089,0,0,0,0
37,79,6,2234,2234,1009,1009,408,408,0,0
37,80,18,4627,4627,3298,3298,443,443,0,0
37,81,22,7000,7000,7000,7000,0,0,0,0
37,82,36,7930,7930,7930,7930,0,0,0,0
37,83,16,4690,4690,3129,3129,1561,1561,0,0
37,84,27,14675,14675,4055,4055,10622,10622,0,0
37,85,6,4304,4304,920,920,3384,3384,0,0
37,98,5,355,355,156,156,199,199,0,0
37,99,7,1003,1003,784,784,219,219,0,0
37,100,3,508,508,200,200,308,308,0,0
37,101,4,1068,1068,423,423,645,645,0,0
37,102,1,8,8,8,8,0,0,0,0
37,103,4,427,427,427,427,0,0,0,0
37,107,3,534,534,534,534,0,0,0,0
37,108,3,441,441,441,441,0,0,0,0
37,109,35,11384,11384,11384,11384,0,0,0,0
37,110,31,8720,8720,5771,5771,2469,2469,480,480
37,111,29,7476,7476,6312,6312,1165,1165,0,0
37,113,8,3316,3316,2051,2051,1265,1265,0,0
37,114,4,2162,2162,2162,2162,0,0,0,0
37,115,12,5684,5684,5684,5684,0,0,0,0
37,116,11,6801,6801,6801,6801,0,0,0,0
37,117,13,4135,4135,3826,3826,308,308,0,0
37,122,26,4867,4867,3869,3869,998,998,0,0
37,125,8,1862,1862,642,642,1013,1013,0,0
37,127,5,2071,2071,619,619,1452,1452,0,0
37,26,7,1027,1027,1027,1027,0,0,0,0
37,35,6,1318,1318,856,856,462,462,0,0
37,36,10,1844,1844,1240,1240,604,604,0,0
37,52,8,3292,3292,2031,2031,1261,1261,0,0
37,57,2,422,422,422,422,0,0,0,0
37,77,1,8,8,8,8,0,0,0,0
37,91,8,862,862,522,522,340,340,0,0
37,93,8,1729,1729,841,841,888,888,0,0
37,112,5,3018,3018,2933,2933,85,85,0,0
37,119,1,1013,1013,1013,1013,0,0,0,0
37,120,2,185,185,185,185,0,0,0,0
37,121,5,703,703,509,509,194,194,0,0
37,123,7,1550,1550,909,909,640,640,0,0
37,126,11,1301,1301,895,895,407,407,0,0
38,5,6,2765,2765,343,343,2422,2422,0,0
38,7,5,835,835,647,647,133,133,56,56
38,8,1,500,500,292,292,208,208,0,0
38,12,8,831,831,499,499,226,226,0,0
38,16,5,563,563,422,422,141,141,0,0
38,17,6,1307,1307,363,363,944,944,0,0
38,26,11,1588,1588,1494,1494,31,31,0,0
38,34,1,708,708,366,366,342,342,0,0
38,35,12,3628,3628,1560,1560,1849,1849,159,159
38,36,24,3329,3329,2243,2243,1086,1086,0,0
38,37,21,2514,2514,2350,2350,164,164,0,0
38,38,11,1528,1528,1074,1074,453,453,0,0
38,40,6,5106,5106,184,184,4923,4923,0,0
38,41,7,2015,2015,1196,1196,819,819,0,0
38,42,1,10,10,10,10,0,0,0,0
38,43,3,435,435,340,340,95,95,0,0
38,52,4,447,447,340,340,107,107,0,0
38,57,3,182,182,182,182,0,0,0,0
38,60,10,3339,3339,1631,1631,1708,1708,0,0
38,61,12,2274,2274,2090,2090,184,184,0,0
38,72,60,8862,8862,6578,6578,1222,1222,1063,1063
38,73,46,8214,8214,8214,8214,0,0,0,0
38,74,58,8084,8084,8084,8084,0,0,0,0
38,75,45,6452,6452,6452,6452,0,0,0,0
38,76,2,148,148,148,148,0,0,0,0
38,77,29,14198,14198,671,671,13527,13527,0,0
38,78,18,2986,2986,2986,2986,0,0,0,0
38,79,32,6739,6739,6709,6709,10,10,0,0
38,80,25,5874,5874,5208,5208,222,222,0,0
38,81,61,9473,9473,8118,8118,1355,1355,0,0
38,82,48,8134,8134,8134,8134,0,0,0,0
38,83,35,8035,8035,6667,6667,1368,1368,0,0
38,84,5,2029,2029,756,756,1273,1273,0,0
38,89,8,3092,3092,705,705,2388,2388,0,0
38,93,11,1662,1662,1283,1283,379,379,37,37
38,94,6,1166,1166,728,728,438,438,0,0
38,95,3,939,939,601,601,338,338,0,0
38,97,25,1817,1817,1706,1706,111,111,0,0
38,102,1,31,31,31,31,0,0,0,0
38,108,15,2969,2969,1123,1123,1846,1846,0,0
38,109,36,17717,17717,3165,3165,14553,14553,0,0
38,110,56,9301,9301,6140,6140,3161,3161,0,0
38,111,25,13536,13536,5558,5558,7978,7978,0,0
38,112,7,25397,25397,1471,1471,23925,23925,0,0
38,113,9,11593,11593,1957,1957,9636,9636,0,0
38,115,28,7162,7162,3984,3984,3178,3178,0,0
38,116,23,5003,5003,4441,4441,562,562,0,0
38,117,18,4402,4402,3809,3809,592,592,0,0
38,118,5,444,444,444,444,0,0,0,0
38,119,6,1212,1212,1012,1012,200,200,0,0
38,120,27,5193,5193,5193,5193,0,0,0,0
38,121,21,2756,2756,2756,2756,0,0,0,0
38,122,13,1794,1794,1794,1794,0,0,0,0
38,123,13,3237,3237,2689,2689,548,548,0,0
38,124,1,554,554,554,554,0,0,0,0
38,125,1,156,156,133,133,19,19,0,0
38,4,5,1420,1420,486,486,934,934,0,0
38,14,1,1281,1281,0,0,1281,1281,0,0
38,59,2,3206,3206,784,784,2422,2422,0,0
38,92,1,135,135,135,135,0,0,0,0
38,96,16,1884,1884,1552,1552,332,332,0,0
38,126,10,1694,1694,1440,1440,254,254,0,0
38,127,2,183,183,183,183,0,0,0,0
39,4,3,567,567,232,232,335,335,0,0
39,5,2,227,227,213,213,14,14,0,0
39,11,1,211,211,116,116,95,95,0,0
39,13,2,1463,1463,29,29,1434,1434,0,0
39,14,8,1707,1707,810,810,896,896,0,0
39,26,2,244,244,193,193,0,0,52,52
39,60,5,476,476,397,397,78,78,0,0
39,61,10,1566,1566,1458,1458,108,108,0,0
39,71,51,8314,8314,5845,5845,2415,2415,0,0
39,72,75,10763,10763,10354,10354,28,28,324,324
39,73,65,8543,8543,6630,6630,1863,1863,0,0
39,74,58,9496,9496,9496,9496,0,0,0,0
39,75,13,2422,2422,2422,2422,0,0,0,0
39,76,6,878,878,759,759,120,120,0,0
39,77,14,4890,4890,3521,3521,1369,1369,0,0
39,78,13,6843,6843,6843,6843,0,0,0,0
39,79,44,9412,9412,9412,9412,0,0,0,0
39,80,33,7765,7765,4841,4841,1158,1158,1766,1766
39,81,111,12622,12622,12455,12455,167,167,0,0
39,82,34,5610,5610,5591,5591,18,18,0,0
39,83,17,16133,16133,1554,1554,14579,14579,0,0
39,84,5,8041,8041,0,0,8041,8041,0,0
39,89,7,2365,2365,936,936,1429,1429,0,0
39,90,1,86,86,25,25,61,61,0,0
39,91,5,802,802,711,711,90,90,0,0
39,97,7,1605,1605,1451,1451,154,154,0,0
39,108,17,17173,17173,714,714,16460,16460,0,0
39,109,25,14087,14087,1376,1376,12711,12711,0,0
39,110,53,16868,16868,5419,5419,11451,11451,0,0
39,111,8,19285,19285,28,28,19257,19257,0,0
39,112,3,145,145,126,126,6,6,0,0
39,113,3,862,862,808,808,18,18,0,0
39,114,1,21,21,21,21,0,0,0,0
39,115,4,831,831,348,348,483,483,0,0
39,121,3,654,654,654,654,0,0,0,0
39,122,2,194,194,194,194,0,0,0,0
39,126,8,1207,1207,1115,1115,91,91,0,0
39,127,5,447,447,447,447,0,0,0,0
39,18,5,1313,1313,638,638,675,675,0,0
39,25,2,2435,2435,609,609,609,609,0,0
39,27,2,325,325,240,240,0,0,85,85
39,55,2,205,205,71,71,134,134,0,0
39,85,3,1375,1375,1375,1375,0,0,0,0
39,92,6,1023,1023,28,28,994,994,0,0
39,93,6,1204,1204,694,694,510,510,0,0
39,98,1,14,14,14,14,0,0,0,0
39,119,1,42,42,42,42,0,0,0,0
40,0,2,207,207,40,40,87,87,0,0
40,4,6,2428,2428,497,497,1931,1931,0,0
40,5,7,1326,1326,1326,1326,0,0,0,0
40,17,1,992,992,0,0,992,992,0,0
40,18,4,810,810,511,511,298,298,0,0
40,25,2,1952,1952,574,574,1112,1112,0,0
40,53,7,838,838,838,838,0,0,0,0
40,54,6,1383,1383,328,328,1026,1026,0,0
40,55,3,1308,1308,152,152,1156,1156,0,0
40,65,6,1170,1170,506,506,664,664,0,0
40,66,10,2396,2396,1815,1815,581,581,0,0
40,71,52,8245,8245,7625,7625,619,619,0,0
40,72,1,620,620,620,620,0,0,0,0
40,73,104,12960,12960,12888,12888,37,37,0,0
40,74,76,9737,9737,9737,9737,0,0,0,0
40,75,11,3211,3211,2570,2570,641,641,0,0
40,76,38,7335,7335,6224,6224,1110,1110,0,0
40,77,38,8583,8583,8583,8583,0,0,0,0
40,78,15,7259,7259,7259,7259,0,0,0,0
40,79,8,4477,4477,1184,1184,3293,3293,0,0
40,80,55,9441,9441,9080,9080,361,361,0,0
40,81,89,11236,11236,10382,10382,854,854,0,0
40,82,11,1677,1677,1677,1677,0,0,0,0
40,83,16,7529,7529,1196,1196,6334,6334,0,0
40,84,13,7722,7722,884,884,6402,6402,0,0
40,85,1,327,327,327,327,0,0,0,0
40,87,1,11,11,11,11,0,0,0,0
40,95,12,933,933,668,668,267,267,0,0
40,96,2,430,430,194,194,236,236,0,0
40,97,2,600,600,174,174,426,426,0,0
40,107,27,2331,2331,2324,2324,2,2,0,0
40,108,128,11279,11279,10861,10861,419,419,0,0
40,110,8,3556,3556,759,759,2797,2797,0,0
40,111,12,7680,7680,469,469,7211,7211,0,0
40,115,5,1819,1819,1562,1562,85,85,0,0
40,116,14,1679,1679,1251,1251,427,427,0,0
40,124,4,432,432,432,432,0,0,0,0
40,11,3,5124,5124,0,0,5124,5124,0,0
40,15,8,932,932,677,677,255,255,0,0
40,16,1,127,127,66,66,61,61,0,0
40,32,2,4539,4539,324,324,4215,4215,0,0
40,59,1,225,225,225,225,0,0,0,0
40,60,1,150,150,150,150,0,0,0,0
40,61,10,1366,1366,1366,1366,0,0,0,0
40,64,6,431,431,431,431,0,0,0,0
40,70,13,2535,2535,1807,1807,728,728,0,0
40,89,7,798,798,688,688,38,38,0,0
40,93,4,314,314,91,91,223,223,0,0
40,99,2,420,420,420,420,0,0,0,0
40,100,7,1326,1326,1326,1326,0,0,0,0
40,109,6,553,553,259,259,295,295,0,0
40,119,1,55,55,55,55,0,0,0,0
40,120,4,980,980,980,980,0,0,0,0
40,123,1,569,569,569,569,0,0,0,0
41,5,5,5949,5949,125,125,5822,5822,0,0
41,10,5,1132,1132,432,432,700,700,0,0
41,11,1,4752,4752,0,0,4752,4752,0,0
41,13,1,1060,1060,48,48,1012,1012,0,0
41,15,3,526,526,193,193,333,333,0,0
41,56,2,5015,5015,134,134,4880,4880,0,0
41,59,2,402,402,402,402,0,0,0,0
41,61,17,3787,3787,3787,3787,0,0,0,0
41,64,14,4011,4011,1281,1281,2732,2732,0,0
41,69,15,5852,5852,1398,1398,4455,4455,0,0
41,70,27,10178,10178,1905,1905,8274,8274,0,0
41,71,12,1667,1667,1116,1116,551,551,0,0
41,72,30,3330,3330,1881,1881,1449,1449,0,0
41,73,33,6297,6297,3075,3075,3221,3221,0,0
41,74,33,17475,17475,3941,3941,13534,13534,0,0
41,75,50,6093,6093,5666,5666,428,428,0,0
41,76,42,6899,6899,6899,6899,0,0,0,0
41,77,47,8333,8333,8333,8333,0,0,0,0
41,78,29,7723,7723,3386,3386,4337,4337,0,0
41,79,119,14979,14979,13309,13309,1390,1390,280,280
41,80,120,12531,12531,11772,11772,652,652,107,107
41,81,86,11781,11781,11781,11781,0,0,0,0
41,82,34,4760,4760,4760,4760,0,0,0,0
41,83,27,5270,5270,4449,4449,821,821,0,0
41,84,5,1558,1558,404,404,1153,1153,0,0
41,85,1,75,75,75,75,0,0,0,0
41,89,5,647,647,225,225,422,422,0,0
41,95,36,3320,3320,2327,2327,993,993,0,0
41,96,1,1247,1247,7,7,1240,1240,0,0
41,99,3,1007,1007,769,769,79,79,0,0
41,100,2,104,104,104,104,0,0,0,0
41,105,2,275,275,275,275,0,0,0,0
41,107,156,11921,11921,11529,11529,192,192,0,0
41,108,148,15596,15596,15596,15596,0,0,0,0
41,109,44,6359,6359,6359,6359,0,0,0,0
41,110,35,7527,7527,4284,4284,3243,3243,0,0
41,111,4,1976,1976,1976,1976,0,0,0,0
41,113,2,6234,6234,0,0,6234,6234,0,0
41,114,3,6828,6828,0,0,6828,6828,0,0
41,115,3,3703,3703,0,0,3703,3703,0,0
41,116,3,492,492,492,492,0,0,0,0
41,122,2,231,231,231,231,0,0,0,0
41,123,4,449,449,209,209,240,240,0,0
41,9,4,769,769,266,266,503,503,0,0
41,36,9,1240,1240,1077,1077,163,163,0,0
41,50,1,1889,1889,0,0,1889,1889,0,0
41,60,8,991,991,991,991,0,0,0,0
41,62,1,716,716,716,716,0,0,0,0
41,63,1,172,172,172,172,0,0,0,0
41,65,1,1051,1051,90,90,961,961,0,0
41,90,2,442,442,74,74,368,368,0,0
41,94,8,1450,1450,443,443,1007,1007,0,0
41,101,2,62,62,62,62,0,0,0,0
41,106,7,549,549,549,549,0,0,0,0
42,5,4,2247,2247,0,0,2247,2247,0,0
42,7,2,3634,3634,0,0,3634,3634,0,0
42,9,12,1133,1133,977,977,155,155,0,0
42,18,6,951,951,455,455,496,496,0,0
42,36,1,145,145,145,145,0,0,0,0
42,37,10,1983,1983,1277,1277,600,600,0,0
42,60,56,7889,7889,7889,7889,0,0,0,0
42,61,55,9169,9169,9169,9169,0,0,0,0
42,62,28,6253,6253,6253,6253,0,0,0,0
42,63,38,7104,7104,6411,6411,692,692,0,0
42,64,35,9706,9706,6660,6660,3047,3047,0,0
42,65,31,6827,6827,4176,4176,2595,2595,0,0
42,66,7,789,789,789,789,0,0,0,0
42,67,1,294,294,17,17,277,277,0,0
42,68,13,16465,16465,1360,1360,15106,15106,0,0
42,69,17,7624,7624,1291,1291,6333,6333,0,0
42,70,7,1252,1252,1252,1252,0,0,0,0
42,72,24,2109,2109,1537,1537,572,572,0,0
42,73,15,4040,4040,1175,1175,2865,2865,0,0
42,74,13,4437,4437,1297,1297,3139,3139,0,0
42,75,41,4444,4444,4217,4217,228,228,0,0
42,76,62,9681,9681,8769,8769,912,912,0,0
42,77,17,7123,7123,3780,3780,3344,3344,0,0
42,78,54,8283,8283,7635,7635,650,650,0,0
42,79,116,13310,13310,13310,13310,0,0,0,0
42,80,94,11368,11368,11110,11110,259,259,0,0
42,81,90,9967,9967,8292,8292,1674,1674,0,0
42,82,44,8157,8157,5731,5731,2427,2427,0,0
42,83,86,8467,8467,7906,7906,562,562,0,0
42,84,43,5560,5560,4946,4946,614,614,0,0
42,85,35,5098,5098,4635,4635,463,463,0,0
42,86,5,648,648,648,648,0,0,0,0
42,90,2,1174,1174,349,349,825,825,0,0
42,91,4,294,294,222,222,72,72,0,0
42,93,6,761,761,628,628,133,133,0,0
42,94,14,1492,1492,1073,1073,419,419,0,0
42,96,2,374,374,148,148,226,226,0,0
42,97,1,112,112,38,38,74,74,0,0
42,98,9,992,992,879,879,113,113,0,0
42,99,27,2700,2700,2172,2172,527,527,0,0
42,100,18,1925,1925,1717,1717,208,208,0,0
42,101,40,4096,4096,4096,4096,0,0,0,0
42,102,45,4122,4122,3712,3712,410,410,0,0
42,105,22,2388,2388,2388,2388,0,0,0,0
42,106,87,11772,11772,10468,10468,1304,1304,0,0
42,107,115,13241,13241,11545,11545,1696,1696,0,0
42,108,61,7587,7587,7587,7587,0,0,0,0
42,109,8,5550,5550,4246,4246,435,435,0,0
42,110,4,1568,1568,1568,1568,0,0,0,0
42,111,6,549,549,549,549,0,0,0,0
42,115,1,3547,3547,0,0,3547,3547,0,0
42,121,2,2642,2642,0,0,2642,2642,0,0
42,123,11,812,812,812,812,0,0,0,0
42,3,1,2093,2093,0,0,2093,2093,0,0
42,38,1,54,54,54,54,0,0,0,0
42,50,1,121,121,121,121,0,0,0,0
42,56,7,3777,3777,420,420,3358,3358,0,0
42,57,3,884,884,627,627,258,258,0,0
42,59,9,1163,1163,951,951,211,211,0,0
42,103,15,1219,1219,939,939,280,280,0,0
42,104,10,1346,1346,774,774,572,572,0,0
42,112,1,1637,1637,0,0,1637,1637,0,0
42,113,9,2238,2238,1454,1454,784,784,0,0
42,114,3,711,711,560,560,151,151,0,0
42,118,1,351,351,278,278,73,73,0,0
42,122,9,1438,1438,630,630,808,808,0,0
42,127,5,828,828,828,828,0,0,0,0
43,7,8,2688,2688,612,612,2075,2075,0,0
43,30,8,7864,7864,401,401,7463,7463,0,0
43,38,1,394,394,394,394,0,0,0,0
43,54,1,1741,1741,0,0,1741,1741,0,0
43,55,10,3042,3042,769,769,2272,2272,0,0
43,56,6,3064,3064,243,243,2820,2820,0,0
43,57,45,5238,5238,4903,4903,335,335,0,0
43,58,55,6683,6683,6577,6577,106,106,0,0
43,60,43,7684,7684,5424,5424,2260,2260,0,0
43,61,90,10890,10890,9689,9689,1200,1200,0,0
43,62,100,13765,13765,13407,13407,357,357,0,0
43,63,54,10072,10072,10072,10072,0,0,0,0
43,64,42,13457,13457,8370,8370,5087,5087,0,0
43,65,23,5950,5950,4645,4645,799,799,0,0
43,67,8,11219,11219,1275,1275,9943,9943,0,0
43,68,16,9207,9207,719,719,8488,8488,0,0
43,73,4,363,363,363,363,0,0,0,0
43,74,1,307,307,307,307,0,0,0,0
43,76,117,10858,10858,10452,10452,406,406,0,0
43,77,137,16865,16865,13390,13390,3475,3475,0,0
43,78,84,9628,9628,9628,9628,0,0,0,0
43,79,72,6595,6595,6595,6595,0,0,0,0
43,80,136,10398,10398,9012,9012,1386,1386,0,0
43,81,60,3993,3993,3993,3993,0,0,0,0
43,82,13,971,971,971,971,0,0,0,0
43,83,1,203,203,0,0,203,203,0,0
43,84,19,3495,3495,1944,1944,1474,1474,76,76
43,89,17,1833,1833,915,915,900,900,0,0
43,90,8,1709,1709,861,861,848,848,0,0
43,101,23,1918,1918,1918,1918,0,0,0,0
43,102,16,2874,2874,2874,2874,0,0,0,0
43,103,1,178,178,178,178,0,0,0,0
43,104,37,3683,3683,2511,2511,1171,1171,0,0
43,105,90,12225,12225,12116,12116,109,109,0,0
43,106,122,13777,13777,13442,13442,337,337,0,0
43,107,26,10190,10190,4934,4934,5256,5256,0,0
43,108,39,6761,6761,6761,6761,0,0,0,0
43,109,7,2985,2985,2985,2985,0,0,0,0
43,110,5,1678,1678,1064,1064,614,614,0,0
43,112,3,6463,6463,0,0,6463,6463,0,0
43,113,1,1841,1841,0,0,1841,1841,0,0
43,114,13,2327,2327,2279,2279,16,16,0,0
43,115,12,1587,1587,1587,1587,0,0,0,0
43,116,5,450,450,450,450,0,0,0,0
43,117,10,2147,2147,1916,1916,231,231,0,0
43,118,7,1287,1287,1102,1102,185,185,0,0
43,121,11,1217,1217,1159,1159,58,58,0,0
43,122,9,1792,1792,1032,1032,760,760,0,0
43,124,8,1774,1774,547,547,1227,1227,0,0
43,1,1,2731,2731,0,0,2731,2731,0,0
43,4,10,2865,2865,1116,1116,1750,1750,0,0
43,8,3,804,804,365,365,439,439,0,0
43,9,1,118,118,118,118,0,0,0,0
43,29,3,2035,2035,318,318,1716,1716,0,0
43,34,1,170,170,43,43,43,43,0,0
43,46,1,176,176,0,0,176,176,0,0
43,47,4,2049,2049,452,452,1597,1597,0,0
43,59,21,3961,3961,3961,3961,0,0,0,0
43,66,7,817,817,516,516,100,100,0,0
43,75,20,1846,1846,1846,1846,0,0,0,0
43,88,2,212,212,212,212,0,0,0,0
43,100,7,477,477,477,477,0,0,0,0
43,119,6,1106,1106,1106,1106,0,0,0,0
43,120,3,610,610,610,610,0,0,0,0
43,123,1,1081,1081,1081,1081,0,0,0,0
43,125,1,1155,1155,0,0,1155,1155,0,0
44,4,15,2655,2655,1324,1324,1331,1331,0,0
44,5,9,4698,4698,521,521,4178,4178,0,0
44,8,4,3384,3384,94,94,3291,3291,0,0
44,26,1,817,817,204,204,204,204,0,0
44,29,5,3593,3593,573,573,3020,3020,0,0
44,38,1,279,279,0,0,279,279,0,0
44,39,4,753,753,477,477,276,276,0,0
44,47,2,433,433,433,433,0,0,0,0
44,50,10,2289,2289,1413,1413,876,876,0,0
44,51,4,1462,1462,655,655,807,807,0,0
44,54,4,807,807,601,601,205,205,0,0
44,55,4,889,889,443,443,446,446,0,0
44,56,27,3159,3159,2648,2648,491,491,0,0
44,57,3,1020,1020,1020,1020,0,0,0,0
44,58,38,3582,3582,3296,3296,275,275,0,0
44,59,17,6052,6052,2238,2238,2217,2217,1598,1598
44,60,49,8272,8272,6407,6407,1742,1742,0,0
44,61,41,6007,6007,5918,5918,30,30,0,0
44,62,106,11488,11488,10891,10891,597,597,0,0
44,63,64,9793,9793,8053,8053,1740,1740,0,0
44,64,6,5455,5455,1255,1255,4200,4200,0,0
44,65,8,8637,8637,1947,1947,6589,6589,0,0
44,67,3,5776,5776,188,188,5587,5587,0,0
44,68,10,8218,8218,973,973,7245,7245,0,0
44,69,1,1608,1608,1,1,1607,1607,0,0
44,72,4,426,426,426,426,0,0,0,0
44,73,25,6019,6019,1675,1675,4344,4344,0,0
44,75,63,9400,9400,8595,8595,804,804,0,0
44,76,111,12895,12895,12698,12698,170,170,0,0
44,77,86,14772,14772,13862,13862,911,911,0,0
44,78,33,6305,6305,6305,6305,0,0,0,0
44,80,6,1726,1726,799,799,926,926,0,0
44,81,6,989,989,989,989,0,0,0,0
44,91,2,1218,1218,321,321,896,896,0,0
44,101,10,754,754,754,754,0,0,0,0
44,102,57,3550,3550,3550,3550,0,0,0,0
44,103,46,3756,3756,3756,3756,0,0,0,0
44,104,83,9966,9966,9966,9966,0,0,0,0
44,105,59,11073,11073,8259,8259,1287,1287,1526,1526
44,106,85,8504,8504,8311,8311,195,195,0,0
44,107,16,3517,3517,3517,3517,0,0,0,0
44,108,20,3520,3520,3154,3154,366,366,0,0
44,109,11,4497,4497,2576,2576,1921,1921,0,0
44,110,10,15420,15420,2812,2812,12608,12608,0,0
44,111,2,570,570,94,94,476,476,0,0
44,112,2,3266,3266,0,0,3266,3266,0,0
44,116,4,1255,1255,539,539,716,716,0,0
44,117,9,8784,8784,679,679,8105,8105,0,0
44,118,32,3515,3515,3515,3515,0,0,0,0
44,119,38,5090,5090,5089,5089,2,2,0,0
44,120,5,1433,1433,519,519,914,914,0,0
44,121,1,127,127,32,32,32,32,0,0
44,3,4,3277,3277,498,498,2779,2779,0,0
44,6,1,113,113,113,113,0,0,0,0
44,9,9,1341,1341,770,770,571,571,0,0
44,18,4,576,576,398,398,177,177,0,0
44,20,2,1867,1867,12,12,1855,1855,0,0
44,24,4,863,863,216,216,216,216,0,0
44,28,9,2533,2533,1498,1498,1033,1033,0,0
44,46,5,1326,1326,793,793,532,532,0,0
44,52,4,889,889,391,391,498,498,0,0
44,53,1,402,402,402,402,0,0,0,0
44,66,3,4940,4940,82,82,4857,4857,0,0
44,74,2,311,311,311,311,0,0,0,0
44,89,1,2003,2003,0,0,2003,2003,0,0
44,90,2,394,394,338,338,56,56,0,0
44,92,1,1246,1246,112,112,1134,1134,0,0
44,93,4,973,973,627,627,346,346,0,0
44,115,3,614,614,614,614,0,0,0,0
45,4,10,1632,1632,1119,1119,513,513,0,0
45,9,1,531,531,169,169,362,362,0,0
45,18,5,1039,1039,346,346,693,693,0,0
45,20,1,607,607,108,108,499,499,0,0
45,38,4,438,438,315,315,122,122,0,0
45,42,13,1967,1967,1126,1126,841,841,0,0
45,46,11,3464,3464,1144,1144,2244,2244,76,76
45,51,2,449,449,449,449,0,0,0,0
45,52,17,2466,2466,1627,1627,839,839,0,0
45,53,1,178,178,18,18,160,160,0,0
45,61,29,4486,4486,4486,4486,0,0,0,0
45,62,70,10648,10648,10231,10231,416,416,0,0
45,63,43,8788,8788,8788,8788,0,0,0,0
45,64,13,3050,3050,3050,3050,0,0,0,0
45,66,7,11908,11908,856,856,11054,11054,0,0
45,67,1,29,29,7,7,7,7,0,0
45,74,6,1073,1073,1073,1073,0,0,0,0
45,75,65,8029,8029,7758,7758,271,271,0,0
45,76,102,12481,12481,11959,11959,523,523,0,0
45,77,94,14653,14653,12608,12608,789,789,1083,1083
45,78,45,7528,7528,5013,5013,1461,1461,972,972
45,79,5,1065,1065,701,701,364,364,0,0
45,80,15,2166,2166,1385,1385,781,781,0,0
45,81,2,125,125,125,125,0,0,0,0
45,89,4,446,446,199,199,247,247,0,0
45,90,5,680,680,305,305,376,376,0,0
45,92,1,50,50,49,49,1,1,0,0
45,93,1,297,297,290,290,7,7,0,0
45,96,28,4803,4803,3269,3269,1533,1533,0,0
45,102,35,3647,3647,2970,2970,677,677,0,0
45,103,15,1808,1808,1808,1808,0,0,0,0
45,104,29,6666,6666,4615,4615,2051,2051,0,0
45,105,78,9212,9212,8460,8460,744,744,7,7
45,106,79,7843,7843,7546,7546,297,297,0,0
45,107,6,3596,3596,3596,3596,0,0,0,0
45,108,20,7051,7051,6225,6225,817,817,0,0
45,109,2,3563,3563,0,0,3563,3563,0,0
45,110,2,1992,1992,12,12,1980,1980,0,0
45,111,1,203,203,203,203,0,0,0,0
45,115,18,1797,1797,1585,1585,212,212,0,0
45,119,1,76,76,76,76,0,0,0,0
45,120,4,666,666,319,319,116,116,0,0
45,121,4,566,566,566,566,0,0,0,0
45,123,3,425,425,425,425,0,0,0,0
45,126,3,400,400,400,400,0,0,0,0
45,3,5,586,586,580,580,6,6,0,0
45,5,1,1685,1685,0,0,1685,1685,0,0
45,8,3,331,331,331,331,0,0,0,0
45,22,6,3597,3597,449,449,3116,3116,0,0
45,23,1,1308,1308,0,0,1308,1308,0,0
45,37,1,221,221,221,221,0,0,0,0
45,40,1,961,961,171,171,791,791,0,0
45,49,1,789,789,789,789,0,0,0,0
45,50,3,2622,2622,2622,2622,0,0,0,0
45,94,1,13,13,13,13,0,0,0,0
45,97,5,717,717,231,231,486,486,0,0
45,98,2,808,808,68,68,740,740,0,0
45,99,1,673,673,47,47,626,626,0,0
45,112,1,43,43,43,43,0,0,0,0
45,113,1,291,291,291,291,0,0,0,0
45,116,2,365,365,365,365,0,0,0,0
45,117,2,204,204,204,204,0,0,0,0
45,125,2,298,298,298,298,0,0,0,0
45,127,1,56,56,56,56,0,0,0,0
46,2,6,1940,1940,462,462,1479,1479,0,0
46,3,4,1640,1640,78,78,1561,1561,0,0
46,4,3,4385,4385,67,67,4318,4318,0,0
46,7,6,981,981,710,710,271,271,0,0
46,18,38,4901,4901,4235,4235,665,665,0,0
46,20,18,2947,2947,2679,2679,268,268,0,0
46,22,3,1529,1529,67,67,1463,1463,0,0
46,38,3,581,581,353,353,228,228,0,0
46,39,6,11108,11108,1097,1097,10010,10010,0,0
46,46,6,5093,5093,32,32,5061,5061,0,0
46,54,1,166,166,166,166,0,0,0,0
46,55,3,393,393,217,217,176,176,0,0
46,56,1,13,13,13,13,0,0,0,0
46,57,1,245,245,245,245,0,0,0,0
46,59,1,119,119,119,119,0,0,0,0
46,61,62,7273,7273,7273,7273,0,0,0,0
46,62,50,7208,7208,7208,7208,0,0,0,0
46,63,17,5238,5238,4852,4852,386,386,0,0
46,64,8,1794,1794,1180,1180,614,614,0,0
46,71,8,855,855,855,855,0,0,0,0
46,73,2,356,356,263,263,31,31,0,0
46,74,57,5527,5527,5527,5527,0,0,0,0
46,75,105,12354,12354,12354,12354,0,0,0,0
46,76,116,14012,14012,11948,11948,2023,2023,0,0
46,77,98,11217,11217,11101,11101,116,116,0,0
46,78,9,1786,1786,1272,1272,291,291,0,0
46,79,18,4837,4837,2507,2507,2330,2330,0,0
46,89,5,4036,4036,1052,1052,2984,2984,0,0
46,90,1,113,113,113,113,0,0,0,0
46,96,10,1305,1305,883,883,421,421,0,0
46,97,1,212,212,207,207,5,5,0,0
46,99,9,2008,2008,626,626,1382,1382,0,0
46,101,7,799,799,648,648,151,151,0,0
46,102,25,4014,4014,3816,3816,198,198,0,0
46,103,8,8350,8350,5300,5300,3050,3050,0,0
46,104,36,6764,6764,6764,6764,0,0,0,0
46,105,81,11235,11235,11171,11171,64,64,0,0
46,106,48,6698,6698,6605,6605,93,93,0,0
46,107,27,6259,6259,6259,6259,0,0,0,0
46,108,14,8195,8195,8195,8195,0,0,0,0
46,109,6,2932,2932,2932,2932,0,0,0,0
46,119,13,1425,1425,1377,1377,16,16,0,0
46,120,3,355,355,355,355,0,0,0,0
46,122,1,221,221,221,221,0,0,0,0
46,123,12,3202,3202,1489,1489,1657,1657,0,0
46,124,3,610,610,296,296,315,315,0,0
46,125,1,29,29,29,29,0,0,0,0
46,15,1,923,923,0,0,923,923,0,0
46,17,2,394,394,394,394,0,0,0,0
46,19,6,757,757,757,757,0,0,0,0
46,29,5,696,696,381,381,315,315,0,0
46,35,1,147,147,147,147,0,0,0,0
46,37,3,305,305,138,138,167,167,0,0
46,42,2,224,224,224,224,0,0,0,0
46,60,13,2065,2065,1993,1993,72,72,0,0
46,88,4,3223,3223,246,246,2978,2978,0,0
46,98,2,692,692,167,167,525,525,0,0
46,100,3,192,192,192,192,0,0,0,0
46,110,3,536,536,316,316,220,220,0,0
46,116,4,273,273,33,33,240,240,0,0
46,118,4,464,464,257,257,207,207,0,0
46,121,4,352,352,352,352,0,0,0,0
46,126,2,3717,3717,49,49,3668,3668,0,0
46,127,1,2786,2786,0,0,2786,2786,0,0
47,0,1,321,321,321,321,0,0,0,0
47,6,6,664,664,290,290,375,375,0,0
47,7,5,921,921,224,224,697,697,0,0
47,15,11,3635,3635,1058,1058,2577,2577,0,0
47,16,8,1581,1581,1578,1578,3,3,0,0
47,17,43,6882,6882,6878,6878,3,3,0,0
47,18,44,5879,5879,4688,4688,1044,1044,0,0
47,19,24,2327,2327,2191,2191,136,136,0,0
47,20,2,994,994,65,65,929,929,0,0
47,28,3,7620,7620,0,0,7620,7620,0,0
47,29,3,637,637,103,103,534,534,0,0
47,35,6,931,931,396,396,508,508,0,0
47,36,29,3246,3246,2506,2506,740,740,0,0
47,40,2,951,951,410,410,541,541,0,0
47,44,1,58,58,58,58,0,0,0,0
47,50,2,7030,7030,0,0,7030,7030,0,0
47,52,2,2451,2451,0,0,2451,2451,0,0
47,58,9,3293,3293,1200,1200,2093,2093,0,0
47,59,2,635,635,635,635,0,0,0,0
47,60,52,8250,8250,7699,7699,550,550,0,0
47,61,40,7707,7707,7707,7707,0,0,0,0
47,62,9,1628,1628,1448,1448,180,180,0,0
47,63,23,7373,7373,4027,4027,3345,3345,0,0
47,64,7,6062,6062,949,949,5112,5112,0,0
47,65,1,35,35,35,35,0,0,0,0
47,69,12,2090,2090,442,442,1648,1648,0,0
47,74,77,5902,5902,5483,5483,419,419,0,0
47,75,70,6861,6861,6861,6861,0,0,0,0
47,76,26,3475,3475,2633,2633,842,842,0,0
47,77,3,554,554,554,554,0,0,0,0
47,78,5,871,871,871,871,0,0,0,0
47,88,8,6793,6793,531,531,6262,6262,0,0
47,89,4,8925,8925,36,36,8889,8889,0,0
47,95,20,3034,3034,1408,1408,1626,1626,0,0
47,97,12,1161,1161,933,933,228,228,0,0
47,98,21,1988,1988,1735,1735,253,253,0,0
47,99,7,1047,1047,769,769,278,278,0,0
47,102,6,1471,1471,1471,1471,0,0,0,0
47,103,10,5384,5384,5384,5384,0,0,0,0
47,104,16,6750,6750,5068,5068,1682,1682,0,0
47,105,26,5408,5408,4802,4802,606,606,0,0
47,106,31,8519,8519,7110,7110,1410,1410,0,0
47,108,2,7223,7223,7207,7207,16,16,0,0
47,109,1,986,986,986,986,0,0,0,0
47,110,2,384,384,119,119,265,265,0,0
47,118,12,5425,5425,1349,1349,4076,4076,0,0
47,119,8,1184,1184,868,868,317,317,0,0
47,123,1,492,492,93,93,399,399,0,0
47,124,6,4397,4397,947,947,3450,3450,0,0
47,22,7,684,684,269,269,416,416,0,0
47,25,1,608,608,0,0,608,608,0,0
47,26,1,1556,1556,523,523,1034,1034,0,0
47,34,1,290,290,47,47,242,242,0,0
47,46,2,379,379,379,379,0,0,0,0
47,51,3,405,405,369,369,36,36,0,0
47,53,3,454,454,212,212,242,242,0,0
47,71,8,1073,1073,1073,1073,0,0,0,0
47,93,7,487,487,244,244,243,243,0,0
47,94,4,351,351,318,318,32,32,0,0
47,96,23,2131,2131,1791,1791,340,340,0,0
47,111,5,985,985,985,985,0,0,0,0
47,112,2,444,444,87,87,357,357,0,0
47,113,1,201,201,97,97,104,104,0,0
47,114,3,703,703,212,212,492,492,0,0
47,116,3,799,799,299,299,434,434,0,0
47,117,8,4659,4659,1041,1041,3618,3618,0,0
48,13,3,1411,1411,278,278,1133,1133,0,0
48,14,2,300,300,300,300,0,0,0,0
48,15,43,5443,5443,5443,5443,0,0,0,0
48,16,64,9176,9176,7269,7269,1521,1521,386,386
48,17,30,10401,10401,3557,3557,6844,6844,0,0
48,25,5,13706,13706,0,0,13706,13706,0,0
48,54,1,196,196,196,196,0,0,0,0
48,56,9,1878,1878,1821,1821,19,19,0,0
48,58,1,207,207,207,207,0,0,0,0
48,60,39,7342,7342,4500,4500,2841,2841,0,0
48,61,22,3249,3249,2772,2772,476,476,0,0
48,63,18,2523,2523,1973,1973,550,550,0,0
48,64,2,181,181,181,181,0,0,0,0
48,66,17,2602,2602,1817,1817,417,417,0,0
48,69,2,230,230,230,230,0,0,0,0
48,70,1,86,86,86,86,0,0,0,0
48,71,2,1800,1800,249,249,1551,1551,0,0
48,72,2,921,921,9,9,912,912,0,0
48,73,1,137,137,137,137,0,0,0,0
48,74,55,5297,5297,5297,5297,0,0,0,0
48,77,4,603,603,603,603,0,0,0,0
48,88,2,438,438,168,168,270,270,0,0
48,89,1,1299,1299,0,0,1299,1299,0,0
48,90,13,3533,3533,1470,1470,2064,2064,0,0
48,93,5,796,796,549,549,247,247,0,0
48,95,7,861,861,692,692,170,170,0,0
48,101,13,1307,1307,395,395,912,912,0,0
48,102,25,2662,2662,2390,2390,272,272,0,0
48,104,16,8964,8964,3986,3986,4980,4980,0,0
48,105,25,8739,8739,4066,4066,2834,2834,0,0
48,106,13,4236,4236,3888,3888,349,349,0,0
48,107,4,1786,1786,1261,1261,524,524,0,0
48,111,9,2160,2160,1999,1999,54,54,0,0
48,114,10,3410,3410,2091,2091,1319,1319,0,0
48,118,3,1490,1490,1490,1490,0,0,0,0
48,119,40,6367,6367,6321,6321,15,15,0,0
48,120,53,8811,8811,8811,8811,0,0,0,0
48,121,45,5764,5764,5764,5764,0,0,0,0
48,122,18,3518,3518,3103,3103,415,415,0,0
48,123,22,4586,4586,4586,4586,0,0,0,0
48,124,5,1168,1168,1168,1168,0,0,0,0
48,125,13,2093,2093,1250,1250,841,841,0,0
48,11,3,2352,2352,527,527,1825,1825,0,0
48,19,6,3193,3193,482,482,2711,2711,0,0
48,20,1,1951,1951,60,60,1891,1891,0,0
48,21,1,208,208,156,156,52,52,0,0
48,24,1,171,171,171,171,0,0,0,0
48,34,10,2943,2943,1374,1374,1569,1569,0,0
48,35,19,2970,2970,2699,2699,271,271,0,0
48,55,4,755,755,755,755,0,0,0,0
48,62,1,14,14,14,14,0,0,0,0
48,68,1,22,22,22,22,0,0,0,0
48,75,1,87,87,87,87,0,0,0,0
48,76,1,15,15,4,4,4,4,0,0
48,92,1,343,343,343,343,0,0,0,0
48,96,1,1332,1332,0,0,1332,1332,0,0
48,98,4,349,349,349,349,0,0,0,0
48,103,3,360,360,114,114,246,246,0,0
48,126,17,5139,5139,1681,1681,3457,3457,0,0
48,127,2,2065,2065,524,524,1542,1542,0,0
49,15,30,5757,5757,4049,4049,1708,1708,0,0
49,16,31,4938,4938,3786,3786,1153,1153,0,0
49,18,5,2156,2156,371,371,1784,1784,0,0
49,21,2,1406,1406,54,54,1353,1353,0,0
49,33,13,2149,2149,1368,1368,781,781,0,0
49,34,33,6428,6428,5291,5291,808,808,328,328
49,35,22,3387,3387,2698,2698,689,689,0,0
49,54,8,2649,2649,1293,1293,1357,1357,0,0
49,56,5,957,957,957,957,0,0,0,0
49,58,9,5155,5155,103,103,5053,5053,0,0
49,61,13,2728,2728,2668,2668,60,60,0,0
49,63,4,464,464,375,375,88,88,0,0
49,64,6,611,611,611,611,0,0,0,0
49,65,1,68,68,68,68,0,0,0,0
49,66,9,1460,1460,702,702,759,759,0,0
49,69,20,4392,4392,2331,2331,2062,2062,0,0
49,72,10,1556,1556,1071,1071,485,485,0,0
49,73,14,4594,4594,1283,1283,3311,3311,0,0
49,74,43,4744,4744,4114,4114,630,630,0,0
49,94,7,1067,1067,864,864,203,203,0,0
49,96,2,348,348,79,79,269,269,0,0
49,97,7,1063,1063,488,488,575,575,0,0
49,98,8,744,744,639,639,105,105,0,0
49,99,10,2091,2091,901,901,1189,1189,0,0
49,101,15,1726,1726,895,895,830,830,0,0
49,102,1,149,149,149,149,0,0,0,0
49,104,1,2281,2281,21,21,2259,2259,0,0
49,105,2,532,532,532,532,0,0,0,0
49,106,4,975,975,975,975,0,0,0,0
49,108,3,3354,3354,31,31,3322,3322,0,0
49,111,2,195,195,195,195,0,0,0,0
49,118,18,2234,2234,2234,2234,0,0,0,0
49,119,63,8016,8016,8016,8016,0,0,0,0
49,120,71,11376,11376,10093,10093,1283,1283,0,0
49,121,72,9088,9088,8076,8076,1012,1012,0,0
49,122,20,7989,7989,2736,2736,5253,5253,0,0
49,123,6,3234,3234,3234,3234,0,0,0,0
49,124,25,3021,3021,2760,2760,261,261,0,0
49,125,23,12337,12337,3073,3073,9263,9263,0,0
49,126,25,13196,13196,3342,3342,9855,9855,0,0
49,127,30,11401,11401,4189,4189,7211,7211,0,0
49,10,1,2788,2788,0,0,2788,2788,0,0
49,11,15,3482,3482,1301,1301,2180,2180,0,0
49,12,2,159,159,159,159,0,0,0,0
49,14,3,1657,1657,713,713,944,944,0,0
49,20,1,1437,1437,0,0,1437,1437,0,0
49,30,7,2729,2729,486,486,2243,2243,0,0
49,42,1,272,272,272,272,0,0,0,0
49,43,3,2302,2302,1035,1035,1267,1267,0,0
49,51,1,483,483,0,0,482,482,0,0
49,53,6,1066,1066,319,319,746,746,0,0
49,55,1,62,62,62,62,0,0,0,0
49,59,2,212,212,212,212,0,0,0,0
49,78,1,68,68,68,68,0,0,0,0
49,88,4,733,733,733,733,0,0,0,0
49,90,6,1338,1338,531,531,807,807,0,0
49,95,1,74,74,74,74,0,0,0,0
49,109,1,1130,1130,0,0,1130,1130,0,0
49,110,3,408,408,367,367,33,33,0,0
50,11,4,964,964,368,368,595,595,0,0
50,14,4,1925,1925,492,492,1434,1434,0,0
50,15,5,2099,2099,543,543,1556,1556,0,0
50,17,14,3443,3443,1051,1051,2392,2392,0,0
50,18,10,2794,2794,453,453,2341,2341,0,0
50,20,2,1650,1650,1,1,1648,1648,0,0
50,21,1,291,291,41,41,250,250,0,0
50,29,5,1812,1812,873,873,939,939,0,0
50,30,4,446,446,446,446,0,0,0,0
50,33,7,1156,1156,1019,1019,137,137,0,0
50,34,8,8548,8548,780,780,7768,7768,0,0
50,42,1,391,391,0,0,391,391,0,0
50,43,4,653,653,653,653,0,0,0,0
50,53,6,464,464,464,464,0,0,0,0
50,54,1,4914,4914,0,0,4914,4914,0,0
50,57,1,66,66,66,66,0,0,0,0
50,58,8,3198,3198,717,717,2482,2482,0,0
50,59,17,2056,2056,2050,2050,6,6,0,0
50,70,7,651,651,651,651,0,0,0,0
50,72,17,2008,2008,2008,2008,0,0,0,0
50,73,7,1529,1529,471,471,1058,1058,0,0
50,85,4,1178,1178,586,586,547,547,0,0
50,87,2,448,448,194,194,254,254,0,0
50,90,1,819,819,0,0,819,819,0,0
50,96,5,582,582,485,485,97,97,0,0
50,100,5,407,407,367,367,41,41,0,0
50,101,5,412,412,412,412,0,0,0,0
50,106,10,2556,2556,889,889,1667,1667,0,0
50,107,1,2583,2583,0,0,2583,2583,0,0
50,108,2,3592,3592,55,55,3537,3537,0,0
50,118,11,1344,1344,1344,1344,0,0,0,0
50,119,5,2230,2230,2230,2230,0,0,0,0
50,120,78,7414,7414,6483,6483,931,931,0,0
50,121,55,5527,5527,5393,5393,45,45,0,0
50,122,49,6617,6617,5871,5871,660,660,0,0
50,123,89,11720,11720,11183,11183,537,537,0,0
50,124,95,9989,9989,9836,9836,153,153,0,0
50,125,31,6119,6119,6119,6119,0,0,0,0
50,10,1,332,332,332,332,0,0,0,0
50,16,3,1481,1481,374,374,1107,1107,0,0
50,39,2,98,98,98,98,0,0,0,0
50,49,3,424,424,146,146,278,278,0,0
50,52,1,466,466,161,161,305,305,0,0
50,63,1,26,26,7,7,7,7,0,0
50,68,3,5130,5130,0,0,5130,5130,0,0
50,71,1,857,857,44,44,813,813,0,0
50,75,4,3068,3068,237,237,2832,2832,0,0
50,91,4,713,713,335,335,378,378,0,0
50,92,2,1026,1026,192,192,834,834,0,0
50,95,4,1389,1389,399,399,991,991,0,0
50,117,1,886,886,0,0,886,886,0,0
50,126,6,578,578,571,571,7,7,0,0
50,127,1,247,247,146,146,102,102,0,0
51,7,11,5533,5533,728,728,4805,4805,0,0
51,9,1,3085,3085,0,0,3085,3085,0,0
51,10,1,2752,2752,0,0,2752,2752,0,0
51,13,6,2372,2372,984,984,1388,1388,0,0
51,14,11,2909,2909,953,953,1956,1956,0,0
51,15,11,1940,1940,1552,1552,387,387,0,0
51,17,3,1496,1496,98,98,1398,1398,0,0
51,28,2,939,939,299,299,640,640,0,0
51,29,9,1546,1546,610,610,936,936,0,0
51,35,6,612,612,612,612,0,0,0,0
51,39,10,1949,1949,1352,1352,597,597,0,0
51,49,5,1575,1575,221,221,1155,1155,0,0
51,55,3,405,405,405,405,0,0,0,0
51,57,6,1009,1009,856,856,153,153,0,0
51,58,5,3279,3279,462,462,2817,2817,0,0
51,60,3,1275,1275,113,113,1162,1162,0,0
51,61,2,705,705,705,705,0,0,0,0
51,72,8,1304,1304,1304,1304,0,0,0,0
51,73,1,372,372,372,372,0,0,0,0
51,75,14,3730,3730,1329,1329,2401,2401,0,0
51,81,1,23,23,6,6,6,6,0,0
51,85,7,4253,4253,841,841,3412,3412,0,0
51,90,5,851,851,791,791,60,60,0,0
51,95,9,1840,1840,474,474,1366,1366,0,0
51,107,3,2575,2575,146,146,2429,2429,0,0
51,113,4,347,347,171,171,176,176,0,0
51,118,4,239,239,154,154,85,85,0,0
51,120,3,4678,4678,1,1,4677,4677,0,0
51,121,19,11772,11772,1803,1803,9967,9967,0,0
51,122,36,4508,4508,4508,4508,0,0,0,0
51,123,35,4596,4596,4596,4596,0,0,0,0
51,124,25,3894,3894,3894,3894,0,0,0,0
51,125,19,4003,4003,3887,3887,116,116,0,0
51,126,36,4881,4881,4881,4881,0,0,0,0
51,127,20,3015,3015,2491,2491,524,524,0,0
51,16,1,205,205,205,205,0,0,0,0
51,19,4,642,642,642,642,0,0,0,0
51,66,1,654,654,654,654,0,0,0,0
51,69,6,713,713,713,713,0,0,0,0
51,70,6,1128,1128,660,660,469,469,0,0
51,71,2,486,486,486,486,0,0,0,0
51,74,11,1627,1627,1331,1331,295,295,0,0
51,91,6,1839,1839,1074,1074,763,763,0,0
51,97,4,405,405,405,405,0,0,0,0
52,4,6,2395,2395,1262,1262,1133,1133,0,0
52,10,7,1743,1743,554,554,1189,1189,0,0
52,13,4,647,647,279,279,368,368,0,0
52,16,1,142,142,142,142,0,0,0,0
52,45,5,3610,3610,2712,2712,898,898,2456,2456
52,55,12,2683,2683,1396,1396,1288,1288,0,0
52,56,6,924,924,924,924,0,0,0,0
52,57,11,5819,5819,2712,2712,3106,3106,0,0
52,58,1,2911,2911,138,138,2773,2773,0,0
52,61,18,1791,1791,1791,1791,0,0,0,0
52,62,7,2655,2655,551,551,2015,2015,0,0
52,74,28,10403,10403,1581,1581,8821,8821,0,0
52,91,7,954,954,580,580,338,338,0,0
52,92,2,250,250,1,1,249,249,0,0
52,96,17,1679,1679,1154,1154,483,483,0,0
52,101,2,1055,1055,172,172,883,883,0,0
52,111,2,272,272,272,272,0,0,0,0
52,112,1,223,223,223,223,0,0,0,0
52,113,1,15,15,15,15,0,0,0,0
52,120,4,6063,6063,583,583,5480,5480,0,0
52,121,6,750,750,521,521,229,229,0,0
52,122,9,1204,1204,1204,1204,0,0,0,0
52,123,5,698,698,698,698,0,0,0,0
52,126,17,1675,1675,1675,1675,0,0,0,0
52,127,23,3021,3021,2740,2740,280,280,0,0
52,39,2,535,535,228,228,307,307,0,0
52,40,8,6104,6104,446,446,5658,5658,0,0
52,43,1,119,119,119,119,0,0,0,0
52,44,5,329,329,133,133,196,196,0,0
52,64,2,324,324,324,324,0,0,0,0
52,65,4,481,481,481,481,0,0,0,0
52,66,3,312,312,312,312,0,0,0,0
52,75,1,1062,1062,726,726,336,336,0,0
52,77,1,28,28,7,7,7,7,0,0
52,86,9,1416,1416,1416,1416,0,0,0,0
52,88,1,2202,2202,0,0,2202,2202,0,0
52,89,1,1500,1500,520,520,980,980,0,0
52,95,5,1638,1638,620,620,1018,1018,0,0
52,99,2,81,81,81,81,0,0,0,0
52,100,1,11,11,3,3,3,3,0,0
52,105,2,51,51,51,51,0,0,0,0
52,107,2,836,836,155,155,681,681,0,0
52,108,1,741,741,114,114,627,627,0,0
52,115,5,1400,1400,399,399,1002,1002,0,0
52,125,5,919,919,919,919,0,0,0,0
53,15,6,944,944,944,944,0,0,0,0
53,37,15,6090,6090,1682,1682,4409,4409,0,0
53,39,11,5554,5554,1121,1121,4433,4433,0,0
53,40,18,11078,11078,2785,2785,8284,8284,0,0
53,41,1,141,141,141,141,0,0,0,0
53,42,1,92,92,17,17,75,75,0,0
53,43,6,699,699,546,546,153,153,0,0
53,47,7,2410,2410,1324,1324,1086,1086,0,0
53,54,7,1054,1054,364,364,691,691,0,0
53,55,6,907,907,604,604,304,304,0,0
53,58,4,10674,10674,660,660,10014,10014,0,0
53,59,4,8766,8766,871,871,7894,7894,0,0
53,60,8,4954,4954,410,410,4544,4544,0,0
53,61,11,2234,2234,1748,1748,486,486,0,0
53,62,10,9442,9442,1136,1136,8307,8307,0,0
53,63,3,398,398,398,398,0,0,0,0
53,64,7,4880,4880,370,370,4510,4510,0,0
53,65,15,2560,2560,2530,2530,10,10,0,0
53,74,3,5608,5608,132,132,5476,5476,0,0
53,86,2,133,133,76,76,19,19,0,0
53,92,13,2069,2069,1103,1103,966,966,0,0
53,95,16,2645,2645,1712,1712,932,932,0,0
53,99,11,1586,1586,993,993,593,593,0,0
53,105,4,1597,1597,85,85,1512,1512,0,0
53,106,2,271,271,221,221,50,50,0,0
53,107,1,30,30,30,30,0,0,0,0
53,112,10,1764,1764,1714,1714,49,49,0,0
53,113,11,6692,6692,1142,1142,5551,5551,0,0
53,115,4,450,450,450,450,0,0,0,0
53,119,7,2367,2367,611,611,1755,1755,0,0
53,121,1,190,190,190,190,0,0,0,0
53,122,16,3029,3029,2026,2026,1003,1003,0,0
53,124,7,750,750,750,750,0,0,0,0
53,125,1,992,992,851,851,141,141,0,0
53,7,2,1166,1166,81,81,1085,1085,0,0
53,10,4,1104,1104,737,737,367,367,0,0
53,28,1,207,207,45,45,162,162,0,0
53,32,4,245,245,36,36,201,201,0,0
53,33,1,83,83,0,0,83,83,0,0
53,34,1,1310,1310,68,68,1242,1242,0,0
53,35,2,378,378,173,173,206,206,0,0
53,36,1,859,859,31,31,828,828,0,0
53,38,5,3550,3550,1082,1082,2468,2468,0,0
53,53,3,8098,8098,889,889,7209,7209,0,0
53,57,7,2035,2035,1200,1200,834,834,0,0
53,71,1,186,186,27,27,159,159,0,0
53,76,3,3077,3077,11,11,3066,3066,0,0
53,89,3,168,168,168,168,0,0,0,0
53,93,3,358,358,358,358,0,0,0,0
53,100,3,564,564,333,333,77,77,0,0
53,101,1,38,38,9,9,9,9,0,0
53,102,3,4131,4131,13,13,4112,4112,0,0
53,109,4,1320,1320,863,863,427,427,0,0
53,110,1,191,191,191,191,0,0,0,0
54,6,4,653,653,653,653,0,0,0,0
54,7,5,830,830,621,621,209,209,0,0
54,10,3,3794,3794,192,192,3603,3603,0,0
54,15,3,309,309,177,177,132,132,0,0
54,29,4,337,337,160,160,177,177,0,0
54,31,3,6147,6147,0,0,6147,6147,0,0
54,32,5,4079,4079,332,332,3747,3747,0,0
54,33,7,9146,9146,245,245,8902,8902,0,0
54,34,20,10918,10918,2015,2015,8904,8904,0,0
54,35,15,10339,10339,1238,1238,9101,9101,0,0
54,36,3,3004,3004,323,323,2681,2681,0,0
54,37,7,2178,2178,1290,1290,889,889,0,0
54,39,4,1224,1224,169,169,1054,1054,0,0
54,40,8,4588,4588,354,354,4234,4234,0,0
54,45,1,313,313,313,313,0,0,0,0
54,52,7,933,933,515,515,418,418,0,0
54,53,7,10673,10673,799,799,9875,9875,0,0
54,58,2,288,288,288,288,0,0,0,0
54,60,1,495,495,495,495,0,0,0,0
54,62,10,853,853,603,603,249,249,0,0
54,66,1,314,314,314,314,0,0,0,0
54,70,5,4738,4738,270,270,4468,4468,0,0
54,71,6,639,639,494,494,145,145,0,0
54,72,12,5286,5286,452,452,4834,4834,0,0
54,76,6,2975,2975,2048,2048,927,927,0,0
54,77,60,8680,8680,6121,6121,2557,2557,0,0
54,78,2,337,337,337,337,0,0,0,0
54,102,9,10443,10443,969,969,9472,9472,0,0
54,109,6,2428,2428,1962,1962,249,249,0,0
54,112,4,1969,1969,1969,1969,0,0,0,0
54,113,18,3374,3374,3374,3374,0,0,0,0
54,118,1,34,34,0,0,34,34,0,0
54,126,10,1295,1295,1295,1295,0,0,0,0
54,127,7,727,727,727,727,0,0,0,0
54,11,10,3089,3089,1017,1017,2071,2071,0,0
54,13,4,804,804,614,614,63,63,0,0
54,51,6,713,713,501,501,212,212,0,0
54,54,6,546,546,392,392,155,155,0,0
54,56,2,137,137,137,137,0,0,0,0
54,61,2,937,937,207,207,730,730,0,0
54,65,1,368,368,368,368,0,0,0,0
54,67,1,57,57,57,57,0,0,0,0
54,99,1,83,83,83,83,0,0,0,0
54,103,4,5408,5408,35,35,5373,5373,0,0
54,104,1,33,33,8,8,8,8,0,0
54,106,2,2586,2586,231,231,2355,2355,0,0
54,108,6,1519,1519,1519,1519,0,0,0,0
54,114,6,1546,1546,88,88,1458,1458,0,0
54,116,10,1305,1305,681,681,625,625,0,0
54,119,2,508,508,119,119,390,390,0,0
55,11,2,481,481,82,82,400,400,0,0
55,13,5,847,847,511,511,336,336,0,0
55,15,6,948,948,745,745,204,204,0,0
55,32,21,13904,13904,1629,1629,12274,12274,0,0
55,33,40,11156,11156,2840,2840,8315,8315,0,0
55,34,28,7101,7101,4060,4060,3042,3042,0,0
55,35,9,1979,1979,638,638,1340,1340,0,0
55,36,1,31,31,31,31,0,0,0,0
55,48,3,12772,12772,604,604,12168,12168,0,0
55,50,19,9619,9619,704,704,8915,8915,0,0
55,51,14,11161,11161,754,754,10407,10407,0,0
55,53,9,10359,10359,1560,1560,8799,8799,0,0
55,55,2,182,182,182,182,0,0,0,0
55,63,5,819,819,604,604,215,215,0,0
55,65,1,360,360,321,321,39,39,0,0
55,66,3,536,536,66,66,471,471,0,0
55,71,15,2219,2219,847,847,1372,1372,0,0
55,72,1,63,63,63,63,0,0,0,0
55,73,12,1380,1380,722,722,658,658,0,0
55,75,9,1600,1600,1600,1600,0,0,0,0
55,76,20,3522,3522,3522,3522,0,0,0,0
55,77,5,3403,3403,749,749,2653,2653,0,0
55,78,5,7774,7774,0,0,7774,7774,0,0
55,84,10,1895,1895,995,995,900,900,0,0
55,92,1,10,10,3,3,3,3,0,0
55,94,6,1050,1050,820,820,229,229,0,0
55,99,4,427,427,427,427,0,0,0,0
55,102,3,3248,3248,34,34,3214,3214,0,0
55,103,16,7416,7416,1856,1856,5560,5560,0,0
55,105,3,2432,2432,230,230,2201,2201,0,0
55,108,1,90,90,90,90,0,0,0,0
55,112,13,1623,1623,1623,1623,0,0,0,0
55,113,34,5653,5653,5244,5244,0,0,409,409
55,114,23,5185,5185,4763,4763,374,374,0,0
55,115,5,848,848,510,510,338,338,0,0
55,116,4,421,421,135,135,286,286,0,0
55,119,8,1376,1376,974,974,402,402,0,0
55,122,3,401,401,209,209,192,192,0,0
55,123,1,176,176,176,176,0,0,0,0
55,126,7,663,663,663,663,0,0,0,0
55,27,2,226,226,226,226,0,0,0,0
55,28,3,449,449,285,285,164,164,0,0
55,54,2,1556,1556,354,354,1201,1201,0,0
55,74,1,147,147,147,147,0,0,0,0
55,89,2,250,250,250,250,0,0,0,0
55,93,1,9,9,2,2,2,2,0,0
55,95,7,748,748,475,475,273,273,0,0
55,96,4,2405,2405,223,223,2182,2182,0,0
55,98,5,457,457,457,457,0,0,0,0
55,109,1,1646,1646,205,205,1442,1442,0,0
56,3,7,549,549,549,549,0,0,0,0
56,10,6,556,556,263,263,293,293,0,0
56,11,4,608,608,221,221,387,387,0,0
56,28,7,3799,3799,1703,1703,2096,2096,0,0
56,29,9,1012,1012,922,922,90,90,0,0
56,31,28,8972,8972,4675,4675,4296,4296,0,0
56,32,44,8558,8558,6762,6762,1795,1795,0,0
56,33,4,434,434,434,434,0,0,0,0
56,36,4,439,439,439,439,0,0,0,0
56,47,5,8536,8536,200,200,8337,8337,0,0
56,48,18,8628,8628,1514,1514,7114,7114,0,0
56,49,16,3075,3075,2030,2030,1046,1046,0,0
56,50,10,4380,4380,1619,1619,2761,2761,0,0
56,51,23,6665,6665,4586,4586,2079,2079,0,0
56,52,15,3708,3708,2726,2726,983,983,0,0
56,53,4,7023,7023,705,705,6318,6318,0,0
56,54,3,2479,2479,214,214,2265,2265,0,0
56,63,3,1137,1137,454,454,683,683,0,0
56,73,7,2971,2971,995,995,1976,1976,0,0
56,74,16,2960,2960,2960,2960,0,0,0,0
56,75,21,3192,3192,3192,3192,0,0,0,0
56,84,10,5817,5817,1293,1293,4525,4525,0,0
56,89,18,3597,3597,2382,2382,966,966,0,0
56,90,6,2295,2295,293,293,2001,2001,0,0
56,94,20,3694,3694,2753,2753,940,940,0,0
56,95,33,3677,3677,3561,3561,116,116,0,0
56,98,7,1277,1277,315,315,962,962,0,0
56,103,32,8226,8226,7993,7993,213,213,0,0
56,104,19,4938,4938,3545,3545,1394,1394,0,0
56,105,15,2499,2499,2026,2026,473,473,0,0
56,106,11,4958,4958,1352,1352,3605,3605,0,0
56,109,5,2339,2339,63,63,2275,2275,0,0
56,111,7,1947,1947,1947,1947,0,0,0,0
56,2,1,24,24,24,24,0,0,0,0
56,25,6,1508,1508,453,453,352,352,0,0
56,27,5,1138,1138,771,771,367,367,0,0
56,34,2,1111,1111,1111,1111,0,0,0,0
56,68,2,342,342,60,60,281,281,0,0
56,78,1,95,95,95,95,0,0,0,0
56,85,2,3406,3406,1294,1294,2112,2112,0,0
56,87,4,2908,2908,181,181,2726,2726,0,0
56,88,1,103,103,0,0,103,103,0,0
56,96,6,544,544,544,544,0,0,0,0
56,97,1,45,45,45,45,0,0,0,0
56,102,1,979,979,254,254,242,242,0,0
56,107,8,1203,1203,1010,1010,193,193,0,0
56,113,1,62,62,62,62,0,0,0,0
56,117,6,392,392,141,141,251,251,0,0
56,126,5,855,855,432,432,424,424,0,0
56,127,2,64,64,64,64,0,0,0,0
57,2,5,3134,3134,274,274,2861,2861,0,0
57,8,2,383,383,283,283,101,101,0,0
57,10,7,1905,1905,896,896,948,948,0,0
57,17,1,119,119,119,119,0,0,0,0
57,26,3,404,404,404,404,0,0,0,0
57,28,1,1002,1002,0,0,1002,1002,0,0
57,29,9,1114,1114,1012,1012,102,102,0,0
57,30,42,9062,9062,7442,7442,1620,1620,0,0
57,31,56,7312,7312,6980,6980,332,332,0,0
57,32,5,2620,2620,513,513,2107,2107,0,0
57,47,2,582,582,211,211,371,371,0,0
57,48,14,13000,13000,1462,1462,11538,11538,0,0
57,49,31,6543,6543,6423,6423,120,120,0,0
57,50,77,9922,9922,9922,9922,0,0,0,0
57,51,52,8182,8182,7424,7424,758,758,0,0
57,52,10,2637,2637,2243,2243,394,394,0,0
57,56,3,249,249,202,202,16,16,0,0
57,63,2,1165,1165,19,19,1147,1147,0,0
57,64,2,345,345,0,0,345,345,0,0
57,68,10,1865,1865,662,662,1203,1203,0,0
57,71,3,250,250,250,250,0,0,0,0
57,72,15,6597,6597,1585,1585,5013,5013,0,0
57,73,3,482,482,232,232,250,250,0,0
57,74,3,779,779,779,779,0,0,0,0
57,84,4,573,573,329,329,244,244,0,0
57,85,6,2197,2197,447,447,1750,1750,0,0
57,86,3,925,925,925,925,0,0,0,0
57,87,4,1800,1800,1800,1800,0,0,0,0
57,88,1,2062,2062,0,0,2062,2062,0,0
57,89,12,6242,6242,1140,1140,5103,5103,0,0
57,90,4,1870,1870,159,159,1711,1711,0,0
57,94,36,4878,4878,3063,3063,1815,1815,0,0
57,95,73,9813,9813,9813,9813,0,0,0,0
57,96,62,7395,7395,7395,7395,0,0,0,0
57,97,5,1080,1080,1023,1023,56,56,0,0
57,98,6,5132,5132,48,48,5083,5083,0,0
57,99,11,7313,7313,1471,1471,5842,5842,0,0
57,100,21,11331,11331,1316,1316,10015,10015,0,0
57,102,37,6659,6659,5895,5895,642,642,0,0
57,103,26,6782,6782,6782,6782,0,0,0,0
57,104,20,3227,3227,3184,3184,43,43,0,0
57,107,1,311,311,311,311,0,0,0,0
57,121,6,975,975,635,635,340,340,0,0
57,3,5,1330,1330,452,452,879,879,0,0
57,4,13,2719,2719,1048,1048,1671,1671,0,0
57,6,3,263,263,263,263,0,0,0,0
57,7,7,1167,1167,926,926,241,241,0,0
57,11,2,710,710,68,68,642,642,0,0
57,25,4,686,686,350,350,336,336,0,0
57,39,2,299,299,299,299,0,0,0,0
57,54,5,343,343,331,331,12,12,0,0
57,91,3,2150,2150,1996,1996,154,154,0,0
57,93,1,228,228,228,228,0,0,0,0
57,101,10,4455,4455,2929,2929,1526,1526,0,0
57,115,1,176,176,44,44,44,44,0,0
57,118,10,843,843,456,456,387,387,0,0
57,123,2,167,167,111,111,56,56,0,0
57,124,2,203,203,78,78,124,124,0,0
57,127,4,270,270,270,270,0,0,0,0
58,2,37,5482,5482,4291,4291,1190,1190,0,0
58,3,28,4141,4141,3660,3660,481,481,0,0
58,7,6,727,727,437,437,290,290,0,0
58,10,1,1488,1488,0,0,1488,1488,0,0
58,17,7,249,249,249,249,0,0,0,0
58,29,26,5538,5538,5538,5538,0,0,0,0
58,30,46,9906,9906,9011,9011,602,602,293,293
58,31,30,4702,4702,4591,4591,111,111,0,0
58,34,3,1490,1490,813,813,678,678,0,0
58,35,4,1843,1843,40,40,1803,1803,0,0
58,47,1,2502,2502,1,1,2502,2502,0,0
58,48,11,4903,4903,3362,3362,1541,1541,0,0
58,49,37,10675,10675,8484,8484,2190,2190,0,0
58,50,72,9596,9596,9508,9508,87,87,0,0
58,51,26,5244,5244,3876,3876,1368,1368,0,0
58,54,2,2115,2115,200,200,1915,1915,0,0
58,64,1,9,9,9,9,0,0,0,0
58,65,12,9432,9432,1548,1548,7884,7884,0,0
58,66,2,794,794,130,130,664,664,0,0
58,83,8,1864,1864,1405,1405,459,459,0,0
58,84,5,954,954,882,882,12,12,38,38
58,85,4,721,721,721,721,0,0,0,0
58,87,1,566,566,537,537,29,29,0,0
58,90,3,636,636,537,537,99,99,0,0
58,91,7,1222,1222,842,842,380,380,0,0
58,93,9,9255,9255,1058,1058,8199,8199,0,0
58,95,58,5981,5981,5839,5839,142,142,0,0
58,96,38,6977,6977,5657,5657,1181,1181,138,138
58,98,4,11527,11527,29,29,11499,11499,0,0
58,99,15,17297,17297,1201,1201,16096,16096,0,0
58,100,16,17546,17546,674,674,16873,16873,0,0
58,101,10,4562,4562,3006,3006,1556,1556,0,0
58,102,27,6332,6332,6301,6301,10,10,0,0
58,104,3,1025,1025,1025,1025,0,0,0,0
58,120,2,206,206,206,206,0,0,0,0
58,123,2,648,648,648,648,0,0,0,0
58,0,16,2394,2394,1728,1728,666,666,0,0
58,1,7,1695,1695,1695,1695,0,0,0,0
58,4,8,1493,1493,725,725,767,767,0,0
58,11,2,202,202,161,161,13,13,0,0
58,12,1,215,215,215,215,0,0,0,0
58,20,2,290,290,116,116,174,174,0,0
58,28,8,1313,1313,816,816,497,497,0,0
58,39,5,1380,1380,532,532,848,848,0,0
58,41,1,398,398,174,174,223,223,0,0
58,42,2,572,572,53,53,519,519,0,0
58,52,1,59,59,59,59,0,0,0,0
58,56,1,376,376,197,197,180,180,0,0
58,57,3,979,979,919,919,61,61,0,0
58,62,7,1333,1333,549,549,784,784,0,0
58,68,1,233,233,233,233,0,0,0,0
58,69,12,3006,3006,2624,2624,382,382,0,0
58,75,3,7696,7696,0,0,7696,7696,0,0
58,78,4,631,631,631,631,0,0,0,0
58,86,7,970,970,711,711,259,259,0,0
58,88,5,356,356,356,356,0,0,0,0
58,89,4,625,625,625,625,0,0,0,0
58,92,4,7043,7043,44,44,7000,7000,0,0
58,97,2,3420,3420,1507,1507,1913,1913,0,0
58,106,1,273,273,273,273,0,0,0,0
59,0,24,10378,10378,2646,2646,7731,7731,0,0
59,1,27,5640,5640,3250,3250,1488,1488,904,904
59,2,69,10552,10552,8299,8299,2253,2253,0,0
59,3,33,5239,5239,4197,4197,1041,1041,0,0
59,4,7,490,490,391,391,98,98,0,0
59,10,4,2752,2752,319,319,2433,2433,0,0
59,12,5,489,489,223,223,267,267,0,0
59,19,1,1421,1421,0,0,1421,1421,0,0
59,20,13,4855,4855,1745,1745,3110,3110,0,0
59,26,13,7725,7725,2054,2054,5672,5672,0,0
59,27,28,10364,10364,2557,2557,7808,7808,0,0
59,28,15,3328,3328,1751,1751,1577,1577,0,0
59,29,12,1476,1476,1476,1476,0,0,0,0
59,30,26,3820,3820,2889,2889,931,931,0,0
59,31,17,3033,3033,2004,2004,1029,1029,0,0
59,41,4,893,893,460,460,432,432,0,0
59,46,1,321,321,321,321,0,0,0,0
59,47,11,2536,2536,2423,2423,38,38,0,0
59,48,40,5104,5104,4890,4890,214,214,0,0
59,49,77,12161,12161,9608,9608,2355,2355,0,0
59,50,7,1352,1352,1319,1319,11,11,0,0
59,56,21,3436,3436,2335,2335,1101,1101,0,0
59,57,1,531,531,531,531,0,0,0,0
59,60,6,1217,1217,476,476,741,741,0,0
59,61,9,6064,6064,1836,1836,4227,4227,0,0
59,62,3,449,449,449,449,0,0,0,0
59,68,14,4654,4654,682,682,3971,3971,0,0
59,69,1,642,642,113,113,530,530,0,0
59,83,1,250,250,250,250,0,0,0,0
59,88,8,844,844,844,844,0,0,0,0
59,89,13,1547,1547,812,812,735,735,0,0
59,90,21,4073,4073,2881,2881,1191,1191,0,0
59,91,3,2015,2015,694,694,1249,1249,72,72
59,98,19,14574,14574,2973,2973,11602,11602,0,0
59,99,12,15111,15111,1029,1029,14082,14082,0,0
59,100,25,17951,17951,2452,2452,15500,15500,0,0
59,101,31,7815,7815,5494,5494,2251,2251,0,0
59,102,23,5598,5598,5598,5598,0,0,0,0
59,108,1,154,154,154,154,0,0,0,0
59,114,2,270,270,270,270,0,0,0,0
59,118,2,467,467,467,467,0,0,0,0
59,125,2,192,192,114,114,26,26,0,0
59,11,2,246,246,246,246,0,0,0,0
59,13,6,975,975,523,523,451,451,0,0
59,25,1,297,297,297,297,0,0,0,0
59,32,1,86,86,0,0,86,86,0,0
59,45,13,4555,4555,940,940,3615,3615,0,0
59,58,3,348,348,292,292,56,56,0,0
59,65,4,1755,1755,385,385,1370,1370,0,0
59,72,1,42,42,42,42,0,0,0,0
59,73,5,1187,1187,63,63,1124,1124,0,0
59,74,1,249,249,249,249,0,0,0,0
59,95,1,152,152,111,111,41,41,0,0
59,96,2,779,779,191,191,588,588,0,0
59,97,1,6993,6993,7,7,6987,6987,0,0
59,112,1,219,219,55,55,55,55,0,0
59,117,2,294,294,132,132,162,162,0,0
60,0,23,9722,9722,1848,1848,7875,7875,0,0
60,1,26,3028,3028,2577,2577,452,452,0,0
60,2,72,9554,9554,8290,8290,1122,1122,0,0
60,3,33,4981,4981,4568,4568,413,413,0,0
60,5,5,558,558,99,99,459,459,0,0
60,6,2,472,472,370,370,101,101,0,0
60,11,11,3210,3210,1113,1113,2098,2098,0,0
60,15,13,1391,1391,1078,1078,313,313,0,0
60,24,7,672,672,393,393,279,279,0,0
60,25,11,3043,3043,1762,1762,1231,1231,0,0
60,26,22,4494,4494,2400,2400,2059,2059,0,0
60,27,20,8509,8509,1718,1718,6792,6792,0,0
60,29,2,857,857,240,240,617,617,0,0
60,31,21,16478,16478,1161,1161,15318,15318,0,0
60,32,4,1251,1251,455,455,796,796,0,0
60,35,2,328,328,82,82,82,82,0,0
60,43,3,348,348,87,87,87,87,0,0
60,45,3,616,616,58,58,558,558,0,0
60,46,1,303,303,303,303,0,0,0,0
60,47,64,9398,9398,8555,8555,782,782,0,0
60,48,91,13121,13121,11560,11560,1285,1285,0,0
60,49,47,6075,6075,4965,4965,433,433,678,678
60,58,3,909,909,909,909,0,0,0,0
60,59,6,2333,2333,1350,1350,802,802,0,0
60,60,18,3894,3894,2036,2036,1858,1858,0,0
60,68,4,732,732,370,370,362,362,0,0
60,69,4,923,923,423,423,500,500,0,0
60,71,6,7237,7237,612,612,6625,6625,0,0
60,72,5,3598,3598,203,203,3397,3397,0,0
60,73,18,12719,12719,1223,1223,11400,11400,0,0
60,83,9,1782,1782,1473,1473,310,310,0,0
60,88,2,476,476,476,476,0,0,0,0
60,95,1,475,475,0,0,475,475,0,0
60,96,4,8153,8153,887,887,7265,7265,0,0
60,97,12,10439,10439,1523,1523,8916,8916,0,0
60,98,12,16034,16034,435,435,15600,15600,0,0
60,99,12,8134,8134,3024,3024,5041,5041,69,69
60,100,14,15339,15339,3059,3059,12278,12278,0,0
60,101,25,12308,12308,11891,11891,418,418,0,0
60,102,3,3297,3297,2956,2956,341,341,0,0
60,111,1,238,238,60,60,60,60,0,0
60,117,2,1301,1301,275,275,1026,1026,0,0
60,118,3,2107,2107,1057,1057,1050,1050,0,0
60,119,1,178,178,178,178,0,0,0,0
60,121,8,1509,1509,1222,1222,288,288,0,0
60,10,4,331,331,331,331,0,0,0,0
60,12,1,418,418,115,115,303,303,0,0
60,30,5,821,821,534,534,287,287,0,0
60,36,1,156,156,39,39,39,39,0,0
60,112,1,149,149,37,37,37,37,0,0
60,114,2,422,422,422,422,0,0,0,0
60,116,1,413,413,345,345,68,68,0,0
60,122,2,178,178,73,73,105,105,0,0
60,123,1,234,234,234,234,0,0,0,0
60,126,2,86,86,21,21,21,21,0,0
61,0,12,4644,4644,637,637,4008,4008,0,0
61,1,49,6269,6269,4749,4749,1520,1520,0,0
61,2,52,9897,9897,4785,4785,5098,5098,0,0
61,3,7,653,653,653,653,0,0,0,0
61,6,6,975,975,723,723,253,253,0,0
61,8,12,1480,1480,1480,1480,0,0,0,0
61,9,11,1587,1587,1173,1173,414,414,0,0
61,12,2,2259,2259,370,370,1888,1888,0,0
61,23,22,7065,7065,1597,1597,5470,5470,0,0
61,38,1,90,90,23,23,23,23,0,0
61,46,16,4504,4504,4504,4504,0,0,0,0
61,47,64,10537,10537,9268,9268,1104,1104,0,0
61,48,29,6710,6710,6679,6679,27,27,0,0
61,49,1,209,209,209,209,0,0,0,0
61,55,5,2730,2730,382,382,2348,2348,0,0
61,56,5,643,643,643,643,0,0,0,0
61,59,8,2141,2141,958,958,1184,1184,0,0
61,60,2,678,678,70,70,608,608,0,0
61,62,4,572,572,399,399,173,173,0,0
61,63,4,501,501,484,484,16,16,0,0
61,64,12,4233,4233,714,714,3519,3519,0,0
61,70,1,3310,3310,0,0,3310,3310,0,0
61,71,2,3240,3240,135,135,3104,3104,0,0
61,72,14,7212,7212,742,742,6469,6469,0,0
61,73,22,10511,10511,1845,1845,8666,8666,0,0
61,83,3,409,409,144,144,265,265,0,0
61,85,6,2203,2203,653,653,1550,1550,0,0
61,87,3,854,854,623,623,231,231,0,0
61,95,1,2662,2662,309,309,2353,2353,0,0
61,96,2,13899,13899,117,117,13781,13781,0,0
61,97,11,16040,16040,854,854,15184,15184,0,0
61,98,16,17985,17985,948,948,17038,17038,0,0
61,99,15,6480,6480,1291,1291,5125,5125,64,64
61,100,20,8149,8149,2218,2218,5640,5640,0,0
61,101,30,13769,13769,11110,11110,1522,1522,1138,1138
61,102,8,5579,5579,3451,3451,777,777,0,0
61,109,1,108,108,27,27,27,27,0,0
61,114,2,235,235,235,235,0,0,0,0
61,119,3,422,422,422,422,0,0,0,0
61,120,3,852,852,852,852,0,0,0,0
61,7,8,1165,1165,901,901,264,264,0,0
61,10,6,711,711,711,711,0,0,0,0
61,11,1,1180,1180,21,21,1159,1159,0,0
61,17,4,415,415,78,78,337,337,0,0
61,21,1,76,76,0,0,76,76,0,0
61,22,12,3192,3192,1772,1772,1420,1420,0,0
61,24,1,645,645,119,119,526,526,0,0
61,31,2,797,797,345,345,452,452,0,0
61,45,1,107,107,107,107,0,0,0,0
61,50,2,333,333,333,333,0,0,0,0
61,61,11,3149,3149,1523,1523,1628,1628,0,0
61,68,1,440,440,40,40,401,401,0,0
61,76,5,1728,1728,346,346,1381,1381,0,0
61,89,2,122,122,76,76,47,47,0,0
61,105,2,751,751,751,751,0,0,0,0
61,106,1,43,43,33,33,0,0,10,10
61,110,1,151,151,149,149,2,2,0,0
61,118,2,396,396,396,396,0,0,0,0
61,121,1,447,447,447,447,0,0,0,0
61,127,1,127,127,32,32,32,32,0,0
62,0,20,10198,10198,1772,1772,8427,8427,0,0
62,1,76,13941,13941,8643,8643,5297,5297,0,0
62,2,33,5708,5708,3982,3982,1727,1727,0,0
62,3,13,2975,2975,604,604,2370,2370,0,0
62,6,10,1332,1332,1241,1241,91,91,0,0
62,7,5,1105,1105,721,721,247,247,0,0
62,9,3,1068,1068,1068,1068,0,0,0,0
62,10,1,311,311,19,19,292,292,0,0
62,11,3,1041,1041,385,385,656,656,0,0
62,21,14,6148,6148,1530,1530,4618,4618,0,0
62,22,11,2472,2472,716,716,1756,1756,0,0
62,23,17,14247,14247,795,795,13452,13452,0,0
62,24,10,7120,7120,406,406,6714,6714,0,0
62,26,4,3697,3697,265,265,3432,3432,0,0
62,30,3,5782,5782,1755,1755,4026,4026,0,0
62,45,1,25,25,25,25,0,0,0,0
62,46,37,7604,7604,5195,5195,2321,2321,0,0
62,47,21,3953,3953,2771,2771,1182,1182,0,0
62,59,1,131,131,26,26,106,106,0,0
62,61,2,2063,2063,16,16,2047,2047,0,0
62,63,4,1199,1199,396,396,803,803,0,0
62,64,8,1836,1836,1299,1299,537,537,0,0
62,67,2,1234,1234,11,11,1223,1223,0,0
62,68,3,1210,1210,50,50,945,945,146,146
62,69,6,1723,1723,138,138,1585,1585,0,0
62,71,27,12044,12044,1764,1764,10280,10280,0,0
62,72,27,14531,14531,2561,2561,11971,11971,0,0
62,73,13,9903,9903,1292,1292,8610,8610,0,0
62,75,3,729,729,716,716,13,13,0,0
62,76,3,2986,2986,328,328,2658,2658,0,0
62,77,2,195,195,49,49,49,49,0,0
62,78,1,89,89,22,22,22,22,0,0
62,89,12,952,952,846,846,106,106,0,0
62,93,1,199,199,153,153,46,46,0,0
62,94,4,1571,1571,375,375,1196,1196,0,0
62,96,3,5814,5814,477,477,5338,5338,0,0
62,97,7,17593,17593,499,499,17094,17094,0,0
62,98,3,956,956,2,2,953,953,0,0
62,99,11,10263,10263,258,258,10005,10005,0,0
62,100,29,18979,18979,2925,2925,16043,16043,0,0
62,101,32,7118,7118,6584,6584,178,178,0,0
62,102,16,4075,4075,2672,2672,1379,1379,0,0
62,105,1,273,273,273,273,0,0,0,0
62,106,2,1825,1825,1825,1825,0,0,0,0
62,110,1,113,113,5,5,109,109,0,0
62,114,1,238,238,238,238,0,0,0,0
62,118,5,806,806,447,447,359,359,0,0
62,120,1,281,281,281,281,0,0,0,0
62,121,6,1579,1579,773,773,805,805,0,0
62,122,5,1794,1794,530,530,1259,1259,0,0
62,25,2,2702,2702,167,167,2535,2535,0,0
62,31,3,691,691,691,691,0,0,0,0
62,58,3,946,946,164,164,782,782,0,0
62,66,1,44,44,44,44,0,0,0,0
62,70,1,485,485,485,485,0,0,0,0
62,74,3,7407,7407,0,0,7407,7407,0,0
62,83,3,1007,1007,318,318,689,689,0,0
62,104,3,259,259,259,259,0,0,0,0
62,111,1,212,212,212,212,0,0,0,0
62,119,1,95,95,95,95,0,0,0,0
63,0,11,11768,11768,739,739,11031,11031,0,0
63,1,28,4083,4083,1939,1939,2144,2144,0,0
63,2,49,9134,9134,5127,5127,4006,4006,0,0
63,3,14,1545,1545,692,692,797,797,0,0
63,6,1,195,195,195,195,0,0,0,0
63,8,9,2082,2082,962,962,1120,1120,0,0
63,10,2,408,408,0,0,408,408,0,0
63,11,8,756,756,756,756,0,0,0,0
63,14,3,1189,1189,666,666,524,524,0,0
63,20,8,4109,4109,1196,1196,2913,2913,0,0
63,21,20,11733,11733,1078,1078,10656,10656,0,0
63,22,32,13611,13611,2061,2061,11550,11550,0,0
63,23,19,13197,13197,1863,1863,11335,11335,0,0
63,24,13,11442,11442,874,874,10567,10567,0,0
63,25,8,6321,6321,345,345,5976,5976,0,0
63,31,24,2949,2949,2092,2092,857,857,0,0
63,32,6,1644,1644,760,760,884,884,0,0
63,46,7,657,657,508,508,50,50,0,0
63,57,8,1517,1517,262,262,1255,1255,0,0
63,58,4,665,665,397,397,234,234,0,0
63,65,2,1713,1713,16,16,1697,1697,0,0
63,66,12,4097,4097,850,850,3246,3246,0,0
63,68,10,3320,3320,1650,1650,1669,1669,0,0
63,71,5,528,528,184,184,343,343,0,0
63,72,3,3965,3965,258,258,3706,3706,0,0
63,73,7,3543,3543,949,949,2594,2594,0,0
63,74,2,4325,4325,0,0,4325,4325,0,0
63,81,13,1984,1984,1133,1133,850,850,0,0
63,88,11,2376,2376,1622,1622,754,754,0,0
63,89,3,603,603,330,330,274,274,0,0
63,97,13,20794,20794,1721,1721,19073,19073,0,0
63,98,10,15788,15788,811,811,14977,14977,0,0
63,99,16,18129,18129,1342,1342,16787,16787,0,0
63,100,8,6938,6938,2951,2951,3987,3987,0,0
63,101,36,10220,10220,10220,10220,0,0,0,0
63,102,42,7446,7446,7446,7446,0,0,0,0
63,113,4,974,974,959,959,15,15,0,0
63,115,5,2150,2150,219,219,1922,1922,0,0
63,116,2,535,535,486,486,29,29,0,0
63,118,1,396,396,363,363,11,11,0,0
63,119,1,322,322,322,322,0,0,0,0
63,124,1,639,639,639,639,0,0,0,0
63,125,2,1098,1098,73,73,984,984,0,0
63,13,8,978,978,610,610,367,367,0,0
63,42,4,1600,1600,1600,1600,0,0,0,0
63,67,6,1921,1921,760,760,1161,1161,0,0
63,69,1,2736,2736,402,402,2334,2334,0,0
63,76,2,327,327,154,154,173,173,0,0
63,84,2,354,354,354,354,0,0,0,0
63,95,2,27,27,27,27,0,0,0,0
63,103,8,2623,2623,2623,2623,0,0,0,0
63,114,2,556,556,556,556,0,0,0,0
63,120,1,263,263,263,263,0,0,0,0
64,0,16,6262,6262,2160,2160,4103,4103,243,243
64,1,22,3124,3124,2613,2613,511,511,0,0
64,2,18,2105,2105,1641,1641,465,465,0,0
64,3,24,2807,2807,1877,1877,930,930,0,0
64,5,12,1059,1059,788,788,271,271,0,0
64,6,1,190,190,190,190,0,0,0,0
64,8,8,2174,2174,1920,1920,254,254,0,0
64,13,3,799,799,171,171,627,627,0,0
64,18,18,4422,4422,2047,2047,2375,2375,0,0
64,19,43,12127,12127,4710,4710,7417,7417,0,0
64,20,10,9323,9323,728,728,8595,8595,0,0
64,21,6,6817,6817,74,74,6743,6743,0,0
64,22,12,8453,8453,1267,1267,7186,7186,0,0
64,23,11,9236,9236,409,409,8827,8827,0,0
64,31,10,1364,1364,539,539,826,826,0,0
64,45,8,3815,3815,1995,1995,715,715,0,0
64,53,5,761,761,761,761,0,0,0,0
64,67,2,849,849,0,0,849,849,0,0
64,68,9,1744,1744,965,965,778,778,0,0
64,69,5,4992,4992,1150,1150,3842,3842,0,0
64,70,3,1635,1635,563,563,1072,1072,0,0
64,73,26,3367,3367,2800,2800,567,567,0,0
64,76,6,1503,1503,501,501,1001,1001,0,0
64,82,3,1673,1673,103,103,1571,1571,0,0
64,85,10,3542,3542,1620,1620,1922,1922,0,0
64,91,9,6278,6278,2261,2261,4017,4017,0,0
64,96,2,1252,1252,274,274,978,978,0,0
64,97,3,8744,8744,119,119,8626,8626,0,0
64,98,8,1253,1253,1134,1134,119,119,0,0
64,99,9,1774,1774,1400,1400,374,374,0,0
64,100,8,2128,2128,2128,2128,0,0,0,0
64,101,56,8799,8799,8799,8799,0,0,0,0
64,102,40,9646,9646,8615,8615,1031,1031,0,0
64,103,22,8400,8400,8196,8196,0,0,204,204
64,104,25,6168,6168,6168,6168,0,0,0,0
64,108,4,812,812,812,812,0,0,0,0
64,112,2,428,428,428,428,0,0,0,0
64,113,3,641,641,427,427,214,214,0,0
64,115,2,1550,1550,0,0,1550,1550,0,0
64,116,4,3485,3485,957,957,2528,2528,0,0
64,119,3,515,515,486,486,10,10,0,0
64,120,1,158,158,158,158,0,0,0,0
64,121,3,601,601,601,601,0,0,0,0
64,126,6,991,991,991,991,0,0,0,0
64,7,15,2047,2047,2047,2047,0,0,0,0
64,10,2,292,292,292,292,0,0,0,0
64,17,1,1089,1089,0,0,1089,1089,0,0
64,24,1,723,723,501,501,222,222,0,0
64,54,2,399,399,399,399,0,0,0,0
64,66,2,825,825,273,273,552,552,0,0
64,81,5,765,765,575,575,190,190,0,0
64,95,2,1551,1551,211,211,1340,1340,0,0
64,105,7,2540,2540,1704,1704,279,279,0,0
64,117,1,159,159,115,115,15,15,0,0
64,122,1,149,149,149,149,0,0,0,0
64,127,3,659,659,659,659,0,0,0,0
65,0,16,4048,4048,1524,1524,2524,2524,0,0
65,2,24,9850,9850,897,897,8952,8952,0,0
65,3,1,14,14,14,14,0,0,0,0
65,5,2,2364,2364,486,486,1878,1878,0,0
65,7,29,5828,5828,5389,5389,439,439,0,0
65,8,18,2918,2918,2605,2605,314,314,0,0
65,9,19,2586,2586,2586,2586,0,0,0,0
65,17,40,9748,9748,6624,6624,3125,3125,0,0
65,18,17,13603,13603,1198,1198,12404,12404,0,0
65,19,8,1938,1938,312,312,1626,1626,0,0
65,20,2,1692,1692,255,255,1437,1437,0,0
65,21,3,1709,1709,11,11,1698,1698,0,0
65,23,2,4769,4769,0,0,4769,4769,0,0
65,31,3,461,461,337,337,124,124,0,0
65,45,2,432,432,432,432,0,0,0,0
65,53,2,4674,4674,0,0,4674,4674,0,0
65,54,3,450,450,429,429,20,20,0,0
65,56,9,1886,1886,1129,1129,757,757,0,0
65,57,19,2695,2695,1693,1693,1002,1002,0,0
65,71,14,2672,2672,2394,2394,278,278,0,0
65,72,13,4265,4265,3644,3644,622,622,0,0
65,73,9,1590,1590,1590,1590,0,0,0,0
65,76,3,2286,2286,341,341,1945,1945,0,0
65,81,3,926,926,72,72,854,854,0,0
65,82,6,707,707,643,643,64,64,0,0
65,88,5,2308,2308,460,460,1848,1848,0,0
65,90,1,682,682,163,163,519,519,0,0
65,91,4,1734,1734,515,515,1219,1219,0,0
65,95,9,5661,5661,1193,1193,4468,4468,0,0
65,96,4,2736,2736,301,301,2434,2434,0,0
65,97,4,11230,11230,757,757,10472,10472,0,0
65,99,9,1880,1880,1100,1100,780,780,0,0
65,100,12,10247,10247,632,632,9614,9614,0,0
65,101,39,8056,8056,7551,7551,505,505,0,0
65,102,39,8554,8554,8167,8167,386,386,0,0
65,103,17,8180,8180,5387,5387,2261,2261,532,532
65,104,15,4995,4995,4995,4995,0,0,0,0
65,105,1,965,965,965,965,0,0,0,0
65,106,3,1518,1518,1149,1149,123,123,0,0
65,107,6,1558,1558,1045,1045,259,259,0,0
65,111,1,151,151,151,151,0,0,0,0
65,116,2,195,195,195,195,0,0,0,0
65,121,1,52,52,52,52,0,0,0,0
65,124,21,4096,4096,4096,4096,0,0,0,0
65,125,20,3707,3707,3707,3707,0,0,0,0
65,127,9,2204,2204,2104,2104,99,99,0,0
65,4,5,494,494,494,494,0,0,0,0
65,6,8,2143,2143,1026,1026,1117,1117,0,0
65,10,2,192,192,192,192,0,0,0,0
65,16,2,598,598,598,598,0,0,0,0
65,24,1,1071,1071,713,713,359,359,0,0
65,27,2,2537,2537,0,0,2537,2537,0,0
65,28,6,1291,1291,809,809,482,482,0,0
65,58,1,474,474,121,121,353,353,0,0
65,59,2,235,235,235,235,0,0,0,0
65,60,1,983,983,178,178,805,805,0,0
65,70,1,517,517,0,0,517,517,0,0
65,92,2,7953,7953,7035,7035,918,918,0,0
65,93,3,1896,1896,455,455,1441,1441,0,0
65,98,6,912,912,912,912,0,0,0,0
65,115,1,295,295,295,295,0,0,0,0
65,119,8,1526,1526,1392,1392,134,134,0,0
65,120,4,1182,1182,573,573,0,0,610,610
65,123,10,2074,2074,2074,2074,0,0,0,0
65,126,7,1705,1705,1705,1705,0,0,0,0
66,0,2,211,211,211,211,0,0,0,0
66,2,8,772,772,681,681,90,90,0,0
66,4,12,1526,1526,1345,1345,181,181,0,0
66,5,63,10273,10273,5314,5314,4958,4958,0,0
66,6,17,6504,6504,2588,2588,3916,3916,0,0
66,7,25,6900,6900,4489,4489,2411,2411,0,0
66,8,14,2333,2333,2005,2005,329,329,0,0
66,9,4,287,287,287,287,0,0,0,0
66,10,7,1743,1743,1335,1335,408,408,0,0
66,16,30,7583,7583,5798,5798,1785,1785,0,0
66,17,7,9310,9310,840,840,8472,8472,0,0
66,18,6,5080,5080,597,597,4483,4483,0,0
66,19,10,8153,8153,705,705,7449,7449,0,0
66,20,3,4530,4530,391,391,4140,4140,0,0
66,21,5,483,483,306,306,178,178,0,0
66,28,1,107,107,37,37,70,70,0,0
66,31,2,4662,4662,576,576,4085,4085,0,0
66,32,13,6133,6133,907,907,5227,5227,0,0
66,35,12,6864,6864,789,789,6075,6075,0,0
66,58,2,576,576,111,111,465,465,0,0
66,59,3,506,506,397,397,109,109,0,0
66,60,1,223,223,170,170,53,53,0,0
66,65,16,4073,4073,1663,1663,2410,2410,0,0
66,68,6,2746,2746,407,407,2339,2339,0,0
66,71,4,1005,1005,318,318,686,686,0,0
66,72,70,10367,10367,10013,10013,354,354,0,0
66,73,13,1129,1129,1103,1103,9,9,0,0
66,76,1,1181,1181,11,11,1170,1170,0,0
66,88,2,2168,2168,21,21,2147,2147,0,0
66,89,3,3527,3527,0,0,3527,3527,0,0
66,97,2,239,239,239,239,0,0,0,0
66,98,19,3078,3078,2435,2435,644,644,0,0
66,100,27,11789,11789,3652,3652,8137,8137,0,0
66,101,18,4024,4024,1603,1603,2402,2402,0,0
66,102,21,5577,5577,3881,3881,1698,1698,0,0
66,103,18,7517,7517,7365,7365,152,152,0,0
66,104,3,974,974,974,974,0,0,0,0
66,106,5,1338,1338,1338,1338,0,0,0,0
66,107,2,682,682,682,682,0,0,0,0
66,115,1,221,221,0,0,221,221,0,0
66,118,4,502,502,502,502,0,0,0,0
66,119,30,5533,5533,5533,5533,0,0,0,0
66,120,16,3898,3898,3898,3898,0,0,0,0
66,121,9,2117,2117,2117,2117,0,0,0,0
66,122,2,619,619,305,305,105,105,0,0
66,123,5,1228,1228,1217,1217,0,0,11,11
66,124,1,284,284,284,284,0,0,0,0
66,125,10,2184,2184,2149,2149,35,35,0,0
66,126,5,1292,1292,1166,1166,126,126,0,0
66,11,2,355,355,355,355,0,0,0,0
66,15,11,2294,2294,1775,1775,520,520,0,0
66,36,3,1653,1653,1075,1075,577,577,0,0
66,44,4,587,587,190,190,396,396,0,0
66,53,5,939,939,491,491,447,447,0,0
66,83,6,1838,1838,583,583,1255,1255,0,0
66,85,5,1920,1920,1086,1086,834,834,0,0
66,86,1,1069,1069,27,27,1043,1043,0,0
66,93,1,1730,1730,0,0,1730,1730,0,0
66,116,5,1352,1352,1076,1076,248,248,29,29
67,0,8,729,729,650,650,79,79,0,0
67,5,23,3149,3149,2574,2574,575,575,0,0
67,6,66,11741,11741,8778,8778,2962,2962,0,0
67,7,40,9856,9856,5731,5731,4125,4125,0,0
67,10,2,522,522,522,522,0,0,0,0
67,15,29,7577,7577,4999,4999,2311,2311,268,268
67,16,24,6563,6563,4542,4542,1861,1861,0,0
67,17,2,752,752,376,376,376,376,0,0
67,18,4,511,511,200,200,311,311,0,0
67,19,2,255,255,62,62,193,193,0,0
67,20,7,652,652,289,289,362,362,0,0
67,27,7,2283,2283,860,860,1422,1422,0,0
67,32,12,1132,1132,681,681,450,450,0,0
67,33,7,650,650,323,323,327,327,0,0
67,35,8,1125,1125,574,574,552,552,0,0
67,36,6,2584,2584,171,171,2387,2387,0,0
67,43,4,900,900,524,524,376,376,0,0
67,53,3,4195,4195,78,78,4117,4117,0,0
67,65,2,796,796,796,796,0,0,0,0
67,71,43,5066,5066,5066,5066,0,0,0,0
67,72,65,10503,10503,9833,9833,670,670,0,0
67,73,34,7049,7049,5956,5956,1092,1092,0,0
67,81,3,1734,1734,627,627,1107,1107,0,0
67,83,1,56,56,56,56,0,0,0,0
67,85,4,1678,1678,268,268,1411,1411,0,0
67,86,2,2485,2485,28,28,2457,2457,0,0
67,92,4,2034,2034,500,500,1535,1535,0,0
67,94,17,4496,4496,1474,1474,3023,3023,0,0
67,95,2,330,330,0,0,330,330,0,0
67,96,21,3439,3439,1309,1309,2130,2130,0,0
67,97,8,962,962,624,624,338,338,0,0
67,99,5,5453,5453,415,415,4297,4297,0,0
67,100,34,16928,16928,3545,3545,13383,13383,0,0
67,101,9,3176,3176,1548,1548,1628,1628,0,0
67,102,2,2363,2363,796,796,1567,1567,0,0
67,103,6,2695,2695,2695,2695,0,0,0,0
67,114,1,32,32,8,8,8,8,0,0
67,119,1,486,486,486,486,0,0,0,0
67,124,3,432,432,351,351,0,0,80,80
67,125,1,743,743,743,743,0,0,0,0
67,126,1,54,54,13,13,13,13,0,0
67,127,1,181,181,181,181,0,0,0,0
67,8,1,235,235,235,235,0,0,0,0
67,9,1,235,235,136,136,98,98,0,0
67,31,2,356,356,263,263,93,93,0,0
67,56,1,40,40,10,10,10,10,0,0
67,74,2,288,288,288,288,0,0,0,0
67,98,1,1366,1366,352,352,1014,1014,0,0
67,115,1,1290,1290,52,52,1238,1238,0,0
67,120,1,483,483,234,234,248,248,0,0
67,121,1,294,294,231,231,0,0,63,63
67,122,6,1126,1126,1126,1126,0,0,0,0
68,2,6,538,538,538,538,0,0,0,0
68,3,8,1137,1137,439,439,698,698,0,0
68,4,9,2913,2913,1212,1212,1700,1700,0,0
68,5,27,4441,4441,3313,3313,1128,1128,0,0
68,6,49,7326,7326,6727,6727,598,598,0,0
68,7,47,8842,8842,7533,7533,1309,1309,0,0
68,8,10,3331,3331,1075,1075,2254,2254,0,0
68,9,1,182,182,182,182,0,0,0,0
68,14,64,13614,13614,9491,9491,4124,4124,0,0
68,15,21,5069,5069,2627,2627,2443,2443,0,0
68,29,8,1347,1347,872,872,475,475,0,0
68,31,3,637,637,282,282,355,355,0,0
68,32,2,916,916,79,79,837,837,0,0
68,33,6,1502,1502,261,261,1241,1241,0,0
68,42,2,15006,15006,277,277,14730,14730,0,0
68,43,6,4323,4323,534,534,3789,3789,0,0
68,55,19,3915,3915,1858,1858,1967,1967,0,0
68,63,9,3810,3810,1790,1790,1568,1568,0,0
68,70,33,3360,3360,3360,3360,0,0,0,0
68,71,80,11684,11684,11181,11181,503,503,0,0
68,72,49,10524,10524,8263,8263,925,925,1142,1142
68,73,40,5526,5526,5326,5326,200,200,0,0
68,82,5,2122,2122,1253,1253,289,289,0,0
68,94,8,2485,2485,853,853,1634,1634,0,0
68,96,3,3602,3602,0,0,3602,3602,0,0
68,97,2,343,343,343,343,0,0,0,0
68,99,5,6102,6102,203,203,5899,5899,0,0
68,100,22,16473,16473,2062,2062,14411,14411,0,0
68,101,4,1810,1810,718,718,1092,1092,0,0
68,105,5,2676,2676,2516,2516,18,18,106,106
68,116,5,2487,2487,591,591,1897,1897,0,0
68,120,2,478,478,478,478,0,0,0,0
68,121,1,815,815,771,771,44,44,0,0
68,122,3,578,578,476,476,102,102,0,0
68,13,12,1825,1825,1825,1825,0,0,0,0
68,28,3,864,864,191,191,673,673,0,0
68,67,6,2763,2763,682,682,2082,2082,0,0
68,74,1,1521,1521,25,25,1496,1496,0,0
68,75,16,1897,1897,1314,1314,583,583,0,0
68,83,4,1921,1921,467,467,1455,1455,0,0
68,88,2,1625,1625,181,181,1445,1445,0,0
68,95,1,1815,1815,0,0,1815,1815,0,0
68,98,2,1179,1179,27,27,1152,1152,0,0
68,102,7,1268,1268,1268,1268,0,0,0,0
68,114,1,376,376,376,376,0,0,0,0
68,115,2,1969,1969,106,106,1862,1862,0,0
69,1,13,6597,6597,873,873,5726,5726,0,0
69,3,1,264,264,141,141,124,124,0,0
69,6,4,1724,1724,1724,1724,0,0,0,0
69,7,19,3030,3030,2562,2562,468,468,0,0
69,8,20,4193,4193,3207,3207,986,986,0,0
69,9,1,131,131,131,131,0,0,0,0
69,13,39,9732,9732,6067,6067,3664,3664,0,0
69,14,77,13958,13958,12240,12240,1718,1718,0,0
69,15,15,3145,3145,2405,2405,740,740,0,0
69,33,12,1614,1614,1614,1614,0,0,0,0
69,34,3,434,434,434,434,0,0,0,0
69,63,4,1227,1227,417,417,400,400,0,0
69,64,8,4472,4472,1541,1541,2932,2932,0,0
69,65,15,3577,3577,2315,2315,1262,1262,0,0
69,71,24,3836,3836,2578,2578,1258,1258,0,0
69,72,42,8697,8697,8697,8697,0,0,0,0
69,73,20,3333,3333,3333,3333,0,0,0,0
69,74,5,605,605,605,605,0,0,0,0
69,75,4,672,672,403,403,269,269,0,0
69,82,11,3234,3234,2618,2618,341,341,130,130
69,83,25,4945,4945,4756,4756,0,0,190,190
69,84,8,2577,2577,1114,1114,1463,1463,0,0
69,87,8,2119,2119,1034,1034,1085,1085,0,0
69,88,9,4327,4327,757,757,3571,3571,0,0
69,93,4,1087,1087,109,109,978,978,0,0
69,94,11,2385,2385,143,143,2242,2242,0,0
69,95,5,6090,6090,378,378,5695,5695,0,0
69,97,3,538,538,459,459,79,79,0,0
69,98,9,2746,2746,467,467,2279,2279,0,0
69,100,23,14639,14639,2315,2315,12325,12325,0,0
69,101,22,4529,4529,4247,4247,281,281,0,0
69,102,60,7340,7340,7048,7048,34,34,190,190
69,110,3,708,708,198,198,511,511,0,0
69,114,1,41,41,41,41,0,0,0,0
69,124,1,53,53,53,53,0,0,0,0
69,127,1,222,222,222,222,0,0,0,0
69,23,2,224,224,172,172,52,52,0,0
69,24,4,2077,2077,1003,1003,1074,1074,0,0
69,29,3,362,362,362,362,0,0,0,0
69,70,8,2246,2246,1098,1098,1148,1148,0,0
69,99,3,4000,4000,78,78,3922,3922,0,0
69,103,9,2783,2783,2783,2783,0,0,0,0
69,112,1,55,55,55,55,0,0,0,0
70,0,9,1327,1327,1079,1079,248,248,0,0
70,1,9,3827,3827,650,650,3177,3177,0,0
70,3,1,160,160,160,160,0,0,0,0
70,7,32,5758,5758,4574,4574,1184,1184,0,0
70,8,19,3546,3546,2281,2281,1264,1264,0,0
70,11,19,2612,2612,1646,1646,966,966,0,0
70,12,18,3643,3643,3284,3284,359,359,0,0
70,13,69,13306,13306,9575,9575,3731,3731,0,0
70,14,51,12682,12682,7588,7588,5095,5095,0,0
70,15,17,5444,5444,5087,5087,119,119,0,0
70,16,3,618,618,67,67,551,551,0,0
70,17,5,1021,1021,896,896,125,125,0,0
70,22,7,1582,1582,536,536,1047,1047,0,0
70,33,1,424,424,193,193,231,231,0,0
70,64,2,534,534,132,132,402,402,0,0
70,65,6,898,898,262,262,636,636,0,0
70,67,24,5656,5656,2058,2058,3599,3599,0,0
70,69,1,818,818,0,0,818,818,0,0
70,70,6,1287,1287,1287,1287,0,0,0,0
70,71,1,1227,1227,1227,1227,0,0,0,0
70,72,11,2862,2862,2038,2038,823,823,0,0
70,73,13,2447,2447,1683,1683,764,764,0,0
70,75,1,198,198,198,198,0,0,0,0
70,82,22,3620,3620,3500,3500,122,122,0,0
70,83,3,1249,1249,1248,1248,0,0,0,0
70,94,1,206,206,0,0,206,206,0,0
70,95,9,1495,1495,1029,1029,425,425,0,0
70,99,5,1273,1273,634,634,638,638,0,0
70,100,12,7661,7661,738,738,6906,6906,0,0
70,101,7,2110,2110,2110,2110,0,0,0,0
70,102,45,6707,6707,6707,6707,0,0,0,0
70,103,14,4633,4633,2489,2489,714,714,0,0
70,106,5,1339,1339,743,743,593,593,0,0
70,112,1,17,17,17,17,0,0,0,0
70,115,2,146,146,34,34,44,44,0,0
70,122,4,1029,1029,266,266,763,763,0,0
70,123,3,546,546,546,546,0,0,0,0
70,125,1,197,197,197,197,0,0,0,0
70,126,1,272,272,272,272,0,0,0,0
70,2,1,254,254,254,254,0,0,0,0
70,40,2,104,104,104,104,0,0,0,0
70,54,3,324,324,187,187,137,137,0,0
70,74,2,2566,2566,389,389,2177,2177,0,0
70,84,1,1766,1766,0,0,1766,1766,0,0
70,85,1,1617,1617,0,0,1617,1617,0,0
70,87,1,8,8,2,2,2,2,0,0
70,116,4,387,387,387,387,0,0,0,0
70,117,3,1117,1117,1117,1117,0,0,0,0
70,118,6,1288,1288,1288,1288,0,0,0,0
70,119,2,596,596,596,596,0,0,0,0
70,120,4,426,426,426,426,0,0,0,0
70,121,8,1465,1465,1465,1465,0,0,0,0
70,124,1,331,331,331,331,0,0,0,0
71,0,3,219,219,219,219,0,0,0,0
71,1,3,1528,1528,120,120,1408,1408,0,0
71,2,1,238,238,238,238,0,0,0,0
71,6,1,217,217,217,217,0,0,0,0
71,7,1,1225,1225,203,203,1021,1021,0,0
71,8,18,3354,3354,3039,3039,105,105,0,0
71,9,16,4349,4349,3735,3735,614,614,0,0
71,10,29,6466,6466,3977,3977,2489,2489,0,0
71,11,75,11295,11295,10385,10385,910,910,0,0
71,12,103,15525,15525,12803,12803,2724,2724,0,0
71,13,61,12315,12315,7707,7707,4561,4561,0,0
71,14,61,10507,10507,10354,10354,153,153,0,0
71,15,27,7120,7120,5850,5850,956,956,0,0
71,21,1,350,350,350,350,0,0,0,0
71,32,8,1142,1142,1142,1142,0,0,0,0
71,33,4,608,608,519,519,89,89,0,0
71,37,2,328,328,170,170,53,53,0,0
71,38,6,1436,1436,627,627,809,809,0,0
71,39,6,759,759,759,759,0,0,0,0
71,40,2,335,335,335,335,0,0,0,0
71,44,1,12,12,12,12,0,0,0,0
71,54,2,424,424,0,0,424,424,0,0
71,57,5,3729,3729,1957,1957,1772,1772,0,0
71,69,1,627,627,627,627,0,0,0,0
71,73,8,5584,5584,1384,1384,4200,4200,0,0
71,82,2,685,685,685,685,0,0,0,0
71,83,2,372,372,372,372,0,0,0,0
71,84,11,6209,6209,1492,1492,4716,4716,0,0
71,85,1,2768,2768,0,0,2768,2768,0,0
71,96,1,4,4,4,4,0,0,0,0
71,98,1,1355,1355,0,0,1355,1355,0,0
71,100,4,765,765,765,765,0,0,0,0
71,101,16,2685,2685,2685,2685,0,0,0,0
71,102,24,3149,3149,3149,3149,0,0,0,0
71,107,4,1098,1098,1098,1098,0,0,0,0
71,110,3,276,276,276,276,0,0,0,0
71,117,12,2417,2417,2283,2283,45,45,0,0
71,118,31,7765,7765,7433,7433,212,212,0,0
71,119,31,5770,5770,5770,5770,0,0,0,0
71,120,23,4729,4729,4729,4729,0,0,0,0
71,121,12,1467,1467,1467,1467,0,0,0,0
71,122,1,275,275,275,275,0,0,0,0
71,26,5,374,374,306,306,31,31,0,0
71,41,1,583,583,252,252,331,331,0,0
71,42,1,485,485,485,485,0,0,0,0
71,56,1,1884,1884,0,0,1884,1884,0,0
71,66,1,532,532,532,532,0,0,0,0
71,70,2,640,640,640,640,0,0,0,0
71,75,1,1395,1395,0,0,1395,1395,0,0
71,94,1,1112,1112,147,147,965,965,0,0
71,99,5,2192,2192,15,15,2178,2178,0,0
71,105,2,525,525,525,525,0,0,0,0
71,106,2,446,446,446,446,0,0,0,0
71,114,2,50,50,50,50,0,0,0,0
71,115,3,91,91,91,91,0,0,0,0
72,0,1,56,56,14,14,14,14,0,0
72,1,8,1078,1078,431,431,647,647,0,0
72,8,9,1602,1602,1602,1602,0,0,0,0
72,9,53,10541,10541,9701,9701,840,840,0,0
72,10,30,7513,7513,5375,5375,2137,2137,0,0
72,11,62,13644,13644,9622,9622,3987,3987,0,0
72,12,52,9528,9528,7350,7350,2177,2177,0,0
72,13,79,10494,10494,10241,10241,243,243,0,0
72,14,64,10374,10374,9177,9177,1031,1031,0,0
72,15,38,8089,8089,7441,7441,648,648,0,0
72,26,3,1532,1532,823,823,709,709,0,0
72,32,10,1343,1343,709,709,634,634,0,0
72,33,6,3339,3339,410,410,2929,2929,0,0
72,37,6,6691,6691,34,34,6657,6657,0,0
72,38,6,790,790,279,279,511,511,0,0
72,41,2,1388,1388,470,470,918,918,0,0
72,42,6,1346,1346,1006,1006,340,340,0,0
72,56,2,3613,3613,0,0,3613,3613,0,0
72,73,4,1564,1564,1564,1564,0,0,0,0
72,74,42,7885,7885,7565,7565,320,320,0,0
72,75,35,6824,6824,2939,2939,3884,3884,0,0
72,84,6,996,996,879,879,117,117,0,0
72,91,7,455,455,95,95,360,360,0,0
72,93,10,835,835,727,727,101,101,0,0
72,94,3,2273,2273,267,267,2006,2006,0,0
72,97,2,311,311,311,311,0,0,0,0
72,98,4,2490,2490,269,269,2221,2221,0,0
72,100,4,2608,2608,523,523,2086,2086,0,0
72,102,8,2238,2238,1950,1950,0,0,288,288
72,105,1,182,182,182,182,0,0,0,0
72,106,17,2818,2818,2818,2818,0,0,0,0
72,107,28,5570,5570,5570,5570,0,0,0,0
72,108,16,2805,2805,2805,2805,0,0,0,0
72,111,6,922,922,922,922,0,0,0,0
72,113,8,1417,1417,964,964,455,455,0,0
72,117,14,3472,3472,2187,2187,438,438,847,847
72,118,10,2927,2927,1475,1475,1158,1158,0,0
72,120,1,290,290,290,290,0,0,0,0
72,124,1,56,56,56,56,0,0,0,0
72,2,1,986,986,549,549,437,437,0,0
72,16,2,755,755,755,755,0,0,0,0
72,39,1,1494,1494,255,255,1239,1239,0,0
72,66,1,390,390,0,0,390,390,0,0
72,81,2,659,659,247,247,412,412,0,0
72,82,1,529,529,529,529,0,0,0,0
72,83,1,487,487,18,18,469,469,0,0
72,101,2,665,665,665,665,0,0,0,0
72,103,1,177,177,177,177,0,0,0,0
72,112,1,474,474,474,474,0,0,0,0
72,114,1,182,182,182,182,0,0,0,0
72,121,1,250,250,250,250,0,0,0,0
73,2,13,4076,4076,1102,1102,2973,2973,0,0
73,8,14,4453,4453,3915,3915,373,373,0,0
73,9,74,13444,13444,11660,11660,1784,1784,0,0
73,10,51,17723,17723,15196,15196,0,0,2526,2526
73,11,58,12568,12568,8813,8813,3752,3752,0,0
73,12,60,10285,10285,9612,9612,673,673,0,0
73,13,16,2170,2170,1912,1912,258,258,0,0
73,14,22,4203,4203,2243,2243,1960,1960,0,0
73,15,30,6848,6848,6072,6072,775,775,0,0
73,16,7,2020,2020,2020,2020,0,0,0,0
73,17,14,2227,2227,1367,1367,859,859,0,0
73,29,11,2831,2831,1529,1529,1302,1302,0,0
73,32,14,5001,5001,1463,1463,3539,3539,0,0
73,33,7,1056,1056,535,535,521,521,0,0
73,66,11,1380,1380,601,601,778,778,0,0
73,72,17,1547,1547,1547,1547,0,0,0,0
73,73,51,7671,7671,5771,5771,1901,1901,0,0
73,74,82,11025,11025,9493,9493,1532,1532,0,0
73,75,25,4259,4259,1970,1970,2290,2290,0,0
73,83,1,981,981,807,807,174,174,0,0
73,91,5,1295,1295,900,900,262,262,0,0
73,96,6,2088,2088,629,629,1459,1459,0,0
73,97,3,1961,1961,460,460,1501,1501,0,0
73,99,14,5434,5434,1452,1452,3981,3981,0,0
73,100,28,6746,6746,3929,3929,2818,2818,0,0
73,102,4,663,663,316,316,0,0,347,347
73,103,1,242,242,242,242,0,0,0,0
73,106,3,132,132,132,132,0,0,0,0
73,107,12,2051,2051,2051,2051,0,0,0,0
73,108,15,1887,1887,1887,1887,0,0,0,0
73,109,10,1916,1916,1890,1890,9,9,0,0
73,110,15,3069,3069,3069,3069,0,0,0,0
73,111,17,2225,2225,1956,1956,251,251,0,0
73,112,14,1680,1680,1680,1680,0,0,0,0
73,113,3,496,496,343,343,154,154,0,0
73,114,5,620,620,620,620,0,0,0,0
73,117,4,458,458,458,458,0,0,0,0
73,121,4,957,957,957,957,0,0,0,0
73,124,1,306,306,306,306,0,0,0,0
73,24,3,728,728,144,144,585,585,0,0
73,71,1,739,739,739,739,0,0,0,0
73,82,3,521,521,521,521,0,0,0,0
73,94,1,2868,2868,0,0,2868,2868,0,0
73,115,1,344,344,344,344,0,0,0,0
73,120,3,413,413,413,413,0,0,0,0
73,122,5,428,428,428,428,0,0,0,0
73,125,1,66,66,66,66,0,0,0,0
74,7,49,8341,8341,5787,5787,2554,2554,0,0
74,8,46,7670,7670,6442,6442,1228,1228,0,0
74,9,60,14434,14434,14139,14139,296,296,0,0
74,10,61,13628,13628,11485,11485,2143,2143,0,0
74,11,82,12438,12438,10033,10033,2035,2035,0,0
74,12,86,12833,12833,10943,10943,1890,1890,0,0
74,16,3,764,764,764,764,0,0,0,0
74,17,2,1750,1750,34,34,1717,1717,0,0
74,23,2,341,341,38,38,303,303,0,0
74,24,7,3547,3547,484,484,3063,3063,0,0
74,33,17,3054,3054,1054,1054,2000,2000,0,0
74,36,22,4587,4587,2537,2537,2049,2049,0,0
74,37,20,2363,2363,1422,1422,940,940,0,0
74,48,21,3920,3920,2530,2530,1390,1390,0,0
74,49,4,1228,1228,539,539,688,688,0,0
74,55,1,55,55,14,14,14,14,0,0
74,72,21,2466,2466,2466,2466,0,0,0,0
74,73,85,11550,11550,11310,11310,240,240,0,0
74,74,76,10390,10390,9969,9969,398,398,0,0
74,75,37,6226,6226,6226,6226,0,0,0,0
74,82,12,3895,3895,1755,1755,2140,2140,0,0
74,91,9,3112,3112,462,462,2650,2650,0,0
74,92,2,214,214,214,214,0,0,0,0
74,94,3,2550,2550,33,33,2518,2518,0,0
74,95,5,3634,3634,1806,1806,1829,1829,0,0
74,96,34,10489,10489,2653,2653,6179,6179,0,0
74,97,7,945,945,745,745,98,98,0,0
74,99,14,6504,6504,2396,2396,3852,3852,0,0
74,100,19,4853,4853,3928,3928,925,925,0,0
74,106,6,865,865,865,865,0,0,0,0
74,107,17,1919,1919,1779,1779,140,140,0,0
74,108,2,325,325,325,325,0,0,0,0
74,110,11,1366,1366,1163,1163,203,203,0,0
74,111,3,1011,1011,918,918,93,93,0,0
74,112,13,2313,2313,2313,2313,0,0,0,0
74,113,18,1950,1950,1950,1950,0,0,0,0
74,120,8,1071,1071,1071,1071,0,0,0,0
74,121,17,2901,2901,2901,2901,0,0,0,0
74,124,12,1487,1487,1305,1305,116,116,65,65
74,125,5,1435,1435,1111,1111,324,324,0,0
74,126,2,226,226,226,226,0,0,0,0
74,6,8,1084,1084,793,793,291,291,0,0
74,13,3,771,771,771,771,0,0,0,0
74,35,2,196,196,196,196,0,0,0,0
74,66,3,535,535,535,535,0,0,0,0
74,76,1,3203,3203,115,115,3088,3088,0,0
74,83,2,853,853,354,354,499,499,0,0
74,109,2,100,100,100,100,0,0,0,0
74,115,1,134,134,34,34,34,34,0,0
74,116,1,83,83,83,83,0,0,0,0
74,123,2,87,87,87,87,0,0,0,0
74,127,4,488,488,488,488,0,0,0,0
75,1,7,1612,1612,711,711,882,882,0,0
75,2,2,267,267,59,59,208,208,0,0
75,5,4,218,218,218,218,0,0,0,0
75,6,45,8551,8551,7281,7281,1270,1270,0,0
75,7,52,9410,9410,7849,7849,1561,1561,0,0
75,8,50,11906,11906,8545,8545,2391,2391,0,0
75,9,57,11513,11513,9699,9699,978,978,0,0
75,10,102,15843,15843,13512,13512,2331,2331,0,0
75,11,80,11048,11048,10499,10499,549,549,0,0
75,12,59,9507,9507,8914,8914,591,591,0,0
75,13,26,5687,5687,5419,5419,267,267,0,0
75,20,1,231,231,231,231,0,0,0,0
75,21,17,3154,3154,2597,2597,557,557,0,0
75,22,9,2476,2476,1213,1213,1264,1264,0,0
75,32,2,384,384,384,384,0,0,0,0
75,33,10,1216,1216,1112,1112,105,105,0,0
75,35,5,431,431,431,431,0,0,0,0
75,36,3,675,675,653,653,22,22,0,0
75,37,7,845,845,845,845,0,0,0,0
75,41,5,359,359,359,359,0,0,0,0
75,42,4,173,173,173,173,0,0,0,0
75,48,3,759,759,344,344,415,415,0,0
75,49,8,1074,1074,958,958,116,116,0,0
75,52,12,4836,4836,1530,1530,3054,3054,0,0
75,66,3,475,475,475,475,0,0,0,0
75,67,1,559,559,559,559,0,0,0,0
75,71,10,2164,2164,2164,2164,0,0,0,0
75,72,29,7514,7514,7376,7376,138,138,0,0
75,73,53,8932,8932,8932,8932,0,0,0,0
75,74,76,11096,11096,9856,9856,1240,1240,0,0
75,75,50,13130,13130,6774,6774,6357,6357,0,0
75,76,18,6323,6323,5904,5904,419,419,0,0
75,82,6,6834,6834,100,100,6734,6734,0,0
75,83,6,5239,5239,184,184,5055,5055,0,0
75,84,3,1759,1759,218,218,1398,1398,0,0
75,88,4,4249,4249,186,186,4062,4062,0,0
75,91,4,523,523,201,201,322,322,0,0
75,93,9,1484,1484,1357,1357,0,0,127,127
75,94,1,536,536,536,536,0,0,0,0
75,95,5,267,267,257,257,10,10,0,0
75,96,8,1710,1710,982,982,443,443,0,0
75,99,32,9164,9164,6497,6497,2668,2668,0,0
75,100,35,13540,13540,5600,5600,7939,7939,0,0
75,101,3,7728,7728,278,278,7450,7450,0,0
75,106,26,2419,2419,2419,2419,0,0,0,0
75,107,11,1400,1400,1188,1188,213,213,0,0
75,109,3,1097,1097,270,270,827,827,0,0
75,112,18,5368,5368,3899,3899,998,998,470,470
75,113,8,710,710,710,710,0,0,0,0
75,122,3,610,610,610,610,0,0,0,0
75,126,1,19,19,0,0,19,19,0,0
75,127,7,897,897,792,792,105,105,0,0
75,14,19,2501,2501,2203,2203,298,298,0,0
75,15,3,342,342,342,342,0,0,0,0
75,17,1,95,95,95,95,0,0,0,0
75,46,1,8,8,2,2,2,2,0,0
75,50,2,345,345,345,345,0,0,0,0
75,53,5,462,462,462,462,0,0,0,0
75,87,5,1343,1343,640,640,703,703,0,0
75,105,4,464,464,407,407,56,56,0,0
75,111,10,1679,1679,1679,1679,0,0,0,0
75,117,6,2434,2434,2220,2220,205,205,8,8
75,121,1,5,5,5,5,0,0,0,0
76,5,19,7043,7043,1589,1589,5454,5454,0,0
76,6,47,8956,8956,5041,5041,3914,3914,0,0
76,7,81,11625,11625,10424,10424,1201,1201,0,0
76,8,53,10433,10433,8624,8624,1794,1794,0,0
76,9,49,17944,17944,7311,7311,10495,10495,0,0
76,10,56,8505,8505,7342,7342,1133,1133,0,0
76,11,36,6649,6649,4992,4992,1655,1655,0,0
76,12,44,9911,9911,8532,8532,1380,1380,0,0
76,13,70,10741,10741,8722,8722,2020,2020,0,0
76,14,35,4806,4806,3867,3867,938,938,0,0
76,16,8,2641,2641,1328,1328,1313,1313,0,0
76,17,1,72,72,72,72,0,0,0,0
76,31,1,802,802,802,802,0,0,0,0
76,32,13,2666,2666,1169,1169,1496,1496,0,0
76,33,8,3384,3384,1158,1158,2227,2227,0,0
76,36,7,3016,3016,493,493,2522,2522,0,0
76,40,4,389,389,389,389,0,0,0,0
76,52,15,3056,3056,2400,2400,451,451,128,128
76,53,6,2005,2005,420,420,1580,1580,0,0
76,59,4,453,453,354,354,33,33,0,0
76,61,11,2912,2912,2912,2912,0,0,0,0
76,69,7,1013,1013,1013,1013,0,0,0,0
76,70,24,3767,3767,3671,3671,96,96,0,0
76,71,27,7836,7836,6894,6894,942,942,0,0
76,72,98,13657,13657,11093,11093,2548,2548,0,0
76,73,87,10803,10803,10197,10197,581,581,0,0
76,74,108,16127,16127,15495,15495,632,632,0,0
76,75,38,5101,5101,4477,4477,624,624,0,0
76,76,60,8773,8773,7848,7848,924,924,0,0
76,77,9,3040,3040,3040,3040,0,0,0,0
76,83,3,371,371,351,351,20,20,0,0
76,87,5,552,552,552,552,0,0,0,0
76,88,5,2382,2382,278,278,2105,2105,0,0
76,93,1,1433,1433,1433,1433,0,0,0,0
76,96,1,251,251,251,251,0,0,0,0
76,99,34,9889,9889,8197,8197,1693,1693,0,0
76,100,26,9382,9382,6910,6910,2473,2473,0,0
76,101,9,5007,5007,5005,5005,2,2,0,0
76,103,17,2846,2846,2846,2846,0,0,0,0
76,104,23,2140,2140,2126,2126,5,5,0,0
76,105,34,4431,4431,4431,4431,0,0,0,0
76,106,11,2172,2172,2172,2172,0,0,0,0
76,109,20,2663,2663,2663,2663,0,0,0,0
76,110,35,5212,5212,5212,5212,0,0,0,0
76,111,40,7219,7219,7207,7207,4,4,0,0
76,112,55,9085,9085,7927,7927,662,662,319,319
76,113,28,4500,4500,3831,3831,523,523,0,0
76,114,1,420,420,420,420,0,0,0,0
76,115,2,674,674,495,495,179,179,0,0
76,117,6,1005,1005,481,481,525,525,0,0
76,122,1,14,14,14,14,0,0,0,0
76,15,11,1281,1281,1281,1281,0,0,0,0
76,18,2,569,569,569,569,0,0,0,0
76,19,9,962,962,623,623,340,340,0,0
76,28,5,510,510,510,510,0,0,0,0
76,29,12,1051,1051,1051,1051,0,0,0,0
76,30,13,1428,1428,1428,1428,0,0,0,0
76,34,3,1917,1917,373,373,1544,1544,0,0
76,35,3,540,540,402,402,138,138,0,0
76,37,12,917,917,637,637,280,280,0,0
76,38,4,1916,1916,231,231,1655,1655,0,0
76,47,1,127,127,127,127,0,0,0,0
76,48,4,549,549,549,549,0,0,0,0
76,51,4,403,403,267,267,137,137,0,0
76,65,1,201,201,201,201,0,0,0,0
76,66,2,1532,1532,262,262,1270,1270,0,0
76,67,2,104,104,104,104,0,0,0,0
76,80,3,5369,5369,1014,1014,4355,4355,0,0
76,81,3,374,374,148,148,226,226,0,0
76,82,2,524,524,409,409,115,115,0,0
76,86,9,1185,1185,922,922,263,263,0,0
76,95,1,425,425,425,425,0,0,0,0
76,97,4,1129,1129,836,836,293,293,0,0
76,98,7,1696,1696,1175,1175,522,522,0,0
76,102,2,660,660,660,660,0,0,0,0
76,123,1,85,85,85,85,0,0,0,0
76,127,7,1138,1138,497,497,640,640,0,0
77,5,35,11426,11426,3287,3287,8140,8140,0,0
77,6,57,11407,11407,7942,7942,3138,3138,0,0
77,7,34,7391,7391,5382,5382,1685,1685,0,0
77,8,5,1131,1131,612,612,318,318,0,0
77,9,35,9947,9947,5484,5484,4461,4461,0,0
77,10,21,5828,5828,3991,3991,778,778,0,0
77,11,5,1611,1611,620,620,991,991,0,0
77,12,13,2928,2928,1983,1983,945,945,0,0
77,13,47,9350,9350,7017,7017,2332,2332,0,0
77,14,33,5796,5796,4208,4208,1588,1588,0,0
77,18,2,200,200,200,200,0,0,0,0
77,23,5,1136,1136,775,775,361,361,0,0
77,24,11,1777,1777,1164,1164,613,613,0,0
77,28,1,293,293,293,293,0,0,0,0
77,29,14,3957,3957,1245,1245,2712,2712,0,0
77,30,20,4580,4580,1983,1983,2597,2597,0,0
77,31,67,11178,11178,10663,10663,516,516,0,0
77,32,71,10265,10265,9714,9714,553,553,0,0
77,33,29,6390,6390,4896,4896,1496,1496,0,0
77,34,12,8746,8746,1683,1683,7062,7062,0,0
77,35,19,4954,4954,1812,1812,3142,3142,0,0
77,36,15,9972,9972,732,732,9243,9243,0,0
77,37,5,494,494,416,416,77,77,0,0
77,46,6,518,518,518,518,0,0,0,0
77,60,2,882,882,187,187,695,695,0,0
77,62,11,975,975,975,975,0,0,0,0
77,64,5,953,953,479,479,473,473,0,0
77,65,6,1430,1430,1292,1292,138,138,0,0
77,66,12,11230,11230,1636,1636,9595,9595,0,0
77,67,5,728,728,728,728,0,0,0,0
77,68,7,2020,2020,1430,1430,590,590,0,0
77,69,32,5577,5577,5129,5129,449,449,0,0
77,70,8,1663,1663,1298,1298,365,365,0,0
77,72,33,7403,7403,5680,5680,1724,1724,0,0
77,73,103,14905,14905,13538,13538,1367,1367,0,0
77,74,98,14812,14812,10976,10976,3798,3798,0,0
77,75,73,13600,13600,10236,10236,3329,3329,0,0
77,76,58,12700,12700,9478,9478,3106,3106,0,0
77,77,33,5228,5228,5228,5228,0,0,0,0
77,80,4,5035,5035,542,542,4493,4493,0,0
77,82,3,1410,1410,57,57,1353,1353,0,0
77,84,4,1156,1156,525,525,630,630,0,0
77,90,7,1917,1917,680,680,1237,1237,0,0
77,97,4,690,690,427,427,264,264,0,0
77,98,6,1785,1785,1785,1785,0,0,0,0
77,99,50,9960,9960,9454,9454,169,169,0,0
77,100,32,11897,11897,10850,10850,1046,1046,0,0
77,101,6,2437,2437,2437,2437,0,0,0,0
77,102,5,964,964,964,964,0,0,0,0
77,103,25,5686,5686,5111,5111,192,192,0,0
77,104,5,751,751,751,751,0,0,0,0
77,105,12,1565,1565,1565,1565,0,0,0,0
77,107,11,2427,2427,2160,2160,267,267,0,0
77,109,19,3841,3841,3702,3702,47,47,0,0
77,110,55,7915,7915,7915,7915,0,0,0,0
77,111,34,6846,6846,6701,6701,48,48,0,0
77,112,28,5523,5523,5340,5340,182,182,0,0
77,113,6,2102,2102,1555,1555,523,523,0,0
77,123,2,288,288,132,132,156,156,0,0
77,126,1,236,236,236,236,0,0,0,0
77,0,2,188,188,107,107,81,81,0,0
77,4,11,1471,1471,1037,1037,434,434,0,0
77,15,2,1135,1135,158,158,977,977,0,0
77,19,9,1311,1311,1311,1311,0,0,0,0
77,47,4,1604,1604,1146,1146,406,406,0,0
77,51,9,2864,2864,915,915,1950,1950,0,0
77,56,3,355,355,355,355,0,0,0,0
77,61,2,228,228,228,228,0,0,0,0
77,63,3,227,227,227,227,0,0,0,0
77,71,6,3294,3294,967,967,2327,2327,0,0
77,79,3,1139,1139,723,723,416,416,0,0
77,106,2,360,360,343,343,17,17,0,0
78,2,1,9,9,9,9,0,0,0,0
78,4,19,6168,6168,1601,1601,4566,4566,0,0
78,5,28,10507,10507,4828,4828,5678,5678,0,0
78,6,27,8942,8942,5903,5903,3039,3039,0,0
78,7,8,2922,2922,2723,2723,66,66,0,0
78,9,23,7415,7415,5294,5294,2121,2121,0,0
78,10,22,5153,5153,5153,5153,0,0,0,0
78,12,31,3829,3829,3779,3779,17,17,0,0
78,13,34,7566,7566,7353,7353,213,213,0,0
78,14,16,3016,3016,1632,1632,1384,1384,0,0
78,15,11,1558,1558,1439,1439,118,118,0,0
78,19,6,884,884,443,443,440,440,0,0
78,24,1,377,377,93,93,284,284,0,0
78,30,51,9487,9487,7604,7604,1882,1882,0,0
78,31,28,7171,7171,4995,4995,289,289,1887,1887
78,32,11,1533,1533,1533,1533,0,0,0,0
78,33,9,2049,2049,1408,1408,642,642,0,0
78,34,14,2875,2875,2875,2875,0,0,0,0
78,35,4,6387,6387,279,279,6109,6109,0,0
78,36,4,844,844,412,412,432,432,0,0
78,39,1,6,6,6,6,0,0,0,0
78,40,2,595,595,149,149,149,149,0,0
78,51,2,1191,1191,52,52,1059,1059,0,0
78,58,3,245,245,245,245,0,0,0,0
78,61,26,3173,3173,3005,3005,167,167,0,0
78,62,23,2543,2543,2316,2316,226,226,0,0
78,63,18,3506,3506,3497,3497,9,9,0,0
78,64,33,4328,4328,3798,3798,530,530,0,0
78,65,1,1496,1496,0,0,1496,1496,0,0
78,67,1,329,329,0,0,329,329,0,0
78,68,3,1081,1081,52,52,1029,1029,0,0
78,71,13,3883,3883,1285,1285,2597,2597,0,0
78,72,70,9867,9867,9213,9213,655,655,0,0
78,73,82,12550,12550,12550,12550,0,0,0,0
78,74,116,16959,16959,14920,14920,1981,1981,0,0
78,75,56,8358,8358,8358,8358,0,0,0,0
78,76,32,5977,5977,5550,5550,427,427,0,0
78,77,14,3647,3647,3647,3647,0,0,0,0
78,79,22,3537,3537,2967,2967,569,569,0,0
78,80,4,351,351,351,351,0,0,0,0
78,81,6,1119,1119,619,619,500,500,0,0
78,95,2,8446,8446,8446,8446,0,0,0,0
78,96,6,5898,5898,568,568,5330,5330,0,0
78,98,7,2403,2403,2403,2403,0,0,0,0
78,99,23,5921,5921,5467,5467,455,455,0,0
78,100,20,12249,12249,10227,10227,360,360,953,953
78,103,33,4788,4788,4788,4788,0,0,0,0
78,104,34,4640,4640,4640,4640,0,0,0,0
78,105,22,6389,6389,6389,6389,0,0,0,0
78,106,28,6781,6781,6781,6781,0,0,0,0
78,107,3,717,717,19,19,697,697,0,0
78,109,4,1008,1008,932,932,25,25,0,0
78,110,16,3516,3516,3516,3516,0,0,0,0
78,111,29,6070,6070,4385,4385,562,562,0,0
78,112,60,6518,6518,6498,6498,20,20,0,0
78,123,4,1657,1657,565,565,1081,1081,0,0
78,1,2,139,139,139,139,0,0,0,0
78,8,6,2641,2641,2518,2518,122,122,0,0
78,11,23,2713,2713,2657,2657,19,19,0,0
78,26,10,1177,1177,546,546,631,631,0,0
78,28,2,236,236,236,236,0,0,0,0
78,29,8,4806,4806,805,805,4001,4001,0,0
78,37,3,1463,1463,340,340,1123,1123,0,0
78,44,2,297,297,297,297,0,0,0,0
78,53,7,1719,1719,1719,1719,0,0,0,0
78,56,6,1512,1512,872,872,557,557,0,0
78,60,4,700,700,521,521,179,179,0,0
78,66,2,727,727,137,137,590,590,0,0
78,101,5,1499,1499,1393,1393,106,106,0,0
78,127,5,672,672,547,547,125,125,0,0
79,0,6,4048,4048,1821,1821,2227,2227,0,0
79,4,30,6757,6757,4293,4293,2432,2432,0,0
79,5,41,7472,7472,6407,6407,1065,1065,0,0
79,6,27,6112,6112,5549,5549,563,563,0,0
79,7,5,1766,1766,1766,1766,0,0,0,0
79,8,18,3661,3661,3661,3661,0,0,0,0
79,9,40,8449,8449,8449,8449,0,0,0,0
79,10,27,6732,6732,6732,6732,0,0,0,0
79,11,28,6156,6156,6127,6127,10,10,0,0
79,12,1,226,226,226,226,0,0,0,0
79,13,1,432,432,432,432,0,0,0,0
79,15,4,1429,1429,361,361,1068,1068,0,0
79,16,16,2287,2287,1805,1805,481,481,0,0
79,27,19,4106,4106,2922,2922,1183,1183,0,0
79,29,25,5396,5396,3648,3648,1748,1748,29,29
79,30,36,7129,7129,5986,5986,914,914,0,0
79,31,54,9247,9247,6952,6952,2297,2297,0,0
79,33,5,4990,4990,132,132,4858,4858,0,0
79,34,21,5678,5678,2414,2414,3249,3249,0,0
79,44,3,302,302,302,302,0,0,0,0
79,53,3,861,861,861,861,0,0,0,0
79,58,9,1621,1621,643,643,979,979,0,0
79,59,60,7445,7445,6533,6533,727,727,0,0
79,60,54,6247,6247,4348,4348,1132,1132,609,609
79,61,7,1189,1189,690,690,498,498,0,0
79,63,19,1899,1899,1477,1477,422,422,0,0
79,64,6,519,519,519,519,0,0,0,0
79,71,16,2733,2733,2733,2733,0,0,0,0
79,72,36,7607,7607,7607,7607,0,0,0,0
79,73,35,6305,6305,5796,5796,398,398,111,111
79,74,97,11761,11761,11580,11580,181,181,0,0
79,75,57,8240,8240,8240,8240,0,0,0,0
79,76,28,6482,6482,5196,5196,0,0,1286,1286
79,77,1,719,719,719,719,0,0,0,0
79,83,2,332,332,137,137,163,163,0,0
79,95,4,6958,6958,390,390,6412,6412,0,0
79,96,5,8126,8126,246,246,7879,7879,0,0
79,98,3,700,700,700,700,0,0,0,0
79,99,17,6158,6158,5173,5173,964,964,22,22
79,100,18,14014,14014,3561,3561,9917,9917,535,535
79,103,1,221,221,221,221,0,0,0,0
79,104,8,1347,1347,1231,1231,116,116,0,0
79,105,9,1826,1826,1826,1826,0,0,0,0
79,106,13,2399,2399,2399,2399,0,0,0,0
79,108,1,195,195,195,195,0,0,0,0
79,110,6,1512,1512,1308,1308,204,204,0,0
79,111,7,1025,1025,775,775,83,83,0,0
79,112,19,1645,1645,1645,1645,0,0,0,0
79,117,2,762,762,601,601,160,160,0,0
79,125,2,531,531,531,531,0,0,0,0
79,126,2,319,319,319,319,0,0,0,0
79,127,6,1483,1483,1333,1333,150,150,0,0
79,14,2,374,374,374,374,0,0,0,0
79,28,7,855,855,630,630,225,225,0,0
79,35,3,288,288,288,288,0,0,0,0
79,36,12,2010,2010,809,809,1201,1201,0,0
79,47,3,422,422,159,159,264,264,0,0
79,51,1,138,138,35,35,35,35,0,0
79,57,2,272,272,74,74,198,198,0,0
79,66,1,404,404,45,45,359,359,0,0
79,67,4,900,900,242,242,658,658,0,0
79,82,9,1304,1304,650,650,655,655,0,0
79,94,4,1042,1042,808,808,78,78,0,0
80,3,37,5459,5459,4444,4444,927,927,0,0
80,4,13,6832,6832,3430,3430,3402,3402,0,0
80,5,10,7263,7263,1578,1578,5685,5685,0,0
80,6,1,88,88,88,88,0,0,0,0
80,9,23,4753,4753,3465,3465,1288,1288,0,0
80,10,37,6508,6508,6508,6508,0,0,0,0
80,11,23,4102,4102,4052,4052,49,49,0,0
80,14,7,2069,2069,1252,1252,817,817,0,0
80,16,1,115,115,115,115,0,0,0,0
80,19,5,675,675,498,498,177,177,0,0
80,27,2,1574,1574,299,299,1275,1275,0,0
80,28,7,4916,4916,770,770,4147,4147,0,0
80,29,15,4154,4154,1354,1354,2799,2799,0,0
80,30,15,2389,2389,1857,1857,532,532,0,0
80,31,3,320,320,147,147,173,173,0,0
80,32,20,4291,4291,1526,1526,2764,2764,0,0
80,33,15,2137,2137,1926,1926,70,70,0,0
80,34,7,1678,1678,955,955,720,720,0,0
80,35,1,212,212,212,212,0,0,0,0
80,36,9,932,932,932,932,0,0,0,0
80,57,15,2827,2827,1769,1769,1057,1057,0,0
80,58,2,1264,1264,374,374,890,890,0,0
80,59,25,3772,3772,2542,2542,1230,1230,0,0
80,60,4,470,470,149,149,322,322,0,0
80,61,2,533,533,533,533,0,0,0,0
80,67,2,1232,1232,297,297,936,936,0,0
80,74,32,4471,4471,3950,3950,520,520,0,0
80,75,33,5060,5060,4160,4160,901,901,0,0
80,76,1,166,166,166,166,0,0,0,0
80,94,2,1393,1393,440,440,318,318,0,0
80,99,5,1825,1825,1806,1806,18,18,0,0
80,111,13,2227,2227,1863,1863,351,351,0,0
80,113,14,2225,2225,2225,2225,0,0,0,0
80,114,3,540,540,384,384,157,157,0,0
80,119,4,767,767,767,767,0,0,0,0
80,125,6,1095,1095,1095,1095,0,0,0,0
80,2,1,120,120,120,120,0,0,0,0
80,8,2,1785,1785,0,0,1785,1785,0,0
80,12,1,626,626,94,94,533,533,0,0
80,13,4,485,485,329,329,156,156,0,0
80,15,3,609,609,180,180,429,429,0,0
80,17,4,545,545,545,545,0,0,0,0
80,18,4,845,845,845,845,0,0,0,0
80,50,1,398,398,398,398,0,0,0,0
80,54,2,547,547,547,547,0,0,0,0
80,69,2,763,763,763,763,0,0,0,0
80,70,2,119,119,119,119,0,0,0,0
80,71,1,21,21,21,21,0,0,0,0
80,88,6,1353,1353,654,654,669,669,0,0
80,91,2,538,538,292,292,247,247,0,0
80,92,4,1421,1421,280,280,1141,1141,0,0
80,100,2,3161,3161,311,311,2849,2849,0,0
80,106,3,280,280,280,280,0,0,0,0
80,115,6,1336,1336,813,813,523,523,0,0
80,123,2,347,347,202,202,71,71,74,74
80,126,1,7,7,7,7,0,0,0,0
81,3,14,3397,3397,1952,1952,1445,1445,0,0
81,4,4,3057,3057,567,567,2490,2490,0,0
81,5,3,2950,2950,357,357,2593,2593,0,0
81,11,18,2764,2764,1572,1572,1192,1192,0,0
81,13,11,1505,1505,668,668,837,837,0,0
81,14,11,1703,1703,871,871,832,832,0,0
81,15,7,1435,1435,610,610,825,825,0,0
81,16,8,1277,1277,1193,1193,84,84,0,0
81,18,3,427,427,427,427,0,0,0,0
81,24,4,1162,1162,543,543,619,619,0,0
81,26,10,1549,1549,718,718,832,832,0,0
81,27,6,9885,9885,622,622,9264,9264,0,0
81,30,1,227,227,0,0,227,227,0,0
81,32,3,826,826,507,507,167,167,0,0
81,33,16,4495,4495,905,905,3590,3590,0,0
81,34,4,2288,2288,704,704,1584,1584,0,0
81,36,10,1485,1485,1485,1485,0,0,0,0
81,40,3,656,656,225,225,220,220,0,0
81,49,3,4595,4595,74,74,4522,4522,0,0
81,50,7,1912,1912,656,656,1256,1256,0,0
81,69,1,223,223,223,223,0,0,0,0
81,73,1,110,110,0,0,0,0,110,110
81,74,15,2644,2644,1652,1652,992,992,0,0
81,80,9,2121,2121,753,753,1367,1367,0,0
81,90,6,2900,2900,2535,2535,365,365,0,0
81,91,3,1828,1828,1445,1445,382,382,0,0
81,92,7,4317,4317,0,0,4317,4317,0,0
81,97,9,2121,2121,1415,1415,705,705,0,0
81,99,4,2293,2293,397,397,1896,1896,0,0
81,100,7,4851,4851,577,577,4274,4274,0,0
81,101,2,409,409,143,143,265,265,0,0
81,111,3,10,10,10,10,0,0,0,0
81,112,1,1181,1181,0,0,1181,1181,0,0
81,113,6,1645,1645,731,731,914,914,0,0
81,114,3,1003,1003,425,425,579,579,0,0
81,117,2,276,276,258,258,17,17,0,0
81,118,6,1556,1556,1231,1231,325,325,0,0
81,123,5,1467,1467,642,642,824,824,0,0
81,2,11,2533,2533,1119,1119,1414,1414,0,0
81,7,3,1545,1545,317,317,1227,1227,0,0
81,10,1,300,300,300,300,0,0,0,0
81,20,4,1134,1134,748,748,386,386,0,0
81,28,2,2416,2416,0,0,2416,2416,0,0
81,31,5,1694,1694,677,677,1017,1017,0,0
81,65,1,23,23,23,23,0,0,0,0
81,66,1,16,16,16,16,0,0,0,0
81,67,3,291,291,291,291,0,0,0,0
81,84,1,222,222,222,222,0,0,0,0
81,120,1,412,412,83,83,329,329,0,0
81,121,2,3362,3362,2,2,3360,3360,0,0
81,125,1,744,744,59,59,685,685,0,0
81,126,7,744,744,627,627,95,95,0,0
81,127,3,155,155,155,155,0,0,0,0
82,5,1,6,6,6,6,0,0,0,0
82,10,5,696,696,696,696,0,0,0,0
82,13,8,4569,4569,900,900,3669,3669,0,0
82,14,2,331,331,195,195,136,136,0,0
82,16,1,221,221,218,218,3,3,0,0
82,23,11,937,937,856,856,81,81,0,0
82,26,17,6113,6113,2502,2502,3613,3613,0,0
82,31,14,3417,3417,1716,1716,1657,1657,0,0
82,32,14,3301,3301,1284,1284,2017,2017,0,0
82,33,21,3391,3391,1080,1080,2310,2310,0,0
82,40,11,2292,2292,1355,1355,893,893,0,0
82,49,2,346,346,200,200,147,147,0,0
82,50,2,120,120,97,97,8,8,0,0
82,56,3,1025,1025,587,587,438,438,0,0
82,71,1,695,695,695,695,0,0,0,0
82,74,1,338,338,338,338,0,0,0,0
82,84,2,325,325,325,325,0,0,0,0
82,85,4,1208,1208,1208,1208,0,0,0,0
82,93,7,885,885,513,513,372,372,0,0
82,97,13,4464,4464,1756,1756,2582,2582,0,0
82,100,5,10799,10799,663,663,10136,10136,0,0
82,102,6,12130,12130,1575,1575,10555,10555,0,0
82,103,1,15,15,4,4,4,4,0,0
82,108,7,728,728,571,571,157,157,0,0
82,113,3,909,909,592,592,317,317,0,0
82,117,3,484,484,223,223,261,261,0,0
82,118,12,4090,4090,2049,2049,2012,2012,0,0
82,9,2,397,397,397,397,0,0,0,0
82,17,7,1662,1662,282,282,1380,1380,0,0
82,22,8,749,749,575,575,175,175,0,0
82,96,1,182,182,90,90,92,92,0,0
82,115,1,1084,1084,103,103,981,981,0,0
82,116,4,927,927,735,735,191,191,0,0
82,120,1,3272,3272,0,0,3272,3272,0,0
82,122,3,684,684,684,684,0,0,0,0
82,126,3,126,126,126,126,0,0,0,0
83,2,5,1493,1493,671,671,822,822,0,0
83,9,18,2518,2518,1754,1754,765,765,0,0
83,10,11,4407,4407,1644,1644,2763,2763,0,0
83,14,5,930,930,574,574,356,356,0,0
83,23,1,47,47,47,47,0,0,0,0
83,32,3,2477,2477,272,272,2205,2205,0,0
83,33,14,2471,2471,629,629,1841,1841,0,0
83,35,14,3517,3517,2112,2112,1404,1404,0,0
83,40,4,1280,1280,847,847,433,433,0,0
83,49,4,1051,1051,624,624,427,427,0,0
83,53,6,2634,2634,446,446,2188,2188,0,0
83,55,8,3685,3685,736,736,2875,2875,0,0
83,65,4,552,552,552,552,0,0,0,0
83,69,1,123,123,123,123,0,0,0,0
83,70,5,873,873,429,429,445,445,0,0
83,73,7,2339,2339,150,150,2188,2188,0,0
83,74,4,1258,1258,317,317,941,941,0,0
83,94,29,3806,3806,3806,3806,0,0,0,0
83,95,29,7694,7694,6766,6766,928,928,0,0
83,96,19,4855,4855,3927,3927,282,282,646,646
83,97,31,7952,7952,7500,7500,151,151,0,0
83,100,8,18099,18099,1093,1093,17006,17006,0,0
83,101,1,7091,7091,0,0,7091,7091,0,0
83,102,2,4628,4628,375,375,4253,4253,0,0
83,113,1,53,53,53,53,0,0,0,0
83,115,1,458,458,141,141,317,317,0,0
83,117,5,847,847,650,650,66,66,0,0
83,119,6,701,701,347,347,354,354,0,0
83,120,8,1430,1430,850,850,580,580,0,0
83,124,4,578,578,578,578,0,0,0,0
83,5,1,283,283,71,71,71,71,0,0
83,12,2,318,318,318,318,0,0,0,0
83,15,2,263,263,200,200,63,63,0,0
83,22,5,606,606,106,106,500,500,0,0
83,54,4,922,922,475,475,447,447,0,0
83,63,1,46,46,20,20,26,26,0,0
83,67,1,1668,1668,0,0,1668,1668,0,0
83,68,7,1524,1524,301,301,1222,1222,0,0
83,80,5,1176,1176,453,453,722,722,0,0
83,87,1,48,48,12,12,12,12,0,0
83,110,2,261,261,261,261,0,0,0,0
83,118,4,1096,1096,1096,1096,0,0,0,0
83,125,1,352,352,352,352,0,0,0,0
83,126,1,98,98,98,98,0,0,0,0
84,9,30,4078,4078,3057,3057,1023,1023,0,0
84,10,6,801,801,638,638,163,163,0,0
84,11,2,414,414,414,414,0,0,0,0
84,12,2,86,86,57,57,10,10,0,0
84,14,4,1372,1372,627,627,745,745,0,0
84,19,3,552,552,201,201,350,350,0,0
84,21,2,389,389,389,389,0,0,0,0
84,22,4,449,449,271,271,178,178,0,0
84,33,3,1206,1206,895,895,311,311,0,0
84,34,2,2503,2503,50,50,2453,2453,0,0
84,35,3,988,988,403,403,585,585,0,0
84,40,2,3986,3986,9,9,3977,3977,0,0
84,41,1,14,14,14,14,0,0,0,0
84,52,9,3486,3486,681,681,2805,2805,0,0
84,53,6,1398,1398,648,648,750,750,0,0
84,54,5,1390,1390,421,421,969,969,0,0
84,55,5,3242,3242,607,607,2636,2636,0,0
84,63,13,2133,2133,1574,1574,558,558,0,0
84,64,6,2911,2911,449,449,2462,2462,0,0
84,65,1,29,29,29,29,0,0,0,0
84,67,11,5832,5832,1039,1039,4793,4793,0,0
84,68,5,5756,5756,461,461,5295,5295,0,0
84,69,2,414,414,414,414,0,0,0,0
84,73,3,276,276,276,276,0,0,0,0
84,85,2,412,412,72,72,340,340,0,0
84,94,3,585,585,585,585,0,0,0,0
84,95,11,2122,2122,1930,1930,193,193,0,0
84,96,16,6637,6637,4879,4879,1757,1757,0,0
84,97,16,5449,5449,4986,4986,0,0,463,463
84,98,18,6272,6272,3129,3129,3060,3060,0,0
84,99,11,6216,6216,2767,2767,3447,3447,0,0
84,102,5,13391,13391,444,444,12947,12947,0,0
84,103,4,2582,2582,479,479,2104,2104,0,0
84,107,4,1360,1360,978,978,382,382,0,0
84,110,6,1279,1279,787,787,493,493,0,0
84,117,1,109,109,109,109,0,0,0,0
84,118,10,1489,1489,997,997,451,451,0,0
84,120,8,1681,1681,1645,1645,12,12,0,0
84,1,5,2328,2328,525,525,1803,1803,0,0
84,2,1,1157,1157,0,0,1157,1157,0,0
84,5,2,297,297,97,97,200,200,0,0
84,8,6,944,944,767,767,177,177,0,0
84,15,3,1146,1146,310,310,837,837,0,0
84,48,19,3285,3285,3285,3285,0,0,0,0
84,61,2,144,144,144,144,0,0,0,0
84,62,6,669,669,669,669,0,0,0,0
84,84,1,316,316,287,287,30,30,0,0
84,93,3,1460,1460,1460,1460,0,0,0,0
84,101,1,6266,6266,0,0,6266,6266,0,0
84,111,6,1170,1170,1016,1016,154,154,0,0
84,113,10,2429,2429,499,499,1930,1930,0,0
84,114,1,274,274,7,7,267,267,0,0
84,119,2,190,190,190,190,0,0,0,0
84,123,1,400,400,49,49,351,351,0,0
84,124,6,253,253,253,253,0,0,0,0
85,5,1,1091,1091,0,0,1091,1091,0,0
85,6,1,634,634,170,170,464,464,0,0
85,9,6,827,827,756,756,72,72,0,0
85,15,1,2873,2873,0,0,2873,2873,0,0
85,21,2,481,481,393,393,88,88,0,0
85,35,6,780,780,383,383,398,398,0,0
85,44,4,6093,6093,0,0,6093,6093,0,0
85,48,48,7841,7841,7398,7398,444,444,0,0
85,49,32,4196,4196,3773,3773,423,423,0,0
85,50,16,4889,4889,1459,1459,3430,3430,0,0
85,51,6,1514,1514,671,671,844,844,0,0
85,52,35,2839,2839,2587,2587,251,251,0,0
85,56,9,1535,1535,1535,1535,0,0,0,0
85,60,5,871,871,748,748,123,123,0,0
85,61,6,982,982,982,982,0,0,0,0
85,62,6,909,909,618,618,292,292,0,0
85,64,3,1729,1729,859,859,870,870,0,0
85,65,2,1774,1774,98,98,1676,1676,0,0
85,66,4,165,165,165,165,0,0,0,0
85,67,14,10072,10072,558,558,9514,9514,0,0
85,78,1,611,611,611,611,0,0,0,0
85,80,3,416,416,186,186,230,230,230,230
85,81,2,269,269,171,171,98,98,98,98
85,84,1,370,370,51,51,319,319,0,0
85,91,8,4285,4285,639,639,3646,3646,0,0
85,96,6,2627,2627,1493,1493,1135,1135,0,0
85,98,6,7535,7535,236,236,7298,7298,0,0
85,99,8,3897,3897,593,593,3304,3304,0,0
85,100,6,10767,10767,18,18,10750,10750,0,0
85,101,4,7477,7477,518,518,6959,6959,0,0
85,102,20,11067,11067,2220,2220,8846,8846,0,0
85,103,4,3618,3618,962,962,2656,2656,0,0
85,107,2,864,864,142,142,722,722,0,0
85,111,5,984,984,890,890,0,0,94,94
85,113,7,2093,2093,770,770,1324,1324,0,0
85,114,8,1133,1133,890,890,243,243,0,0
85,116,1,279,279,279,279,0,0,0,0
85,117,3,319,319,319,319,0,0,0,0
85,119,2,2307,2307,51,51,2256,2256,0,0
85,121,2,92,92,92,92,0,0,0,0
85,124,3,795,795,410,410,385,385,0,0
85,127,2,413,413,413,413,0,0,0,0
85,16,1,151,151,67,67,84,84,0,0
85,17,6,5968,5968,348,348,5619,5619,0,0
85,18,4,3570,3570,315,315,3256,3256,0,0
85,40,1,100,100,38,38,62,62,0,0
85,45,6,1735,1735,260,260,1475,1475,0,0
85,46,4,493,493,493,493,0,0,0,0
85,47,14,2141,2141,1572,1572,569,569,0,0
85,63,2,391,391,391,391,0,0,0,0
85,68,2,15825,15825,38,38,15787,15787,0,0
85,71,1,117,117,117,117,0,0,0,0
85,89,3,1033,1033,722,722,311,311,0,0
85,90,1,323,323,323,323,0,0,0,0
85,92,1,398,398,398,398,0,0,0,0
85,94,6,789,789,789,789,0,0,0,0
85,95,1,334,334,334,334,0,0,0,0
85,104,1,639,639,353,353,287,287,0,0
85,105,2,353,353,120,120,233,233,0,0
85,106,5,2458,2458,205,205,2253,2253,0,0
86,0,6,2380,2380,573,573,1807,1807,0,0
86,9,4,935,935,935,935,0,0,0,0
86,10,4,899,899,105,105,793,793,0,0
86,11,17,7834,7834,1893,1893,5943,5943,0,0
86,12,5,973,973,675,675,298,298,0,0
86,14,2,808,808,0,0,808,808,0,0
86,16,6,2750,2750,494,494,2257,2257,0,0
86,17,28,7971,7971,4100,4100,3872,3872,0,0
86,19,12,1036,1036,1036,1036,0,0,0,0
86,22,3,465,465,462,462,2,2,0,0
86,23,10,8079,8079,860,860,7219,7219,0,0
86,39,7,2054,2054,618,618,1435,1435,0,0
86,40,5,796,796,478,478,270,270,0,0
86,44,7,6445,6445,216,216,6230,6230,0,0
86,45,6,2483,2483,398,398,2086,2086,0,0
86,47,74,8790,8790,7520,7520,941,941,308,308
86,48,69,10924,10924,7322,7322,2138,2138,1465,1465
86,49,44,7049,7049,6273,6273,580,580,0,0
86,50,8,1383,1383,789,789,594,594,0,0
86,60,6,1413,1413,959,959,454,454,0,0
86,62,9,1371,1371,973,973,399,399,0,0
86,63,5,958,958,753,753,205,205,0,0
86,64,4,788,788,230,230,558,558,0,0
86,66,4,2900,2900,460,460,2441,2441,0,0
86,67,15,13715,13715,1435,1435,12281,12281,0,0
86,68,5,12424,12424,45,45,12379,12379,0,0
86,76,1,549,549,549,549,0,0,0,0
86,94,7,2460,2460,1699,1699,761,761,0,0
86,97,6,2324,2324,565,565,1759,1759,0,0
86,98,19,12704,12704,1672,1672,11032,11032,0,0
86,99,7,9860,9860,462,462,9398,9398,0,0
86,101,4,10888,10888,209,209,10679,10679,0,0
86,102,11,10190,10190,2410,2410,7780,7780,0,0
86,103,18,11132,11132,1875,1875,9258,9258,0,0
86,104,3,461,461,448,448,13,13,0,0
86,105,1,199,199,199,199,0,0,0,0
86,112,1,695,695,188,188,507,507,0,0
86,113,15,3795,3795,2914,2914,881,881,0,0
86,118,10,1377,1377,980,980,398,398,0,0
86,119,2,693,693,90,90,603,603,0,0
86,123,1,18,18,18,18,0,0,0,0
86,125,5,868,868,868,868,0,0,0,0
86,15,4,463,463,217,217,246,246,0,0
86,18,10,2957,2957,2276,2276,681,681,0,0
86,24,4,3086,3086,111,111,2976,2976,0,0
86,38,1,36,36,36,36,0,0,0,0
86,69,4,458,458,458,458,0,0,0,0
86,86,7,1380,1380,278,278,1102,1102,0,0
86,91,1,2311,2311,0,0,2311,2311,0,0
86,108,1,4,4,4,4,0,0,0,0
86,114,1,232,232,104,104,128,128,0,0
86,116,4,739,739,715,715,8,8,0,0
86,117,1,154,154,154,154,0,0,0,0
86,121,3,655,655,655,655,0,0,0,0
86,124,2,545,545,545,545,0,0,0,0
86,126,2,370,370,370,370,0,0,0,0
87,0,3,686,686,686,686,0,0,0,0
87,4,5,4717,4717,127,127,4590,4590,0,0
87,8,3,296,296,296,296,0,0,0,0
87,11,1,535,535,406,406,128,128,0,0
87,17,15,6272,6272,2449,2449,3822,3822,0,0
87,18,15,5040,5040,5040,5040,0,0,0,0
87,19,10,688,688,688,688,0,0,0,0
87,23,2,4665,4665,401,401,4264,4264,0,0
87,24,3,9090,9090,243,243,8847,8847,0,0
87,25,4,5354,5354,195,195,5159,5159,0,0
87,32,11,1599,1599,872,872,726,726,0,0
87,35,2,322,322,83,83,240,240,0,0
87,38,19,4401,4401,1580,1580,2820,2820,0,0
87,39,1,212,212,47,47,71,71,0,0
87,40,3,1575,1575,534,534,1042,1042,0,0
87,45,4,2485,2485,389,389,2096,2096,0,0
87,46,14,2971,2971,2216,2216,755,755,0,0
87,47,14,2588,2588,1774,1774,815,815,0,0
87,48,37,6318,6318,6136,6136,181,181,0,0
87,49,3,638,638,101,101,537,537,0,0
87,50,3,880,880,821,821,58,58,0,0
87,62,1,626,626,61,61,566,566,0,0
87,65,1,24,24,24,24,0,0,0,0
87,66,2,927,927,46,46,882,882,0,0
87,67,3,2356,2356,107,107,2249,2249,0,0
87,70,1,63,63,63,63,0,0,0,0
87,83,12,1448,1448,1448,1448,0,0,0,0
87,84,1,31,31,8,8,8,8,0,0
87,97,6,3450,3450,205,205,3245,3245,0,0
87,98,13,14299,14299,680,680,13619,13619,0,0
87,99,5,8281,8281,1549,1549,6731,6731,0,0
87,101,7,16911,16911,158,158,16752,16752,0,0
87,103,2,490,490,375,375,38,38,0,0
87,104,18,4179,4179,3872,3872,307,307,0,0
87,105,12,3484,3484,3413,3413,71,71,0,0
87,109,2,974,974,138,138,836,836,0,0
87,114,3,2680,2680,61,61,2618,2618,0,0
87,115,4,1153,1153,1135,1135,19,19,0,0
87,121,3,424,424,424,424,0,0,0,0
87,124,1,50,50,50,50,0,0,0,0
87,126,1,266,266,266,266,0,0,0,0
87,127,5,530,530,530,530,0,0,0,0
87,7,4,475,475,475,475,0,0,0,0
87,10,2,190,190,190,190,0,0,0,0
87,21,9,1079,1079,863,863,217,217,0,0
87,61,2,832,832,53,53,779,779,0,0
87,81,3,648,648,648,648,0,0,0,0
87,90,2,321,321,321,321,0,0,0,0
87,94,2,894,894,248,248,646,646,0,0
87,100,3,2089,2089,133,133,1956,1956,0,0
87,102,1,3787,3787,517,517,2236,2236,0,0
87,108,1,28,28,28,28,0,0,0,0
87,111,1,84,84,84,84,0,0,0,0
87,119,3,216,216,216,216,0,0,0,0
87,123,4,849,849,516,516,333,333,0,0
88,6,6,2984,2984,524,524,2459,2459,0,0
88,7,14,1771,1771,1421,1421,350,350,0,0
88,17,7,1377,1377,311,311,1066,1066,0,0
88,18,35,5436,5436,3620,3620,1815,1815,0,0
88,19,1,150,150,150,150,0,0,0,0
88,21,3,995,995,221,221,774,774,0,0
88,22,3,212,212,212,212,0,0,0,0
88,23,3,2883,2883,120,120,2764,2764,0,0
88,24,5,1562,1562,328,328,1234,1234,0,0
88,25,18,3999,3999,1619,1619,2380,2380,0,0
88,26,1,426,426,426,426,0,0,0,0
88,32,2,525,525,525,525,0,0,0,0
88,38,1,333,333,254,254,79,79,0,0
88,47,31,3367,3367,2953,2953,414,414,0,0
88,48,6,450,450,450,450,0,0,0,0
88,50,11,1041,1041,912,912,128,128,0,0
88,62,10,1911,1911,1911,1911,0,0,0,0
88,63,6,956,956,420,420,535,535,0,0
88,68,3,1243,1243,958,958,285,285,0,0
88,69,15,5280,5280,1904,1904,3374,3374,0,0
88,70,2,1263,1263,335,335,928,928,0,0
88,78,1,23,23,23,23,0,0,0,0
88,97,2,746,746,56,56,690,690,0,0
88,98,2,2085,2085,293,293,1791,1791,0,0
88,99,7,14627,14627,751,751,13876,13876,0,0
88,100,3,5630,5630,269,269,5360,5360,0,0
88,101,9,9499,9499,657,657,8843,8843,0,0
88,104,15,2391,2391,2089,2089,302,302,0,0
88,105,24,5213,5213,3913,3913,1300,1300,0,0
88,113,1,4,4,4,4,0,0,0,0
88,114,3,601,601,215,215,386,386,0,0
88,117,5,1180,1180,151,151,1030,1030,0,0
88,121,1,1497,1497,87,87,1410,1410,0,0
88,20,2,419,419,37,37,382,382,0,0
88,28,1,164,164,63,63,34,34,0,0
88,29,4,4702,4702,670,670,4032,4032,0,0
88,31,5,5604,5604,97,97,5507,5507,0,0
88,54,3,813,813,813,813,0,0,0,0
88,56,1,196,196,196,196,0,0,0,0
88,61,5,448,448,448,448,0,0,0,0
88,72,1,153,153,153,153,0,0,0,0
88,102,6,1111,1111,1111,1111,0,0,0,0
88,103,3,837,837,837,837,0,0,0,0
88,109,1,74,74,0,0,74,74,0,0
88,115,1,57,57,50,50,2,2,0,0
88,125,2,1074,1074,61,61,1013,1013,0,0
88,126,2,1335,1335,41,41,1294,1294,0,0
89,6,2,272,272,272,272,0,0,0,0
89,16,11,4707,4707,854,854,3854,3854,0,0
89,17,5,2650,2650,570,570,2080,2080,0,0
89,18,9,1139,1139,1139,1139,0,0,0,0
89,19,11,1961,1961,694,694,1267,1267,0,0
89,24,6,1334,1334,487,487,848,848,0,0
89,27,1,356,356,0,0,356,356,0,0
89,29,10,5898,5898,1947,1947,3952,3952,0,0
89,31,2,1638,1638,74,74,1565,1565,0,0
89,34,1,2408,2408,0,0,2408,2408,0,0
89,35,2,3936,3936,147,147,3789,3789,0,0
89,42,15,3387,3387,2522,2522,782,782,83,83
89,46,6,1701,1701,1701,1701,0,0,0,0
89,47,8,5755,5755,1335,1335,4420,4420,0,0
89,48,4,2438,2438,53,53,2385,2385,0,0
89,49,37,4649,4649,2747,2747,1883,1883,0,0
89,50,12,1628,1628,1255,1255,373,373,0,0
89,51,8,1831,1831,1381,1381,422,422,0,0
89,54,22,3407,3407,2849,2849,367,367,190,190
89,55,36,6453,6453,4522,4522,1931,1931,0,0
89,56,9,2215,2215,1251,1251,964,964,0,0
89,61,16,1860,1860,1186,1186,675,675,0,0
89,62,1,844,844,387,387,457,457,0,0
89,72,7,860,860,860,860,0,0,0,0
89,90,4,1570,1570,971,971,599,599,0,0
89,96,1,1028,1028,1028,1028,0,0,0,0
89,99,4,825,825,784,784,41,41,0,0
89,102,15,1826,1826,1826,1826,0,0,0,0
89,103,20,3657,3657,3657,3657,0,0,0,0
89,104,13,2646,2646,2646,2646,0,0,0,0
89,105,9,3047,3047,2812,2812,51,51,82,82
89,121,5,3597,3597,598,598,2999,2999,0,0
89,123,3,1232,1232,49,49,1183,1183,0,0
89,124,2,257,257,257,257,0,0,0,0
89,125,2,192,192,192,192,0,0,0,0
89,126,4,415,415,248,248,167,167,0,0
89,127,1,69,69,0,0,69,69,0,0
89,15,1,219,219,55,55,55,55,0,0
89,23,2,212,212,212,212,0,0,0,0
89,32,2,3369,3369,0,0,3369,3369,0,0
89,33,1,2037,2037,0,0,2037,2037,0,0
89,41,1,128,128,128,128,0,0,0,0
89,53,2,1040,1040,574,574,467,467,0,0
89,69,6,618,618,284,284,334,334,0,0
89,91,3,786,786,786,786,0,0,0,0
89,92,2,834,834,719,719,115,115,0,0
89,93,2,497,497,297,297,200,200,0,0
89,94,4,728,728,516,516,212,212,0,0
89,97,2,834,834,834,834,0,0,0,0
89,98,2,696,696,696,696,0,0,0,0
89,110,3,422,422,267,267,155,155,0,0
89,119,1,2452,2452,0,0,2452,2452,0,0
90,10,6,4118,4118,456,456,3662,3662,0,0
90,14,15,6437,6437,2572,2572,3865,3865,0,0
90,18,12,1568,1568,1135,1135,434,434,0,0
90,19,2,555,555,0,0,555,555,0,0
90,29,9,6655,6655,128,128,6527,6527,0,0
90,30,6,3603,3603,1025,1025,2579,2579,0,0
90,32,3,6968,6968,0,0,6968,6968,0,0
90,41,9,2881,2881,2323,2323,559,559,0,0
90,42,2,703,703,703,703,0,0,0,0
90,46,8,2274,2274,1374,1374,900,900,0,0
90,47,6,2960,2960,1124,1124,1836,1836,0,0
90,49,7,1511,1511,1186,1186,325,325,0,0
90,51,6,3182,3182,561,561,2621,2621,0,0
90,52,1,2389,2389,0,0,2389,2389,0,0
90,53,2,635,635,176,176,459,459,0,0
90,54,39,6571,6571,5032,5032,1539,1539,0,0
90,55,7,2188,2188,562,562,1626,1626,0,0
90,57,4,726,726,726,726,0,0,0,0
90,61,8,758,758,758,758,0,0,0,0
90,88,2,559,559,186,186,373,373,0,0
90,90,8,2783,2783,1653,1653,1130,1130,0,0
90,91,2,761,761,8,8,753,753,0,0
90,92,4,897,897,467,467,430,430,0,0
90,94,2,637,637,222,222,415,415,0,0
90,97,13,3822,3822,3822,3822,0,0,0,0
90,98,23,8642,8642,8642,8642,0,0,0,0
90,99,12,3102,3102,2574,2574,528,528,0,0
90,103,30,5375,5375,4799,4799,576,576,0,0
90,105,24,4152,4152,3602,3602,550,550,0,0
90,112,1,281,281,281,281,0,0,0,0
90,119,2,403,403,403,403,0,0,0,0
90,27,1,170,170,170,170,0,0,0,0
90,31,5,2273,2273,311,311,1961,1961,0,0
90,37,4,289,289,289,289,0,0,0,0
90,40,4,1769,1769,1006,1006,762,762,0,0
90,45,2,1189,1189,0,0,1189,1189,0,0
90,50,3,507,507,435,435,71,71,0,0
90,63,3,1009,1009,343,343,666,666,0,0
90,65,3,587,587,344,344,242,242,0,0
90,66,8,1528,1528,1293,1293,235,235,0,0
90,67,1,368,368,203,203,165,165,0,0
90,68,7,2014,2014,700,700,1314,1314,0,0
90,69,6,830,830,596,596,234,234,0,0
90,82,1,2022,2022,0,0,2022,2022,0,0
90,83,7,2374,2374,796,796,1577,1577,0,0
90,96,11,3879,3879,3879,3879,0,0,0,0
90,102,5,743,743,743,743,0,0,0,0
90,106,1,226,226,226,226,0,0,0,0
90,107,1,8,8,2,2,2,2,0,0
90,125,3,790,790,790,790,0,0,0,0
91,0,4,5679,5679,841,841,4839,4839,0,0
91,2,3,645,645,127,127,518,518,0,0
91,10,2,399,399,147,147,252,252,0,0
91,18,11,1400,1400,489,489,911,911,0,0
91,19,3,348,348,348,348,0,0,0,0
91,20,14,4329,4329,1806,1806,2523,2523,0,0
91,22,11,4996,4996,681,681,4315,4315,0,0
91,30,9,4684,4684,1046,1046,3639,3639,0,0
91,31,1,723,723,687,687,36,36,0,0
91,32,4,4014,4014,242,242,3772,3772,0,0
91,35,19,4397,4397,2224,2224,2173,2173,0,0
91,40,7,3483,3483,1589,1589,1894,1894,0,0
91,41,12,4555,4555,977,977,3578,3578,0,0
91,46,6,1273,1273,469,469,804,804,0,0
91,47,7,3280,3280,410,410,2871,2871,0,0
91,49,6,769,769,242,242,528,528,0,0
91,50,5,674,674,383,383,291,291,0,0
91,63,7,1074,1074,1074,1074,0,0,0,0
91,65,17,2882,2882,1854,1854,1027,1027,0,0
91,66,11,10217,10217,921,921,9297,9297,0,0
91,71,4,1010,1010,337,337,642,642,0,0
91,76,1,103,103,103,103,0,0,0,0
91,84,1,14,14,14,14,0,0,0,0
91,94,2,1120,1120,250,250,870,870,0,0
91,95,3,663,663,499,499,165,165,0,0
91,96,23,6011,6011,6011,6011,0,0,0,0
91,97,17,4785,4785,3384,3384,1401,1401,0,0
91,98,24,8226,8226,7628,7628,598,598,0,0
91,99,3,2594,2594,2594,2594,0,0,0,0
91,103,10,1907,1907,1712,1712,190,190,0,0
91,105,5,667,667,667,667,0,0,0,0
91,106,4,752,752,566,566,187,187,0,0
91,113,5,774,774,608,608,166,166,0,0
91,119,6,3365,3365,787,787,2578,2578,0,0
91,120,16,2979,2979,1895,1895,1013,1013,71,71
91,122,12,2165,2165,953,953,1213,1213,0,0
91,125,1,139,139,139,139,0,0,0,0
91,21,5,1107,1107,235,235,872,872,0,0
91,51,7,520,520,520,520,0,0,0,0
91,55,4,208,208,139,139,23,23,0,0
91,68,2,137,137,82,82,56,56,0,0
91,112,1,236,236,236,236,0,0,0,0
91,121,2,826,826,716,716,110,110,0,0
92,11,8,1109,1109,551,551,521,521,0,0
92,12,2,533,533,264,264,269,269,0,0
92,15,4,327,327,140,140,187,187,0,0
92,17,8,5510,5510,32,32,5477,5477,0,0
92,21,5,873,873,432,432,441,441,0,0
92,22,20,7196,7196,1030,1030,6165,6165,0,0
92,32,11,4102,4102,2120,2120,1983,1983,0,0
92,33,1,133,133,133,133,0,0,0,0
92,34,2,351,351,351,351,0,0,0,0
92,35,13,3864,3864,1502,1502,2363,2363,0,0
92,36,20,2830,2830,1986,1986,843,843,0,0
92,37,15,5061,5061,1828,1828,3233,3233,0,0
92,40,12,3298,3298,1156,1156,2143,2143,0,0
92,48,11,2502,2502,887,887,1614,1614,0,0
92,50,2,316,316,316,316,0,0,0,0
92,51,10,1764,1764,582,582,1100,1100,0,0
92,65,18,2279,2279,1915,1915,364,364,0,0
92,67,4,1161,1161,144,144,1016,1016,0,0
92,81,1,2068,2068,0,0,2068,2068,0,0
92,92,5,769,769,769,769,0,0,0,0
92,94,5,737,737,737,737,0,0,0,0
92,96,23,4177,4177,4177,4177,0,0,0,0
92,97,13,3606,3606,3298,3298,103,103,0,0
92,98,21,5918,5918,5646,5646,272,272,0,0
92,99,27,7168,7168,5058,5058,1956,1956,0,0
92,103,20,3914,3914,2760,2760,367,367,781,781
92,112,11,4211,4211,1934,1934,2277,2277,0,0
92,121,9,12232,12232,509,509,11723,11723,0,0
92,122,6,6809,6809,637,637,6172,6172,0,0
92,123,10,3598,3598,600,600,2997,2997,0,0
92,0,2,209,209,209,209,0,0,0,0
92,6,1,467,467,334,334,133,133,0,0
92,7,2,738,738,631,631,107,107,0,0
92,10,1,147,147,147,147,0,0,0,0
92,16,3,830,830,195,195,635,635,0,0
92,18,5,423,423,401,401,7,7,0,0
92,45,11,974,974,974,974,0,0,0,0
92,68,4,601,601,417,417,184,184,0,0
92,84,1,68,68,68,68,0,0,0,0
92,89,1,645,645,321,321,323,323,0,0
92,90,2,881,881,0,0,881,881,0,0
92,93,2,599,599,500,500,33,33,0,0
92,105,4,598,598,300,300,297,297,0,0
92,110,4,235,235,235,235,0,0,0,0
92,111,2,533,533,533,533,0,0,0,0
92,120,2,1104,1104,1104,1104,0,0,0,0
92,127,1,369,369,369,369,0,0,0,0
93,5,5,4285,4285,106,106,4179,4179,0,0
93,6,1,158,158,158,158,0,0,0,0
93,10,2,384,384,130,130,254,254,0,0
93,14,6,2594,2594,712,712,1883,1883,0,0
93,22,1,2064,2064,0,0,2064,2064,0,0
93,32,1,163,163,163,163,0,0,0,0
93,33,14,2782,2782,1539,1539,1243,1243,0,0
93,34,8,1774,1774,754,754,1020,1020,0,0
93,35,11,2612,2612,982,982,1629,1629,0,0
93,36,29,4515,4515,3640,3640,850,850,0,0
93,37,3,909,909,336,336,572,572,0,0
93,39,7,927,927,668,668,259,259,0,0
93,40,11,1754,1754,715,715,968,968,0,0
93,45,3,730,730,321,321,409,409,0,0
93,46,22,2034,2034,1574,1574,461,461,0,0
93,50,8,2038,2038,1661,1661,377,377,0,0
93,58,14,1487,1487,1346,1346,46,46,0,0
93,65,9,1641,1641,703,703,937,937,0,0
93,67,6,1265,1265,911,911,354,354,0,0
93,68,6,823,823,823,823,0,0,0,0
93,79,10,1447,1447,610,610,837,837,0,0
93,84,2,506,506,254,254,252,252,0,0
93,85,2,786,786,239,239,546,546,0,0
93,90,2,1126,1126,627,627,500,500,0,0
93,92,4,1164,1164,815,815,350,350,0,0
93,95,5,1580,1580,421,421,1160,1160,0,0
93,96,23,4883,4883,4883,4883,0,0,0,0
93,97,33,6007,6007,6007,6007,0,0,0,0
93,98,26,10842,10842,9720,9720,600,600,523,523
93,99,42,11643,11643,6472,6472,5171,5171,0,0
93,100,5,1424,1424,561,561,862,862,0,0
93,102,10,899,899,899,899,0,0,0,0
93,103,17,3064,3064,2999,2999,65,65,0,0
93,110,9,1813,1813,1219,1219,594,594,0,0
93,112,26,3187,3187,2855,2855,288,288,0,0
93,121,21,14531,14531,2573,2573,11960,11960,0,0
93,122,10,7460,7460,679,679,6780,6780,0,0
93,123,23,6937,6937,1815,1815,5123,5123,0,0
93,124,5,3588,3588,3422,3422,165,165,0,0
93,127,23,6053,6053,4483,4483,1570,1570,0,0
93,3,1,69,69,69,69,0,0,0,0
93,24,9,1588,1588,625,625,963,963,0,0
93,25,8,1144,1144,680,680,465,465,0,0
93,87,3,891,891,281,281,610,610,0,0
93,88,1,198,198,198,198,0,0,0,0
93,101,1,610,610,610,610,0,0,0,0
93,104,2,309,309,309,309,0,0,0,0
93,107,10,1493,1493,1105,1105,388,388,0,0
93,109,3,201,201,201,201,0,0,0,0
93,111,11,1793,1793,1361,1361,357,357,0,0
93,120,2,1334,1334,376,376,958,958,0,0
93,126,6,1302,1302,1302,1302,0,0,0,0
94,4,3,1759,1759,372,372,1387,1387,0,0
94,5,41,7921,7921,5374,5374,2332,2332,215,215
94,8,7,1470,1470,1084,1084,386,386,0,0
94,9,5,462,462,462,462,0,0,0,0
94,24,2,1094,1094,857,857,237,237,0,0
94,26,5,12580,12580,53,53,12527,12527,0,0
94,27,2,5530,5530,73,73,5457,5457,0,0
94,33,7,1579,1579,467,467,1112,1112,0,0
94,34,20,4251,4251,2967,2967,1285,1285,0,0
94,35,14,4088,4088,1282,1282,2731,2731,0,0
94,36,41,5511,5511,5358,5358,152,152,0,0
94,37,21,5223,5223,2970,2970,2199,2199,54,54
94,38,18,2392,2392,2392,2392,0,0,0,0
94,39,33,4783,4783,4623,4623,160,160,0,0
94,46,26,3263,3263,2213,2213,1003,1003,0,0
94,62,6,1256,1256,1256,1256,0,0,0,0
94,69,4,1501,1501,793,793,707,707,0,0
94,87,4,768,768,374,374,394,394,0,0
94,92,10,3364,3364,2431,2431,933,933,0,0
94,94,31,5065,5065,4440,4440,418,418,0,0
94,95,2,1156,1156,1156,1156,0,0,0,0
94,96,34,6271,6271,5974,5974,297,297,0,0
94,97,22,3478,3478,3478,3478,0,0,0,0
94,98,22,6458,6458,6170,6170,289,289,0,0
94,99,3,5471,5471,684,684,4786,4786,0,0
94,100,29,5793,5793,5603,5603,190,190,0,0
94,101,62,8124,8124,8104,8104,20,20,0,0
94,102,12,6040,6040,6040,6040,0,0,0,0
94,104,1,213,213,213,213,0,0,0,0
94,106,7,1427,1427,1287,1287,140,140,0,0
94,107,28,7429,7429,5530,5530,1836,1836,0,0
94,108,1,315,315,315,315,0,0,0,0
94,109,5,1606,1606,1606,1606,0,0,0,0
94,110,35,8501,8501,8111,8111,390,390,0,0
94,111,44,10073,10073,8356,8356,1675,1675,0,0
94,112,32,8251,8251,7709,7709,184,184,356,356
94,113,29,5904,5904,5674,5674,230,230,0,0
94,115,17,3546,3546,2828,2828,718,718,0,0
94,120,3,833,833,833,833,0,0,0,0
94,121,3,267,267,267,267,0,0,0,0
94,124,14,4697,4697,4572,4572,125,125,0,0
94,125,25,9034,9034,4872,4872,4162,4162,0,0
94,126,32,7967,7967,7656,7656,275,275,0,0
94,127,29,10114,10114,6898,6898,3215,3215,0,0
94,6,9,1158,1158,1158,1158,0,0,0,0
94,64,8,1450,1450,1044,1044,406,406,0,0
94,65,6,907,907,563,563,344,344,0,0
94,70,2,958,958,183,183,775,775,0,0
94,82,8,1809,1809,520,520,1290,1290,0,0
94,114,9,2085,2085,2008,2008,77,77,0,0
94,116,1,377,377,377,377,0,0,0,0
95,0,10,2306,2306,744,744,1562,1562,0,0
95,1,5,1129,1129,406,406,724,724,0,0
95,4,14,8123,8123,3250,3250,4026,4026,566,566
95,5,40,9280,9280,7569,7569,1664,1664,0,0
95,6,12,2538,2538,1667,1667,871,871,0,0
95,8,5,3374,3374,426,426,2948,2948,0,0
95,13,4,586,586,405,405,181,181,0,0
95,26,5,6257,6257,1761,1761,4498,4498,0,0
95,28,5,1091,1091,419,419,672,672,0,0
95,34,47,5635,5635,4513,4513,974,974,0,0
95,35,32,6607,6607,4824,4824,1783,1783,0,0
95,36,30,6396,6396,4572,4572,1826,1826,0,0
95,37,30,7522,7522,6945,6945,577,577,0,0
95,38,36,7792,7792,6463,6463,1237,1237,92,92
95,39,35,5803,5803,4737,4737,1065,1065,0,0
95,43,2,599,599,377,377,221,221,0,0
95,69,2,597,597,36,36,561,561,0,0
95,70,6,1146,1146,605,605,540,540,0,0
95,82,2,1080,1080,78,78,1002,1002,0,0
95,84,11,1963,1963,1535,1535,428,428,0,0
95,86,8,5027,5027,595,595,4431,4431,0,0
95,92,8,1860,1860,1476,1476,383,383,0,0
95,94,21,6964,6964,6230,6230,733,733,0,0
95,95,9,5045,5045,5045,5045,0,0,0,0
95,96,41,7463,7463,7463,7463,0,0,0,0
95,97,30,7243,7243,5700,5700,1544,1544,0,0
95,98,28,9090,9090,7201,7201,1755,1755,134,134
95,99,7,3588,3588,3588,3588,0,0,0,0
95,100,44,6885,6885,6885,6885,0,0,0,0
95,101,37,5071,5071,5071,5071,0,0,0,0
95,102,4,1700,1700,1700,1700,0,0,0,0
95,106,12,5774,5774,3747,3747,740,740,0,0
95,107,13,2054,2054,1981,1981,74,74,0,0
95,108,6,1600,1600,974,974,627,627,0,0
95,109,13,1999,1999,1980,1980,6,6,0,0
95,110,4,1209,1209,1209,1209,0,0,0,0
95,111,1,441,441,441,441,0,0,0,0
95,112,35,5965,5965,4982,4982,983,983,0,0
95,113,13,4063,4063,3586,3586,478,478,0,0
95,114,8,1409,1409,1409,1409,0,0,0,0
95,115,2,290,290,90,90,201,201,0,0
95,116,5,1169,1169,282,282,887,887,0,0
95,124,12,2440,2440,2440,2440,0,0,0,0
95,125,30,5052,5052,5052,5052,0,0,0,0
95,126,19,8222,8222,4942,4942,3280,3280,0,0
95,127,24,7444,7444,7204,7204,194,194,46,46
95,7,5,1037,1037,782,782,255,255,0,0
95,33,10,1061,1061,1001,1001,60,60,0,0
95,46,1,264,264,82,82,181,181,0,0
95,47,2,919,919,113,113,806,806,0,0
95,57,3,733,733,733,733,0,0,0,0
95,60,3,323,323,323,323,0,0,0,0
95,68,7,582,582,582,582,0,0,0,0
95,90,1,129,129,129,129,0,0,0,0
95,91,2,888,888,495,495,393,393,0,0
95,93,2,503,503,492,492,12,12,0,0
95,105,1,735,735,249,249,162,162,0,0
95,117,1,235,235,235,235,0,0,0,0
96,1,3,433,433,256,256,176,176,0,0
96,4,13,4438,4438,1715,1715,2263,2263,11,11
96,5,28,7663,7663,4202,4202,3460,3460,0,0
96,7,13,3832,3832,1247,1247,2585,2585,0,0
96,22,1,2516,2516,0,0,2516,2516,0,0
96,25,10,2591,2591,1166,1166,1426,1426,0,0
96,33,20,7214,7214,1687,1687,5526,5526,0,0
96,34,20,2782,2782,2148,2148,341,341,0,0
96,35,12,3729,3729,1123,1123,2108,2108,0,0
96,36,29,5116,5116,5032,5032,84,84,0,0
96,37,41,8679,8679,8489,8489,78,78,0,0
96,38,25,4196,4196,3416,3416,780,780,0,0
96,39,1,208,208,208,208,0,0,0,0
96,40,1,214,214,214,214,0,0,0,0
96,45,3,579,579,324,324,255,255,0,0
96,46,6,2299,2299,491,491,1808,1808,0,0
96,47,4,4892,4892,71,71,4820,4820,0,0
96,56,2,2887,2887,0,0,2887,2887,0,0
96,57,23,2346,2346,1932,1932,414,414,0,0
96,63,7,1305,1305,1165,1165,140,140,0,0
96,64,18,4080,4080,2429,2429,1651,1651,0,0
96,69,4,706,706,706,706,0,0,0,0
96,70,23,4109,4109,2640,2640,1470,1470,0,0
96,76,2,310,310,77,77,77,77,0,0
96,77,12,4787,4787,2453,2453,2080,2080,112,112
96,87,10,1912,1912,469,469,1444,1444,0,0
96,88,1,55,55,0,0,55,55,0,0
96,90,2,238,238,238,238,0,0,0,0
96,92,3,4992,4992,556,556,4436,4436,0,0
96,93,28,9343,9343,5015,5015,4205,4205,0,0
96,94,43,12067,12067,11345,11345,639,639,0,0
96,95,30,9122,9122,6679,6679,910,910,1534,1534
96,96,46,10220,10220,10018,10018,202,202,0,0
96,97,30,7618,7618,7469,7469,149,149,0,0
96,98,37,8789,8789,8772,8772,17,17,0,0
96,99,5,1174,1174,1174,1174,0,0,0,0
96,100,30,5777,5777,5777,5777,0,0,0,0
96,101,23,4102,4102,4102,4102,0,0,0,0
96,106,12,2575,2575,2575,2575,0,0,0,0
96,107,22,3380,3380,2932,2932,149,149,0,0
96,108,13,6058,6058,1923,1923,3882,3882,0,0
96,109,20,4195,4195,3813,3813,99,99,85,85
96,112,4,2371,2371,1385,1385,985,985,0,0
96,117,6,2881,2881,1058,1058,1823,1823,0,0
96,119,8,1559,1559,1274,1274,266,266,0,0
96,120,1,347,347,347,347,0,0,0,0
96,121,19,2686,2686,2628,2628,58,58,0,0
96,122,10,2232,2232,1814,1814,418,418,0,0
96,123,39,5478,5478,5085,5085,394,394,0,0
96,124,8,2875,2875,2875,2875,0,0,0,0
96,125,20,5931,5931,5931,5931,0,0,0,0
96,126,16,6789,6789,4769,4769,775,775,843,843
96,127,21,4418,4418,4418,4418,0,0,0,0
96,6,6,1005,1005,385,385,620,620,0,0
96,8,4,704,704,655,655,48,48,0,0
96,13,3,589,589,485,485,35,35,0,0
96,21,6,640,640,225,225,414,414,0,0
96,28,1,517,517,252,252,265,265,0,0
96,32,7,2095,2095,631,631,1232,1232,0,0
96,44,2,489,489,269,269,220,220,0,0
96,54,5,558,558,487,487,24,24,0,0
96,58,3,270,270,198,198,72,72,0,0
96,59,1,277,277,264,264,14,14,0,0
96,60,9,695,695,534,534,161,161,0,0
96,71,2,95,95,95,95,0,0,0,0
96,89,2,522,522,444,444,78,78,0,0
96,105,4,804,804,804,804,0,0,0,0
96,110,8,1618,1618,1598,1598,7,7,0,0
96,118,4,494,494,285,285,209,209,0,0
97,1,2,1148,1148,323,323,825,825,0,0
97,4,24,7904,7904,4259,4259,3643,3643,0,0
97,5,55,11111,11111,7738,7738,3373,3373,0,0
97,6,37,7328,7328,3330,3330,4000,4000,0,0
97,7,10,4768,4768,1142,1142,3626,3626,0,0
97,8,17,3360,3360,2013,2013,1348,1348,0,0
97,21,5,591,591,546,546,45,45,0,0
97,24,1,98,98,25,25,25,25,0,0
97,25,22,6346,6346,2434,2434,3912,3912,0,0
97,26,10,6801,6801,1103,1103,5699,5699,0,0
97,27,4,1248,1248,351,351,897,897,0,0
97,28,1,520,520,416,416,105,105,0,0
97,29,3,1061,1061,333,333,728,728,0,0
97,32,13,6484,6484,2278,2278,4207,4207,0,0
97,33,29,7516,7516,3055,3055,4461,4461,0,0
97,35,43,7797,7797,5924,5924,1873,1873,0,0
97,36,23,5848,5848,4147,4147,1701,1701,0,0
97,37,70,10905,10905,8371,8371,1969,1969,459,459
97,38,12,2418,2418,873,873,1518,1518,0,0
97,39,2,2584,2584,53,53,2532,2532,0,0
97,51,5,297,297,101,101,65,65,0,0
97,54,3,366,366,366,366,0,0,0,0
97,57,9,768,768,590,590,178,178,0,0
97,58,10,824,824,760,760,64,64,0,0
97,60,1,65,65,65,65,0,0,0,0
97,63,4,2871,2871,840,840,2032,2032,0,0
97,64,15,3490,3490,2100,2100,1390,1390,0,0
97,69,28,4915,4915,3260,3260,1654,1654,0,0
97,70,36,5739,5739,5461,5461,279,279,0,0
97,71,16,2725,2725,2341,2341,384,384,0,0
97,72,4,409,409,409,409,0,0,0,0
97,76,1,265,265,265,265,0,0,0,0
97,77,5,1510,1510,639,639,871,871,0,0
97,85,8,933,933,605,605,327,327,0,0
97,87,9,1349,1349,1181,1181,168,168,0,0
97,91,6,1938,1938,772,772,1166,1166,0,0
97,92,6,1487,1487,1090,1090,397,397,0,0
97,93,4,1248,1248,1019,1019,76,76,0,0
97,94,15,2458,2458,1923,1923,535,535,0,0
97,95,32,9360,9360,7222,7222,1585,1585,202,202
97,96,30,7485,7485,6656,6656,829,829,0,0
97,97,31,8383,8383,8049,8049,334,334,0,0
97,98,19,8533,8533,7311,7311,1222,1222,0,0
97,99,19,3731,3731,3342,3342,390,390,0,0
97,101,10,1353,1353,1353,1353,0,0,0,0
97,105,3,518,518,518,518,0,0,0,0
97,108,34,5028,5028,5028,5028,0,0,0,0
97,109,33,5718,5718,5648,5648,24,24,0,0
97,110,13,2083,2083,1905,1905,177,177,0,0
97,119,2,139,139,139,139,0,0,0,0
97,120,6,1422,1422,1205,1205,219,219,0,0
97,121,13,2183,2183,2014,2014,85,85,84,84
97,122,8,3491,3491,874,874,2616,2616,0,0
97,123,33,7341,7341,7177,7177,164,164,0,0
97,124,18,3645,3645,3506,3506,46,46,0,0
97,125,12,3460,3460,3374,3374,87,87,0,0
97,126,29,7854,7854,7186,7186,74,74,543,543
97,127,3,1451,1451,919,919,179,179,0,0
97,3,1,189,189,189,189,0,0,0,0
97,9,2,639,639,635,635,4,4,0,0
97,13,3,4022,4022,166,166,3856,3856,0,0
97,14,2,3655,3655,0,0,3655,3655,0,0
97,15,1,3134,3134,0,0,3134,3134,0,0
97,17,4,1376,1376,724,724,652,652,0,0
97,18,1,1049,1049,55,55,994,994,0,0
97,34,8,1555,1555,1386,1386,168,168,0,0
97,52,5,1950,1950,837,837,1111,1111,0,0
97,61,21,2173,2173,2173,2173,0,0,0,0
97,66,19,2840,2840,1696,1696,1144,1144,0,0
97,100,10,1879,1879,1822,1822,57,57,0,0
97,102,4,988,988,455,455,533,533,0,0
97,104,1,401,401,401,401,0,0,0,0
97,112,2,611,611,611,611,0,0,0,0
98,3,27,5031,5031,5031,5031,0,0,0,0
98,4,16,3085,3085,2928,2928,53,53,0,0
98,5,36,7072,7072,6804,6804,268,268,0,0
98,6,19,3491,3491,3250,3250,242,242,0,0
98,7,6,670,670,670,670,0,0,0,0
98,8,5,623,623,518,518,105,105,0,0
98,13,2,152,152,152,152,0,0,0,0
98,14,2,2275,2275,147,147,2127,2127,0,0
98,16,11,3324,3324,1483,1483,1840,1840,0,0
98,17,10,2339,2339,1142,1142,1198,1198,0,0
98,18,3,1134,1134,180,180,718,718,0,0
98,19,14,2393,2393,1452,1452,943,943,0,0
98,21,8,3045,3045,651,651,2393,2393,0,0
98,27,7,13739,13739,0,0,13739,13739,0,0
98,31,5,4058,4058,396,396,3639,3639,0,0
98,32,2,4018,4018,78,78,3940,3940,0,0
98,35,18,3729,3729,2606,2606,1122,1122,0,0
98,37,20,3055,3055,2287,2287,767,767,0,0
98,38,4,1157,1157,603,603,553,553,0,0
98,40,13,4496,4496,1024,1024,3474,3474,0,0
98,44,3,326,326,182,182,145,145,0,0
98,45,3,1555,1555,171,171,1380,1380,0,0
98,51,8,539,539,442,442,96,96,0,0
98,52,16,2397,2397,1007,1007,1299,1299,84,84
98,58,9,1243,1243,919,919,325,325,0,0
98,61,1,2054,2054,0,0,2054,2054,0,0
98,63,18,3592,3592,3592,3592,0,0,0,0
98,64,8,1831,1831,522,522,1309,1309,0,0
98,66,3,476,476,476,476,0,0,0,0
98,67,22,2412,2412,2412,2412,0,0,0,0
98,68,16,3205,3205,2632,2632,573,573,0,0
98,69,42,5849,5849,5396,5396,454,454,0,0
98,70,23,4841,4841,3952,3952,889,889,0,0
98,71,8,1732,1732,1732,1732,0,0,0,0
98,72,8,1307,1307,1307,1307,0,0,0,0
98,91,2,556,556,320,320,237,237,0,0
98,92,4,1238,1238,585,585,652,652,0,0
98,94,2,442,442,442,442,0,0,0,0
98,95,21,3648,3648,3406,3406,241,241,0,0
98,96,15,2355,2355,2355,2355,0,0,0,0
98,97,15,6905,6905,4780,4780,2125,2125,0,0
98,98,13,4764,4764,3464,3464,1300,1300,0,0
98,99,41,6770,6770,6210,6210,560,560,0,0
98,100,29,5183,5183,4861,4861,108,108,0,0
98,101,1,235,235,235,235,0,0,0,0
98,103,3,829,829,829,829,0,0,0,0
98,104,17,1734,1734,1621,1621,113,113,0,0
98,107,6,691,691,586,586,105,105,0,0
98,108,14,3160,3160,2809,2809,351,351,0,0
98,109,28,5963,5963,4552,4552,1411,1411,0,0
98,110,8,1483,1483,710,710,773,773,0,0
98,119,5,1242,1242,1030,1030,212,212,0,0
98,120,3,552,552,341,341,211,211,0,0
98,122,1,204,204,129,129,75,75,0,0
98,123,2,272,272,272,272,0,0,0,0
98,125,17,2741,2741,2625,2625,117,117,0,0
98,126,15,3071,3071,3071,3071,0,0,0,0
98,127,3,540,540,540,540,0,0,0,0
98,2,2,363,363,363,363,0,0,0,0
98,15,5,334,334,334,334,0,0,0,0
98,20,2,373,373,337,337,36,36,0,0
98,22,3,285,285,285,285,0,0,0,0
98,23,3,428,428,428,428,0,0,0,0
98,25,7,5376,5376,205,205,5171,5171,0,0
98,26,10,3960,3960,510,510,3451,3451,0,0
98,29,5,1852,1852,417,417,1435,1435,0,0
98,34,5,1013,1013,653,653,360,360,0,0
98,39,2,383,383,383,383,0,0,0,0
98,53,7,644,644,564,564,80,80,0,0
98,54,7,407,407,407,407,0,0,0,0
98,56,5,910,910,506,506,404,404,0,0
98,57,6,858,858,523,523,335,335,0,0
98,93,3,358,358,358,358,0,0,0,0
98,112,1,255,255,255,255,0,0,0,0
99,1,10,1941,1941,1726,1726,215,215,0,0
99,2,5,546,546,249,249,297,297,0,0
99,3,12,2044,2044,1866,1866,178,178,0,0
99,4,30,4261,4261,3907,3907,354,354,0,0
99,5,15,2626,2626,1804,1804,821,821,0,0
99,6,2,666,666,248,248,417,417,0,0
99,7,2,755,755,189,189,566,566,0,0
99,8,2,782,782,358,358,425,425,0,0
99,12,2,3315,3315,223,223,3091,3091,0,0
99,13,2,2898,2898,194,194,2704,2704,0,0
99,15,7,1857,1857,567,567,1291,1291,0,0
99,16,6,1371,1371,725,725,646,646,0,0
99,20,2,4955,4955,80,80,4876,4876,0,0
99,21,3,239,239,239,239,0,0,0,0
99,22,11,1027,1027,715,715,312,312,0,0
99,23,1,276,276,69,69,69,69,0,0
99,24,12,2957,2957,1103,1103,1854,1854,0,0
99,25,30,11888,11888,3201,3201,8689,8689,0,0
99,26,12,10359,10359,1116,1116,9242,9242,0,0
99,28,6,799,799,532,532,267,267,0,0
99,29,9,1373,1373,677,677,694,694,0,0
99,31,3,2242,2242,210,210,2031,2031,0,0
99,32,7,2179,2179,1028,1028,1152,1152,0,0
99,35,13,1462,1462,1462,1462,0,0,0,0
99,38,3,339,339,339,339,0,0,0,0
99,39,9,1216,1216,659,659,558,558,0,0
99,40,9,4450,4450,595,595,3807,3807,0,0
99,52,2,725,725,725,725,0,0,0,0
99,53,5,1607,1607,196,196,1411,1411,0,0
99,54,1,61,61,61,61,0,0,0,0
99,57,7,3979,3979,352,352,3627,3627,0,0
99,58,13,2554,2554,1802,1802,753,753,0,0
99,59,4,2537,2537,314,314,2222,2222,0,0
99,62,33,3702,3702,3256,3256,446,446,0,0
99,63,52,8364,8364,7349,7349,1014,1014,0,0
99,64,6,1520,1520,1113,1113,406,406,0,0
99,65,1,65,65,65,65,0,0,0,0
99,67,1,30,30,30,30,0,0,0,0
99,68,37,4147,4147,3729,3729,418,418,0,0
99,69,67,9207,9207,7273,7273,1598,1598,335,335
99,70,65,10256,10256,9821,9821,436,436,681,681
99,71,1,47,47,47,47,0,0,0,0
99,83,2,129,129,129,129,0,0,0,0
99,88,3,842,842,842,842,0,0,0,0
99,92,3,1834,1834,1552,1552,282,282,0,0
99,93,2,710,710,33,33,677,677,0,0
99,95,7,1068,1068,978,978,90,90,0,0
99,97,16,7543,7543,3043,3043,4500,4500,0,0
99,98,7,1596,1596,1496,1496,100,100,0,0
99,99,12,1580,1580,929,929,495,495,156,156
99,100,12,1073,1073,859,859,215,215,0,0
99,103,5,345,345,345,345,0,0,0,0
99,104,1,242,242,242,242,0,0,0,0
99,105,6,1000,1000,1000,1000,0,0,0,0
99,106,9,2341,2341,1197,1197,1050,1050,94,94
99,108,6,1656,1656,890,890,38,38,648,648
99,109,3,454,454,454,454,0,0,0,0
99,112,7,1736,1736,1503,1503,233,233,0,0
99,123,3,916,916,916,916,0,0,0,0
99,10,1,123,123,123,123,0,0,0,0
99,11,1,473,473,382,382,91,91,0,0
99,18,16,2946,2946,919,919,2027,2027,0,0
99,47,8,968,968,465,465,503,503,0,0
99,73,3,476,476,476,476,0,0,0,0
99,84,7,1063,1063,683,683,380,380,0,0
99,96,2,588,588,588,588,0,0,0,0
99,107,5,2858,2858,2516,2516,114,114,0,0
99,117,3,398,398,398,398,0,0,0,0
99,124,3,521,521,521,521,0,0,0,0
100,0,15,1392,1392,1297,1297,94,94,0,0
100,1,5,1312,1312,1312,1312,0,0,0,0
100,2,1,366,366,366,366,0,0,0,0
100,4,14,3021,3021,2319,2319,703,703,0,0
100,10,3,1668,1668,296,296,1372,1372,0,0
100,11,11,3165,3165,1869,1869,1297,1297,0,0
100,12,14,2440,2440,1432,1432,1006,1006,0,0
100,13,7,6295,6295,1076,1076,5219,5219,0,0
100,18,1,200,200,191,191,9,9,0,0
100,24,1,362,362,16,16,346,346,0,0
100,25,7,1644,1644,1163,1163,482,482,0,0
100,26,7,7751,7751,785,785,6966,6966,0,0
100,27,11,4738,4738,1190,1190,3548,3548,0,0
100,28,1,35,35,35,35,0,0,0,0
100,29,8,941,941,941,941,0,0,0,0
100,32,11,4707,4707,780,780,3881,3881,0,0
100,34,8,1933,1933,691,691,1243,1243,0,0
100,39,18,3204,3204,1810,1810,1363,1363,0,0
100,45,13,3784,3784,475,475,3308,3308,0,0
100,46,5,2003,2003,346,346,1657,1657,0,0
100,54,1,3835,3835,0,0,3835,3835,0,0
100,59,2,192,192,192,192,0,0,0,0
100,62,10,2175,2175,2175,2175,0,0,0,0
100,63,78,11153,11153,9379,9379,1773,1773,0,0
100,64,25,5599,5599,3775,3775,1014,1014,809,809
100,67,2,784,784,140,140,644,644,0,0
100,68,6,865,865,611,611,254,254,0,0
100,69,19,2718,2718,2131,2131,587,587,0,0
100,70,1,1060,1060,51,51,1009,1009,51,51
100,76,1,27,27,27,27,0,0,0,0
100,81,2,119,119,119,119,0,0,0,0
100,83,5,850,850,324,324,526,526,0,0
100,90,5,1887,1887,1666,1666,221,221,0,0
100,95,3,657,657,657,657,0,0,0,0
100,102,4,936,936,825,825,111,111,0,0
100,103,6,1137,1137,1137,1137,0,0,0,0
100,106,8,2409,2409,1200,1200,1209,1209,0,0
100,107,19,5185,5185,4693,4693,164,164,0,0
100,108,20,4725,4725,4144,4144,118,118,302,302
100,109,2,476,476,476,476,0,0,0,0
100,110,3,269,269,269,269,0,0,0,0
100,112,4,1620,1620,451,451,1169,1169,0,0
100,124,2,251,251,251,251,0,0,0,0
100,22,4,866,866,376,376,490,490,0,0
100,33,2,1547,1547,152,152,1395,1395,0,0
100,44,1,484,484,75,75,408,408,0,0
100,55,7,1672,1672,1672,1672,0,0,0,0
100,65,28,2877,2877,2877,2877,0,0,0,0
100,73,2,407,407,407,407,0,0,0,0
100,84,3,393,393,206,206,187,187,0,0
100,89,3,429,429,429,429,0,0,0,0
100,91,5,1924,1924,1237,1237,229,229,0,0
100,94,3,656,656,656,656,0,0,0,0
100,96,2,389,389,389,389,0,0,0,0
100,97,1,755,755,239,239,515,515,0,0
100,98,1,406,406,316,316,90,90,0,0
100,99,2,229,229,147,147,82,82,0,0
100,116,1,125,125,0,0,125,125,0,0
100,119,5,429,429,328,328,101,101,0,0
100,122,1,59,59,59,59,0,0,0,0
100,123,3,59,59,59,59,0,0,0,0
100,127,2,289,289,289,289,0,0,0,0
101,1,5,832,832,832,832,0,0,0,0
101,2,5,709,709,709,709,0,0,0,0
101,4,16,2911,2911,1942,1942,968,968,0,0
101,11,4,2429,2429,178,178,2251,2251,0,0
101,13,8,1885,1885,1238,1238,647,647,0,0
101,23,9,4665,4665,1340,1340,3325,3325,0,0
101,24,8,9410,9410,169,169,9241,9241,0,0
101,25,9,10666,10666,743,743,9922,9922,0,0
101,26,13,4192,4192,1862,1862,2331,2331,0,0
101,27,23,4272,4272,2855,2855,1417,1417,0,0
101,30,10,1498,1498,762,762,735,735,0,0
101,31,9,1083,1083,1060,1060,23,23,0,0
101,32,6,4922,4922,274,274,4648,4648,0,0
101,33,16,5028,5028,1563,1563,3464,3464,0,0
101,34,11,4503,4503,792,792,3711,3711,0,0
101,39,8,1076,1076,640,640,436,436,0,0
101,40,1,1180,1180,0,0,1180,1180,0,0
101,44,16,2366,2366,964,964,1403,1403,0,0
101,45,1,316,316,30,30,287,287,0,0
101,57,11,1553,1553,953,953,600,600,0,0
101,63,23,4316,4316,2935,2935,1381,1381,0,0
101,64,20,3152,3152,2247,2247,903,903,0,0
101,65,5,592,592,592,592,0,0,0,0
101,69,11,2366,2366,1694,1694,671,671,0,0
101,88,12,1119,1119,690,690,430,430,0,0
101,91,1,641,641,386,386,256,256,0,0
101,94,5,443,443,443,443,0,0,0,0
101,95,9,1368,1368,867,867,502,502,0,0
101,96,5,1058,1058,1058,1058,0,0,0,0
101,97,12,6029,6029,2088,2088,3942,3942,0,0
101,106,16,2415,2415,2318,2318,97,97,0,0
101,108,26,3299,3299,3262,3262,38,38,0,0
101,109,10,941,941,819,819,122,122,0,0
101,116,3,305,305,305,305,0,0,0,0
101,120,4,131,131,118,118,4,4,0,0
101,121,3,374,374,374,374,0,0,0,0
101,124,4,539,539,539,539,0,0,0,0
101,125,1,24,24,24,24,0,0,0,0
101,3,3,449,449,449,449,0,0,0,0
101,28,8,2227,2227,1173,1173,1054,1054,0,0
101,43,1,2060,2060,0,0,2060,2060,0,0
101,68,11,2396,2396,1510,1510,885,885,0,0
101,73,3,644,644,609,609,12,12,0,0
101,76,2,131,131,131,131,0,0,0,0
101,82,3,790,790,790,790,0,0,0,0
101,87,1,104,104,104,104,0,0,0,0
101,89,2,1459,1459,590,590,868,868,0,0
101,93,1,368,368,302,302,66,66,0,0
101,98,3,823,823,184,184,638,638,0,0
101,99,6,1148,1148,639,639,509,509,0,0
101,103,2,113,113,113,113,0,0,0,0
101,104,6,602,602,602,602,0,0,0,0
101,107,10,1342,1342,1342,1342,0,0,0,0
101,111,2,488,488,488,488,0,0,0,0
101,113,1,115,115,0,0,115,115,0,0
101,117,1,30,30,30,30,0,0,0,0
101,118,1,250,250,250,250,0,0,0,0
102,0,10,3067,3067,666,666,2401,2401,0,0
102,1,9,1840,1840,839,839,1004,1004,0,0
102,2,8,1231,1231,206,206,1024,1024,0,0
102,3,21,11504,11504,1765,1765,9738,9738,0,0
102,13,2,1547,1547,1079,1079,467,467,0,0
102,23,18,3579,3579,1832,1832,1745,1745,0,0
102,24,8,9000,9000,912,912,8088,8088,0,0
102,25,9,22451,22451,591,591,21861,21861,0,0
102,27,27,9225,9225,4009,4009,5216,5216,0,0
102,28,37,7927,7927,6044,6044,1853,1853,0,0
102,29,5,3031,3031,149,149,2882,2882,0,0
102,30,28,8576,8576,2456,2456,6121,6121,0,0
102,31,13,4772,4772,2292,2292,2350,2350,0,0
102,34,10,4193,4193,751,751,3443,3443,0,0
102,35,2,34,34,34,34,0,0,0,0
102,47,5,576,576,275,275,301,301,0,0
102,48,2,687,687,261,261,427,427,0,0
102,53,8,3873,3873,611,611,3262,3262,0,0
102,63,2,330,330,58,58,272,272,0,0
102,64,3,790,790,419,419,371,371,0,0
102,68,5,801,801,592,592,209,209,0,0
102,69,11,2328,2328,1547,1547,781,781,0,0
102,70,4,399,399,196,196,203,203,0,0
102,71,7,1321,1321,658,658,663,663,0,0
102,72,7,1171,1171,526,526,645,645,0,0
102,73,3,877,877,362,362,514,514,0,0
102,76,5,323,323,323,323,0,0,0,0
102,82,40,4576,4576,4576,4576,0,0,0,0
102,83,4,1371,1371,156,156,1214,1214,0,0
102,87,6,813,813,541,541,272,272,0,0
102,88,4,5331,5331,39,39,5292,5292,0,0
102,89,5,5308,5308,475,475,4833,4833,0,0
102,90,1,809,809,377,377,431,431,0,0
102,91,2,471,471,471,471,0,0,0,0
102,93,2,1004,1004,780,780,169,169,55,55
102,95,9,2288,2288,1251,1251,819,819,0,0
102,98,1,260,260,8,8,252,252,0,0
102,99,7,1300,1300,573,573,727,727,0,0
102,100,4,470,470,326,326,144,144,0,0
102,102,8,1721,1721,1369,1369,352,352,0,0
102,106,10,2544,2544,2497,2497,45,45,0,0
102,107,35,4847,4847,4467,4467,379,379,0,0
102,108,9,1134,1134,1017,1017,58,58,0,0
102,111,2,316,316,316,316,0,0,0,0
102,118,2,358,358,358,358,0,0,0,0
102,119,1,239,239,239,239,0,0,0,0
102,121,3,761,761,761,761,0,0,0,0
102,123,8,854,854,787,787,0,0,67,67
102,124,1,215,215,215,215,0,0,0,0
102,4,1,6022,6022,519,519,5503,5503,0,0
102,22,1,1055,1055,0,0,1055,1055,0,0
102,32,8,2268,2268,1149,1149,17,17,1102,1102
102,33,3,2147,2147,539,539,1608,1608,0,0
102,43,7,1614,1614,531,531,1083,1083,0,0
102,46,7,1825,1825,1030,1030,795,795,0,0
102,54,1,128,128,25,25,103,103,0,0
102,78,1,312,312,312,312,0,0,0,0
102,80,8,1710,1710,1710,1710,0,0,0,0
102,81,7,529,529,529,529,0,0,0,0
102,86,4,1288,1288,233,233,1056,1056,0,0
102,96,3,315,315,315,315,0,0,0,0
102,97,2,860,860,338,338,522,522,0,0
102,112,2,351,351,351,351,0,0,0,0
102,117,1,8,8,2,2,2,2,0,0
102,122,1,18,18,4,4,4,4,0,0
103,3,2,6500,6500,19,19,6480,6480,0,0
103,4,15,6964,6964,1661,1661,5304,5304,0,0
103,9,1,78,78,78,78,0,0,0,0
103,10,4,1318,1318,919,919,399,399,0,0
103,11,15,5186,5186,907,907,4278,4278,0,0
103,12,2,2112,2112,0,0,2112,2112,0,0
103,13,2,1569,1569,158,158,1411,1411,0,0
103,21,9,3307,3307,441,441,2867,2867,0,0
103,22,2,385,385,385,385,0,0,0,0
103,24,6,5034,5034,362,362,4671,4671,0,0
103,25,3,7773,7773,91,91,7682,7682,0,0
103,27,18,4352,4352,4352,4352,0,0,0,0
103,28,45,7703,7703,7552,7552,56,56,0,0
103,29,27,5910,5910,4869,4869,927,927,0,0
103,30,43,8646,8646,6812,6812,1832,1832,0,0
103,31,48,7806,7806,6412,6412,1316,1316,77,77
103,32,8,2155,2155,1979,1979,176,176,0,0
103,33,1,570,570,201,201,369,369,0,0
103,34,7,1186,1186,799,799,387,387,0,0
103,42,3,433,433,163,163,270,270,0,0
103,62,10,1234,1234,945,945,288,288,0,0
103,63,18,3677,3677,1916,1916,1745,1745,0,0
103,80,3,636,636,636,636,0,0,0,0
103,82,1,514,514,514,514,0,0,0,0
103,83,2,1182,1182,1182,1182,0,0,0,0
103,84,10,1176,1176,848,848,109,109,0,0
103,86,1,315,315,75,75,240,240,0,0
103,96,1,455,455,266,266,189,189,0,0
103,106,11,1432,1432,1432,1432,0,0,0,0
103,107,3,703,703,703,703,0,0,0,0
103,117,4,243,243,160,160,83,83,0,0
103,122,2,300,300,202,202,98,98,0,0
103,125,3,759,759,759,759,0,0,0,0
103,126,2,35,35,35,35,0,0,0,0
103,2,1,183,183,183,183,0,0,0,0
103,5,5,3036,3036,268,268,2768,2768,0,0
103,7,2,533,533,223,223,311,311,0,0
103,15,3,1101,1101,511,511,591,591,0,0
103,17,7,1243,1243,872,872,371,371,0,0
103,18,1,189,189,169,169,19,19,0,0
103,23,1,37,37,37,37,0,0,0,0
103,26,1,377,377,377,377,0,0,0,0
103,39,13,2942,2942,906,906,2036,2036,0,0
103,40,9,2813,2813,388,388,2425,2425,0,0
103,53,5,1181,1181,673,673,508,508,0,0
103,57,8,2869,2869,232,232,2637,2637,0,0
103,79,3,506,506,506,506,0,0,0,0
103,81,2,302,302,93,93,0,0,210,210
103,89,1,330,330,330,330,0,0,0,0
103,90,1,253,253,63,63,63,63,0,0
103,91,1,392,392,392,392,0,0,0,0
103,103,10,1770,1770,1770,1770,0,0,0,0
103,115,1,152,152,152,152,0,0,0,0
103,121,4,672,672,349,349,0,0,323,323
104,3,12,14052,14052,861,861,13191,13191,0,0
104,4,13,10048,10048,873,873,9175,9175,0,0
104,6,3,606,606,101,101,506,506,0,0
104,7,17,2324,2324,1255,1255,1069,1069,0,0
104,8,7,1164,1164,392,392,772,772,0,0
104,9,3,476,476,397,397,79,79,0,0
104,11,3,94,94,94,94,0,0,0,0
104,13,4,1110,1110,261,261,849,849,0,0
104,14,1,259,259,259,259,0,0,0,0
104,16,1,160,160,160,160,0,0,0,0
104,17,18,2506,2506,2182,2182,324,324,0,0
104,18,6,1120,1120,987,987,133,133,0,0
104,19,4,464,464,401,401,63,63,0,0
104,20,10,1586,1586,945,945,642,642,0,0
104,21,11,2428,2428,778,778,1651,1651,0,0
104,23,14,5526,5526,2196,2196,3330,3330,0,0
104,24,5,4845,4845,364,364,4481,4481,0,0
104,26,5,660,660,418,418,242,242,0,0
104,27,18,3577,3577,3431,3431,147,147,0,0
104,28,38,7032,7032,6163,6163,869,869,0,0
104,29,55,13751,13751,12034,12034,1419,1419,299,299
104,30,39,6213,6213,5014,5014,1199,1199,0,0
104,31,14,3453,3453,3175,3175,279,279,0,0
104,39,12,3151,3151,339,339,2811,2811,0,0
104,40,12,3896,3896,604,604,3292,3292,0,0
104,52,3,1049,1049,134,134,914,914,0,0
104,53,2,449,449,449,449,0,0,0,0
104,57,13,2973,2973,2076,2076,897,897,0,0
104,62,1,747,747,227,227,520,520,0,0
104,63,18,2908,2908,1757,1757,1151,1151,0,0
104,64,8,987,987,963,963,8,8,0,0
104,76,6,1261,1261,810,810,451,451,0,0
104,77,2,182,182,79,79,103,103,0,0
104,80,25,2721,2721,2721,2721,0,0,0,0
104,81,28,6309,6309,3841,3841,2468,2468,0,0
104,82,2,1916,1916,109,109,1807,1807,0,0
104,92,1,106,106,106,106,0,0,0,0
104,101,4,894,894,769,769,125,125,0,0
104,103,2,541,541,541,541,0,0,0,0
104,104,11,1920,1920,1920,1920,0,0,0,0
104,105,4,1251,1251,1251,1251,0,0,0,0
104,106,3,794,794,413,413,382,382,0,0
104,119,2,93,93,93,93,0,0,0,0
104,120,3,943,943,943,943,0,0,0,0
104,121,1,667,667,667,667,0,0,0,0
104,122,1,941,941,941,941,0,0,0,0
104,123,6,871,871,871,871,0,0,0,0
104,125,6,971,971,696,696,275,275,0,0
104,2,1,128,128,32,32,32,32,0,0
104,10,3,5002,5002,0,0,5002,5002,0,0
104,22,8,2353,2353,599,599,1754,1754,0,0
104,32,1,958,958,86,86,872,872,0,0
104,45,3,733,733,733,733,0,0,0,0
104,59,18,4553,4553,2267,2267,2287,2287,0,0
104,60,3,572,572,572,572,0,0,0,0
104,61,1,67,67,17,17,17,17,0,0
104,72,1,293,293,293,293,0,0,0,0
104,75,3,533,533,260,260,273,273,0,0
104,107,2,487,487,487,487,0,0,0,0
104,113,2,612,612,612,612,0,0,0,0
104,126,1,32,32,32,32,0,0,0,0
105,4,1,76,76,32,32,44,44,0,0
105,10,2,667,667,395,395,272,272,0,0
105,15,1,797,797,128,128,669,669,0,0
105,16,4,664,664,361,361,303,303,0,0
105,17,5,5712,5712,668,668,5044,5044,0,0
105,22,2,3156,3156,0,0,3156,3156,0,0
105,23,11,4370,4370,1041,1041,3329,3329,0,0
105,24,9,1602,1602,982,982,620,620,0,0
105,28,19,4450,4450,2968,2968,1277,1277,0,0
105,29,40,8074,8074,7346,7346,728,728,0,0
105,30,23,3811,3811,3469,3469,133,133,0,0
105,31,12,3895,3895,1788,1788,2005,2005,0,0
105,56,13,1341,1341,1286,1286,54,54,0,0
105,59,6,2585,2585,656,656,1929,1929,0,0
105,60,6,3285,3285,723,723,2562,2562,0,0
105,61,6,3553,3553,514,514,3040,3040,0,0
105,64,3,3485,3485,292,292,3193,3193,0,0
105,76,3,498,498,498,498,0,0,0,0
105,79,5,1499,1499,570,570,930,930,0,0
105,80,104,11031,11031,8779,8779,2251,2251,0,0
105,81,67,7174,7174,6167,6167,1007,1007,0,0
105,82,44,5364,5364,5364,5364,0,0,0,0
105,92,1,279,279,279,279,0,0,0,0
105,101,5,1194,1194,940,940,248,248,0,0
105,102,2,352,352,352,352,0,0,0,0
105,104,6,548,548,548,548,0,0,0,0
105,105,12,1264,1264,1236,1236,29,29,0,0
105,117,3,1015,1015,729,729,285,285,0,0
105,119,3,830,830,386,386,444,444,0,0
105,120,1,70,70,0,0,70,70,0,0
105,122,1,353,353,353,353,0,0,0,0
105,124,10,8859,8859,951,951,7908,7908,0,0
105,125,13,7240,7240,1273,1273,5967,5967,0,0
105,127,5,758,758,758,758,0,0,0,0
105,1,4,483,483,321,321,162,162,0,0
105,13,3,3785,3785,807,807,2824,2824,0,0
105,18,6,583,583,367,367,217,217,0,0
105,21,8,1444,1444,1050,1050,394,394,0,0
105,35,4,1302,1302,397,397,905,905,0,0
105,50,1,104,104,104,104,0,0,0,0
105,51,3,424,424,424,424,0,0,0,0
105,53,1,1827,1827,0,0,1827,1827,0,0
105,63,4,514,514,514,514,0,0,0,0
105,78,3,529,529,290,290,239,239,0,0
105,95,2,487,487,24,24,463,463,0,0
105,96,3,1714,1714,154,154,1561,1561,0,0
105,108,7,1105,1105,505,505,567,567,0,0
105,114,1,570,570,284,284,286,286,0,0
105,118,1,263,263,263,263,0,0,0,0
105,123,3,3547,3547,107,107,3440,3440,0,0
105,126,1,604,604,87,87,517,517,0,0
106,10,5,706,706,540,540,166,166,0,0
106,13,7,4692,4692,646,646,4045,4045,0,0
106,17,16,2477,2477,2242,2242,235,235,0,0
106,18,10,3253,3253,458,458,2795,2795,0,0
106,20,3,2626,2626,206,206,2420,2420,0,0
106,21,9,3306,3306,821,821,2484,2484,0,0
106,22,8,1128,1128,710,710,417,417,0,0
106,23,3,3637,3637,201,201,3435,3435,0,0
106,24,5,1265,1265,789,789,476,476,0,0
106,28,6,1863,1863,875,875,988,988,0,0
106,29,27,4319,4319,3250,3250,1068,1068,0,0
106,35,8,1464,1464,926,926,538,538,0,0
106,51,11,1370,1370,673,673,697,697,0,0
106,52,4,181,181,181,181,0,0,0,0
106,56,8,837,837,740,740,97,97,0,0
106,60,3,815,815,288,288,528,528,0,0
106,62,8,1575,1575,569,569,1006,1006,0,0
106,63,7,1398,1398,875,875,523,523,0,0
106,73,5,375,375,375,375,0,0,0,0
106,76,5,2886,2886,624,624,2262,2262,0,0
106,77,44,6330,6330,5287,5287,844,844,79,79
106,78,56,11411,11411,8354,8354,2807,2807,236,236
106,79,55,8191,8191,5201,5201,1991,1991,875,875
106,80,94,10268,10268,8111,8111,2158,2158,0,0
106,91,4,1292,1292,426,426,848,848,0,0
106,95,6,4430,4430,229,229,4201,4201,0,0
106,98,1,39,39,10,10,10,10,0,0
106,104,11,1992,1992,1220,1220,771,771,0,0
106,105,12,2101,2101,2045,2045,57,57,0,0
106,108,4,373,373,373,373,0,0,0,0
106,116,1,238,238,238,238,0,0,0,0
106,122,1,368,368,368,368,0,0,0,0
106,3,6,1027,1027,883,883,144,144,0,0
106,6,3,1110,1110,805,805,305,305,0,0
106,27,3,1640,1640,418,418,1223,1223,0,0
106,34,4,647,647,191,191,456,456,0,0
106,36,8,779,779,540,540,239,239,0,0
106,37,5,1212,1212,640,640,571,571,0,0
106,61,1,1375,1375,0,0,1375,1375,0,0
106,81,6,718,718,718,718,0,0,0,0
106,86,1,132,132,132,132,0,0,0,0
106,94,4,2585,2585,204,204,2381,2381,0,0
106,97,3,308,308,261,261,47,47,0,0
106,100,1,714,714,0,0,714,714,0,0
106,109,4,506,506,427,427,78,78,0,0
106,110,3,219,219,219,219,0,0,0,0
106,127,3,1038,1038,230,230,808,808,0,0
107,3,1,387,387,66,66,322,322,0,0
107,6,3,931,931,423,423,509,509,0,0
107,10,3,547,547,336,336,212,212,0,0
107,12,3,2356,2356,17,17,2339,2339,0,0
107,17,8,1933,1933,1133,1133,800,800,0,0
107,18,4,1559,1559,53,53,1507,1507,0,0
107,23,4,955,955,44,44,912,912,0,0
107,27,23,4538,4538,2340,2340,2198,2198,0,0
107,28,11,1533,1533,1117,1117,318,318,0,0
107,29,10,1434,1434,1101,1101,333,333,0,0
107,36,3,825,825,187,187,637,637,0,0
107,51,2,2407,2407,0,0,2407,2407,0,0
107,52,6,842,842,390,390,452,452,0,0
107,55,13,2035,2035,875,875,1128,1128,0,0
107,56,13,1254,1254,1193,1193,20,20,0,0
107,57,7,2175,2175,477,477,1636,1636,0,0
107,61,10,13830,13830,405,405,13424,13424,0,0
107,62,11,7624,7624,838,838,6786,6786,0,0
107,63,11,12266,12266,1363,1363,10903,10903,0,0
107,72,3,1170,1170,0,0,1170,1170,0,0
107,73,5,1429,1429,305,305,1124,1124,0,0
107,76,2,1280,1280,0,0,1280,1280,0,0
107,77,39,5991,5991,5168,5168,652,652,0,0
107,78,66,10121,10121,9151,9151,934,934,0,0
107,79,63,9881,9881,8592,8592,851,851,439,439
107,80,75,13844,13844,6630,6630,7214,7214,0,0
107,81,81,9229,9229,8938,8938,258,258,0,0
107,82,29,4121,4121,3774,3774,346,346,0,0
107,86,3,1619,1619,1205,1205,414,414,0,0
107,92,1,94,94,24,24,24,24,0,0
107,94,5,2359,2359,962,962,1397,1397,0,0
107,95,4,3803,3803,229,229,3574,3574,0,0
107,97,2,755,755,506,506,249,249,0,0
107,103,1,472,472,0,0,472,472,0,0
107,104,2,165,165,165,165,0,0,0,0
107,105,8,2040,2040,1895,1895,146,146,0,0
107,110,3,1186,1186,417,417,769,769,0,0
107,111,5,928,928,522,522,407,407,0,0
107,118,3,1610,1610,801,801,796,796,0,0
107,119,4,2121,2121,1366,1366,755,755,0,0
107,121,11,1735,1735,1139,1139,590,590,0,0
107,127,10,1454,1454,1191,1191,263,263,0,0
107,2,2,647,647,397,397,250,250,0,0
107,11,1,1571,1571,0,0,1571,1571,0,0
107,13,5,438,438,222,222,216,216,0,0
107,24,1,121,121,118,118,3,3,0,0
107,26,4,747,747,715,715,32,32,0,0
107,30,8,1371,1371,1039,1039,332,332,0,0
107,39,3,266,266,266,266,0,0,0,0
107,53,7,1080,1080,752,752,328,328,0,0
107,60,1,3002,3002,0,0,3002,3002,0,0
107,67,2,1429,1429,0,0,1429,1429,0,0
107,68,4,1338,1338,692,692,646,646,0,0
107,99,3,260,260,258,258,1,1,0,0
107,100,1,870,870,866,866,1,1,0,0
107,113,1,252,252,252,252,0,0,0,0
107,114,3,442,442,205,205,237,237,0,0
107,120,2,416,416,416,416,0,0,0,0
107,124,4,478,478,108,108,369,369,0,0
107,125,8,1052,1052,802,802,250,250,0,0
108,3,1,714,714,714,714,0,0,0,0
108,6,3,4310,4310,0,0,4310,4310,0,0
108,7,5,1116,1116,422,422,490,490,0,0
108,11,4,1469,1469,439,439,1029,1029,0,0
108,17,1,320,320,320,320,0,0,0,0
108,24,4,779,779,437,437,342,342,0,0
108,26,6,3101,3101,558,558,2542,2542,0,0
108,28,27,4345,4345,4345,4345,0,0,0,0
108,29,17,1823,1823,1823,1823,0,0,0,0
108,30,9,1382,1382,1224,1224,85,85,0,0
108,40,4,3528,3528,330,330,3198,3198,0,0
108,43,4,1452,1452,654,654,266,266,0,0
108,53,38,5132,5132,4025,4025,786,786,321,321
108,54,15,1649,1649,1649,1649,0,0,0,0
108,55,5,739,739,574,574,165,165,0,0
108,57,2,2546,2546,55,55,2492,2492,0,0
108,61,2,3658,3658,0,0,3658,3658,0,0
108,62,5,4125,4125,661,661,3464,3464,0,0
108,63,5,12211,12211,518,518,11694,11694,0,0
108,66,15,1278,1278,1039,1039,238,238,0,0
108,75,2,1233,1233,109,109,1124,1124,0,0
108,76,9,1138,1138,1072,1072,66,66,0,0
108,77,5,1859,1859,385,385,1473,1473,0,0
108,78,15,3480,3480,3480,3480,0,0,0,0
108,79,70,12034,12034,9201,9201,2834,2834,0,0
108,80,25,9315,9315,3934,3934,5382,5382,0,0
108,81,7,6204,6204,1767,1767,4437,4437,0,0
108,82,16,4333,4333,2278,2278,2055,2055,0,0
108,89,1,131,131,0,0,131,131,0,0
108,94,1,1153,1153,0,0,1153,1153,0,0
108,95,3,5349,5349,861,861,4488,4488,0,0
108,99,11,2202,2202,1628,1628,569,569,0,0
108,100,1,466,466,313,313,147,147,0,0
108,113,7,1616,1616,1182,1182,434,434,0,0
108,121,8,2140,2140,867,867,1273,1273,0,0
108,124,6,696,696,411,411,285,285,0,0
108,125,9,1466,1466,1216,1216,249,249,0,0
108,126,3,128,128,49,49,79,79,0,0
108,2,4,803,803,803,803,0,0,0,0
108,5,2,593,593,111,111,482,482,0,0
108,12,1,243,243,243,243,0,0,0,0
108,13,16,3827,3827,1865,1865,1961,1961,0,0
108,18,3,2425,2425,199,199,2226,2226,0,0
108,25,5,619,619,619,619,0,0,0,0
108,27,1,795,795,56,56,739,739,0,0
108,39,9,1956,1956,716,716,872,872,0,0
108,51,2,4450,4450,793,793,3657,3657,0,0
108,52,2,2250,2250,141,141,2109,2109,0,0
108,83,4,381,381,137,137,243,243,0,0
108,87,6,856,856,555,555,301,301,0,0
108,98,1,32,32,32,32,0,0,0,0
108,108,2,766,766,133,133,633,633,0,0
108,111,1,259,259,259,259,0,0,0,0
108,122,2,696,696,552,552,144,144,0,0
108,127,1,206,206,206,206,0,0,0,0
109,2,17,2449,2449,1818,1818,631,631,0,0
109,12,2,285,285,95,95,190,190,0,0
109,13,6,849,849,771,771,78,78,0,0
109,18,1,215,215,64,64,50,50,0,0
109,26,9,1607,1607,873,873,734,734,0,0
109,39,9,2027,2027,1003,1003,1024,1024,0,0
109,44,1,521,521,253,253,268,268,0,0
109,45,3,644,644,644,644,0,0,0,0
109,49,6,847,847,110,110,737,737,0,0
109,51,6,1106,1106,512,512,594,594,0,0
109,54,2,356,356,356,356,0,0,0,0
109,55,8,3027,3027,335,335,2692,2692,0,0
109,56,6,607,607,607,607,0,0,0,0
109,57,6,521,521,521,521,0,0,0,0
109,62,34,6957,6957,5568,5568,1390,1390,0,0
109,65,11,1389,1389,1232,1232,157,157,0,0
109,76,5,1002,1002,357,357,645,645,0,0
109,78,10,3761,3761,1029,1029,2732,2732,0,0
109,79,27,7871,7871,3548,3548,4323,4323,0,0
109,80,28,9558,9558,2601,2601,6957,6957,0,0
109,81,24,13832,13832,2167,2167,11665,11665,0,0
109,82,1,7604,7604,441,441,7163,7163,0,0
109,86,3,3804,3804,245,245,3560,3560,0,0
109,87,20,10803,10803,2313,2313,8490,8490,0,0
109,91,1,202,202,27,27,175,175,0,0
109,92,8,1635,1635,1016,1016,619,619,0,0
109,94,5,686,686,488,488,181,181,0,0
109,95,13,7879,7879,3327,3327,4552,4552,0,0
109,96,3,425,425,212,212,213,213,0,0
109,98,3,831,831,530,530,301,301,0,0
109,99,8,1728,1728,1382,1382,346,346,0,0
109,100,1,287,287,287,287,0,0,0,0
109,110,2,384,384,384,384,0,0,0,0
109,111,1,238,238,238,238,0,0,0,0
109,113,1,115,115,115,115,0,0,0,0
109,116,2,1277,1277,74,74,1203,1203,0,0
109,117,4,1841,1841,544,544,1298,1298,0,0
109,118,12,14289,14289,675,675,13614,13614,0,0
109,119,5,510,510,408,408,102,102,0,0
109,120,2,274,274,274,274,0,0,0,0
109,122,5,521,521,494,494,27,27,0,0
109,123,1,29,29,0,0,29,29,0,0
109,124,2,160,160,160,160,0,0,0,0
109,126,4,267,267,267,267,0,0,0,0
109,127,22,2205,2205,1882,1882,323,323,0,0
109,11,3,649,649,160,160,488,488,0,0
109,27,1,120,120,120,120,0,0,0,0
109,30,4,1061,1061,694,694,366,366,0,0
109,61,1,653,653,0,0,653,653,0,0
109,63,18,1442,1442,1087,1087,354,354,0,0
109,64,3,190,190,190,190,0,0,0,0
109,83,1,189,189,0,0,189,189,0,0
109,101,1,253,253,253,253,0,0,0,0
109,107,2,812,812,448,448,364,364,0,0
109,125,1,89,89,89,89,0,0,0,0
110,2,10,924,924,924,924,0,0,0,0
110,12,4,4593,4593,313,313,4280,4280,0,0
110,13,10,1128,1128,871,871,257,257,0,0
110,26,8,669,669,669,669,0,0,0,0
110,27,11,1313,1313,932,932,381,381,0,0
110,39,10,4689,4689,1765,1765,2925,2925,0,0
110,40,2,2736,2736,101,101,2634,2634,0,0
110,54,13,1439,1439,920,920,519,519,0,0
110,55,8,1141,1141,1141,1141,0,0,0,0
110,61,3,653,653,330,330,322,322,0,0
110,62,45,6952,6952,5727,5727,1224,1224,0,0
110,63,19,1430,1430,1311,1311,119,119,0,0
110,65,1,179,179,179,179,0,0,0,0
110,77,3,1139,1139,24,24,1115,1115,0,0
110,78,36,6490,6490,4428,4428,2062,2062,0,0
110,82,5,596,596,282,282,315,315,0,0
110,83,13,2263,2263,1321,1321,867,867,0,0
110,86,4,6630,6630,330,330,6299,6299,0,0
110,87,6,5658,5658,369,369,5288,5288,0,0
110,94,3,3294,3294,365,365,2929,2929,0,0
110,95,11,2843,2843,1430,1430,1413,1413,0,0
110,101,5,159,159,76,76,27,27,0,0
110,106,25,3285,3285,2998,2998,287,287,0,0
110,107,1,309,309,170,170,139,139,0,0
110,108,2,103,103,103,103,0,0,0,0
110,109,1,415,415,415,415,0,0,0,0
110,116,13,2734,2734,2033,2033,702,702,0,0
110,118,17,2221,2221,2221,2221,0,0,0,0
110,120,10,1051,1051,916,916,135,135,0,0
110,122,4,190,190,190,190,0,0,0,0
110,123,4,593,593,521,521,73,73,0,0
110,17,2,1347,1347,280,280,1068,1068,0,0
110,18,4,1201,1201,363,363,839,839,0,0
110,29,1,95,95,95,95,0,0,0,0
110,56,2,3616,3616,0,0,3616,3616,0,0
110,72,5,1367,1367,496,496,871,871,0,0
110,73,2,2483,2483,0,0,2483,2483,0,0
110,74,6,1173,1173,1135,1135,20,20,0,0
110,79,5,2293,2293,568,568,1725,1725,0,0
110,80,5,6452,6452,388,388,6064,6064,0,0
110,92,1,128,128,128,128,0,0,0,0
110,100,1,4,4,4,4,0,0,0,0
110,105,4,500,500,424,424,76,76,0,0
110,113,3,691,691,554,554,136,136,0,0
110,114,13,1732,1732,1732,1732,0,0,0,0
110,115,6,2300,2300,2300,2300,0,0,0,0
110,119,15,1233,1233,1233,1233,0,0,0,0
111,1,8,1108,1108,796,796,312,312,0,0
111,2,12,1744,1744,1208,1208,536,536,0,0
111,5,4,868,868,623,623,245,245,0,0
111,12,1,315,315,315,315,0,0,0,0
111,21,3,666,666,185,185,481,481,0,0
111,26,7,1435,1435,923,923,512,512,0,0
111,38,19,8964,8964,676,676,8239,8239,0,0
111,39,5,1549,1549,689,689,861,861,0,0
111,54,11,1561,1561,1141,1141,419,419,0,0
111,55,13,1770,1770,1068,1068,704,704,0,0
111,56,2,3441,3441,34,34,3407,3407,0,0
111,57,6,1840,1840,489,489,1352,1352,0,0
111,61,1,917,917,275,275,643,643,0,0
111,62,6,1054,1054,512,512,542,542,0,0
111,63,7,1104,1104,1104,1104,0,0,0,0
111,72,13,2531,2531,1178,1178,1354,1354,0,0
111,73,3,1036,1036,362,362,674,674,0,0
111,74,6,2777,2777,1886,1886,891,891,0,0
111,78,10,3330,3330,1052,1052,2278,2278,0,0
111,79,6,9079,9079,475,475,8604,8604,0,0
111,80,5,913,913,851,851,62,62,0,0
111,87,11,6449,6449,1635,1635,4812,4812,0,0
111,88,15,2938,2938,1566,1566,1372,1372,0,0
111,94,1,4453,4453,121,121,4332,4332,0,0
111,95,3,1632,1632,1606,1606,26,26,0,0
111,101,4,301,301,75,75,75,75,0,0
111,102,2,273,273,273,273,0,0,0,0
111,105,36,6993,6993,6146,6146,847,847,0,0
111,106,26,6126,6126,6126,6126,0,0,0,0
111,107,16,3906,3906,2211,2211,902,902,650,650
111,108,6,2053,2053,1499,1499,553,553,0,0
111,111,2,1950,1950,92,92,1857,1857,0,0
111,113,5,918,918,904,904,14,14,0,0
111,114,23,4007,4007,4007,4007,0,0,0,0
111,115,29,6836,6836,6468,6468,11,11,335,335
111,116,22,4595,4595,4397,4397,66,66,0,0
111,117,2,376,376,376,376,0,0,0,0
111,118,3,228,228,228,228,0,0,0,0
111,119,5,563,563,512,512,51,51,0,0
111,124,2,29,29,29,29,0,0,0,0
111,126,3,168,168,87,87,81,81,0,0
111,17,6,1185,1185,435,435,750,750,0,0
111,18,5,1817,1817,298,298,1519,1519,0,0
111,20,6,3555,3555,438,438,3037,3037,0,0
111,22,1,176,176,176,176,0,0,0,0
111,51,1,323,323,323,323,0,0,0,0
111,52,5,940,940,940,940,0,0,0,0
111,53,1,33,33,33,33,0,0,0,0
111,77,3,733,733,163,163,401,401,0,0
111,86,2,357,357,357,357,0,0,0,0
111,89,6,1465,1465,940,940,525,525,0,0
111,90,8,1917,1917,1036,1036,881,881,0,0
111,91,8,1053,1053,1053,1053,0,0,0,0
111,92,8,1270,1270,820,820,450,450,0,0
111,99,1,19,19,9,9,4,4,0,0
111,103,3,500,500,304,304,196,196,0,0
111,104,2,549,549,128,128,420,420,0,0
111,121,1,22,22,22,22,0,0,0,0
111,122,1,29,29,7,7,7,7,0,0
111,123,1,30,30,30,30,0,0,0,0
112,1,4,895,895,240,240,656,656,0,0
112,2,17,3349,3349,1917,1917,1432,1432,0,0
112,5,4,526,526,231,231,295,295,0,0
112,7,2,557,557,202,202,355,355,0,0
112,13,8,1683,1683,551,551,1035,1035,97,97
112,17,1,100,100,100,100,0,0,0,0
112,18,4,1246,1246,554,554,692,692,0,0
112,19,1,1358,1358,18,18,1340,1340,0,0
112,20,14,7005,7005,1110,1110,5896,5896,0,0
112,22,13,2600,2600,736,736,1864,1864,0,0
112,39,3,6075,6075,654,654,5421,5421,0,0
112,40,2,3310,3310,78,78,3232,3232,0,0
112,51,1,333,333,333,333,0,0,0,0
112,52,3,427,427,427,427,0,0,0,0
112,53,3,1250,1250,546,546,704,704,0,0
112,54,21,3982,3982,2600,2600,1383,1383,0,0
112,61,5,892,892,536,536,356,356,0,0
112,67,11,3292,3292,1995,1995,1296,1296,0,0
112,77,7,1314,1314,965,965,349,349,0,0
112,79,2,315,315,250,250,65,65,0,0
112,80,5,817,817,339,339,477,477,0,0
112,83,6,1093,1093,532,532,561,561,0,0
112,86,6,1673,1673,651,651,1021,1021,0,0
112,87,8,7476,7476,989,989,6486,6486,0,0
112,88,15,10317,10317,2691,2691,7625,7625,0,0
112,89,6,1119,1119,554,554,565,565,0,0
112,90,30,4955,4955,4068,4068,763,763,124,124
112,91,37,5702,5702,5086,5086,173,173,443,443
112,92,23,4198,4198,2727,2727,1312,1312,0,0
112,93,2,164,164,164,164,0,0,0,0
112,101,3,142,142,142,142,0,0,0,0
112,102,7,931,931,931,931,0,0,0,0
112,104,3,349,349,247,247,102,102,0,0
112,105,21,4573,4573,3801,3801,772,772,0,0
112,106,23,5041,5041,4106,4106,935,935,0,0
112,107,4,657,657,657,657,0,0,0,0
112,112,5,3227,3227,752,752,2476,2476,0,0
112,113,11,1760,1760,932,932,828,828,0,0
112,115,17,2566,2566,2402,2402,164,164,0,0
112,116,1,69,69,33,33,36,36,0,0
112,119,8,834,834,787,787,16,16,0,0
112,44,1,96,96,96,96,0,0,0,0
112,60,1,514,514,87,87,427,427,0,0
112,76,2,853,853,95,95,758,758,0,0
112,94,2,233,233,233,233,0,0,0,0
112,95,2,654,654,581,581,73,73,0,0
112,99,7,1186,1186,837,837,349,349,0,0
112,111,1,1614,1614,0,0,1614,1614,0,0
112,114,3,256,256,143,143,114,114,0,0
112,121,1,17,17,17,17,0,0,0,0
112,122,1,41,41,34,34,2,2,0,0
112,127,2,149,149,149,149,0,0,0,0
113,2,23,4144,4144,3649,3649,186,186,0,0
113,3,10,2973,2973,463,463,2510,2510,0,0
113,13,2,396,396,396,396,0,0,0,0
113,19,17,7057,7057,1297,1297,5761,5761,0,0
113,22,6,2015,2015,849,849,957,957,0,0
113,23,2,286,286,286,286,0,0,0,0
113,39,11,4963,4963,993,993,3970,3970,0,0
113,40,3,1397,1397,161,161,1235,1235,0,0
113,52,3,336,336,336,336,0,0,0,0
113,54,6,3112,3112,683,683,2429,2429,0,0
113,57,1,206,206,206,206,0,0,0,0
113,59,9,4957,4957,700,700,4256,4256,0,0
113,60,13,2062,2062,1796,1796,267,267,0,0
113,65,6,913,913,577,577,336,336,0,0
113,76,5,2411,2411,1893,1893,456,456,0,0
113,87,1,526,526,298,298,228,228,0,0
113,90,7,1091,1091,1091,1091,0,0,0,0
113,91,3,215,215,215,215,0,0,0,0
113,92,4,349,349,349,349,0,0,0,0
113,93,10,1201,1201,919,919,269,269,0,0
113,94,13,8632,8632,1438,1438,7196,7196,0,0
113,95,6,9425,9425,735,735,8689,8689,0,0
113,96,1,703,703,12,12,691,691,0,0
113,98,1,17,17,4,4,4,4,0,0
113,99,4,420,420,420,420,0,0,0,0
113,103,1,31,31,31,31,0,0,0,0
113,105,1,185,185,185,185,0,0,0,0
113,106,1,948,948,948,948,0,0,0,0
113,112,6,609,609,465,465,144,144,0,0
113,113,4,630,630,510,510,120,120,0,0
113,115,9,1435,1435,1299,1299,136,136,0,0
113,116,2,172,172,172,172,0,0,0,0
113,122,2,113,113,113,113,0,0,0,0
113,127,2,207,207,207,207,0,0,0,0
113,1,2,375,375,375,375,0,0,0,0
113,7,1,7226,7226,0,0,7226,7226,0,0
113,30,1,70,70,54,54,16,16,0,0
113,31,3,2048,2048,0,0,2048,2048,0,0
113,53,1,5562,5562,129,129,5433,5433,0,0
113,64,2,245,245,245,245,0,0,0,0
113,71,3,463,463,463,463,0,0,0,0
113,75,5,625,625,321,321,304,304,0,0
113,84,1,38,38,38,38,0,0,0,0
113,101,2,44,44,44,44,0,0,0,0
113,114,1,35,35,35,35,0,0,0,0
113,124,1,16,16,16,16,0,0,0,0
114,1,11,2633,2633,2633,2633,0,0,0,0
114,2,45,7667,7667,6334,6334,1335,1335,0,0
114,3,43,7477,7477,6456,6456,1020,1020,0,0
114,6,7,2900,2900,507,507,2393,2393,0,0
114,7,4,8203,8203,742,742,7460,7460,0,0
114,13,14,4540,4540,1042,1042,3499,3499,0,0
114,17,2,7697,7697,89,89,7501,7501,0,0
114,19,8,2997,2997,1687,1687,1310,1310,0,0
114,30,10,2337,2337,741,741,1596,1596,0,0
114,53,2,11696,11696,189,189,11507,11507,0,0
114,54,2,6428,6428,696,696,5731,5731,0,0
114,56,1,105,105,105,105,0,0,0,0
114,59,17,2268,2268,1304,1304,965,965,0,0
114,60,1,160,160,160,160,0,0,0,0
114,72,4,872,872,872,872,0,0,0,0
114,74,5,683,683,400,400,282,282,0,0
114,76,6,3572,3572,2069,2069,501,501,0,0
114,80,8,1328,1328,496,496,832,832,0,0
114,82,1,12,12,12,12,0,0,0,0
114,93,10,2942,2942,1143,1143,1799,1799,0,0
114,94,11,7204,7204,2120,2120,5084,5084,0,0
114,95,10,19738,19738,550,550,19188,19188,0,0
114,96,9,3990,3990,295,295,3694,3694,0,0
114,115,2,488,488,488,488,0,0,0,0
114,120,1,30,30,30,30,0,0,0,0
114,121,3,659,659,80,80,579,579,0,0
114,0,1,267,267,0,0,267,267,0,0
114,12,1,1063,1063,158,158,905,905,0,0
114,14,2,212,212,212,212,0,0,0,0
114,18,5,1491,1491,408,408,1083,1083,0,0
114,38,2,1051,1051,0,0,1051,1051,0,0
114,39,13,2626,2626,950,950,1676,1676,0,0
114,40,1,1105,1105,0,0,1105,1105,0,0
114,58,4,490,490,490,490,0,0,0,0
114,61,1,131,131,131,131,0,0,0,0
114,90,1,304,304,11,11,293,293,0,0
114,91,4,974,974,394,394,580,580,0,0
114,97,1,949,949,4,4,945,945,0,0
114,109,1,316,316,277,277,39,39,0,0
114,112,4,1421,1421,1108,1108,310,310,0,0
114,116,1,37,37,37,37,0,0,0,0
114,119,2,555,555,314,314,241,241,0,0
115,1,13,3249,3249,3249,3249,0,0,0,0
115,2,17,5687,5687,3733,3733,1828,1828,126,126
115,3,17,4007,4007,2984,2984,1024,1024,0,0
115,6,14,1482,1482,1454,1454,28,28,0,0
115,13,19,2217,2217,1449,1449,767,767,0,0
115,16,2,3477,3477,45,45,3432,3432,0,0
115,19,15,4141,4141,1060,1060,3081,3081,0,0
115,35,1,29,29,7,7,7,7,0,0
115,46,1,286,286,286,286,0,0,0,0
115,52,3,1985,1985,104,104,1881,1881,0,0
115,54,10,1041,1041,1041,1041,0,0,0,0
115,55,7,1131,1131,1131,1131,0,0,0,0
115,56,25,2832,2832,1797,1797,975,975,0,0
115,57,22,3008,3008,2290,2290,718,718,0,0
115,58,32,3112,3112,3112,3112,0,0,0,0
115,59,12,1162,1162,1162,1162,0,0,0,0
115,61,4,759,759,759,759,0,0,0,0
115,69,7,1453,1453,561,561,891,891,0,0
115,80,3,748,748,343,343,405,405,0,0
115,85,2,211,211,211,211,0,0,0,0
115,90,3,620,620,620,620,0,0,0,0
115,91,6,4749,4749,757,757,3992,3992,0,0
115,92,1,1018,1018,33,33,919,919,0,0
115,94,9,7529,7529,1720,1720,5809,5809,0,0
115,95,9,11416,11416,1126,1126,10290,10290,0,0
115,96,7,1169,1169,1169,1169,0,0,0,0
115,114,3,1001,1001,646,646,356,356,0,0
115,117,2,347,347,347,347,0,0,0,0
115,121,3,681,681,152,152,314,314,0,0
115,0,7,1838,1838,960,960,878,878,0,0
115,4,2,357,357,357,357,0,0,0,0
115,5,2,145,145,141,141,4,4,0,0
115,11,3,997,997,157,157,840,840,0,0
115,12,4,696,696,570,570,126,126,0,0
115,14,3,501,501,270,270,231,231,0,0
115,17,1,1605,1605,0,0,1605,1605,0,0
115,18,5,1863,1863,197,197,1666,1666,0,0
115,20,1,1055,1055,0,0,1055,1055,0,0
115,22,2,314,314,107,107,207,207,0,0
115,37,8,1824,1824,960,960,863,863,0,0
115,38,2,487,487,309,309,178,178,0,0
115,51,9,1682,1682,528,528,1154,1154,0,0
115,53,6,2990,2990,188,188,2802,2802,0,0
115,68,1,356,356,89,89,89,89,0,0
115,71,4,784,784,151,151,633,633,0,0
115,93,5,1355,1355,661,661,695,695,0,0
115,98,1,192,192,192,192,0,0,0,0
115,99,2,40,40,40,40,0,0,0,0
115,109,1,277,277,277,277,0,0,0,0
115,113,1,92,92,92,92,0,0,0,0
115,119,1,9,9,2,2,2,2,0,0
115,120,6,547,547,547,547,0,0,0,0
116,1,14,3779,3779,3030,3030,749,749,0,0
116,2,43,7736,7736,5797,5797,1245,1245,693,693
116,3,68,12599,12599,9897,9897,2701,2701,0,0
116,4,40,6490,6490,5114,5114,1377,1377,0,0
116,5,15,1989,1989,1649,1649,340,340,0,0
116,6,4,1213,1213,1213,1213,0,0,0,0
116,10,2,4318,4318,0,0,4318,4318,0,0
116,13,4,526,526,384,384,142,142,0,0
116,14,3,387,387,286,286,101,101,0,0
116,37,1,219,219,219,219,0,0,0,0
116,39,3,433,433,250,250,183,183,0,0
116,40,16,4376,4376,1070,1070,3306,3306,0,0
116,53,9,1375,1375,1100,1100,275,275,0,0
116,54,3,429,429,429,429,0,0,0,0
116,55,24,2578,2578,2578,2578,0,0,0,0
116,56,33,5667,5667,5170,5170,497,497,0,0
116,57,10,2477,2477,1188,1188,1289,1289,0,0
116,61,4,287,287,250,250,12,12,0,0
116,68,4,422,422,422,422,0,0,0,0
116,69,5,1578,1578,124,124,1454,1454,0,0
116,80,4,863,863,225,225,638,638,0,0
116,81,7,1823,1823,427,427,1396,1396,0,0
116,83,4,477,477,477,477,0,0,0,0
116,87,2,2298,2298,74,74,2090,2090,0,0
116,88,11,6384,6384,726,726,5657,5657,0,0
116,89,1,32,32,32,32,0,0,0,0
116,93,2,5469,5469,300,300,5169,5169,0,0
116,94,6,7410,7410,1688,1688,5724,5724,0,0
116,95,3,2875,2875,983,983,1892,1892,0,0
116,96,4,2217,2217,2217,2217,0,0,0,0
116,99,5,1061,1061,687,687,375,375,0,0
116,101,5,965,965,559,559,251,251,0,0
116,104,1,23,23,23,23,0,0,0,0
116,112,4,967,967,967,967,0,0,0,0
116,113,1,415,415,415,415,0,0,0,0
116,120,11,589,589,589,589,0,0,0,0
116,121,1,77,77,77,77,0,0,0,0
116,125,4,897,897,596,596,300,300,0,0
116,9,1,762,762,156,156,606,606,0,0
116,16,5,717,717,315,315,402,402,0,0
116,17,3,285,285,285,285,0,0,0,0
116,41,3,444,444,444,444,0,0,0,0
116,42,7,3467,3467,1025,1025,2317,2317,125,125
116,67,2,433,433,263,263,170,170,0,0
116,70,1,1388,1388,936,936,452,452,0,0
116,90,1,12,12,12,12,0,0,0,0
116,91,1,276,276,276,276,0,0,0,0
116,98,1,1199,1199,0,0,1199,1199,0,0
116,111,3,285,285,195,195,90,90,0,0
116,114,1,308,308,308,308,0,0,0,0
116,119,17,1171,1171,1154,1154,6,6,0,0
116,122,4,152,152,152,152,0,0,0,0
116,124,1,4,4,4,4,0,0,0,0
117,3,6,2752,2752,1155,1155,1597,1597,0,0
117,4,37,6336,6336,5414,5414,922,922,0,0
117,5,7,3462,3462,2572,2572,890,890,0,0
117,6,8,1620,1620,940,940,680,680,0,0
117,9,5,941,941,860,860,81,81,0,0
117,13,5,3239,3239,435,435,2804,2804,0,0
117,36,1,193,193,87,87,35,35,0,0
117,37,15,3147,3147,1302,1302,1845,1845,0,0
117,55,58,6541,6541,6482,6482,19,19,0,0
117,56,29,3968,3968,3968,3968,0,0,0,0
117,57,7,3664,3664,1481,1481,2183,2183,0,0
117,61,4,418,418,418,418,0,0,0,0
117,62,32,2930,2930,2930,2930,0,0,0,0
117,69,2,613,613,613,613,0,0,0,0
117,70,2,1186,1186,677,677,509,509,0,0
117,81,7,890,890,328,328,562,562,0,0
117,93,6,11183,11183,185,185,10998,10998,0,0
117,94,8,7826,7826,1513,1513,6312,6312,0,0
117,95,10,11208,11208,547,547,10662,10662,0,0
117,96,2,363,363,363,363,0,0,0,0
117,98,12,2378,2378,1892,1892,486,486,0,0
117,99,2,518,518,355,355,163,163,0,0
117,103,1,247,247,0,0,247,247,0,0
117,107,5,1690,1690,1573,1573,117,117,0,0
117,114,2,599,599,299,299,299,299,0,0
117,118,5,622,622,622,622,0,0,0,0
117,119,5,188,188,188,188,0,0,0,0
117,125,9,2024,2024,2024,2024,0,0,0,0
117,7,5,757,757,757,757,0,0,0,0
117,8,1,64,64,64,64,0,0,0,0
117,14,11,1940,1940,1545,1545,396,396,0,0
117,17,8,1285,1285,817,817,468,468,0,0
117,18,3,257,257,226,226,10,10,0,0
117,20,3,697,697,35,35,662,662,0,0
117,22,1,4460,4460,0,0,4460,4460,0,0
117,35,3,91,91,79,79,4,4,0,0
117,51,11,3930,3930,1749,1749,2024,2024,0,0
117,52,6,637,637,273,273,364,364,0,0
117,54,19,1949,1949,1949,1949,0,0,0,0
117,67,4,883,883,154,154,729,729,0,0
117,77,1,327,327,0,0,327,327,0,0
117,80,2,275,275,275,275,0,0,0,0
117,83,5,1754,1754,1242,1242,512,512,0,0
117,92,1,15,15,15,15,0,0,0,0
117,113,6,1026,1026,516,516,509,509,0,0
117,117,5,1513,1513,1353,1353,53,53,0,0
117,122,1,44,44,44,44,0,0,0,0
118,4,2,490,490,490,490,0,0,0,0
118,5,19,4492,4492,1768,1768,2725,2725,1077,1077
118,6,1,326,326,150,150,176,176,0,0
118,9,19,3799,3799,1292,1292,2508,2508,0,0
118,14,25,5602,5602,2599,2599,3003,3003,0,0
118,17,1,370,370,272,272,98,98,0,0
118,33,4,782,782,696,696,86,86,0,0
118,34,6,4165,4165,510,510,3654,3654,0,0
118,50,1,2906,2906,0,0,2906,2906,0,0
118,51,16,8569,8569,1034,1034,7535,7535,0,0
118,53,5,1041,1041,541,541,460,460,0,0
118,54,56,7322,7322,7322,7322,0,0,0,0
118,55,67,8619,8619,7246,7246,1373,1373,0,0
118,56,38,5409,5409,5409,5409,0,0,0,0
118,61,18,1953,1953,1953,1953,0,0,0,0
118,62,1,138,138,138,138,0,0,0,0
118,64,1,50,50,50,50,0,0,0,0
118,77,8,2542,2542,1104,1104,1438,1438,0,0
118,81,6,1036,1036,445,445,591,591,0,0
118,83,3,640,640,633,633,2,2,0,0
118,85,3,1379,1379,276,276,1103,1103,0,0
118,93,8,10569,10569,983,983,9587,9587,0,0
118,94,7,8338,8338,1413,1413,6926,6926,0,0
118,98,15,2560,2560,2356,2356,204,204,0,0
118,99,18,3474,3474,2852,2852,623,623,0,0
118,112,1,352,352,352,352,0,0,0,0
118,113,1,5,5,5,5,0,0,0,0
118,118,2,848,848,490,490,358,358,0,0
118,123,14,2634,2634,2568,2568,67,67,0,0
118,124,17,3800,3800,3237,3237,0,0,563,563
118,125,2,829,829,829,829,0,0,0,0
118,0,2,435,435,435,435,0,0,0,0
118,3,4,415,415,415,415,0,0,0,0
118,7,4,886,886,886,886,0,0,0,0
118,10,1,225,225,225,225,0,0,0,0
118,11,5,327,327,327,327,0,0,0,0
118,12,1,94,94,94,94,0,0,0,0
118,37,1,197,197,197,197,0,0,0,0
118,40,4,662,662,269,269,393,393,0,0
118,47,3,120,120,120,120,0,0,0,0
118,60,1,29,29,29,29,0,0,0,0
118,66,11,1503,1503,509,509,994,994,0,0
118,84,2,348,348,187,187,161,161,0,0
118,90,2,485,485,165,165,321,321,0,0
118,104,2,359,359,359,359,0,0,0,0
118,105,1,269,269,0,0,269,269,0,0
118,117,1,89,89,89,89,0,0,0,0
118,119,2,369,369,239,239,116,116,0,0
118,120,5,584,584,522,522,21,21,0,0
119,4,7,1143,1143,1143,1143,0,0,0,0
119,9,21,3979,3979,1923,1923,2058,2058,0,0
119,10,10,2455,2455,1450,1450,1006,1006,0,0
119,11,6,1139,1139,1139,1139,0,0,0,0
119,12,10,1182,1182,924,924,259,259,0,0
119,13,4,575,575,320,320,165,165,0,0
119,14,9,1235,1235,899,899,336,336,0,0
119,16,3,3448,3448,257,257,3191,3191,0,0
119,17,5,3829,3829,189,189,3640,3640,0,0
119,19,2,757,757,157,157,599,599,0,0
119,21,2,288,288,91,91,197,197,0,0
119,22,10,4741,4741,894,894,3848,3848,0,0
119,27,5,421,421,421,421,0,0,0,0
119,33,2,1001,1001,399,399,501,501,0,0
119,36,5,852,852,466,466,386,386,0,0
119,37,9,1811,1811,1454,1454,357,357,0,0
119,38,9,1201,1201,834,834,367,367,0,0
119,39,6,1115,1115,578,578,536,536,0,0
119,40,7,711,711,711,711,0,0,0,0
119,49,1,27,27,27,27,0,0,0,0
119,50,1,61,61,61,61,0,0,0,0
119,51,3,1350,1350,748,748,603,603,0,0
119,52,2,261,261,261,261,0,0,0,0
119,53,10,1466,1466,1401,1401,22,22,0,0
119,54,68,9259,9259,9259,9259,0,0,0,0
119,55,78,10831,10831,10225,10225,606,606,0,0
119,56,28,6181,6181,3044,3044,3001,3001,0,0
119,60,41,5368,5368,5368,5368,0,0,0,0
119,61,1,646,646,277,277,370,370,0,0
119,76,1,994,994,99,99,895,895,0,0
119,77,2,850,850,332,332,518,518,0,0
119,81,4,1002,1002,388,388,613,613,0,0
119,84,1,134,134,134,134,0,0,0,0
119,85,2,535,535,36,36,499,499,0,0
119,90,34,4780,4780,4780,4780,0,0,0,0
119,93,8,13339,13339,249,249,13090,13090,0,0
119,94,2,1506,1506,62,62,1443,1443,0,0
119,95,4,5455,5455,341,341,5113,5113,0,0
119,98,11,2991,2991,2991,2991,0,0,0,0
119,99,8,4648,4648,3813,3813,835,835,0,0
119,100,8,2137,2137,1969,1969,167,167,0,0
119,104,26,4304,4304,3021,3021,1283,1283,0,0
119,112,3,652,652,483,483,168,168,0,0
119,113,4,1536,1536,846,846,689,689,0,0
119,114,1,73,73,73,73,0,0,0,0
119,116,1,28,28,28,28,0,0,0,0
119,119,1,102,102,102,102,0,0,0,0
119,121,1,10,10,3,3,3,3,0,0
119,123,15,3019,3019,3007,3007,4,4,0,0
119,126,1,71,71,18,18,18,18,0,0
119,127,1,31,31,31,31,0,0,0,0
119,0,1,7014,7014,143,143,6871,6871,0,0
119,1,2,7441,7441,13,13,7429,7429,0,0
119,2,1,2302,2302,35,35,2267,2267,0,0
119,5,7,788,788,739,739,49,49,0,0
119,42,7,5314,5314,480,480,4834,4834,0,0
119,57,16,2306,2306,2030,2030,276,276,0,0
119,58,15,1649,1649,1546,1546,103,103,0,0
119,59,9,1615,1615,1615,1615,0,0,0,0
119,65,2,1218,1218,403,403,815,815,0,0
119,66,3,1026,1026,495,495,531,531,0,0
119,89,4,1039,1039,1039,1039,0,0,0,0
119,92,1,1644,1644,201,201,1443,1443,0,0
119,96,5,828,828,828,828,0,0,0,0
119,97,13,2782,2782,2782,2782,0,0,0,0
119,101,14,2168,2168,2168,2168,0,0,0,0
119,102,8,959,959,959,959,0,0,0,0
119,103,17,3406,3406,3406,3406,0,0,0,0
119,105,15,3503,3503,3503,3503,0,0,0,0
119,109,1,27,27,7,7,7,7,0,0
120,2,6,6725,6725,697,697,6029,6029,0,0
120,3,14,2530,2530,1507,1507,1023,1023,0,0
120,4,13,5875,5875,1966,1966,3909,3909,0,0
120,5,5,1174,1174,1086,1086,88,88,0,0
120,9,3,352,352,352,352,0,0,0,0
120,10,2,149,149,149,149,0,0,0,0
120,11,3,2694,2694,411,411,2283,2283,0,0
120,12,7,1422,1422,1422,1422,0,0,0,0
120,13,10,1672,1672,765,765,907,907,0,0
120,14,8,1907,1907,1278,1278,629,629,0,0
120,19,9,1309,1309,1309,1309,0,0,0,0
120,22,16,2502,2502,1634,1634,868,868,0,0
120,26,2,358,358,100,100,258,258,0,0
120,27,1,83,83,83,83,0,0,0,0
120,36,3,176,176,176,176,0,0,0,0
120,37,3,241,241,241,241,0,0,0,0
120,40,1,58,58,58,58,0,0,0,0
120,42,1,1666,1666,695,695,971,971,0,0
120,51,9,8473,8473,522,522,7950,7950,0,0
120,52,39,4110,4110,3757,3757,354,354,0,0
120,53,30,3684,3684,3245,3245,159,159,0,0
120,54,36,6987,6987,4935,4935,2053,2053,0,0
120,55,41,8450,8450,5757,5757,2521,2521,0,0
120,56,40,6082,6082,4922,4922,792,792,0,0
120,57,17,1928,1928,1928,1928,0,0,0,0
120,58,9,924,924,888,888,36,36,0,0
120,59,12,2268,2268,2268,2268,0,0,0,0
120,60,53,6406,6406,6391,6391,0,0,15,15
120,61,42,4908,4908,4402,4402,506,506,0,0
120,81,3,378,378,378,378,0,0,0,0
120,88,10,1312,1312,1011,1011,301,301,0,0
120,89,20,4977,4977,4110,4110,713,713,88,88
120,90,34,5852,5852,5852,5852,0,0,0,0
120,91,19,2919,2919,1357,1357,1562,1562,0,0
120,92,3,7422,7422,79,79,7343,7343,0,0
120,93,10,7873,7873,1929,1929,5943,5943,0,0
120,94,4,2149,2149,329,329,1820,1820,0,0
120,96,21,3040,3040,2972,2972,68,68,0,0
120,97,37,7073,7073,6556,6556,517,517,0,0
120,98,29,4852,4852,4852,4852,0,0,0,0
120,99,35,6762,6762,6672,6672,30,30,0,0
120,100,36,8820,8820,8769,8769,0,0,51,51
120,101,32,7469,7469,7233,7233,236,236,0,0
120,102,24,9332,9332,9118,9118,0,0,214,214
120,103,40,7060,7060,6947,6947,113,113,0,0
120,104,48,7275,7275,7275,7275,0,0,0,0
120,105,36,6237,6237,5528,5528,698,698,0,0
120,115,7,1321,1321,1180,1180,47,47,0,0
120,119,9,918,918,634,634,284,284,0,0
120,122,1,191,191,48,48,48,48,0,0
120,127,1,20,20,20,20,0,0,0,0
120,1,1,1069,1069,0,0,1069,1069,0,0
120,8,3,278,278,198,198,81,81,0,0
120,16,2,1500,1500,902,902,598,598,0,0
120,17,1,250,250,250,250,0,0,0,0
120,38,1,292,292,292,292,0,0,0,0
120,39,1,61,61,61,61,0,0,0,0
120,41,2,568,568,0,0,568,568,0,0
120,74,1,108,108,108,108,0,0,0,0
120,84,2,516,516,140,140,376,376,0,0
120,87,4,478,478,478,478,0,0,0,0
120,106,2,33,33,33,33,0,0,0,0
120,109,1,153,153,153,153,0,0,0,0
120,110,3,507,507,354,354,153,153,0,0
120,111,1,20,20,20,20,0,0,0,0
121,3,6,1764,1764,857,857,906,906,0,0
121,4,5,499,499,499,499,0,0,0,0
121,5,13,1758,1758,1758,1758,0,0,0,0
121,6,5,5243,5243,274,274,4969,4969,0,0
121,7,2,3461,3461,0,0,3461,3461,0,0
121,10,1,2636,2636,0,0,2636,2636,0,0
121,13,5,661,661,595,595,66,66,0,0
121,14,13,2210,2210,1883,1883,327,327,0,0
121,16,12,3582,3582,1711,1711,1872,1872,0,0
121,19,6,911,911,560,560,351,351,0,0
121,22,9,1445,1445,865,865,581,581,0,0
121,26,4,1574,1574,462,462,923,923,0,0
121,38,6,664,664,664,664,0,0,0,0
121,41,1,328,328,220,220,108,108,0,0
121,50,1,389,389,5,5,384,384,0,0
121,51,6,3374,3374,892,892,2482,2482,0,0
121,52,1,390,390,17,17,373,373,0,0
121,53,30,6706,6706,3676,3676,3030,3030,0,0
121,54,77,11812,11812,10308,10308,1208,1208,0,0
121,55,52,8650,8650,7651,7651,999,999,0,0
121,61,4,1007,1007,1007,1007,0,0,0,0
121,66,3,2860,2860,1025,1025,1835,1835,0,0
121,89,1,37,37,37,37,0,0,0,0
121,90,13,2099,2099,1555,1555,544,544,0,0
121,91,2,559,559,559,559,0,0,0,0
121,92,5,2961,2961,1927,1927,1034,1034,0,0
121,93,5,7485,7485,4591,4591,2895,2895,0,0
121,97,10,9711,9711,2986,2986,6725,6725,0,0
121,98,49,12612,12612,9173,9173,3439,3439,0,0
121,99,63,9962,9962,9894,9894,67,67,0,0
121,100,40,13967,13967,12676,12676,1291,1291,0,0
121,101,31,9623,9623,9505,9505,39,39,1174,1174
121,102,45,12986,12986,12986,12986,0,0,1061,1061
121,103,52,10505,10505,10086,10086,151,151,1340,1340
121,104,48,9934,9934,9799,9799,45,45,0,0
121,105,14,2502,2502,2502,2502,0,0,0,0
121,106,1,15,15,15,15,0,0,0,0
121,107,10,1572,1572,981,981,591,591,0,0
121,108,13,2368,2368,1335,1335,1033,1033,0,0
121,109,7,898,898,643,643,209,209,0,0
121,114,1,16,16,4,4,4,4,0,0
121,115,3,348,348,212,212,45,45,0,0
121,117,1,71,71,18,18,18,18,0,0
121,124,1,23,23,23,23,0,0,0,0
121,127,4,484,484,484,484,0,0,0,0
121,15,12,2430,2430,1840,1840,592,592,0,0
121,17,11,1845,1845,1845,1845,0,0,0,0
121,18,10,2429,2429,2429,2429,0,0,0,0
121,39,4,328,328,328,328,0,0,0,0
121,75,10,1404,1404,672,672,732,732,0,0
121,84,3,2476,2476,412,412,2064,2064,0,0
121,86,1,322,322,322,322,0,0,0,0
121,87,1,455,455,455,455,0,0,0,0
121,94,1,258,258,258,258,0,0,0,0
121,96,9,4680,4680,1296,1296,3384,3384,0,0
121,110,1,5,5,5,5,0,0,0,0
121,111,1,396,396,35,35,361,361,0,0
121,120,2,320,320,320,320,0,0,0,0
121,121,2,60,60,60,60,0,0,0,0
121,126,3,675,675,383,383,292,292,0,0
122,4,15,3145,3145,2127,2127,1018,1018,0,0
122,5,11,1147,1147,1147,1147,0,0,0,0
122,11,11,4648,4648,869,869,3779,3779,0,0
122,13,1,963,963,24,24,939,939,0,0
122,14,26,6021,6021,3321,3321,2668,2668,0,0
122,15,32,5895,5895,5058,5058,838,838,0,0
122,16,55,7967,7967,5713,5713,2254,2254,0,0
122,17,27,6490,6490,6232,6232,239,239,19,19
122,18,43,8599,8599,7785,7785,710,710,0,0
122,19,19,3310,3310,3136,3136,174,174,0,0
122,20,45,3228,3228,3169,3169,58,58,0,0
122,22,12,2559,2559,1322,1322,1237,1237,0,0
122,23,1,503,503,503,503,0,0,0,0
122,40,5,924,924,482,482,442,442,0,0
122,51,1,545,545,273,273,272,272,0,0
122,54,52,10638,10638,7416,7416,1389,1389,1833,1833
122,55,31,4191,4191,4043,4043,148,148,0,0
122,75,4,1244,1244,1244,1244,0,0,0,0
122,85,10,1228,1228,969,969,259,259,0,0
122,87,3,1113,1113,1113,1113,0,0,0,0
122,92,5,4286,4286,50,50,4236,4236,0,0
122,93,12,2954,2954,916,916,2039,2039,0,0
122,94,2,147,147,147,147,0,0,0,0
122,95,1,92,92,92,92,0,0,0,0
122,96,13,5893,5893,1623,1623,4270,4270,0,0
122,97,27,6436,6436,5484,5484,952,952,0,0
122,98,13,4561,4561,2172,2172,2390,2390,0,0
122,99,13,3226,3226,1689,1689,1538,1538,0,0
122,100,31,10339,10339,9914,9914,414,414,0,0
122,101,25,17373,17373,17373,17373,0,0,1673,1673
122,102,34,13629,13629,12129,12129,139,139,1525,1525
122,103,28,5901,5901,3892,3892,1670,1670,817,817
122,104,46,10519,10519,8829,8829,1299,1299,392,392
122,105,5,1021,1021,1021,1021,0,0,0,0
122,106,5,1909,1909,1384,1384,525,525,0,0
122,116,2,212,212,212,212,0,0,0,0
122,120,2,468,468,468,468,0,0,0,0
122,126,3,1477,1477,1290,1290,187,187,0,0
122,127,3,552,552,552,552,0,0,0,0
122,3,5,557,557,200,200,357,357,0,0
122,10,3,1506,1506,140,140,1366,1366,0,0
122,12,2,426,426,82,82,344,344,0,0
122,21,5,669,669,505,505,164,164,0,0
122,36,1,139,139,139,139,0,0,0,0
122,86,3,490,490,98,98,392,392,0,0
122,90,3,179,179,179,179,0,0,0,0
122,113,1,193,193,193,193,0,0,0,0
122,115,1,74,74,74,74,0,0,0,0
123,3,11,2098,2098,1190,1190,908,908,0,0
123,4,12,2185,2185,1485,1485,700,700,0,0
123,5,1,319,319,319,319,0,0,0,0
123,10,12,10461,10461,977,977,9484,9484,0,0
123,11,1,283,283,283,283,0,0,0,0
123,15,45,4376,4376,4376,4376,0,0,0,0
123,18,49,7438,7438,6432,6432,1006,1006,0,0
123,19,64,11374,11374,7693,7693,2375,2375,1306,1306
123,20,14,913,913,900,900,13,13,0,0
123,36,6,1341,1341,1341,1341,0,0,0,0
123,40,7,2445,2445,544,544,1901,1901,0,0
123,53,9,1746,1746,1746,1746,0,0,0,0
123,54,21,2294,2294,1900,1900,394,394,0,0
123,60,2,310,310,310,310,0,0,0,0
123,72,3,869,869,309,309,560,560,0,0
123,74,3,1351,1351,245,245,1106,1106,0,0
123,81,7,3788,3788,680,680,3055,3055,0,0
123,86,2,161,161,135,135,26,26,0,0
123,90,5,678,678,592,592,85,85,0,0
123,91,7,4645,4645,488,488,4157,4157,0,0
123,92,7,3036,3036,581,581,2441,2441,0,0
123,93,9,3330,3330,2433,2433,790,790,0,0
123,99,19,1943,1943,1943,1943,0,0,0,0
123,100,22,4261,4261,4014,4014,94,94,153,153
123,101,21,10839,10839,3493,3493,7341,7341,201,201
123,102,17,3156,3156,3156,3156,0,0,2081,2081
123,103,12,1745,1745,1745,1745,0,0,1415,1415
123,105,7,1322,1322,1242,1242,80,80,0,0
123,108,2,64,64,14,14,50,50,0,0
123,109,1,39,39,39,39,0,0,0,0
123,111,2,77,77,77,77,0,0,0,0
123,113,1,17,17,17,17,0,0,0,0
123,119,14,4307,4307,3549,3549,693,693,65,65
123,120,6,1649,1649,1428,1428,7,7,214,214
123,122,3,349,349,349,349,0,0,0,0
123,126,13,2653,2653,2206,2206,447,447,0,0
123,127,4,470,470,439,439,31,31,0,0
123,7,10,2601,2601,1066,1066,1535,1535,0,0
123,9,2,2995,2995,224,224,2772,2772,0,0
123,14,2,81,81,38,38,43,43,0,0
123,16,1,140,140,140,140,0,0,0,0
123,17,1,16,16,16,16,0,0,0,0
123,22,4,256,256,256,256,0,0,0,0
123,39,1,1876,1876,0,0,1876,1876,0,0
123,56,1,296,296,296,296,0,0,0,0
123,61,2,190,190,190,190,0,0,0,0
123,62,2,141,141,141,141,0,0,0,0
123,65,2,395,395,109,109,286,286,0,0
123,69,2,661,661,157,157,504,504,0,0
123,83,4,486,486,486,486,0,0,0,0
123,94,1,8,8,8,8,0,0,0,0
123,104,1,272,272,272,272,0,0,0,0
123,117,1,23,23,23,23,0,0,0,0
124,3,2,1319,1319,42,42,1277,1277,0,0
124,4,2,2152,2152,581,581,1572,1572,0,0
124,7,1,812,812,0,0,812,812,0,0
124,8,5,819,819,597,597,222,222,0,0
124,9,12,3920,3920,749,749,3171,3171,0,0
124,14,9,881,881,686,686,165,165,0,0
124,19,47,4557,4557,4178,4178,379,379,0,0
124,24,4,1402,1402,322,322,1080,1080,0,0
124,40,43,10271,10271,4392,4392,5881,5881,0,0
124,52,37,4780,4780,4124,4124,657,657,0,0
124,53,18,1728,1728,1567,1567,161,161,0,0
124,56,1,120,120,120,120,0,0,0,0
124,61,4,640,640,640,640,0,0,0,0
124,65,2,215,215,114,114,101,101,0,0
124,66,1,219,219,77,77,142,142,0,0
124,72,3,2605,2605,0,0,2605,2605,0,0
124,83,4,1053,1053,1053,1053,0,0,0,0
124,92,5,730,730,607,607,41,41,0,0
124,99,41,6469,6469,5019,5019,483,483,0,0
124,100,15,1398,1398,1398,1398,0,0,0,0
124,105,2,255,255,255,255,0,0,0,0
124,111,1,68,68,68,68,0,0,0,0
124,112,2,27,27,27,27,0,0,0,0
124,115,1,25,25,25,25,0,0,0,0
124,119,18,4569,4569,4569,4569,0,0,0,0
124,120,6,756,756,639,639,107,107,0,0
124,127,9,1667,1667,746,746,922,922,0,0
124,20,8,785,785,667,667,118,118,0,0
124,30,7,1822,1822,462,462,1200,1200,0,0
124,32,1,104,104,104,104,0,0,0,0
124,41,5,924,924,623,623,100,100,0,0
124,86,1,254,254,63,63,63,63,0,0
124,96,6,545,545,540,540,2,2,0,0
124,97,10,1513,1513,1404,1404,36,36,0,0
124,98,9,1731,1731,1731,1731,0,0,0,0
124,106,1,21,21,21,21,0,0,0,0
124,109,2,346,346,346,346,0,0,0,0
124,124,3,394,394,258,258,137,137,0,0
125,4,13,8074,8074,261,261,7813,7813,0,0
125,6,2,236,236,160,160,76,76,0,0
125,9,10,3437,3437,953,953,2485,2485,0,0
125,10,1,295,295,295,295,0,0,0,0
125,14,2,699,699,409,409,289,289,0,0
125,30,11,4491,4491,886,886,3568,3568,0,0
125,31,5,682,682,296,296,254,254,0,0
125,34,1,46,46,46,46,0,0,0,0
125,35,9,1225,1225,480,480,745,745,0,0
125,40,29,5413,5413,3990,3990,1095,1095,328,328
125,41,32,4923,4923,4307,4307,419,419,197,197
125,50,4,845,845,695,695,149,149,0,0
125,51,2,648,648,275,275,373,373,0,0
125,52,11,1678,1678,1678,1678,0,0,0,0
125,69,1,322,322,322,322,0,0,0,0
125,89,6,1237,1237,709,709,528,528,0,0
125,92,1,1203,1203,0,0,1203,1203,0,0
125,96,4,400,400,400,400,0,0,0,0
125,97,11,1029,1029,945,945,28,28,0,0
125,103,2,53,53,9,9,44,44,0,0
125,107,1,16,16,16,16,0,0,0,0
125,108,1,36,36,36,36,0,0,0,0
125,3,1,4219,4219,256,256,3963,3963,0,0
125,24,3,304,304,304,304,0,0,0,0
125,29,1,893,893,17,17,876,876,0,0
125,42,1,2655,2655,0,0,2655,2655,0,0
125,47,2,337,337,337,337,0,0,0,0
125,49,1,1651,1651,119,119,1532,1532,0,0
125,57,2,800,800,196,196,603,603,0,0
125,85,1,700,700,19,19,681,681,0,0
125,86,3,1430,1430,621,621,809,809,0,0
125,100,1,24,24,24,24,0,0,0,0
125,104,1,29,29,0,0,29,29,0,0
125,111,1,52,52,52,52,0,0,0,0
125,113,1,32,32,32,32,0,0,0,0
125,115,1,10,10,10,10,0,0,0,0
125,119,1,298,298,298,298,0,0,0,0
125,124,5,506,506,364,364,142,142,0,0
125,125,6,1001,1001,626,626,375,375,0,0
125,126,5,607,607,572,572,36,36,0,0
126,5,11,1800,1800,835,835,965,965,0,0
126,9,16,5056,5056,1916,1916,3140,3140,0,0
126,12,16,4812,4812,1455,1455,3357,3357,0,0
126,13,7,11675,11675,1146,1146,10529,10529,0,0
126,14,9,2115,2115,1364,1364,751,751,0,0
126,23,2,199,199,60,60,70,70,0,0
126,24,5,1006,1006,1006,1006,0,0,0,0
126,29,14,2152,2152,1390,1390,762,762,0,0
126,30,6,2573,2573,698,698,1875,1875,0,0
126,32,2,409,409,378,378,32,32,0,0
126,35,1,1303,1303,0,0,1303,1303,0,0
126,40,24,3404,3404,3217,3217,85,85,103,103
126,41,26,5391,5391,5391,5391,0,0,0,0
126,42,21,5269,5269,2882,2882,2314,2314,0,0
126,43,19,2533,2533,2533,2533,0,0,0,0
126,46,6,1814,1814,750,750,1064,1064,0,0
126,47,2,472,472,472,472,0,0,0,0
126,49,13,4239,4239,1661,1661,2578,2578,0,0
126,50,1,353,353,352,352,2,2,0,0
126,51,3,6722,6722,0,0,6722,6722,0,0
126,57,2,775,775,597,597,178,178,0,0
126,78,1,108,108,27,27,27,27,0,0
126,79,2,296,296,296,296,0,0,0,0
126,85,3,823,823,67,67,677,677,0,0
126,86,22,2997,2997,1314,1314,1665,1665,0,0
126,87,1,852,852,387,387,465,465,0,0
126,88,5,3308,3308,191,191,3019,3019,0,0
126,90,6,890,890,774,774,39,39,0,0
126,95,9,2034,2034,1135,1135,898,898,0,0
126,96,7,2802,2802,642,642,2159,2159,0,0
126,97,1,2,2,2,2,0,0,0,0
126,106,1,107,107,27,27,27,27,0,0
126,112,1,29,29,29,29,0,0,0,0
126,121,1,43,43,43,43,0,0,0,0
126,127,13,2314,2314,1381,1381,933,933,0,0
126,6,6,2668,2668,247,247,2421,2421,0,0
126,8,3,935,935,552,552,385,385,0,0
126,10,8,1831,1831,1178,1178,653,653,0,0
126,39,1,412,412,77,77,335,335,0,0
126,44,3,430,430,430,430,0,0,0,0
126,84,2,214,214,4,4,210,210,0,0
126,89,1,71,71,50,50,20,20,0,0
126,91,4,3774,3774,592,592,3183,3183,0,0
126,94,2,166,166,166,166,0,0,0,0
126,99,1,23,23,23,23,0,0,0,0
126,100,1,26,26,26,26,0,0,0,0
126,103,3,58,58,58,58,0,0,0,0
126,122,1,196,196,196,196,0,0,0,0
126,123,2,466,466,328,328,138,138,0,0
126,126,1,158,158,9,9,149,149,0,0
127,4,12,2759,2759,1123,1123,1636,1636,0,0
127,6,5,716,716,505,505,211,211,0,0
127,8,1,151,151,151,151,0,0,0,0
127,10,27,4386,4386,2208,2208,2178,2178,0,0
127,34,10,3344,3344,1113,1113,2231,2231,0,0
127,37,3,1035,1035,500,500,535,535,0,0
127,38,2,2523,2523,293,293,2231,2231,0,0
127,39,10,2079,2079,1275,1275,804,804,0,0
127,43,7,940,940,940,940,0,0,0,0
127,44,6,1844,1844,1606,1606,238,238,0,0
127,48,2,836,836,0,0,836,836,0,0
127,49,2,336,336,336,336,0,0,0,0
127,50,1,615,615,153,153,462,462,0,0
127,51,4,600,600,600,600,0,0,0,0
127,84,6,1458,1458,601,601,857,857,0,0
127,85,2,329,329,329,329,0,0,0,0
127,86,13,1988,1988,1519,1519,468,468,0,0
127,89,45,5790,5790,5704,5704,86,86,0,0
127,90,30,7608,7608,7608,7608,0,0,0,0
127,91,30,8937,8937,5998,5998,2940,2940,0,0
127,92,5,9422,9422,1626,1626,4758,4758,0,0
127,93,4,14960,14960,381,381,14580,14580,0,0
127,94,9,1713,1713,1713,1713,0,0,0,0
127,97,1,27,27,7,7,7,7,0,0
127,99,1,27,27,27,27,0,0,0,0
127,102,2,30,30,7,7,7,7,0,0
127,103,3,42,42,42,42,0,0,0,0
127,106,1,9,9,9,9,0,0,0,0
127,113,1,31,31,31,31,0,0,0,0
127,116,1,35,35,35,35,0,0,0,0
127,121,5,826,826,745,745,82,82,0,0
127,122,2,658,658,507,507,151,151,0,0
127,123,1,122,122,87,87,35,35,0,0
127,124,3,492,492,20,20,471,471,0,0
127,11,7,1704,1704,841,841,862,862,0,0
127,13,1,15,15,15,15,0,0,0,0
127,28,3,376,376,336,336,41,41,0,0
127,35,6,1048,1048,1029,1029,6,6,0,0
127,36,7,1915,1915,1077,1077,838,838,0,0
127,45,12,1052,1052,985,985,67,67,0,0
127,47,1,80,80,80,80,0,0,0,0
127,53,3,1670,1670,0,0,1670,1670,0,0
127,61,3,1195,1195,648,648,506,506,0,0
127,66,2,76,76,76,76,0,0,0,0
127,88,7,453,453,453,453,0,0,0,0
127,117,4,443,443,306,306,137,137,0,0
127,127,3,476,476,476,476,0,0,0,0
0,3,8,1276,1276,727,727,382,382,0,0
0,11,5,489,489,254,254,235,235,0,0
0,14,17,2138,2138,2133,2133,5,5,0,0
0,15,53,7472,7472,6088,6088,1384,1384,0,0
0,16,48,9429,9429,8910,8910,507,507,0,0
0,17,79,9262,9262,9176,9176,86,86,0,0
0,37,3,6723,6723,0,0,6723,6723,0,0
0,38,6,10218,10218,6,6,10211,10211,0,0
0,39,19,1869,1869,1869,1869,0,0,0,0
0,40,44,6838,6838,6838,6838,0,0,0,0
0,41,55,7934,7934,7934,7934,0,0,0,0
0,42,46,5793,5793,5793,5793,0,0,0,0
0,43,21,2766,2766,2557,2557,78,78,0,0
0,45,2,565,565,565,565,0,0,0,0
0,46,13,894,894,894,894,0,0,0,0
0,55,1,1281,1281,149,149,1132,1132,0,0
0,56,10,2499,2499,1084,1084,1416,1416,0,0
0,61,2,3185,3185,0,0,3185,3185,0,0
0,63,38,6614,6614,6050,6050,564,564,0,0
0,64,69,10019,10019,9596,9596,423,423,0,0
0,65,24,4718,4718,4718,4718,0,0,0,0
0,66,20,3553,3553,3553,3553,0,0,0,0
0,67,63,7270,7270,7012,7012,258,258,0,0
0,70,6,1191,1191,445,445,746,746,0,0
0,72,24,3137,3137,3110,3110,27,27,0,0
0,73,5,2305,2305,1066,1066,1240,1240,0,0
0,85,4,1346,1346,958,958,389,389,0,0
0,86,2,329,329,329,329,0,0,0,0
0,90,3,110,110,110,110,0,0,0,0
0,92,2,168,168,168,168,0,0,0,0
0,94,5,988,988,714,714,274,274,0,0
0,95,4,583,583,401,401,182,182,0,0
0,96,9,1031,1031,1031,1031,0,0,0,0
0,98,1,118,118,116,116,1,1,0,0
0,99,19,2315,2315,1669,1669,646,646,0,0
0,105,45,5469,5469,4860,4860,610,610,0,0
0,106,29,4430,4430,2834,2834,1575,1575,0,0
0,107,16,1991,1991,1929,1929,63,63,0,0
0,109,23,6071,6071,2530,2530,3541,3541,0,0
0,110,40,8143,8143,7861,7861,282,282,0,0
0,111,13,3726,3726,2238,2238,1488,1488,0,0
0,112,62,6940,6940,6940,6940,0,0,0,0
0,113,37,5801,5801,5222,5222,579,579,0,0
0,114,7,2593,2593,592,592,2001,2001,0,0
0,115,7,997,997,527,527,471,471,0,0
0,116,9,2115,2115,2115,2115,0,0,0,0
0,119,22,2618,2618,1819,1819,799,799,0,0
0,121,14,3121,3121,3105,3105,5,5,0,0
0,122,3,802,802,802,802,0,0,0,0
0,123,7,3188,3188,626,626,2562,2562,0,0
0,124,10,950,950,835,835,66,66,0,0
0,125,15,1982,1982,1620,1620,363,363,0,0
0,4,1,255,255,255,255,0,0,0,0
0,6,1,2020,2020,0,0,2020,2020,0,0
0,18,1,679,679,426,426,253,253,0,0
0,44,11,1822,1822,1427,1427,395,395,0,0
0,58,1,21,21,21,21,0,0,0,0
0,68,14,1863,1863,1863,1863,0,0,0,0
0,71,2,996,996,174,174,822,822,0,0
0,74,5,1252,1252,200,200,1052,1052,0,0
0,76,1,102,102,0,0,102,102,0,0
0,80,1,149,149,149,149,0,0,0,0
0,89,2,312,312,119,119,193,193,0,0
0,97,3,223,223,223,223,0,0,0,0
0,100,3,524,524,387,387,119,119,0,0
0,104,12,1366,1366,1151,1151,215,215,0,0
0,108,4,1521,1521,156,156,1364,1364,0,0
0,117,6,862,862,512,512,350,350,0,0
0,118,10,2289,2289,1359,1359,931,931,0,0
0,120,10,1458,1458,1458,1458,0,0,0,0
1,4,2,1892,1892,75,75,1817,1817,0,0
1,5,8,2913,2913,747,747,2166,2166,0,0
1,6,9,1718,1718,852,852,866,866,0,0
1,7,1,662,662,248,248,415,415,0,0
1,10,1,1839,1839,0,0,1839,1839,0,0
1,11,4,456,456,328,328,128,128,0,0
1,14,10,2326,2326,1053,1053,1274,1274,0,0
1,15,13,2269,2269,1293,1293,977,977,0,0
1,16,30,4488,4488,3960,3960,528,528,0,0
1,17,18,3863,3863,3562,3562,301,301,0,0
1,18,6,2405,2405,390,390,2015,2015,0,0
1,19,7,1170,1170,1170,1170,0,0,0,0
1,20,7,1284,1284,1284,1284,0,0,0,0
1,26,9,2758,2758,285,285,2473,2473,0,0
1,27,4,407,407,193,193,213,213,0,0
1,37,7,6608,6608,198,198,6410,6410,0,0
1,38,4,5621,5621,335,335,5286,5286,0,0
1,39,4,2270,2270,1576,1576,694,694,0,0
1,40,22,7285,7285,7285,7285,0,0,0,0
1,41,14,6913,6913,2377,2377,4390,4390,48,48
1,42,80,9892,9892,8632,8632,314,314,889,889
1,43,76,10081,10081,9790,9790,245,245,0,0
1,44,18,2273,2273,2273,2273,0,0,0,0
1,48,10,2964,2964,1329,1329,1636,1636,0,0
1,55,7,2281,2281,589,589,1692,1692,0,0
1,63,5,664,664,664,664,0,0,0,0
1,64,17,5141,5141,5141,5141,0,0,0,0
1,68,13,2263,2263,2005,2005,194,194,0,0
1,69,10,2705,2705,1142,1142,1563,1563,0,0
1,72,40,7201,7201,6856,6856,345,345,0,0
1,73,6,819,819,819,819,0,0,0,0
1,79,9,1952,1952,1952,1952,0,0,0,0
1,80,9,2292,2292,2292,2292,0,0,0,0
1,85,11,3739,3739,2179,2179,1560,1560,0,0
1,89,3,415,415,415,415,0,0,0,0
1,92,8,2010,2010,2010,2010,0,0,0,0
1,93,5,1712,1712,98,98,1614,1614,0,0
1,94,9,2182,2182,1342,1342,840,840,0,0
1,96,8,1157,1157,925,925,231,231,0,0
1,97,17,1475,1475,1469,1469,6,6,0,0
1,98,28,2512,2512,2092,2092,421,421,0,0
1,99,37,3178,3178,3178,3178,0,0,0,0
1,100,8,1342,1342,1132,1132,210,210,0,0
1,104,12,6692,6692,6692,6692,0,0,0,0
1,105,2,271,271,257,257,14,14,0,0
1,107,15,1814,1814,1814,1814,0,0,0,0
1,108,35,6822,6822,6820,6820,2,2,0,0
1,109,44,7609,7609,7409,7409,200,200,0,0
1,110,40,6543,6543,5761,5761,783,783,0,0
1,111,25,5590,5590,4523,4523,528,528,0,0
1,112,49,7560,7560,7560,7560,0,0,0,0
1,113,22,4170,4170,4170,4170,0,0,0,0
1,114,38,6730,6730,5157,5157,1573,1573,0,0
1,115,13,3455,3455,2253,2253,1201,1201,0,0
1,116,27,3385,3385,2914,2914,471,471,0,0
1,117,7,1276,1276,715,715,561,561,0,0
1,118,8,623,623,623,623,0,0,0,0
1,119,17,1800,1800,1800,1800,0,0,0,0
1,120,16,2771,2771,1619,1619,1152,1152,0,0
1,121,22,3602,3602,1862,1862,1740,1740,0,0
1,122,9,752,752,752,752,0,0,0,0
1,124,4,331,331,331,331,0,0,0,0
1,125,26,5060,5060,5060,5060,0,0,0,0
1,126,20,4082,4082,3937,3937,49,49,0,0
1,8,3,461,461,444,444,18,18,0,0
1,24,7,1125,1125,613,613,512,512,0,0
1,56,9,1169,1169,1169,1169,0,0,0,0
1,60,7,1938,1938,1405,1405,533,533,0,0
1,61,6,1244,1244,1244,1244,0,0,0,0
1,65,2,519,519,519,519,0,0,0,0
1,70,11,1973,1973,1230,1230,743,743,0,0
1,71,33,4882,4882,4723,4723,53,53,0,0
1,74,1,254,254,254,254,0,0,0,0
1,86,8,1157,1157,1157,1157,0,0,0,0
1,90,7,1364,1364,1364,1364,0,0,0,0
1,91,2,316,316,316,316,0,0,0,0
1,101,2,707,707,707,707,0,0,0,0
1,102,5,842,842,597,597,246,246,0,0
1,103,4,294,294,294,294,0,0,0,0
1,106,6,4234,4234,490,490,3744,3744,0,0
2,8,13,2007,2007,1358,1358,649,649,0,0
2,9,23,3958,3958,2775,2775,1185,1185,0,0
2,10,31,4285,4285,3815,3815,470,470,0,0
2,11,3,650,650,650,650,0,0,0,0
2,17,15,2065,2065,1965,1965,100,100,0,0
2,24,1,2789,2789,1866,1866,923,923,0,0
2,37,5,4662,4662,249,249,4413,4413,0,0
2,38,2,6555,6555,125,125,6430,6430,0,0
2,39,11,1298,1298,1180,1180,76,76,0,0
2,40,10,3972,3972,3972,3972,0,0,0,0
2,41,50,9397,9397,7871,7871,1526,1526,0,0
2,42,92,14424,14424,12289,12289,266,266,1337,1337
2,43,90,12584,12584,8929,8929,3656,3656,0,0
2,44,24,5612,5612,5612,5612,0,0,0,0
2,45,20,3645,3645,2727,2727,918,918,0,0
2,50,5,626,626,245,245,382,382,0,0
2,55,25,6905,6905,6073,6073,832,832,0,0
2,56,71,7449,7449,7449,7449,0,0,0,0
2,58,66,8377,8377,7957,7957,420,420,0,0
2,59,38,3683,3683,3683,3683,0,0,0,0
2,60,31,4042,4042,3963,3963,80,80,0,0
2,63,3,181,181,181,181,0,0,0,0
2,64,33,10207,10207,9786,9786,421,421,0,0
2,65,18,3814,3814,3814,3814,0,0,0,0
2,66,5,2262,2262,2262,2262,0,0,0,0
2,67,4,1499,1499,179,179,1320,1320,0,0
2,68,2,3008,3008,0,0,3008,3008,0,0
2,69,3,336,336,162,162,175,175,0,0
2,70,38,8163,8163,4484,4484,3679,3679,0,0
2,71,91,12363,12363,12111,12111,252,252,0,0
2,72,54,11689,11689,11351,11351,338,338,0,0
2,73,41,6154,6154,5890,5890,256,256,0,0
2,74,2,670,670,73,73,594,594,0,0
2,78,1,116,116,116,116,0,0,0,0
2,79,2,39,39,39,39,0,0,0,0
2,86,6,720,720,720,720,0,0,0,0
2,90,2,112,112,112,112,0,0,0,0
2,91,7,897,897,645,645,252,252,0,0
2,94,1,218,218,218,218,0,0,0,0
2,95,1,1618,1618,1618,1618,0,0,0,0
2,96,11,3133,3133,2550,2550,193,193,0,0
2,97,10,1768,1768,1054,1054,238,238,0,0
2,98,10,1028,1028,1028,1028,0,0,0,0
2,99,16,1798,1798,1580,1580,218,218,0,0
2,100,17,2598,2598,1968,1968,628,628,0,0
2,101,34,4371,4371,3738,3738,633,633,0,0
2,102,18,2431,2431,2397,2397,34,34,0,0
2,106,24,5684,5684,5620,5620,64,64,0,0
2,108,45,6598,6598,6447,6447,151,151,0,0
2,109,17,4230,4230,2585,2585,1645,1645,0,0
2,110,77,8297,8297,8297,8297,0,0,0,0
2,111,65,9849,9849,9740,9740,110,110,0,0
2,112,27,6320,6320,5006,5006,1314,1314,0,0
2,113,40,7268,7268,7268,7268,0,0,0,0
2,114,53,7158,7158,5972,5972,1185,1185,0,0
2,115,6,998,998,997,997,0,0,0,0
2,116,7,701,701,701,701,0,0,0,0
2,121,8,989,989,727,727,261,261,0,0
2,122,14,1994,1994,1843,1843,150,150,0,0
2,123,2,486,486,65,65,421,421,0,0
2,124,10,17556,17556,845,845,16711,16711,0,0
2,126,40,4267,4267,3622,3622,644,644,0,0
2,127,7,800,800,800,800,0,0,0,0
2,47,1,61,61,61,61,0,0,0,0
2,57,30,3565,3565,3565,3565,0,0,0,0
2,75,1,891,891,113,113,778,778,0,0
2,105,1,45,45,45,45,0,0,0,0
2,117,3,341,341,341,341,0,0,0,0
2,119,16,2591,2591,2591,2591,0,0,0,0
2,120,9,1711,1711,1711,1711,0,0,0,0
3,2,3,1985,1985,153,153,1833,1833,0,0
3,4,2,1426,1426,402,402,1024,1024,0,0
3,5,2,900,900,229,229,671,671,0,0
3,7,4,600,600,529,529,71,71,0,0
3,8,8,1789,1789,921,921,868,868,0,0
3,9,28,5433,5433,4375,4375,748,748,310,310
3,10,26,5323,5323,3623,3623,1556,1556,0,0
3,11,1,20,20,20,20,0,0,0,0
3,18,8,4544,4544,691,691,3853,3853,0,0
3,38,20,11309,11309,785,785,10523,10523,0,0
3,40,4,2141,2141,1805,1805,336,336,0,0
3,41,32,4600,4600,4600,4600,0,0,0,0
3,42,66,10203,10203,9099,9099,1104,1104,0,0
3,43,45,6219,6219,5501,5501,719,719,0,0
3,44,9,3112,3112,2303,2303,809,809,0,0
3,45,14,6003,6003,6003,6003,0,0,0,0
3,47,5,633,633,633,633,0,0,0,0
3,52,1,41,41,41,41,0,0,0,0
3,55,21,4514,4514,4514,4514,0,0,0,0
3,56,34,5372,5372,5349,5349,23,23,0,0
3,57,17,2212,2212,2212,2212,0,0,0,0
3,58,25,3936,3936,3099,3099,837,837,0,0
3,59,28,5135,5135,4383,4383,364,364,388,388
3,60,29,3311,3311,3311,3311,0,0,0,0
3,61,2,2297,2297,490,490,1808,1808,0,0
3,62,21,4264,4264,2548,2548,1580,1580,0,0
3,63,2,327,327,274,274,18,18,0,0
3,64,32,11539,11539,8520,8520,3019,3019,0,0
3,65,13,3911,3911,1222,1222,2689,2689,0,0
3,69,5,602,602,445,445,157,157,0,0
3,70,20,5613,5613,2569,2569,3045,3045,0,0
3,71,22,5044,5044,4693,4693,351,351,0,0
3,72,35,7230,7230,7230,7230,0,0,0,0
3,73,54,8534,8534,7316,7316,636,636,583,583
3,75,18,7693,7693,1447,1447,6245,6245,0,0
3,80,16,2819,2819,2166,2166,652,652,0,0
3,86,3,1563,1563,41,41,1522,1522,0,0
3,87,13,1155,1155,1155,1155,0,0,0,0
3,89,5,623,623,392,392,231,231,0,0
3,90,4,772,772,706,706,67,67,0,0
3,91,8,2114,2114,734,734,1380,1380,0,0
3,95,12,1382,1382,1240,1240,142,142,0,0
3,96,2,284,284,284,284,0,0,0,0
3,97,11,1420,1420,1113,1113,307,307,0,0
3,101,22,4459,4459,1604,1604,2856,2856,0,0
3,102,15,3948,3948,778,778,3170,3170,0,0
3,105,13,1375,1375,832,832,544,544,0,0
3,106,21,3377,3377,3244,3244,44,44,0,0
3,107,56,5964,5964,5515,5515,150,150,0,0
3,108,4,1068,1068,1068,1068,0,0,0,0
3,109,25,3387,3387,2334,2334,815,815,0,0
3,110,61,10864,10864,9707,9707,1157,1157,0,0
3,111,24,4940,4940,2924,2924,2015,2015,0,0
3,112,36,7128,7128,5502,5502,1445,1445,0,0
3,113,52,7872,7872,7757,7757,38,38,0,0
3,114,81,8144,8144,7220,7220,924,924,0,0
3,115,14,1320,1320,1320,1320,0,0,0,0
3,116,8,1205,1205,1166,1166,13,13,0,0
3,117,13,1336,1336,1336,1336,0,0,0,0
3,118,4,1917,1917,1917,1917,0,0,0,0
3,119,44,7653,7653,7375,7375,258,258,0,0
3,120,36,5096,5096,4682,4682,414,414,0,0
3,121,6,420,420,420,420,0,0,0,0
3,122,5,491,491,491,491,0,0,0,0
3,123,2,133,133,133,133,0,0,0,0
3,124,2,2255,2255,144,144,2112,2112,0,0
3,6,3,211,211,211,211,0,0,0,0
3,13,8,1757,1757,1062,1062,695,695,0,0
3,16,3,1483,1483,50,50,1433,1433,0,0
3,17,17,3563,3563,1447,1447,2117,2117,0,0
3,19,1,2453,2453,444,444,2008,2008,0,0
3,30,3,339,339,50,50,232,232,0,0
3,31,6,1167,1167,518,518,649,649,0,0
3,34,3,823,823,176,176,647,647,0,0
3,39,6,3142,3142,343,343,2799,2799,0,0
3,46,3,1664,1664,234,234,1430,1430,0,0
3,48,8,1334,1334,971,971,121,121,0,0
3,66,1,10,10,10,10,0,0,0,0
3,67,2,20,20,20,20,0,0,0,0
3,74,26,3666,3666,2586,2586,1079,1079,0,0
3,78,2,296,296,296,296,0,0,0,0
3,83,4,416,416,416,416,0,0,0,0
3,84,6,672,672,672,672,0,0,0,0
3,85,1,41,41,41,41,0,0,0,0
3,125,7,1509,1509,286,286,1223,1223,0,0
4,4,5,4199,4199,149,149,4050,4050,0,0
4,16,4,14085,14085,263,263,13822,13822,0,0
4,17,8,5486,5486,712,712,4773,4773,0,0
4,19,3,3411,3411,598,598,2812,2812,0,0
4,30,2,342,342,226,226,116,116,0,0
4,31,6,1366,1366,908,908,459,459,0,0
4,37,14,2383,2383,1127,1127,1257,1257,0,0
4,38,15,1929,1929,1770,1770,159,159,0,0
4,39,29,3606,3606,3606,3606,0,0,0,0
4,40,6,2033,2033,1741,1741,293,293,0,0
4,41,23,5329,5329,5329,5329,0,0,0,0
4,42,32,6305,6305,6304,6304,1,1,0,0
4,43,59,8384,8384,7999,7999,384,384,0,0
4,44,47,8809,8809,3596,3596,5213,5213,0,0
4,46,41,8200,8200,5197,5197,3002,3002,0,0
4,47,50,7033,7033,7013,7013,19,19,0,0
4,48,38,6724,6724,6724,6724,0,0,0,0
4,49,4,513,513,455,455,19,19,0,0
4,55,23,7932,7932,3311,3311,4572,4572,0,0
4,56,6,3517,3517,156,156,3361,3361,0,0
4,59,38,5137,5137,4402,4402,65,65,540,540
4,60,48,3723,3723,3723,3723,0,0,0,0
4,61,4,440,440,440,440,0,0,0,0
4,62,27,3036,3036,2753,2753,283,283,0,0
4,63,26,3511,3511,3511,3511,0,0,0,0
4,64,23,4841,4841,4109,4109,313,313,420,420
4,65,7,671,671,671,671,0,0,0,0
4,66,8,747,747,747,747,0,0,0,0
4,67,4,446,446,446,446,0,0,0,0
4,68,12,1436,1436,1436,1436,0,0,0,0
4,69,7,784,784,784,784,0,0,0,0
4,70,1,51,51,51,51,0,0,0,0
4,72,3,671,671,671,671,0,0,0,0
4,73,24,2519,2519,2519,2519,0,0,0,0
4,74,13,2340,2340,1812,1812,529,529,0,0
4,75,2,257,257,257,257,0,0,0,0
4,76,5,283,283,283,283,0,0,0,0
4,78,2,219,219,219,219,0,0,0,0
4,80,2,139,139,139,139,0,0,0,0
4,83,7,1133,1133,1133,1133,0,0,0,0
4,84,12,4270,4270,4270,4270,0,0,0,0
4,86,8,738,738,738,738,0,0,0,0
4,87,1,141,141,141,141,0,0,0,0
4,88,1,399,399,255,255,144,144,0,0
4,91,1,149,149,149,149,0,0,0,0
4,96,5,1749,1749,1749,1749,0,0,0,0
4,98,6,601,601,452,452,149,149,0,0
4,101,5,1346,1346,531,531,815,815,0,0
4,102,2,972,972,65,65,907,907,0,0
4,106,3,878,878,708,708,166,166,0,0
4,107,39,5626,5626,5590,5590,12,12,0,0
4,108,77,9801,9801,9276,9276,524,524,0,0
4,109,89,9853,9853,9853,9853,0,0,0,0
4,110,104,11504,11504,11048,11048,445,445,0,0
4,111,65,8710,8710,8710,8710,0,0,0,0
4,112,40,6927,6927,6927,6927,0,0,0,0
4,113,37,5772,5772,5478,5478,296,296,0,0
4,114,24,3619,3619,3445,3445,155,155,0,0
4,115,1,38,38,38,38,0,0,0,0
4,116,4,1403,1403,1403,1403,0,0,0,0
4,118,2,1351,1351,1351,1351,0,0,0,0
4,119,46,8268,8268,6041,6041,2013,2013,0,0
4,120,49,7151,7151,5599,5599,1552,1552,0,0
4,124,9,1042,1042,1042,1042,0,0,0,0
4,3,3,1119,1119,169,169,950,950,0,0
4,8,1,1655,1655,0,0,1655,1655,0,0
4,9,6,1428,1428,710,710,718,718,0,0
4,10,18,2378,2378,1662,1662,653,653,0,0
4,11,8,1301,1301,981,981,320,320,0,0
4,12,5,994,994,505,505,489,489,0,0
4,13,12,2024,2024,1819,1819,204,204,0,0
4,18,1,76,76,76,76,0,0,0,0
4,36,4,609,609,609,609,0,0,0,0
4,45,14,2574,2574,1099,1099,1475,1475,0,0
4,54,2,1625,1625,1311,1311,313,313,0,0
4,77,3,231,231,231,231,0,0,0,0
4,79,6,748,748,748,748,0,0,0,0
4,90,1,93,93,93,93,0,0,0,0
4,92,4,1135,1135,1116,1116,19,19,0,0
4,94,7,558,558,558,558,0,0,0,0
4,97,11,1901,1901,265,265,1635,1635,0,0
4,99,1,213,213,213,213,0,0,0,0
4,100,11,1297,1297,1297,1297,0,0,0,0
4,104,6,908,908,291,291,617,617,0,0
4,105,1,50,50,50,50,0,0,0,0
4,122,15,2276,2276,965,965,1311,1311,0,0
4,123,2,806,806,652,652,155,155,0,0
4,126,5,384,384,334,334,17,17,0,0
5,0,2,1032,1032,78,78,954,954,0,0
5,3,1,1038,1038,0,0,1038,1038,0,0
5,4,1,2151,2151,8,8,2143,2143,0,0
5,8,3,1803,1803,338,338,1465,1465,0,0
5,9,2,685,685,257,257,429,429,0,0
5,10,27,4308,4308,2742,2742,1565,1565,0,0
5,11,9,2026,2026,749,749,1172,1172,0,0
5,12,4,1057,1057,433,433,625,625,0,0
5,13,9,1860,1860,1547,1547,313,313,0,0
5,16,4,13801,13801,389,389,13411,13411,0,0
5,17,9,7883,7883,591,591,7293,7293,0,0
5,19,3,3761,3761,307,307,3454,3454,0,0
5,27,11,2215,2215,857,857,1358,1358,0,0
5,37,17,2016,2016,1951,1951,65,65,0,0
5,38,18,3077,3077,1955,1955,1121,1121,0,0
5,39,1,99,99,99,99,0,0,0,0
5,40,5,1488,1488,614,614,874,874,0,0
5,41,17,5925,5925,5805,5805,120,120,0,0
5,42,42,7758,7758,6543,6543,1215,1215,0,0
5,43,26,5113,5113,2315,2315,2162,2162,0,0
5,44,11,2026,2026,916,916,1011,1011,0,0
5,45,44,6241,6241,6241,6241,0,0,0,0
5,46,29,4323,4323,3756,3756,189,189,0,0
5,47,52,6771,6771,6658,6658,112,112,0,0
5,48,44,7627,7627,6868,6868,759,759,0,0
5,49,10,2075,2075,2075,2075,0,0,0,0
5,50,32,4059,4059,3923,3923,136,136,0,0
5,51,10,1706,1706,1560,1560,147,147,0,0
5,54,14,13764,13764,679,679,13084,13084,0,0
5,55,6,3319,3319,358,358,2961,2961,0,0
5,56,1,4020,4020,0,0,4020,4020,0,0
5,59,33,4131,4131,3492,3492,640,640,0,0
5,63,7,1834,1834,1834,1834,0,0,0,0
5,64,32,6478,6478,6478,6478,0,0,0,0
5,68,3,146,146,146,146,0,0,0,0
5,69,8,1763,1763,811,811,951,951,0,0
5,72,10,2630,2630,2630,2630,0,0,0,0
5,77,6,451,451,451,451,0,0,0,0
5,78,4,617,617,617,617,0,0,0,0
5,83,7,1013,1013,1013,1013,0,0,0,0
5,84,2,331,331,331,331,0,0,0,0
5,89,9,2091,2091,1015,1015,1076,1076,0,0
5,91,8,874,874,689,689,185,185,0,0
5,92,14,1534,1534,1208,1208,326,326,0,0
5,93,9,1369,1369,1159,1159,210,210,0,0
5,94,2,709,709,417,417,292,292,0,0
5,96,12,8115,8115,849,849,7265,7265,0,0
5,97,14,5366,5366,3216,3216,2150,2150,0,0
5,98,26,7134,7134,7134,7134,0,0,0,0
5,99,14,5917,5917,3879,3879,2037,2037,0,0
5,100,19,2864,2864,1904,1904,960,960,0,0
5,101,22,4215,4215,4215,4215,0,0,0,0
5,106,28,7205,7205,1929,1929,5275,5275,0,0
5,107,21,3304,3304,3222,3222,82,82,0,0
5,108,38,4592,4592,4202,4202,130,130,0,0
5,109,29,3926,3926,3773,3773,51,51,0,0
5,110,47,4608,4608,4608,4608,0,0,0,0
5,111,40,5984,5984,5984,5984,0,0,0,0
5,112,36,4897,4897,4897,4897,0,0,0,0
5,113,15,2823,2823,1441,1441,1383,1383,0,0
5,114,47,7139,7139,7115,7115,24,24,0,0
5,115,18,5748,5748,5748,5748,0,0,0,0
5,116,19,6885,6885,6885,6885,0,0,0,0
5,117,5,1250,1250,1022,1022,228,228,0,0
5,118,9,2930,2930,2046,2046,347,347,0,0
5,119,31,10885,10885,3631,3631,7254,7254,0,0
5,120,37,6112,6112,6027,6027,28,28,0,0
5,121,2,294,294,294,294,0,0,0,0
5,122,14,3376,3376,1378,1378,1999,1999,0,0
5,124,1,24,24,24,24,0,0,0,0
5,126,10,20796,20796,558,558,20238,20238,0,0
5,127,12,1809,1809,1809,1809,0,0,0,0
5,1,4,3042,3042,668,668,2374,2374,0,0
5,60,8,1617,1617,1107,1107,510,510,0,0
5,62,11,1573,1573,1252,1252,321,321,0,0
5,65,2,350,350,350,350,0,0,0,0
5,66,1,122,122,122,122,0,0,0,0
5,70,1,42,42,42,42,0,0,0,0
5,79,5,1416,1416,1416,1416,0,0,0,0
5,82,1,46,46,46,46,0,0,0,0
5,85,1,21,21,21,21,0,0,0,0
5,87,3,2829,2829,592,592,2238,2238,0,0
5,95,3,3179,3179,302,302,2876,2876,0,0
5,102,5,373,373,373,373,0,0,0,0
5,103,1,223,223,223,223,0,0,0,0
5,104,1,38,38,38,38,0,0,0,0
5,105,27,2464,2464,1998,1998,466,466,0,0
5,125,4,360,360,360,360,0,0,0,0
6,4,3,507,507,138,138,369,369,0,0
6,10,7,1217,1217,1217,1217,0,0,0,0
6,18,1,1896,1896,288,288,1608,1608,0,0
6,19,4,4337,4337,1126,1126,3211,3211,0,0
6,37,1,86,86,86,86,0,0,0,0
6,40,1,234,234,234,234,0,0,0,0
6,42,11,2353,2353,1320,1320,1032,1032,0,0
6,43,6,1253,1253,247,247,1005,1005,0,0
6,44,28,2352,2352,2352,2352,0,0,0,0
6,45,29,3465,3465,3465,3465,0,0,0,0
6,46,17,2104,2104,1993,1993,111,111,0,0
6,47,9,1372,1372,1233,1233,139,139,0,0
6,49,8,2064,2064,1967,1967,97,97,0,0
6,50,10,1841,1841,1841,1841,0,0,0,0
6,53,14,2740,2740,1526,1526,1214,1214,0,0
6,59,3,601,601,317,317,284,284,0,0
6,60,16,2907,2907,2265,2265,642,642,0,0
6,62,10,2011,2011,1755,1755,257,257,0,0
6,63,10,1311,1311,1311,1311,0,0,0,0
6,64,37,8668,8668,8668,8668,0,0,0,0
6,69,3,461,461,260,260,67,67,0,0
6,72,15,2728,2728,2464,2464,263,263,0,0
6,73,3,143,143,143,143,0,0,0,0
6,77,9,1129,1129,1129,1129,0,0,0,0
6,79,13,6028,6028,6028,6028,0,0,0,0
6,82,4,1098,1098,1098,1098,0,0,0,0
6,86,3,735,735,735,735,0,0,0,0
6,88,10,1465,1465,1465,1465,0,0,0,0
6,93,16,5082,5082,2278,2278,2746,2746,0,0
6,94,16,18013,18013,2150,2150,15849,15849,0,0
6,95,16,12449,12449,3170,3170,9278,9278,0,0
6,96,4,5734,5734,268,268,5466,5466,0,0
6,97,14,3193,3193,3058,3058,135,135,0,0
6,98,18,9095,9095,9095,9095,0,0,0,0
6,99,24,7047,7047,6442,6442,605,605,0,0
6,100,33,8170,8170,6084,6084,1417,1417,669,669
6,101,92,10159,10159,10159,10159,0,0,0,0
6,102,34,3841,3841,3841,3841,0,0,0,0
6,103,14,1252,1252,1252,1252,0,0,0,0
6,105,8,1216,1216,922,922,294,294,0,0
6,110,1,930,930,0,0,930,930,0,0
6,111,2,2425,2425,229,229,2197,2197,0,0
6,112,9,4677,4677,1529,1529,3148,3148,0,0
6,113,10,5923,5923,3070,3070,2853,2853,0,0
6,114,30,10750,10750,7776,7776,2974,2974,0,0
6,115,14,4781,4781,4781,4781,0,0,0,0
6,116,14,6600,6600,4037,4037,2562,2562,0,0
6,117,14,6964,6964,6964,6964,0,0,0,0
6,119,25,17725,17725,2310,2310,15416,15416,0,0
6,120,6,1080,1080,275,275,805,805,0,0
6,122,4,2040,2040,195,195,1845,1845,0,0
6,126,7,1307,1307,1307,1307,0,0,0,0
6,127,3,151,151,151,151,0,0,0,0
6,29,1,251,251,251,251,0,0,0,0
6,36,3,587,587,54,54,533,533,0,0
6,48,2,391,391,391,391,0,0,0,0
6,52,7,1147,1147,1147,1147,0,0,0,0
6,65,4,365,365,365,365,0,0,0,0
6,80,3,606,606,606,606,0,0,0,0
6,81,10,803,803,803,803,0,0,0,0
6,87,4,1030,1030,447,447,583,583,0,0
6,92,2,1706,1706,0,0,1706,1706,0,0
6,106,3,183,183,183,183,0,0,0,0
6,107,2,211,211,211,211,0,0,0,0
6,118,8,1401,1401,1401,1401,0,0,0,0
6,123,3,519,519,519,519,0,0,0,0
7,9,4,748,748,748,748,0,0,0,0
7,18,9,1399,1399,898,898,501,501,0,0
7,19,5,7868,7868,557,557,7312,7312,0,0
7,28,5,2250,2250,350,350,1900,1900,0,0
7,29,8,2350,2350,1980,1980,288,288,0,0
7,33,6,2644,2644,538,538,2105,2105,0,0
7,34,7,6890,6890,585,585,6304,6304,0,0
7,35,4,1981,1981,223,223,1758,1758,0,0
7,36,10,1367,1367,873,873,494,494,0,0
7,42,2,838,838,189,189,649,649,0,0
7,45,8,1117,1117,518,518,599,599,0,0
7,46,5,1138,1138,351,351,787,787,0,0
7,53,3,479,479,192,192,143,143,81,81
7,59,21,8951,8951,2308,2308,6642,6642,0,0
7,60,21,4631,4631,1216,1216,3415,3415,0,0
7,62,15,2627,2627,2560,2560,66,66,0,0
7,63,21,6061,6061,5894,5894,167,167,0,0
7,64,45,10391,10391,10362,10362,29,29,0,0
7,65,23,4624,4624,2708,2708,1916,1916,0,0
7,66,21,4031,4031,4031,4031,0,0,0,0
7,72,6,2231,2231,747,747,1484,1484,0,0
7,73,3,297,297,297,297,0,0,0,0
7,74,9,814,814,814,814,0,0,0,0
7,78,6,1193,1193,640,640,553,553,0,0
7,82,2,2688,2688,2688,2688,0,0,0,0
7,87,1,1492,1492,0,0,1492,1492,0,0
7,89,14,1812,1812,1774,1774,37,37,0,0
7,91,5,11275,11275,779,779,10497,10497,0,0
7,92,32,17293,17293,2364,2364,14877,14877,0,0
7,93,43,14708,14708,2061,2061,12648,12648,0,0
7,94,24,13979,13979,1683,1683,12295,12295,0,0
7,95,29,20954,20954,1152,1152,19802,19802,0,0
7,96,16,15643,15643,1231,1231,14412,14412,0,0
7,98,27,8308,8308,7084,7084,1224,1224,0,0
7,99,35,11859,11859,11859,11859,0,0,0,0
7,100,69,15392,15392,13345,13345,2046,2046,0,0
7,101,117,12791,12791,12536,12536,255,255,0,0
7,102,69,7251,7251,6540,6540,711,711,0,0
7,104,11,5336,5336,678,678,4656,4656,0,0
7,105,2,1175,1175,172,172,1003,1003,0,0
7,110,3,252,252,252,252,0,0,0,0
7,111,1,1790,1790,160,160,1630,1630,0,0
7,112,3,1261,1261,1261,1261,0,0,0,0
7,113,24,7229,7229,6436,6436,793,793,0,0
7,114,44,9351,9351,6068,6068,3283,3283,0,0
7,115,17,4911,4911,3641,3641,1270,1270,0,0
7,116,16,5976,5976,3722,3722,2254,2254,0,0
7,117,30,7607,7607,7607,7607,0,0,0,0
7,118,18,2504,2504,2504,2504,0,0,0,0
7,121,6,1985,1985,1696,1696,0,0,288,288
7,122,7,1172,1172,1030,1030,0,0,142,142
7,123,3,338,338,338,338,0,0,0,0
7,125,15,4324,4324,1193,1193,3132,3132,0,0
7,126,11,1688,1688,1279,1279,409,409,0,0
7,0,5,655,655,239,239,417,417,0,0
7,11,1,159,159,159,159,0,0,0,0
7,31,6,604,604,601,601,3,3,0,0
7,32,13,2450,2450,1135,1135,1314,1314,0,0
7,47,2,74,74,43,43,31,31,0,0
7,48,2,541,541,541,541,0,0,0,0
7,54,2,238,238,238,238,0,0,0,0
7,67,6,4216,4216,2398,2398,1818,1818,0,0
7,68,5,1594,1594,1594,1594,0,0,0,0
7,69,5,918,918,918,918,0,0,0,0
7,70,5,1007,1007,344,344,662,662,0,0
7,75,2,3166,3166,147,147,3019,3019,0,0
7,85,1,20,20,20,20,0,0,0,0
7,88,4,1228,1228,0,0,1228,1228,0,0
7,90,2,7144,7144,783,783,6361,6361,0,0
7,97,6,1332,1332,1332,1332,0,0,0,0
7,103,1,1456,1456,1456,1456,0,0,0,0
7,106,3,380,380,380,380,0,0,0,0
7,109,3,584,584,584,584,0,0,0,0
8,11,9,1709,1709,711,711,998,998,0,0
8,19,20,6284,6284,1512,1512,4771,4771,0,0
8,28,3,548,548,431,431,0,0,117,117
8,29,5,3686,3686,1473,1473,2213,2213,0,0
8,30,3,366,366,92,92,92,92,0,0
8,31,9,1460,1460,905,905,555,555,0,0
8,41,2,659,659,383,383,276,276,0,0
8,45,24,2188,2188,1997,1997,192,192,0,0
8,47,1,2680,2680,0,0,2680,2680,0,0
8,48,6,1035,1035,1035,1035,0,0,0,0
8,52,4,418,418,418,418,0,0,0,0
8,55,6,683,683,683,683,0,0,0,0
8,58,3,2209,2209,45,45,2164,2164,0,0
8,59,15,9343,9343,1753,1753,7589,7589,0,0
8,60,46,6480,6480,4301,4301,2178,2178,0,0
8,61,32,4818,4818,3313,3313,1504,1504,0,0
8,62,59,7715,7715,6933,6933,782,782,0,0
8,63,76,10665,10665,10438,10438,75,75,0,0
8,64,83,12854,12854,12458,12458,396,396,0,0
8,65,76,12056,12056,8854,8854,2242,2242,959,959
8,66,55,12108,12108,9991,9991,2116,2116,0,0
8,67,41,8950,8950,7440,7440,1511,1511,0,0
8,68,67,10686,10686,10039,10039,646,646,0,0
8,69,40,5037,5037,5037,5037,0,0,0,0
8,70,8,1686,1686,1149,1149,537,537,0,0
8,72,2,5165,5165,94,94,5071,5071,0,0
8,73,6,18365,18365,1826,1826,16540,16540,0,0
8,74,10,23875,23875,1106,1106,22769,22769,0,0
8,75,6,766,766,766,766,0,0,0,0
8,76,4,642,642,642,642,0,0,0,0
8,78,11,2485,2485,2485,2485,0,0,0,0
8,79,5,405,405,405,405,0,0,0,0
8,81,2,570,570,570,570,0,0,0,0
8,85,2,4,4,4,4,0,0,0,0
8,86,2,950,950,950,950,0,0,0,0
8,88,4,1698,1698,296,296,1402,1402,0,0
8,89,31,14273,14273,3148,3148,11127,11127,0,0
8,90,22,12096,12096,1279,1279,10816,10816,0,0
8,91,42,14232,14232,2749,2749,11483,11483,0,0
8,92,28,18912,18912,1819,1819,17095,17095,0,0
8,93,38,17764,17764,1569,1569,16195,16195,0,0
8,94,23,13835,13835,2717,2717,11092,11092,0,0
8,95,21,6212,6212,1577,1577,4635,4635,0,0
8,96,9,4146,4146,506,506,3640,3640,0,0
8,97,44,6608,6608,6109,6109,500,500,0,0
8,98,24,5677,5677,3989,3989,1688,1688,0,0
8,99,42,7235,7235,6766,6766,469,469,0,0
8,100,101,13016,13016,12887,12887,129,129,0,0
8,101,85,10915,10915,10262,10262,653,653,0,0
8,102,37,12977,12977,1974,1974,11004,11004,0,0
8,103,7,5122,5122,214,214,4908,4908,0,0
8,104,8,1099,1099,320,320,779,779,0,0
8,106,2,118,118,118,118,0,0,0,0
8,110,3,2148,2148,1821,1821,327,327,0,0
8,111,24,10144,10144,4918,4918,5226,5226,0,0
8,112,17,3094,3094,2589,2589,168,168,0,0
8,113,38,9899,9899,7185,7185,2519,2519,0,0
8,114,38,9142,9142,5635,5635,3507,3507,0,0
8,115,32,6090,6090,5631,5631,0,0,459,459
8,116,27,8979,8979,6402,6402,520,520,2056,2056
8,117,24,5139,5139,3580,3580,1559,1559,0,0
8,121,4,1370,1370,1370,1370,0,0,0,0
8,123,1,14,14,4,4,4,4,0,0
8,124,8,1718,1718,767,767,952,952,0,0
8,125,9,2942,2942,1339,1339,1604,1604,0,0
8,126,8,981,981,981,981,0,0,0,0
8,18,4,729,729,240,240,490,490,0,0
8,20,1,1996,1996,289,289,1707,1707,0,0
8,33,4,667,667,182,182,485,485,0,0
8,44,8,1236,1236,1236,1236,0,0,0,0
8,54,6,1608,1608,328,328,1280,1280,0,0
8,56,11,1621,1621,1621,1621,0,0,0,0
8,71,1,785,785,785,785,0,0,0,0
8,77,2,585,585,585,585,0,0,0,0
8,87,4,366,366,366,366,0,0,0,0
8,105,1,76,76,76,76,0,0,0,0
8,108,4,337,337,337,337,0,0,0,0
8,118,2,173,173,173,173,0,0,0,0
9,1,7,1559,1559,1106,1106,453,453,0,0
9,22,7,1716,1716,1716,1716,0,0,0,0
9,29,6,1048,1048,537,537,482,482,0,0
9,33,5,1394,1394,215,215,1179,1179,0,0
9,39,2,453,453,453,453,0,0,0,0
9,44,41,3673,3673,3326,3326,116,116,0,0
9,45,25,1627,1627,1627,1627,0,0,0,0
9,48,1,94,94,94,94,0,0,0,0
9,53,5,1910,1910,381,381,1529,1529,0,0
9,54,2,297,297,297,297,0,0,0,0
9,60,20,2895,2895,1925,1925,971,971,0,0
9,61,13,3697,3697,1540,1540,2156,2156,0,0
9,62,2,352,352,351,351,1,1,0,0
9,63,43,6129,6129,6129,6129,0,0,0,0
9,64,37,6109,6109,6109,6109,0,0,0,0
9,65,20,4245,4245,4245,4245,0,0,0,0
9,66,22,4302,4302,4112,4112,63,63,0,0
9,67,36,7517,7517,7517,7517,0,0,0,0
9,68,43,7529,7529,7233,7233,282,282,0,0
9,69,37,5392,5392,5392,5392,0,0,0,0
9,71,11,3916,3916,2658,2658,1249,1249,9,9
9,72,15,17540,17540,2947,2947,14594,14594,0,0
9,73,12,16930,16930,3478,3478,13452,13452,0,0
9,74,9,16110,16110,839,839,15272,15272,0,0
9,75,7,3109,3109,1448,1448,1661,1661,0,0
9,77,8,1564,1564,998,998,566,566,0,0
9,78,5,1108,1108,1108,1108,0,0,0,0
9,79,1,22,22,22,22,0,0,0,0
9,81,5,515,515,515,515,0,0,0,0
9,83,1,33,33,33,33,0,0,0,0
9,87,1,291,291,291,291,0,0,0,0
9,89,9,5424,5424,595,595,4830,4830,0,0
9,90,29,10697,10697,1784,1784,8912,8912,0,0
9,91,30,13550,13550,1502,1502,12048,12048,0,0
9,92,21,15396,15396,1090,1090,14305,14305,0,0
9,93,30,23606,23606,1858,1858,21747,21747,0,0
9,94,50,21248,21248,5430,5430,15818,15818,0,0
9,95,14,7985,7985,1128,1128,6855,6855,0,0
9,96,19,4725,4725,3069,3069,1656,1656,0,0
9,97,79,11684,11684,11684,11684,0,0,0,0
9,98,80,10033,10033,10033,10033,0,0,0,0
9,99,83,8386,8386,7651,7651,735,735,0,0
9,100,36,7589,7589,6376,6376,956,956,0,0
9,101,41,4853,4853,4716,4716,45,45,0,0
9,102,16,4901,4901,789,789,4112,4112,0,0
9,103,2,1289,1289,0,0,1289,1289,0,0
9,104,5,350,350,350,350,0,0,0,0
9,105,2,175,175,175,175,0,0,0,0
9,108,5,2048,2048,1865,1865,183,183,0,0
9,109,12,3178,3178,1352,1352,1095,1095,0,0
9,110,16,4740,4740,4586,4586,51,51,0,0
9,111,32,6840,6840,6297,6297,543,543,0,0
9,112,18,5948,5948,5580,5580,123,123,0,0
9,113,24,14848,14848,8284,8284,6284,6284,0,0
9,114,39,12048,12048,10562,10562,1486,1486,0,0
9,115,53,8331,8331,8331,8331,0,0,0,0
9,116,36,9459,9459,9050,9050,409,409,0,0
9,117,9,5350,5350,4142,4142,1208,1208,0,0
9,118,9,3129,3129,3100,3100,28,28,0,0
9,119,2,772,772,41,41,716,716,0,0
9,122,2,57,57,57,57,0,0,0,0
9,124,14,4167,4167,321,321,3846,3846,0,0
9,125,2,1016,1016,623,623,393,393,0,0
9,127,2,17,17,17,17,0,0,0,0
9,18,5,876,876,462,462,415,415,0,0
9,31,1,92,92,92,92,0,0,0,0
9,32,2,307,307,307,307,0,0,0,0
9,46,1,46,46,46,46,0,0,0,0
9,52,5,546,546,546,546,0,0,0,0
9,58,1,52,52,52,52,0,0,0,0
9,59,5,934,934,466,466,468,468,0,0
9,70,1,455,455,455,455,0,0,0,0
9,123,6,1121,1121,1121,1121,0,0,0,0
9,126,5,870,870,227,227,644,644,0,0
10,17,4,889,889,475,475,414,414,0,0
10,18,2,966,966,64,64,902,902,0,0
10,20,1,274,274,98,98,176,176,0,0
10,21,2,1396,1396,52,52,1344,1344,0,0
10,31,1,137,137,137,137,0,0,0,0
10,33,3,1249,1249,882,882,367,367,0,0
10,34,1,3163,3163,0,0,3163,3163,0,0
10,44,1,127,127,127,127,0,0,0,0
10,45,6,1251,1251,348,348,903,903,0,0
10,46,3,410,410,291,291,119,119,0,0
10,52,2,805,805,805,805,0,0,0,0
10,58,11,7097,7097,1993,1993,5103,5103,0,0
10,64,20,2253,2253,2161,2161,92,92,0,0
10,67,2,388,388,388,388,0,0,0,0
10,68,27,3441,3441,3441,3441,0,0,0,0
10,69,32,5646,5646,5646,5646,0,0,0,0
10,70,15,3168,3168,3168,3168,0,0,0,0
10,71,15,3780,3780,2351,2351,1367,1367,62,62
10,72,20,7179,7179,3015,3015,4164,4164,0,0
10,73,2,4752,4752,42,42,4710,4710,0,0
10,74,4,7951,7951,443,443,7508,7508,0,0
10,75,18,13516,13516,3051,3051,10418,10418,0,0
10,76,2,2886,2886,106,106,2780,2780,0,0
10,77,10,1304,1304,1304,1304,0,0,0,0
10,81,19,1937,1937,1685,1685,251,251,0,0
10,82,2,78,78,78,78,0,0,0,0
10,86,4,1084,1084,770,770,314,314,0,0
10,89,1,1118,1118,964,964,52,52,0,0
10,90,5,1377,1377,1324,1324,18,18,0,0
10,91,5,6643,6643,769,769,5875,5875,0,0
10,92,27,14586,14586,4646,4646,9940,9940,0,0
10,93,35,12721,12721,4599,4599,8122,8122,0,0
10,94,28,16910,16910,2114,2114,14796,14796,0,0
10,95,7,3843,3843,823,823,1863,1863,1157,1157
10,96,18,6750,6750,3942,3942,2808,2808,0,0
10,97,54,7626,7626,7027,7027,598,598,0,0
10,98,70,10732,10732,10732,10732,0,0,0,0
10,99,37,7387,7387,7320,7320,67,67,0,0
10,100,28,6177,6177,6177,6177,0,0,0,0
10,101,3,798,798,798,798,0,0,0,0
10,102,6,1233,1233,0,0,1233,1233,0,0
10,103,18,1245,1245,1118,1118,127,127,0,0
10,104,19,2300,2300,1621,1621,679,679,0,0
10,105,6,919,919,762,762,52,52,0,0
10,107,17,1966,1966,817,817,1149,1149,0,0
10,111,20,7895,7895,7895,7895,0,0,0,0
10,112,22,8754,8754,6448,6448,2307,2307,0,0
10,113,15,3815,3815,3264,3264,551,551,0,0
10,114,35,7427,7427,6108,6108,1319,1319,0,0
10,115,43,8932,8932,8023,8023,908,908,0,0
10,116,43,7980,7980,4962,4962,2966,2966,0,0
10,117,18,7969,7969,5712,5712,2122,2122,135,135
10,118,13,4529,4529,4452,4452,0,0,77,77
10,119,1,427,427,427,427,0,0,0,0
10,120,5,370,370,370,370,0,0,0,0
10,122,1,311,311,311,311,0,0,0,0
10,123,11,1410,1410,803,803,436,436,0,0
10,124,6,1659,1659,860,860,799,799,0,0
10,125,2,128,128,128,128,0,0,0,0
10,0,1,140,140,140,140,0,0,0,0
10,1,4,310,310,310,310,0,0,0,0
10,13,6,997,997,706,706,291,291,0,0
10,32,2,259,259,259,259,0,0,0,0
10,48,5,3514,3514,68,68,3446,3446,0,0
10,49,3,259,259,259,259,0,0,0,0
10,63,3,447,447,245,245,202,202,0,0
10,85,2,418,418,320,320,98,98,0,0
10,87,6,4635,4635,1284,1284,3351,3351,0,0
10,108,2,232,232,232,232,0,0,0,0
10,109,4,2587,2587,2587,2587,0,0,0,0
10,110,1,567,567,567,567,0,0,0,0
10,121,1,36,36,36,36,0,0,0,0
11,0,47,7781,7781,7781,7781,0,0,0,0
11,1,19,2121,2121,2121,2121,0,0,0,0
11,13,2,647,647,138,138,509,509,0,0
11,32,2,658,658,658,658,0,0,0,0
11,46,1,454,454,454,454,0,0,0,0
11,48,1,2917,2917,0,0,2917,2917,0,0
11,54,3,345,345,345,345,0,0,0,0
11,58,10,2468,2468,1249,1249,1219,1219,0,0
11,62,1,809,809,809,809,0,0,0,0
11,63,12,1247,1247,575,575,671,671,0,0
11,66,9,7940,7940,1597,1597,6344,6344,0,0
11,70,6,1459,1459,309,309,1150,1150,0,0
11,71,29,6057,6057,5790,5790,267,267,0,0
11,72,21,3908,3908,3086,3086,822,822,0,0
11,73,37,6933,6933,6400,6400,482,482,0,0
11,74,16,3329,3329,2910,2910,417,417,0,0
11,75,17,9416,9416,3374,3374,6042,6042,0,0
11,76,15,4611,4611,1494,1494,3116,3116,0,0
11,78,3,426,426,426,426,0,0,0,0
11,80,4,440,440,440,440,0,0,0,0
11,81,5,397,397,397,397,0,0,0,0
11,85,2,923,923,923,923,0,0,0,0
11,86,31,4034,4034,4034,4034,0,0,0,0
11,89,16,16678,16678,2510,2510,14169,14169,0,0
11,90,31,11682,11682,6607,6607,5076,5076,0,0
11,91,13,15534,15534,849,849,14684,14684,0,0
11,92,52,16529,16529,2464,2464,14064,14064,0,0
11,93,49,21998,21998,1888,1888,20107,20107,0,0
11,94,38,12192,12192,2462,2462,9730,9730,0,0
11,96,45,10845,10845,10845,10845,0,0,0,0
11,97,24,7770,7770,6318,6318,1452,1452,0,0
11,98,29,5508,5508,4201,4201,1307,1307,0,0
11,99,58,9203,9203,8556,8556,647,647,0,0
11,100,26,9560,9560,9156,9156,404,404,0,0
11,101,14,3861,3861,1334,1334,2527,2527,0,0
11,102,5,1452,1452,0,0,1452,1452,0,0
11,103,26,5745,5745,3939,3939,1806,1806,0,0
11,104,8,1491,1491,1121,1121,370,370,0,0
11,105,6,602,602,602,602,0,0,0,0
11,107,4,2427,2427,386,386,2043,2043,0,0
11,108,6,910,910,603,603,306,306,0,0
11,109,19,6782,6782,5981,5981,801,801,0,0
11,110,15,4075,4075,3398,3398,677,677,0,0
11,111,56,9496,9496,9007,9007,489,489,0,0
11,112,59,10470,10470,7371,7371,2872,2872,0,0
11,113,58,8652,8652,7467,7467,1185,1185,0,0
11,114,41,8319,8319,8319,8319,0,0,0,0
11,115,25,4510,4510,4510,4510,0,0,0,0
11,116,16,7785,7785,7633,7633,152,152,0,0
11,117,8,5897,5897,2442,2442,3405,3405,50,50
11,118,7,2644,2644,2310,2310,0,0,334,334
11,120,1,5,5,5,5,0,0,0,0
11,123,1,352,352,340,340,12,12,0,0
11,124,10,7087,7087,750,750,6337,6337,0,0
11,125,14,1436,1436,1393,1393,14,14,0,0
11,126,2,254,254,254,254,0,0,0,0
11,11,2,298,298,131,131,167,167,0,0
11,12,5,2397,2397,549,549,1847,1847,0,0
11,43,1,141,141,44,44,32,32,0,0
11,57,2,1899,1899,357,357,1543,1543,0,0
11,64,2,348,348,348,348,0,0,0,0
11,67,3,2399,2399,44,44,2355,2355,0,0
11,77,4,398,398,398,398,0,0,0,0
11,87,1,1380,1380,0,0,1380,1380,0,0
11,88,4,5931,5931,205,205,5726,5726,0,0
11,95,7,2399,2399,2107,2107,292,292,0,0
11,106,5,899,899,899,899,0,0,0,0
11,121,1,662,662,591,591,72,72,72,72
11,122,2,159,159,159,159,0,0,0,0
11,127,4,252,252,252,252,0,0,0,0
12,0,8,1785,1785,897,897,887,887,0,0
12,10,1,174,174,174,174,0,0,0,0
12,11,1,155,155,129,129,27,27,0,0
12,12,1,77,77,0,0,77,77,0,0
12,40,3,934,934,313,313,622,622,0,0
12,43,1,1512,1512,578,578,311,311,0,0
12,45,9,4379,4379,2638,2638,1742,1742,0,0
12,46,6,1510,1510,591,591,919,919,0,0
12,58,5,1607,1607,781,781,826,826,0,0
12,64,7,758,758,688,688,70,70,0,0
12,67,8,5795,5795,809,809,4985,4985,0,0
12,68,58,7706,7706,7706,7706,0,0,0,0
12,69,21,4327,4327,3212,3212,1114,1114,0,0
12,70,7,1218,1218,1198,1198,20,20,0,0
12,71,1,228,228,228,228,0,0,0,0
12,72,11,960,960,960,960,0,0,0,0
12,74,2,507,507,507,507,0,0,0,0
12,75,19,4533,4533,4533,4533,0,0,0,0
12,76,22,3308,3308,3308,3308,0,0,0,0
12,77,11,1200,1200,1200,1200,0,0,0,0
12,78,1,7,7,7,7,0,0,0,0
12,80,13,1541,1541,1541,1541,0,0,0,0
12,81,3,107,107,107,107,0,0,0,0
12,82,5,248,248,248,248,0,0,0,0
12,83,7,1505,1505,1505,1505,0,0,0,0
12,85,8,913,913,913,913,0,0,0,0
12,86,10,894,894,894,894,0,0,0,0
12,87,6,1602,1602,585,585,1017,1017,0,0
12,88,7,6382,6382,923,923,5458,5458,0,0
12,89,7,14771,14771,3921,3921,10849,10849,0,0
12,90,14,14822,14822,1401,1401,13420,13420,0,0
12,91,18,18976,18976,494,494,18482,18482,0,0
12,92,40,17595,17595,2161,2161,15436,15436,0,0
12,93,68,19652,19652,5336,5336,14318,14318,0,0
12,94,44,19319,19319,2941,2941,16378,16378,0,0
12,95,21,12196,12196,873,873,11324,11324,0,0
12,96,32,8868,8868,2445,2445,6423,6423,0,0
12,97,13,4767,4767,1550,1550,3217,3217,0,0
12,98,28,4789,4789,4789,4789,0,0,0,0
12,99,69,11681,11681,10479,10479,248,248,953,953
12,100,71,12593,12593,12351,12351,241,241,0,0
12,101,28,7559,7559,3516,3516,4043,4043,0,0
12,102,5,1476,1476,0,0,1476,1476,0,0
12,103,2,147,147,147,147,0,0,0,0
12,104,24,3845,3845,2489,2489,1335,1335,0,0
12,105,14,5677,5677,5677,5677,0,0,0,0
12,106,25,7277,7277,5514,5514,1764,1764,0,0
12,107,5,7896,7896,384,384,7512,7512,0,0
12,109,7,2919,2919,2919,2919,0,0,0,0
12,110,39,7455,7455,4673,4673,2783,2783,0,0
12,111,68,10798,10798,10183,10183,614,614,0,0
12,112,76,10694,10694,10694,10694,0,0,0,0
12,113,50,9337,9337,9063,9063,274,274,0,0
12,114,45,8436,8436,8436,8436,0,0,0,0
12,115,18,5518,5518,4314,4314,1204,1204,0,0
12,116,10,6834,6834,5607,5607,1227,1227,0,0
12,117,9,2092,2092,2092,2092,0,0,0,0
12,120,14,3166,3166,3166,3166,0,0,0,0
12,121,12,4785,4785,1476,1476,3310,3310,0,0
12,122,4,6454,6454,1057,1057,5397,5397,0,0
12,123,11,3109,3109,2428,2428,227,227,0,0
12,124,5,795,795,717,717,0,0,78,78
12,126,5,359,359,359,359,0,0,0,0
12,1,4,1775,1775,183,183,1592,1592,0,0
12,28,1,381,381,160,160,221,221,0,0
12,29,8,2859,2859,1099,1099,1761,1761,0,0
12,66,2,680,680,557,557,123,123,0,0
12,108,1,3261,3261,0,0,3261,3261,0,0
12,118,1,57,57,57,57,0,0,0,0
12,119,5,769,769,769,769,0,0,0,0
12,125,28,1890,1890,1803,1803,0,0,88,88
12,127,1,53,53,13,13,13,13,0,0
13,0,77,12480,12480,12234,12234,240,240,6,6
13,1,91,12529,12529,10156,10156,2373,2373,0,0
13,15,9,2250,2250,944,944,1306,1306,0,0
13,37,21,5255,5255,1076,1076,4179,4179,0,0
13,46,5,2334,2334,1039,1039,1294,1294,0,0
13,52,10,3566,3566,962,962,2605,2605,0,0
13,63,18,3504,3504,1303,1303,2200,2200,0,0
13,64,12,5777,5777,2500,2500,3278,3278,0,0
13,66,23,3313,3313,3313,3313,0,0,0,0
13,67,14,1713,1713,1713,1713,0,0,0,0
13,68,26,2650,2650,2650,2650,0,0,0,0
13,69,7,904,904,904,904,0,0,0,0
13,74,10,1391,1391,1391,1391,0,0,0,0
13,75,11,1467,1467,1467,1467,0,0,0,0
13,76,16,1384,1384,1384,1384,0,0,0,0
13,77,13,1877,1877,1877,1877,0,0,0,0
13,78,10,2010,2010,1147,1147,863,863,0,0
13,79,4,3694,3694,431,431,3262,3262,0,0
13,80,4,421,421,421,421,0,0,0,0
13,81,9,921,921,921,921,0,0,0,0
13,82,17,2679,2679,2679,2679,0,0,0,0
13,83,6,1822,1822,762,762,1060,1060,0,0
13,84,2,476,476,19,19,457,457,0,0
13,85,6,2665,2665,154,154,2511,2511,0,0
13,86,14,1226,1226,1226,1226,0,0,0,0
13,87,12,3536,3536,2149,2149,1387,1387,0,0
13,88,10,2631,2631,2501,2501,130,130,0,0
13,89,22,6759,6759,4530,4530,2229,2229,0,0
13,90,33,20369,20369,2632,2632,17738,17738,0,0
13,91,40,22194,22194,1504,1504,20690,20690,0,0
13,92,52,17242,17242,3200,3200,14042,14042,0,0
13,93,48,20714,20714,3908,3908,16808,16808,0,0
13,94,49,20414,20414,3277,3277,17136,17136,0,0
13,95,17,12374,12374,3157,3157,9218,9218,0,0
13,96,34,7526,7526,1442,1442,6084,6084,0,0
13,97,12,1510,1510,1419,1419,92,92,0,0
13,98,39,7492,7492,7121,7121,371,371,0,0
13,99,38,8455,8455,7683,7683,772,772,0,0
13,100,86,12378,12378,12378,12378,0,0,0,0
13,101,11,3164,3164,731,731,2433,2433,0,0
13,102,6,398,398,0,0,398,398,0,0
13,104,24,6153,6153,3470,3470,2684,2684,0,0
13,105,57,11106,11106,11106,11106,0,0,0,0
13,106,30,8555,8555,8262,8262,293,293,0,0
13,107,32,8777,8777,8777,8777,0,0,0,0
13,108,28,10774,10774,10676,10676,98,98,0,0
13,109,37,10476,10476,10476,10476,0,0,0,0
13,110,60,10760,10760,10234,10234,526,526,0,0
13,111,29,7320,7320,5116,5116,2203,2203,0,0
13,112,62,11964,11964,9018,9018,2946,2946,0,0
13,113,48,12491,12491,12491,12491,0,0,0,0
13,114,46,12143,12143,11331,11331,621,621,0,0
13,115,6,4067,4067,2512,2512,516,516,1038,1038
13,116,7,5559,5559,3756,3756,1693,1693,0,0
13,117,2,3024,3024,1044,1044,1979,1979,0,0
13,120,12,3349,3349,3349,3349,0,0,0,0
13,121,36,6635,6635,5377,5377,1256,1256,0,0
13,122,21,5490,5490,4631,4631,857,857,0,0
13,125,22,1718,1718,1505,1505,0,0,213,213
13,127,40,3310,3310,3310,3310,0,0,0,0
13,2,3,616,616,358,358,258,258,0,0
13,17,2,1284,1284,411,411,873,873,0,0
13,48,3,886,886,289,289,597,597,0,0
13,49,12,2488,2488,1571,1571,917,917,0,0
13,60,1,204,204,18,18,186,186,0,0
13,62,5,666,666,319,319,347,347,0,0
13,103,3,5315,5315,72,72,5243,5243,0,0
13,123,1,385,385,385,385,0,0,0,0
13,124,1,121,121,121,121,0,0,0,0
13,126,5,679,679,608,608,24,24,0,0
14,0,33,9078,9078,6124,6124,2761,2761,192,192
14,1,46,9506,9506,6784,6784,2584,2584,0,0
14,2,22,4655,4655,4468,4468,187,187,0,0
14,17,3,1619,1619,468,468,1150,1150,0,0
14,18,2,1671,1671,151,151,1520,1520,0,0
14,37,3,1785,1785,276,276,1510,1510,0,0
14,48,7,4059,4059,1298,1298,2761,2761,0,0
14,49,2,670,670,252,252,417,417,0,0
14,60,12,1873,1873,1617,1617,256,256,0,0
14,61,1,25,25,25,25,0,0,0,0
14,62,4,564,564,535,535,28,28,0,0
14,64,2,792,792,191,191,601,601,0,0
14,68,7,1707,1707,1707,1707,0,0,0,0
14,72,1,2,2,2,2,0,0,0,0
14,74,6,642,642,642,642,0,0,0,0
14,76,4,605,605,605,605,0,0,0,0
14,77,3,96,96,96,96,0,0,0,0
14,78,4,455,455,455,455,0,0,0,0
14,79,12,1446,1446,1446,1446,0,0,0,0
14,80,10,6493,6493,518,518,5975,5975,0,0
14,81,12,1754,1754,1754,1754,0,0,0,0
14,82,26,3813,3813,2931,2931,0,0,881,881
14,83,38,5351,5351,5351,5351,0,0,0,0
14,84,7,1528,1528,1528,1528,0,0,0,0
14,85,8,1247,1247,398,398,849,849,0,0
14,86,54,4999,4999,4033,4033,904,904,61,61
14,87,4,6587,6587,1001,1001,5587,5587,0,0
14,89,21,12321,12321,2072,2072,10250,10250,0,0
14,90,34,21132,21132,3606,3606,17527,17527,0,0
14,91,35,17674,17674,4799,4799,12874,12874,0,0
14,92,9,14821,14821,934,934,13886,13886,0,0
14,93,66,14620,14620,6813,6813,7806,7806,0,0
14,94,64,20767,20767,6353,6353,14415,14415,0,0
14,95,47,17108,17108,3488,3488,13619,13619,0,0
14,96,31,9654,9654,2707,2707,6947,6947,0,0
14,97,21,12264,12264,1410,1410,10855,10855,0,0
14,98,19,6526,6526,4708,4708,1819,1819,0,0
14,99,64,13000,13000,12518,12518,482,482,0,0
14,100,27,7904,7904,7904,7904,0,0,0,0
14,101,16,7555,7555,632,632,6923,6923,0,0
14,102,6,980,980,0,0,980,980,0,0
14,103,5,2184,2184,0,0,2184,2184,0,0
14,104,2,379,379,379,379,0,0,0,0
14,105,34,5338,5338,4930,4930,409,409,0,0
14,106,49,7738,7738,7738,7738,0,0,0,0
14,107,75,10760,10760,10463,10463,296,296,0,0
14,108,54,9348,9348,9211,9211,46,46,0,0
14,109,43,7445,7445,7445,7445,0,0,0,0
14,110,41,7824,7824,6780,6780,1045,1045,0,0
14,111,28,4857,4857,3669,3669,1102,1102,87,87
14,112,26,3678,3678,2969,2969,709,709,0,0
14,113,12,2104,2104,2104,2104,0,0,0,0
14,114,12,3449,3449,3249,3249,112,112,88,88
14,115,28,7812,7812,7015,7015,796,796,0,0
14,117,4,1409,1409,1409,1409,0,0,0,0
14,118,3,1976,1976,1976,1976,0,0,0,0
14,119,10,2242,2242,2242,2242,0,0,0,0
14,120,60,9312,9312,9312,9312,0,0,0,0
14,121,66,11980,11980,10934,10934,1045,1045,0,0
14,122,47,6884,6884,6811,6811,74,74,0,0
14,124,20,3566,3566,3562,3562,4,4,0,0
14,125,45,8695,8695,7070,7070,1624,1624,0,0
14,126,84,9128,9128,8843,8843,284,284,0,0
14,127,123,10210,10210,9948,9948,263,263,0,0
14,32,2,698,698,246,246,452,452,0,0
14,63,1,16,16,16,16,0,0,0,0
14,75,1,663,663,0,0,663,663,0,0
14,88,10,2231,2231,2231,2231,0,0,0,0
14,123,7,1828,1828,1828,1828,0,0,0,0
15,0,9,3640,3640,2387,2387,1252,1252,0,0
15,1,28,4688,4688,4341,4341,349,349,0,0
15,2,18,10348,10348,1847,1847,8500,8500,0,0
15,32,1,281,281,109,109,172,172,0,0
15,49,9,3393,3393,563,563,2831,2831,0,0
15,50,8,1647,1647,1373,1373,274,274,0,0
15,68,7,1173,1173,1173,1173,0,0,0,0
15,75,2,195,195,195,195,0,0,0,0
15,76,7,656,656,656,656,0,0,0,0
15,78,3,198,198,198,198,0,0,0,0
15,79,14,1174,1174,1119,1119,55,55,0,0
15,80,20,11774,11774,1322,1322,10452,10452,0,0
15,81,31,4829,4829,4541,4541,288,288,0,0
15,82,32,4744,4744,3131,3131,1613,1613,0,0
15,83,12,2847,2847,2847,2847,0,0,0,0
15,84,7,612,612,612,612,0,0,0,0
15,85,4,363,363,363,363,0,0,0,0
15,86,17,2068,2068,1948,1948,119,119,0,0
15,87,3,623,623,623,623,0,0,0,0
15,88,37,9581,9581,2721,2721,6860,6860,0,0
15,89,29,10926,10926,2227,2227,8698,8698,0,0
15,90,25,6858,6858,2004,2004,4853,4853,0,0
15,91,2,1277,1277,1097,1097,180,180,0,0
15,92,9,13228,13228,1529,1529,11699,11699,0,0
15,93,38,11750,11750,4442,4442,7308,7308,0,0
15,94,45,14761,14761,3899,3899,10861,10861,0,0
15,95,49,19680,19680,2945,2945,16735,16735,0,0
15,96,29,12068,12068,2049,2049,10020,10020,0,0
15,97,18,21720,21720,1230,1230,20490,20490,0,0
15,99,47,7828,7828,6622,6622,1205,1205,0,0
15,100,36,11088,11088,6511,6511,2500,2500,0,0
15,101,8,1665,1665,919,919,746,746,0,0
15,102,2,30,30,0,0,30,30,0,0
15,104,17,7829,7829,6965,6965,864,864,0,0
15,105,10,2313,2313,2313,2313,0,0,0,0
15,106,29,10373,10373,9621,9621,753,753,0,0
15,107,47,14632,14632,3868,3868,10764,10764,0,0
15,108,48,7135,7135,6339,6339,753,753,0,0
15,109,9,2855,2855,2607,2607,0,0,248,248
15,110,16,7389,7389,6723,6723,1,1,664,664
15,111,37,8860,8860,8214,8214,0,0,646,646
15,112,48,9135,9135,7959,7959,433,433,743,743
15,113,44,8745,8745,7732,7732,946,946,67,67
15,114,9,2885,2885,2222,2222,0,0,662,662
15,115,15,5448,5448,4887,4887,561,561,0,0
15,118,5,3561,3561,1340,1340,2221,2221,0,0
15,119,19,3837,3837,3837,3837,0,0,0,0
15,120,50,8324,8324,6288,6288,2035,2035,0,0
15,121,39,9816,9816,9816,9816,0,0,0,0
15,122,19,5226,5226,4263,4263,963,963,0,0
15,123,11,2981,2981,2981,2981,0,0,0,0
15,124,47,6293,6293,5781,5781,512,512,0,0
15,125,38,5679,5679,5373,5373,306,306,0,0
15,126,36,4413,4413,3807,3807,606,606,0,0
15,127,20,2571,2571,2571,2571,0,0,0,0
15,57,2,70,70,70,70,0,0,0,0
15,58,5,1127,1127,1127,1127,0,0,0,0
15,71,1,134,134,134,134,0,0,0,0
15,74,5,676,676,676,676,0,0,0,0
15,116,2,681,681,681,681,0,0,0,0
15,117,6,2966,2966,2966,2966,0,0,0,0
16,3,4,2641,2641,116,116,2525,2525,0,0
16,7,10,2030,2030,607,607,1423,1423,0,0
16,8,4,1467,1467,304,304,1163,1163,0,0
16,15,6,1127,1127,806,806,320,320,0,0
16,46,1,12,12,12,12,0,0,0,0
16,49,2,595,595,593,593,2,2,0,0
16,55,5,844,844,539,539,305,305,0,0
16,71,1,190,190,190,190,0,0,0,0
16,76,10,1219,1219,954,954,265,265,0,0
16,80,3,7048,7048,1359,1359,5689,5689,0,0
16,81,23,4507,4507,4507,4507,0,0,0,0
16,82,3,472,472,472,472,0,0,0,0
16,83,6,1545,1545,1545,1545,0,0,0,0
16,84,27,2286,2286,2100,2100,186,186,0,0
16,85,26,1825,1825,1379,1379,446,446,0,0
16,86,10,1814,1814,1814,1814,0,0,0,0
16,87,8,4620,4620,3603,3603,1018,1018,2606,2606
16,88,30,20048,20048,3108,3108,16940,16940,0,0
16,89,32,14343,14343,2404,2404,11939,11939,0,0
16,90,14,6930,6930,1322,1322,5608,5608,0,0
16,92,37,19394,19394,3216,3216,16179,16179,0,0
16,93,54,20343,20343,4227,4227,16115,16115,0,0
16,94,45,18575,18575,4029,4029,14547,14547,0,0
16,95,56,17596,17596,4029,4029,13565,13565,0,0
16,96,59,12382,12382,7146,7146,5237,5237,0,0
16,97,9,10271,10271,1334,1334,8936,8936,0,0
16,98,4,19467,19467,24,24,19442,19442,0,0
16,99,13,17081,17081,2573,2573,14508,14508,0,0
16,100,76,12061,12061,10695,10695,1366,1366,0,0
16,101,7,1546,1546,1456,1456,90,90,0,0
16,103,4,1008,1008,0,0,1008,1008,0,0
16,104,18,12341,12341,300,300,12041,12041,0,0
16,105,14,5943,5943,5301,5301,643,643,0,0
16,106,24,3984,3984,3984,3984,0,0,0,0
16,107,32,4373,4373,4373,4373,0,0,0,0
16,108,18,3150,3150,2147,2147,0,0,1003,1003
16,109,15,5310,5310,4236,4236,509,509,565,565
16,110,33,11854,11854,10357,10357,1495,1495,1,1
16,111,52,13000,13000,12112,12112,310,310,578,578
16,112,33,7233,7233,5139,5139,0,0,2094,2094
16,113,38,11475,11475,10993,10993,482,482,0,0
16,114,18,9588,9588,8643,8643,0,0,945,945
16,115,22,6290,6290,6290,6290,0,0,0,0
16,116,26,9226,9226,9226,9226,0,0,0,0
16,117,20,9053,9053,7928,7928,1125,1125,0,0
16,118,21,3031,3031,1545,1545,1486,1486,0,0
16,119,55,10034,10034,10034,10034,0,0,0,0
16,120,44,10690,10690,10690,10690,0,0,0,0
16,121,34,9801,9801,9801,9801,0,0,0,0
16,122,15,9426,9426,8106,8106,1320,1320,0,0
16,123,10,3395,3395,1616,1616,1779,1779,0,0
16,124,27,4408,4408,2963,2963,1445,1445,0,0
16,125,7,992,992,992,992,0,0,0,0
16,126,2,410,410,410,410,0,0,0,0
16,2,2,4216,4216,269,269,3946,3946,0,0
16,58,1,111,111,106,106,5,5,0,0
16,64,1,18,18,18,18,0,0,0,0
16,65,5,831,831,831,831,0,0,0,0
16,66,1,75,75,75,75,0,0,0,0
16,72,1,132,132,132,132,0,0,0,0
16,73,2,287,287,287,287,0,0,0,0
16,74,1,846,846,0,0,846,846,0,0
16,77,1,442,442,32,32,410,410,0,0
16,91,4,2270,2270,541,541,1728,1728,0,0
17,3,2,7183,7183,0,0,7183,7183,0,0
17,5,2,1220,1220,198,198,1022,1022,0,0
17,51,2,285,285,6,6,280,280,0,0
17,52,5,992,992,589,589,405,405,0,0
17,58,7,2363,2363,1656,1656,707,707,0,0
17,66,10,2081,2081,2081,2081,0,0,0,0
17,67,15,1671,1671,1671,1671,0,0,0,0
17,72,3,295,295,295,295,0,0,0,0
17,73,2,223,223,223,223,0,0,0,0
17,74,5,487,487,254,254,233,233,0,0
17,75,7,1226,1226,1226,1226,0,0,0,0
17,76,4,406,406,406,406,0,0,0,0
17,81,8,7910,7910,1677,1677,6234,6234,0,0
17,85,10,1122,1122,1122,1122,0,0,0,0
17,87,14,6024,6024,1574,1574,4450,4450,0,0
17,88,21,11642,11642,3392,3392,8251,8251,0,0
17,89,24,5147,5147,3448,3448,1699,1699,0,0
17,90,42,10233,10233,7128,7128,3105,3105,0,0
17,91,43,12779,12779,5401,5401,7377,7377,0,0
17,92,64,18219,18219,4174,4174,14046,14046,0,0
17,93,59,16287,16287,4381,4381,11906,11906,0,0
17,94,32,24172,24172,2337,2337,21836,21836,0,0
17,95,19,16646,16646,1716,1716,14929,14929,0,0
17,96,14,10161,10161,1598,1598,8562,8562,0,0
17,97,12,16946,16946,3129,3129,13816,13816,0,0
17,98,15,12608,12608,1826,1826,10783,10783,0,0
17,99,23,13578,13578,1720,1720,11858,11858,0,0
17,100,94,19314,19314,10547,10547,8766,8766,0,0
17,101,17,2125,2125,1825,1825,299,299,0,0
17,102,6,6371,6371,381,381,5990,5990,0,0
17,103,3,495,495,0,0,495,495,0,0
17,104,8,11608,11608,339,339,11268,11268,0,0
17,105,10,3986,3986,2356,2356,1631,1631,0,0
17,107,21,5795,5795,1076,1076,3894,3894,825,825
17,108,29,12089,12089,4951,4951,6173,6173,883,883
17,109,50,16650,16650,8426,8426,5717,5717,2509,2509
17,110,38,10366,10366,5604,5604,1597,1597,3166,3166
17,111,98,18223,18223,17714,17714,411,411,0,0
17,112,54,9843,9843,9843,9843,0,0,0,0
17,113,12,2303,2303,1873,1873,0,0,430,430
17,114,2,1330,1330,316,316,876,876,137,137
17,115,13,1866,1866,1866,1866,0,0,0,0
17,116,18,5188,5188,5188,5188,0,0,0,0
17,117,18,3727,3727,893,893,2834,2834,0,0
17,118,28,10050,10050,582,582,9468,9468,0,0
17,119,42,9542,9542,6529,6529,3013,3013,0,0
17,120,54,8534,8534,7794,7794,741,741,0,0
17,121,39,10170,10170,10170,10170,0,0,0,0
17,122,20,6301,6301,4881,4881,1422,1422,0,0
17,123,2,1313,1313,15,15,1298,1298,0,0
17,125,24,5997,5997,2067,2067,3930,3930,0,0
17,126,11,2661,2661,1121,1121,1540,1540,0,0
17,2,1,955,955,0,0,955,955,0,0
17,15,1,844,844,844,844,0,0,0,0
17,18,3,568,568,218,218,350,350,0,0
17,27,1,885,885,430,430,455,455,0,0
17,28,4,1277,1277,900,900,376,376,0,0
17,36,1,1211,1211,0,0,1211,1211,0,0
17,37,9,1919,1919,1254,1254,664,664,0,0
17,38,1,2131,2131,0,0,2131,2131,0,0
17,55,3,487,487,353,353,45,45,0,0
17,62,1,180,180,125,125,18,18,0,0
17,65,4,624,624,624,624,0,0,0,0
17,68,1,43,43,43,43,0,0,0,0
17,69,1,210,210,210,210,0,0,0,0
17,77,1,365,365,365,365,0,0,0,0
17,80,1,247,247,247,247,0,0,0,0
17,82,5,1465,1465,1465,1465,0,0,0,0
17,83,3,3616,3616,3616,3616,0,0,0,0
17,84,2,162,162,162,162,0,0,0,0
17,106,1,521,521,0,0,0,0,521,521
17,124,1,92,92,92,92,0,0,0,0
17,127,3,212,212,212,212,0,0,0,0
18,3,3,3298,3298,288,288,2433,2433,0,0
18,18,4,819,819,576,576,242,242,0,0
18,21,12,3094,3094,1128,1128,1966,1966,0,0
18,27,4,3897,3897,305,305,3593,3593,0,0
18,31,1,61,61,15,15,15,15,0,0
18,36,5,1168,1168,565,565,467,467,0,0
18,37,13,3234,3234,2996,2996,15,15,193,193
18,42,2,726,726,94,94,632,632,0,0
18,43,4,7128,7128,121,121,7007,7007,0,0
18,58,7,2500,2500,295,295,2204,2204,0,0
18,59,2,2922,2922,290,290,2632,2632,0,0
18,62,4,780,780,780,780,0,0,0,0
18,63,9,1368,1368,1368,1368,0,0,0,0
18,64,4,997,997,997,997,0,0,0,0
18,65,10,3235,3235,3133,3133,104,104,0,0
18,68,5,417,417,417,417,0,0,0,0
18,70,8,1080,1080,1080,1080,0,0,0,0
18,75,3,933,933,933,933,0,0,0,0
18,76,6,899,899,899,899,0,0,0,0
18,77,6,1789,1789,1255,1255,534,534,0,0
18,82,12,12033,12033,4265,4265,7768,7768,0,0
18,83,8,17435,17435,4910,4910,12525,12525,0,0
18,84,17,2484,2484,1491,1491,993,993,0,0
18,87,16,16767,16767,2835,2835,13932,13932,0,0
18,88,35,11342,11342,2478,2478,8864,8864,0,0
18,89,23,12534,12534,3295,3295,9239,9239,0,0
18,90,52,9510,9510,6535,6535,2974,2974,0,0
18,91,127,12316,12316,11906,11906,390,390,0,0
18,92,91,10992,10992,10986,10986,2,2,0,0
18,93,104,11231,11231,10705,10705,526,526,0,0
18,94,60,18591,18591,6909,6909,11681,11681,0,0
18,95,32,11616,11616,3801,3801,7816,7816,0,0
18,96,17,2797,2797,2464,2464,333,333,0,0
18,97,6,5361,5361,1485,1485,3876,3876,0,0
18,98,11,7663,7663,2140,2140,5523,5523,0,0
18,99,25,16781,16781,9316,9316,7462,7462,0,0
18,100,22,15560,15560,1685,1685,13875,13875,0,0
18,101,18,9427,9427,1931,1931,7495,7495,0,0
18,102,10,9549,9549,233,233,9316,9316,0,0
18,103,10,3543,3543,847,847,2696,2696,0,0
18,104,6,2797,2797,686,686,2112,2112,0,0
18,105,4,694,694,694,694,0,0,0,0
18,106,12,3195,3195,2329,2329,0,0,866,866
18,107,30,14491,14491,7500,7500,6991,6991,0,0
18,108,54,15837,15837,7951,7951,7885,7885,0,0
18,109,66,13795,13795,10992,10992,2803,2803,0,0
18,110,46,16575,16575,13272,13272,3304,3304,0,0
18,111,23,5878,5878,5878,5878,0,0,0,0
18,112,26,7751,7751,7751,7751,0,0,0,0
18,113,47,11709,11709,11709,11709,0,0,0,0
18,114,26,7766,7766,6775,6775,992,992,0,0
18,115,45,8776,8776,8776,8776,0,0,0,0
18,116,19,6649,6649,6649,6649,0,0,0,0
18,117,24,13393,13393,364,364,13029,13029,0,0
18,118,34,10400,10400,2557,2557,7842,7842,0,0
18,119,56,11496,11496,11496,11496,0,0,0,0
18,120,76,11141,11141,11141,11141,0,0,0,0
18,121,66,9652,9652,9407,9407,245,245,0,0
18,122,23,3657,3657,3557,3557,100,100,0,0
18,124,1,162,162,162,162,0,0,0,0
18,125,15,3509,3509,1572,1572,1573,1573,0,0
18,126,54,14587,14587,3776,3776,10810,10810,0,0
18,127,5,433,433,433,433,0,0,0,0
18,4,3,1756,1756,0,0,1756,1756,0,0
18,8,5,809,809,478,478,331,331,0,0
18,14,2,595,595,595,595,0,0,0,0
18,15,6,1933,1933,1933,1933,0,0,0,0
18,16,1,1292,1292,289,289,1003,1003,0,0
18,19,1,228,228,228,228,0,0,0,0
18,22,3,821,821,200,200,620,620,0,0
18,26,3,485,485,310,310,174,174,0,0
18,29,1,223,223,136,136,29,29,0,0
18,38,1,208,208,166,166,43,43,0,0
18,46,1,5,5,5,5,0,0,0,0
18,51,5,816,816,816,816,0,0,0,0
18,56,3,527,527,507,507,7,7,0,0
18,60,4,1225,1225,667,667,559,559,0,0
18,69,6,1663,1663,1082,1082,581,581,0,0
18,71,7,643,643,643,643,0,0,0,0
18,85,7,1214,1214,847,847,367,367,0,0
18,86,3,1136,1136,339,339,797,797,0,0
19,3,1,405,405,0,0,405,405,0,0
19,4,2,595,595,402,402,193,193,0,0
19,12,2,5296,5296,90,90,5206,5206,0,0
19,14,3,1106,1106,1106,1106,0,0,0,0
19,15,8,2720,2720,2720,2720,0,0,0,0
19,16,4,806,806,625,625,181,181,0,0
19,18,5,3505,3505,22,22,3483,3483,0,0
19,19,7,2076,2076,647,647,1429,1429,0,0
19,22,8,1744,1744,873,873,871,871,0,0
19,29,3,294,294,294,294,0,0,0,0
19,37,4,2367,2367,1839,1839,528,528,0,0
19,38,3,1318,1318,235,235,1082,1082,0,0
19,55,2,1214,1214,0,0,1214,1214,0,0
19,56,5,948,948,948,948,0,0,0,0
19,64,2,1188,1188,466,466,722,722,0,0
19,65,1,799,799,86,86,713,713,0,0
19,71,1,317,317,82,82,78,78,0,0
19,72,12,887,887,887,887,0,0,0,0
19,73,2,322,322,322,322,0,0,0,0
19,74,19,3268,3268,3268,3268,0,0,0,0
19,75,74,6993,6993,6993,6993,0,0,0,0
19,76,32,2987,2987,2987,2987,0,0,0,0
19,77,28,3441,3441,3441,3441,0,0,0,0
19,80,18,1468,1468,1468,1468,0,0,0,0
19,84,13,12568,12568,2614,2614,9955,9955,0,0
19,85,3,6042,6042,115,115,5927,5927,0,0
19,87,17,8655,8655,2000,2000,6655,6655,0,0
19,88,31,16824,16824,3187,3187,13639,13639,0,0
19,89,6,4812,4812,3195,3195,1617,1617,0,0
19,90,9,3276,3276,1953,1953,1323,1323,0,0
19,91,99,9920,9920,9782,9782,138,138,0,0
19,92,84,11780,11780,11292,11292,487,487,0,0
19,93,101,12118,12118,11214,11214,72,72,830,830
19,94,78,12758,12758,10097,10097,2604,2604,0,0
19,95,43,10767,10767,9927,9927,840,840,0,0
19,96,66,12386,12386,12344,12344,14,14,0,0
19,97,32,7560,7560,6396,6396,1165,1165,0,0
19,98,25,12033,12033,7077,7077,3783,3783,1173,1173
19,99,42,17067,17067,11201,11201,2820,2820,0,0
19,100,35,18421,18421,4034,4034,14388,14388,0,0
19,101,24,13820,13820,166,166,13655,13655,0,0
19,102,10,3525,3525,590,590,2935,2935,0,0
19,103,18,7639,7639,2865,2865,4776,4776,0,0
19,104,21,5903,5903,3688,3688,2214,2214,0,0
19,106,20,9947,9947,7869,7869,1825,1825,253,253
19,107,45,15601,15601,15601,15601,0,0,0,0
19,108,59,21076,21076,21076,21076,0,0,0,0
19,109,103,20124,20124,20056,20056,68,68,0,0
19,110,59,12010,12010,12010,12010,0,0,0,0
19,112,17,11913,11913,11913,11913,0,0,0,0
19,113,63,11309,11309,11309,11309,0,0,0,0
19,114,49,10868,10868,8596,8596,1681,1681,591,591
19,115,67,11272,11272,11272,11272,0,0,0,0
19,116,19,12050,12050,12050,12050,0,0,0,0
19,117,45,11442,11442,8737,8737,2704,2704,0,0
19,118,47,11540,11540,10323,10323,1217,1217,0,0
19,119,36,5302,5302,5302,5302,0,0,0,0
19,120,50,6673,6673,5770,5770,902,902,0,0
19,121,42,6653,6653,5315,5315,1338,1338,0,0
19,122,4,2214,2214,1681,1681,533,533,0,0
19,124,10,3138,3138,3138,3138,0,0,0,0
19,125,22,5133,5133,5133,5133,0,0,0,0
19,126,38,8714,8714,8267,8267,149,149,0,0
19,127,48,5357,5357,5126,5126,232,232,0,0
19,11,1,1196,1196,0,0,1196,1196,0,0
19,13,5,9514,9514,212,212,9302,9302,0,0
19,21,1,274,274,95,95,179,179,0,0
19,25,2,174,174,170,170,3,3,0,0
19,26,3,370,370,370,370,0,0,0,0
19,45,2,922,922,295,295,627,627,0,0
19,49,3,331,331,331,331,0,0,0,0
19,78,10,1742,1742,1742,1742,0,0,0,0
19,79,1,34,34,34,34,0,0,0,0
19,82,6,4460,4460,1661,1661,2798,2798,0,0
19,83,1,2017,2017,26,26,1991,1991,0,0
19,86,1,2872,2872,0,0,2872,2872,0,0
19,105,6,1007,1007,884,884,0,0,123,123
19,111,11,1642,1642,1642,1642,0,0,0,0
20,0,2,3169,3169,0,0,3169,3169,0,0
20,1,9,4034,4034,980,980,3054,3054,0,0
20,9,3,454,454,454,454,0,0,0,0
20,11,7,1351,1351,541,541,810,810,0,0
20,12,1,527,527,42,42,484,484,0,0
20,21,5,1077,1077,562,562,514,514,0,0
20,44,1,21,21,21,21,0,0,0,0
20,49,16,3374,3374,3374,3374,0,0,0,0
20,51,1,2106,2106,0,0,2106,2106,0,0
20,57,8,7390,7390,1111,1111,6279,6279,0,0
20,58,14,2095,2095,1525,1525,570,570,0,0
20,59,1,197,197,197,197,0,0,0,0
20,70,7,998,998,998,998,0,0,0,0
20,72,8,1438,1438,1438,1438,0,0,0,0
20,73,1,10,10,10,10,0,0,0,0
20,74,10,1265,1265,1265,1265,0,0,0,0
20,75,49,7166,7166,7166,7166,0,0,0,0
20,76,25,2797,2797,2465,2465,333,333,0,0
20,77,24,2741,2741,2318,2318,423,423,0,0
20,78,4,486,486,486,486,0,0,0,0
20,79,9,400,400,400,400,0,0,0,0
20,80,22,1986,1986,1986,1986,0,0,0,0
20,81,19,1200,1200,1105,1105,95,95,0,0
20,82,8,8464,8464,1083,1083,7381,7381,0,0
20,83,6,6654,6654,262,262,6392,6392,0,0
20,84,9,816,816,638,638,178,178,0,0
20,86,9,15066,15066,1418,1418,13649,13649,0,0
20,87,6,3097,3097,842,842,2255,2255,0,0
20,88,25,6676,6676,798,798,5877,5877,0,0
20,89,39,7798,7798,4417,4417,3381,3381,0,0
20,90,13,6096,6096,6096,6096,0,0,0,0
20,91,8,4355,4355,4355,4355,0,0,0,0
20,92,29,8513,8513,8066,8066,447,447,0,0
20,93,42,9465,9465,8936,8936,440,440,0,0
20,94,88,10982,10982,6850,6850,4131,4131,0,0
20,95,74,10974,10974,10135,10135,838,838,0,0
20,96,72,9989,9989,9377,9377,611,611,0,0
20,97,69,12221,12221,11087,11087,1134,1134,0,0
20,98,45,10774,10774,9434,9434,1332,1332,0,0
20,99,30,6026,6026,6026,6026,0,0,0,0
20,101,29,14445,14445,3783,3783,10661,10661,0,0
20,102,9,14556,14556,427,427,14129,14129,0,0
20,103,16,14420,14420,1712,1712,12708,12708,0,0
20,104,15,4093,4093,1117,1117,2975,2975,0,0
20,105,15,3057,3057,2076,2076,0,0,981,981
20,106,33,13237,13237,12069,12069,269,269,816,816
20,107,42,14266,14266,12902,12902,1324,1324,0,0
20,108,54,15060,15060,14958,14958,101,101,0,0
20,109,73,21764,21764,20445,20445,1320,1320,0,0
20,110,56,17627,17627,17627,17627,0,0,0,0
20,111,21,6417,6417,5183,5183,1234,1234,0,0
20,112,31,12516,12516,12168,12168,349,349,0,0
20,113,45,14403,14403,14403,14403,0,0,0,0
20,114,47,13296,13296,12754,12754,542,542,0,0
20,115,61,10156,10156,9845,9845,311,311,0,0
20,116,54,11723,11723,11723,11723,0,0,0,0
20,117,64,10303,10303,9909,9909,394,394,0,0
20,118,35,4130,4130,4130,4130,0,0,0,0
20,119,25,4064,4064,4064,4064,0,0,0,0
20,120,7,959,959,959,959,0,0,0,0
20,121,19,2499,2499,2499,2499,0,0,0,0
20,122,7,649,649,615,615,11,11,0,0
20,123,10,1176,1176,1176,1176,0,0,0,0
20,124,13,1966,1966,1966,1966,0,0,0,0
20,125,35,5127,5127,4238,4238,0,0,888,888
20,126,72,6413,6413,6128,6128,284,284,0,0
20,127,66,8357,8357,7221,7221,1136,1136,0,0
20,2,6,8210,8210,0,0,8210,8210,0,0
20,13,3,1410,1410,178,178,1232,1232,0,0
20,25,1,697,697,104,104,593,593,0,0
20,50,1,3347,3347,0,0,3347,3347,0,0
20,54,4,1188,1188,92,92,1096,1096,0,0
20,62,1,71,71,71,71,0,0,0,0
20,66,1,736,736,736,736,0,0,0,0
20,85,7,1849,1849,727,727,1121,1121,0,0
20,100,14,1665,1665,1002,1002,663,663,0,0
21,1,2,449,449,136,136,313,313,0,0
21,10,1,552,552,552,552,0,0,0,0
21,12,3,1763,1763,53,53,1711,1711,0,0
21,13,9,2498,2498,1035,1035,1463,1463,0,0
21,14,4,2253,2253,265,265,1988,1988,0,0
21,25,7,4869,4869,1221,1221,3646,3646,0,0
21,26,3,3151,3151,195,195,2956,2956,0,0
21,40,1,3466,3466,0,0,3466,3466,0,0
21,45,8,623,623,623,623,0,0,0,0
21,49,6,3666,3666,1385,1385,2281,2281,0,0
21,50,4,19734,19734,243,243,19491,19491,0,0
21,55,10,1809,1809,1315,1315,495,495,0,0
21,56,14,3232,3232,1482,1482,1750,1750,0,0
21,57,20,13859,13859,1279,1279,12579,12579,0,0
21,58,15,6133,6133,1901,1901,4234,4234,0,0
21,66,5,920,920,920,920,0,0,0,0
21,71,17,1266,1266,1266,1266,0,0,0,0
21,72,8,666,666,666,666,0,0,0,0
21,73,4,502,502,502,502,0,0,0,0
21,76,10,2555,2555,2555,2555,0,0,0,0
21,77,36,5000,5000,5000,5000,0,0,0,0
21,78,13,1363,1363,1363,1363,0,0,0,0
21,80,6,699,699,699,699,0,0,0,0
21,81,13,1325,1325,1325,1325,0,0,0,0
21,83,11,1248,1248,1248,1248,0,0,0,0
21,84,1,28,28,28,28,0,0,0,0
21,89,26,5815,5815,3694,3694,2120,2120,0,0
21,90,15,6343,6343,2452,2452,3600,3600,291,291
21,91,20,5627,5627,935,935,4692,4692,0,0
21,92,4,1855,1855,315,315,1540,1540,0,0
21,93,2,1393,1393,50,50,1343,1343,0,0
21,94,26,7211,7211,3895,3895,3317,3317,0,0
21,95,74,10420,10420,10273,10273,147,147,0,0
21,96,64,10530,10530,10060,10060,472,472,0,0
21,97,71,11704,11704,11150,11150,554,554,0,0
21,98,40,6272,6272,5664,5664,283,283,0,0
21,99,9,3252,3252,1922,1922,1329,1329,0,0
21,100,20,4378,4378,2036,2036,2342,2342,0,0
21,101,47,12857,12857,2768,2768,10089,10089,0,0
21,102,41,20617,20617,4956,4956,15660,15660,0,0
21,103,11,6364,6364,552,552,5812,5812,0,0
21,104,17,2150,2150,1705,1705,445,445,0,0
21,105,21,3066,3066,2188,2188,0,0,877,877
21,106,25,8662,8662,7309,7309,1353,1353,0,0
21,107,14,13869,13869,5751,5751,8070,8070,49,49
21,108,32,16303,16303,15677,15677,184,184,441,441
21,109,42,17013,17013,16186,16186,245,245,93,93
21,110,77,21587,21587,21587,21587,0,0,0,0
21,111,52,19052,19052,17823,17823,0,0,1229,1229
21,112,19,5727,5727,5727,5727,0,0,0,0
21,113,25,8720,8720,8720,8720,0,0,0,0
21,114,64,14344,14344,14344,14344,0,0,0,0
21,115,64,10807,10807,10807,10807,0,0,0,0
21,116,59,11130,11130,11130,11130,0,0,0,0
21,117,23,4191,4191,4191,4191,0,0,0,0
21,118,11,3675,3675,3675,3675,0,0,0,0
21,121,10,932,932,932,932,0,0,0,0
21,123,10,672,672,672,672,0,0,0,0
21,124,4,360,360,360,360,0,0,0,0
21,126,1,256,256,256,256,0,0,0,0
21,127,28,1852,1852,1852,1852,0,0,0,0
21,5,2,633,633,266,266,366,366,0,0
21,19,1,630,630,117,117,513,513,0,0
21,23,2,3038,3038,0,0,3038,3038,0,0
21,46,1,92,92,47,47,45,45,0,0
21,54,7,1641,1641,658,658,983,983,0,0
21,59,7,2485,2485,335,335,2150,2150,0,0
21,62,1,1422,1422,1422,1422,0,0,0,0
21,69,4,396,396,396,396,0,0,0,0
21,70,3,279,279,279,279,0,0,0,0
21,74,4,687,687,687,687,0,0,0,0
21,75,1,7,7,7,7,0,0,0,0
21,85,4,213,213,213,213,0,0,0,0
21,86,12,2536,2536,1649,1649,888,888,0,0
21,88,6,2341,2341,1813,1813,176,176,0,0
21,119,10,1350,1350,1350,1350,0,0,0,0
21,120,1,334,334,334,334,0,0,0,0
21,125,4,633,633,633,633,0,0,0,0
22,1,8,2055,2055,853,853,1201,1201,0,0
22,2,7,3152,3152,690,690,2371,2371,90,90
22,4,5,2814,2814,269,269,2545,2545,0,0
22,5,3,1586,1586,385,385,1201,1201,0,0
22,18,4,2476,2476,0,0,2476,2476,0,0
22,19,8,3997,3997,1933,1933,1997,1997,67,67
22,23,2,2163,2163,170,170,1993,1993,0,0
22,43,9,2783,2783,689,689,2094,2094,0,0
22,46,7,772,772,526,526,245,245,0,0
22,49,4,421,421,420,420,1,1,0,0
22,50,1,1074,1074,0,0,1074,1074,0,0
22,54,5,906,906,906,906,0,0,0,0
22,55,36,5246,5246,5246,5246,0,0,0,0
22,56,4,813,813,380,380,433,433,0,0
22,57,7,5645,5645,274,274,5372,5372,0,0
22,58,11,10666,10666,478,478,10188,10188,0,0
22,63,14,1657,1657,1657,1657,0,0,0,0
22,65,5,2305,2305,878,878,1427,1427,0,0
22,68,28,4360,4360,4256,4256,33,33,70,70
22,69,14,3322,3322,3322,3322,0,0,0,0
22,71,2,457,457,457,457,0,0,0,0
22,74,8,1181,1181,1181,1181,0,0,0,0
22,75,25,2503,2503,2503,2503,0,0,0,0
22,76,14,2339,2339,2339,2339,0,0,0,0
22,77,17,2041,2041,2041,2041,0,0,0,0
22,78,103,10428,10428,10428,10428,0,0,0,0
22,79,29,3313,3313,3313,3313,0,0,0,0
22,80,30,3948,3948,3948,3948,0,0,0,0
22,81,25,5441,5441,2834,2834,2606,2606,0,0
22,82,23,3370,3370,3370,3370,0,0,0,0
22,83,7,1552,1552,835,835,717,717,0,0
22,84,6,649,649,649,649,0,0,0,0
22,85,11,2972,2972,2972,2972,0,0,0,0
22,86,8,4173,4173,4071,4071,102,102,0,0
22,87,12,3372,3372,1877,1877,1495,1495,0,0
22,88,11,688,688,623,623,22,22,0,0
22,89,12,3536,3536,852,852,2684,2684,0,0
22,90,31,20387,20387,0,0,20387,20387,0,0
22,91,12,1911,1911,988,988,923,923,0,0
22,92,43,4665,4665,4611,4611,54,54,0,0
22,93,16,4823,4823,2862,2862,1960,1960,0,0
22,94,53,9611,9611,6352,6352,1676,1676,1583,1583
22,95,110,11453,11453,10705,10705,748,748,0,0
22,96,60,11789,11789,5982,5982,5807,5807,0,0
22,97,41,5940,5940,5940,5940,0,0,0,0
22,99,8,10815,10815,300,300,10516,10516,0,0
22,100,2,1807,1807,0,0,1807,1807,0,0
22,101,14,2074,2074,605,605,1469,1469,0,0
22,102,28,8345,8345,2764,2764,5581,5581,0,0
22,103,21,4950,4950,2780,2780,2169,2169,0,0
22,104,45,5626,5626,4630,4630,996,996,0,0
22,105,7,4227,4227,3665,3665,30,30,531,531
22,106,8,8326,8326,8326,8326,0,0,0,0
22,107,17,10775,10775,4387,4387,5291,5291,1097,1097
22,108,35,18782,18782,16765,16765,1449,1449,568,568
22,109,31,15360,15360,10872,10872,3673,3673,743,743
22,110,32,16735,16735,9359,9359,6241,6241,7360,7360
22,111,122,26715,26715,26715,26715,0,0,0,0
22,112,103,24108,24108,23416,23416,692,692,0,0
22,113,82,20250,20250,19112,19112,1138,1138,0,0
22,114,36,8574,8574,8574,8574,0,0,0,0
22,115,14,3320,3320,2555,2555,0,0,1330,1330
22,116,45,7044,7044,6726,6726,0,0,318,318
22,117,22,4033,4033,3077,3077,955,955,0,0
22,118,6,1383,1383,625,625,0,0,758,758
22,119,8,2817,2817,2739,2739,0,0,78,78
22,120,12,1691,1691,1691,1691,0,0,0,0
22,122,9,1947,1947,1947,1947,0,0,0,0
22,123,9,803,803,803,803,0,0,0,0
22,124,4,242,242,242,242,0,0,0,0
22,125,11,1514,1514,1509,1509,2,2,0,0
22,22,2,747,747,284,284,463,463,0,0
22,60,6,2574,2574,686,686,1888,1888,0,0
22,66,1,318,318,318,318,0,0,0,0
22,67,1,140,140,96,96,43,43,0,0
22,121,8,986,986,986,986,0,0,0,0
22,126,1,168,168,168,168,0,0,0,0
22,127,2,330,330,330,330,0,0,0,0
23,0,8,2588,2588,753,753,1835,1835,0,0
23,4,2,3024,3024,0,0,3024,3024,0,0
23,5,3,3256,3256,0,0,3256,3256,0,0
23,19,14,4016,4016,2634,2634,1381,1381,0,0
23,20,11,946,946,729,729,216,216,0,0
23,21,7,3189,3189,520,520,2668,2668,0,0
23,22,1,1191,1191,31,31,1160,1160,0,0
23,37,5,669,669,669,669,0,0,0,0
23,40,16,3757,3757,1446,1446,2311,2311,0,0
23,49,3,432,432,432,432,0,0,0,0
23,50,8,824,824,824,824,0,0,0,0
23,55,26,5535,5535,4692,4692,843,843,0,0
23,60,28,9948,9948,1965,1965,7981,7981,0,0
23,61,7,6491,6491,296,296,6195,6195,0,0
23,63,6,810,810,810,810,0,0,0,0
23,64,15,2150,2150,1449,1449,688,688,0,0
23,65,1,752,752,28,28,724,724,0,0
23,66,5,2295,2295,632,632,1662,1662,0,0
23,68,18,3244,3244,1913,1913,1205,1205,0,0
23,69,87,12104,12104,12104,12104,0,0,0,0
23,70,45,6371,6371,6371,6371,0,0,0,0
23,71,2,125,125,125,125,0,0,0,0
23,75,3,1278,1278,1278,1278,0,0,0,0
23,76,28,4788,4788,4788,4788,0,0,0,0
23,77,33,5933,5933,5933,5933,0,0,0,0
23,78,137,13078,13078,13078,13078,0,0,0,0
23,79,86,11535,11535,9841,9841,562,562,1132,1132
23,80,56,5726,5726,5726,5726,0,0,0,0
23,81,56,8974,8974,8332,8332,642,642,0,0
23,82,16,2864,2864,2864,2864,0,0,0,0
23,85,6,794,794,694,694,33,33,0,0
23,86,4,735,735,735,735,0,0,0,0
23,87,9,556,556,556,556,0,0,0,0
23,89,6,3723,3723,3723,3723,0,0,0,0
23,90,16,7267,7267,113,113,7154,7154,0,0
23,91,12,2742,2742,2329,2329,413,413,0,0
23,92,60,8621,8621,8621,8621,0,0,0,0
23,93,49,6848,6848,6848,6848,0,0,0,0
23,94,66,9312,9312,9312,9312,0,0,0,0
23,95,84,13676,13676,9785,9785,3805,3805,0,0
23,96,64,11656,11656,8214,8214,2978,2978,0,0
23,97,7,1536,1536,1536,1536,0,0,0,0
23,99,9,1196,1196,516,516,680,680,0,0
23,100,16,4543,4543,1137,1137,3406,3406,0,0
23,101,2,197,197,197,197,0,0,0,0
23,103,23,6208,6208,2030,2030,4179,4179,0,0
23,104,11,4173,4173,1120,1120,2934,2934,118,118
23,105,39,4829,4829,4510,4510,91,91,228,228
23,106,48,11010,11010,11010,11010,0,0,0,0
23,107,37,12318,12318,10037,10037,2281,2281,0,0
23,108,51,15463,15463,14797,14797,0,0,667,667
23,109,71,21500,21500,20108,20108,1243,1243,150,150
23,110,76,23810,23810,21838,21838,978,978,994,994
23,111,105,25417,25417,25417,25417,0,0,0,0
23,112,106,23317,23317,22708,22708,0,0,610,610
23,113,117,26711,26711,26711,26711,0,0,0,0
23,114,120,22573,22573,20338,20338,0,0,2236,2236
23,115,24,7152,7152,4716,4716,0,0,2436,2436
23,116,41,8446,8446,6052,6052,1716,1716,677,677
23,117,37,5835,5835,5243,5243,591,591,0,0
23,118,11,1300,1300,1300,1300,0,0,0,0
23,119,12,1493,1493,1493,1493,0,0,0,0
23,120,6,628,628,628,628,0,0,0,0
23,121,20,1162,1162,1162,1162,0,0,0,0
23,122,10,2932,2932,2932,2932,0,0,0,0
23,123,12,1296,1296,1296,1296,0,0,0,0
23,124,16,1919,1919,1092,1092,529,529,298,298
23,125,11,881,881,881,881,0,0,0,0
23,10,1,1039,1039,0,0,1039,1039,0,0
23,24,20,3746,3746,2413,2413,1333,1333,0,0
23,26,1,24,24,24,24,0,0,0,0
23,41,3,1357,1357,373,373,984,984,0,0
23,62,5,595,595,595,595,0,0,0,0
23,67,4,1136,1136,1136,1136,0,0,0,0
23,83,6,1088,1088,961,961,127,127,0,0
23,84,1,85,85,29,29,56,56,0,0
23,88,4,398,398,398,398,0,0,0,0
23,102,15,3342,3342,2035,2035,1307,1307,0,0
23,126,3,371,371,371,371,0,0,0,0
23,127,11,1000,1000,1000,1000,0,0,0,0
24,0,1,996,996,80,80,916,916,0,0
24,5,10,6480,6480,969,969,5511,5511,0,0
24,10,7,2655,2655,1020,1020,1580,1580,55,55
24,19,18,4117,4117,3073,3073,1043,1043,0,0
24,20,1,225,225,27,27,198,198,0,0
24,23,8,1134,1134,1134,1134,0,0,0,0
24,24,14,2246,2246,2246,2246,0,0,0,0
24,26,2,397,397,397,397,0,0,0,0
24,41,1,1404,1404,63,63,1213,1213,0,0
24,52,7,3332,3332,1092,1092,2240,2240,0,0
24,53,12,4794,4794,1528,1528,3266,3266,0,0
24,55,44,9143,9143,8498,8498,644,644,0,0
24,56,29,5915,5915,5799,5799,72,72,0,0
24,58,31,5725,5725,5683,5683,41,41,0,0
24,59,35,5525,5525,5525,5525,0,0,0,0
24,60,14,2238,2238,2238,2238,0,0,0,0
24,61,6,1565,1565,1565,1565,0,0,0,0
24,62,1,65,65,64,64,2,2,0,0
24,66,2,541,541,541,541,0,0,0,0
24,68,2,239,239,239,239,0,0,0,0
24,69,30,5190,5190,4820,4820,123,123,0,0
24,70,44,5563,5563,5350,5350,213,213,0,0
24,71,20,1467,1467,1467,1467,0,0,0,0
24,72,22,5073,5073,4505,4505,568,568,0,0
24,74,16,1947,1947,1947,1947,0,0,0,0
24,75,8,1241,1241,1241,1241,0,0,0,0
24,76,21,4491,4491,4491,4491,0,0,0,0
24,77,31,4506,4506,4506,4506,0,0,0,0
24,78,85,9456,9456,9456,9456,0,0,0,0
24,79,87,10243,10243,10243,10243,0,0,0,0
24,80,28,4484,4484,4484,4484,0,0,0,0
24,81,19,2709,2709,2709,2709,0,0,0,0
24,82,37,4551,4551,4551,4551,0,0,0,0
24,83,26,2583,2583,2360,2360,223,223,0,0
24,90,7,2474,2474,2474,2474,0,0,0,0
24,91,25,7584,7584,6695,6695,889,889,0,0
24,92,85,9398,9398,8951,8951,447,447,0,0
24,93,67,9359,9359,9359,9359,0,0,0,0
24,94,45,8793,8793,5662,5662,3131,3131,0,0
24,95,16,5413,5413,2557,2557,2856,2856,0,0
24,96,11,5466,5466,1252,1252,4215,4215,0,0
24,99,5,510,510,0,0,510,510,0,0
24,102,11,2165,2165,887,887,1278,1278,0,0
24,103,15,13345,13345,436,436,12909,12909,0,0
24,104,28,15659,15659,1153,1153,14506,14506,0,0
24,105,16,13392,13392,1300,1300,12092,12092,0,0
24,107,15,7525,7525,6932,6932,594,594,0,0
24,108,53,12940,12940,11327,11327,1243,1243,370,370
24,109,128,23250,23250,23250,23250,0,0,0,0
24,110,117,22457,22457,22457,22457,0,0,0,0
24,111,156,25214,25214,25214,25214,0,0,0,0
24,112,95,20319,20319,20319,20319,0,0,0,0
24,113,122,24844,24844,19597,19597,2020,2020,3229,3229
24,114,94,18590,18590,16054,16054,2310,2310,227,227
24,115,45,6619,6619,5524,5524,1095,1095,0,0
24,116,59,12528,12528,8188,8188,3540,3540,799,799
24,117,81,11923,11923,11923,11923,0,0,0,0
24,118,61,10029,10029,8310,8310,1718,1718,0,0
24,119,44,5144,5144,5144,5144,0,0,0,0
24,120,21,2664,2664,2664,2664,0,0,0,0
24,121,8,731,731,731,731,0,0,0,0
24,122,7,619,619,619,619,0,0,0,0
24,123,6,442,442,442,442,0,0,0,0
24,124,8,641,641,641,641,0,0,0,0
24,125,8,520,520,520,520,0,0,0,0
24,126,7,1069,1069,355,355,714,714,0,0
24,127,10,3803,3803,63,63,3740,3740,0,0
24,3,5,496,496,380,380,116,116,0,0
24,4,7,1635,1635,677,677,959,959,0,0
24,6,2,1958,1958,20,20,1938,1938,0,0
24,17,4,1416,1416,1416,1416,0,0,0,0
24,18,2,2124,2124,198,198,1552,1552,0,0
24,22,1,813,813,317,317,497,497,0,0
24,25,2,358,358,358,358,0,0,0,0
24,29,1,103,103,26,26,26,26,0,0
24,46,1,299,299,145,145,154,154,0,0
24,54,13,3132,3132,3132,3132,0,0,0,0
24,57,22,3777,3777,3296,3296,480,480,0,0
24,67,1,867,867,18,18,849,849,0,0
24,73,1,237,237,237,237,0,0,0,0
24,84,1,14,14,14,14,0,0,0,0
24,85,3,154,154,154,154,0,0,0,0
24,88,5,946,946,438,438,508,508,0,0
24,97,1,96,96,24,24,24,24,0,0
24,98,5,327,327,273,273,54,54,0,0
24,101,1,29,29,29,29,0,0,0,0
24,106,11,7484,7484,5324,5324,2160,2160,0,0
25,4,2,1846,1846,14,14,1831,1831,0,0
25,5,5,2183,2183,183,183,1999,1999,0,0
25,17,8,2101,2101,708,708,1218,1218,175,175
25,18,27,6835,6835,2528,2528,4307,4307,0,0
25,19,44,9640,9640,7213,7213,2415,2415,0,0
25,20,31,6908,6908,3968,3968,2941,2941,0,0
25,21,59,6653,6653,6164,6164,163,163,0,0
25,22,71,8523,8523,7740,7740,682,682,0,0
25,23,37,3808,3808,2937,2937,631,631,240,240
25,24,20,2655,2655,2655,2655,0,0,0,0
25,25,26,5411,5411,3908,3908,1503,1503,0,0
25,26,13,1335,1335,1194,1194,140,140,0,0
25,39,2,283,283,19,19,264,264,0,0
25,40,2,193,193,48,48,48,48,0,0
25,47,4,3999,3999,441,441,3557,3557,0,0
25,50,6,1268,1268,335,335,933,933,0,0
25,53,38,5662,5662,5425,5425,236,236,0,0
25,54,77,10221,10221,10107,10107,114,114,0,0
25,55,55,8449,8449,8197,8197,84,84,0,0
25,56,35,6771,6771,5238,5238,316,316,980,980
25,57,55,11003,11003,7572,7572,3431,3431,0,0
25,58,25,5104,5104,5104,5104,0,0,0,0
25,59,18,2815,2815,2815,2815,0,0,0,0
25,61,1,104,104,104,104,0,0,0,0
25,63,2,59,59,30,30,10,10,0,0
25,64,3,2917,2917,19,19,2898,2898,0,0
25,69,18,5005,5005,3152,3152,1426,1426,427,427
25,70,49,7918,7918,7656,7656,262,262,0,0
25,72,1,195,195,124,124,71,71,0,0
25,78,54,5285,5285,5285,5285,0,0,0,0
25,79,70,7552,7552,7552,7552,0,0,0,0
25,80,5,948,948,948,948,0,0,0,0
25,81,1,21,21,21,21,0,0,0,0
25,82,12,1465,1465,1465,1465,0,0,0,0
25,87,3,13,13,13,13,0,0,0,0
25,90,15,3501,3501,3501,3501,0,0,0,0
25,91,23,6176,6176,6176,6176,0,0,0,0
25,92,36,6351,6351,6351,6351,0,0,0,0
25,93,14,3783,3783,3783,3783,0,0,0,0
25,94,12,3739,3739,2318,2318,1421,1421,0,0
25,95,10,2542,2542,1131,1131,1411,1411,0,0
25,96,3,1339,1339,1339,1339,0,0,0,0
25,97,19,1338,1338,1338,1338,0,0,0,0
25,98,49,5145,5145,4932,4932,71,71,0,0
25,104,22,17870,17870,598,598,17273,17273,0,0
25,105,15,31882,31882,481,481,31401,31401,0,0
25,106,28,13279,13279,4483,4483,8798,8798,0,0
25,107,31,7081,7081,3233,3233,3849,3849,0,0
25,108,11,2998,2998,1165,1165,1365,1365,389,389
25,110,52,9133,9133,9133,9133,0,0,0,0
25,111,45,9853,9853,9853,9853,0,0,0,0
25,112,31,8928,8928,8928,8928,0,0,0,0
25,113,45,8454,8454,8454,8454,0,0,0,0
25,114,47,6664,6664,6664,6664,0,0,0,0
25,115,78,7814,7814,7798,7798,15,15,0,0
25,116,55,8752,8752,6601,6601,1341,1341,786,786
25,117,52,9948,9948,9336,9336,611,611,0,0
25,118,48,8233,8233,7853,7853,380,380,0,0
25,119,59,8666,8666,7585,7585,0,0,1081,1081
25,120,56,7265,7265,7265,7265,0,0,0,0
25,121,29,4202,4202,4202,4202,0,0,0,0
25,123,7,761,761,594,594,55,55,0,0
25,124,2,202,202,99,99,34,34,0,0
25,125,10,1122,1122,1122,1122,0,0,0,0
25,126,1,102,102,102,102,0,0,0,0
25,127,2,480,480,90,90,389,389,0,0
25,30,3,1668,1668,857,857,474,474,0,0
25,35,14,2650,2650,806,806,1431,1431,76,76
25,42,2,410,410,314,314,32,32,0,0
25,43,4,708,708,708,708,0,0,0,0
25,51,5,1297,1297,878,878,418,418,0,0
25,52,7,1830,1830,1830,1830,0,0,0,0
25,62,3,1117,1117,16,16,1101,1101,0,0
25,68,2,943,943,765,765,59,59,0,0
25,71,1,37,37,37,37,0,0,0,0
25,75,5,425,425,425,425,0,0,0,0
25,76,1,86,86,86,86,0,0,0,0
25,77,10,1557,1557,1557,1557,0,0,0,0
25,85,7,624,624,624,624,0,0,0,0
25,103,5,1155,1155,45,45,1110,1110,0,0
25,109,50,9299,9299,7601,7601,1698,1698,0,0
25,122,1,210,210,210,210,0,0,0,0
26,19,51,10465,10465,6218,6218,4247,4247,0,0
26,20,21,3771,3771,3664,3664,107,107,0,0
26,21,14,1940,1940,1940,1940,0,0,0,0
26,22,1,60,60,60,60,0,0,0,0
26,23,12,1241,1241,1241,1241,0,0,0,0
26,35,7,5903,5903,1351,1351,4552,4552,0,0
26,39,5,282,282,113,113,162,162,0,0
26,40,6,643,643,643,643,0,0,0,0
26,42,5,1598,1598,646,646,881,881,0,0
26,49,6,2530,2530,948,948,1582,1582,0,0
26,50,19,3514,3514,2627,2627,887,887,0,0
26,51,9,1976,1976,1527,1527,449,449,0,0
26,52,44,11683,11683,4388,4388,7295,7295,0,0
26,53,21,3115,3115,3115,3115,0,0,0,0
26,54,39,5963,5963,5509,5509,453,453,0,0
26,55,19,6159,6159,5120,5120,1040,1040,0,0
26,56,22,6639,6639,6579,6579,60,60,0,0
26,57,29,6684,6684,6684,6684,0,0,0,0
26,58,4,751,751,751,751,0,0,0,0
26,62,2,461,461,461,461,0,0,0,0
26,64,3,248,248,239,239,3,3,0,0
26,66,1,331,331,83,83,83,83,0,0
26,68,1,225,225,56,56,56,56,0,0
26,69,10,2345,2345,2064,2064,94,94,0,0
26,70,37,7597,7597,6451,6451,1146,1146,0,0
26,71,16,2377,2377,1481,1481,896,896,0,0
26,72,14,1473,1473,1456,1456,17,17,0,0
26,73,17,1888,1888,1888,1888,0,0,0,0
26,75,5,482,482,482,482,0,0,0,0
26,78,78,7408,7408,7408,7408,0,0,0,0
26,79,57,15508,15508,5663,5663,9845,9845,0,0
26,82,14,1955,1955,1586,1586,370,370,0,0
26,86,1,34,34,34,34,0,0,0,0
26,90,28,2729,2729,2125,2125,604,604,0,0
26,91,28,3886,3886,3785,3785,101,101,0,0
26,92,21,2684,2684,2427,2427,257,257,0,0
26,93,9,3107,3107,3107,3107,0,0,0,0
26,94,19,1771,1771,1386,1386,385,385,0,0
26,95,5,595,595,595,595,0,0,0,0
26,97,7,915,915,813,813,102,102,0,0
26,98,11,3605,3605,3605,3605,0,0,0,0
26,99,21,3087,3087,2254,2254,832,832,0,0
26,104,7,10165,10165,26,26,10138,10138,0,0
26,105,19,16653,16653,1812,1812,14841,14841,0,0
26,106,3,29,29,29,29,0,0,0,0
26,107,5,1068,1068,25,25,0,0,0,0
26,108,2,3511,3511,686,686,2525,2525,301,301
26,109,40,11500,11500,6855,6855,4646,4646,0,0
26,110,147,23822,23822,22302,22302,952,952,568,568
26,111,119,23402,23402,21764,21764,1637,1637,0,0
26,112,99,18549,18549,16169,16169,0,0,2379,2379
26,113,116,18755,18755,15969,15969,1746,1746,1041,1041
26,114,132,11782,11782,11782,11782,0,0,0,0
26,115,46,4669,4669,4669,4669,0,0,0,0
26,116,29,2678,2678,2030,2030,0,0,648,648
26,117,21,3030,3030,3011,3011,0,0,20,20
26,118,8,1203,1203,1203,1203,0,0,0,0
26,119,11,770,770,770,770,0,0,0,0
26,120,10,1102,1102,1102,1102,0,0,0,0
26,122,9,1132,1132,1132,1132,0,0,0,0
26,123,1,126,126,126,126,0,0,0,0
26,127,13,1507,1507,1507,1507,0,0,0,0
26,5,4,1570,1570,608,608,962,962,0,0
26,12,2,1278,1278,31,31,1247,1247,0,0
26,14,3,802,802,596,596,206,206,0,0
26,47,4,544,544,310,310,234,234,0,0
26,48,3,839,839,839,839,0,0,0,0
26,74,1,385,385,385,385,0,0,0,0
26,80,3,125,125,65,65,61,61,0,0
26,85,6,2324,2324,84,84,2240,2240,0,0
26,121,2,169,169,169,169,0,0,0,0
26,126,4,257,257,257,257,0,0,0,0
27,4,9,949,949,832,832,118,118,0,0
27,5,3,2087,2087,105,105,1982,1982,0,0
27,6,4,1629,1629,716,716,913,913,0,0
27,7,6,4345,4345,479,479,3866,3866,0,0
27,10,9,3156,3156,2199,2199,956,956,0,0
27,11,22,8495,8495,2308,2308,6187,6187,0,0
27,12,27,14163,14163,2492,2492,11671,11671,0,0
27,13,39,12190,12190,5069,5069,7121,7121,0,0
27,14,56,8805,8805,8353,8353,452,452,0,0
27,15,46,7705,7705,5386,5386,2233,2233,0,0
27,16,9,8072,8072,1061,1061,7011,7011,0,0
27,17,42,7153,7153,6945,6945,161,161,0,0
27,18,21,6241,6241,2862,2862,946,946,2433,2433
27,19,29,4149,4149,4075,4075,74,74,0,0
27,20,4,785,785,785,785,0,0,0,0
27,38,5,362,362,362,362,0,0,0,0
27,40,16,3082,3082,1697,1697,1384,1384,0,0
27,41,1,218,218,218,218,0,0,0,0
27,47,1,129,129,129,129,0,0,0,0
27,50,6,2422,2422,340,340,2082,2082,0,0
27,51,3,772,772,435,435,337,337,0,0
27,52,43,7477,7477,5536,5536,1634,1634,0,0
27,53,5,874,874,874,874,0,0,0,0
27,56,15,3147,3147,3147,3147,0,0,0,0
27,57,17,2868,2868,2476,2476,392,392,0,0
27,66,8,3464,3464,824,824,2640,2640,0,0
27,68,1,40,40,40,40,0,0,0,0
27,69,7,2778,2778,1073,1073,1705,1705,0,0
27,70,13,2552,2552,2552,2552,0,0,0,0
27,71,19,4017,4017,3879,3879,46,46,0,0
27,72,2,176,176,176,176,0,0,0,0
27,78,12,2875,2875,2875,2875,0,0,0,0
27,79,24,12862,12862,2807,2807,10056,10056,0,0
27,80,3,281,281,281,281,0,0,0,0
27,83,6,858,858,858,858,0,0,0,0
27,87,10,1297,1297,1297,1297,0,0,0,0
27,88,4,524,524,524,524,0,0,0,0
27,89,11,1361,1361,1091,1091,168,168,0,0
27,90,4,829,829,829,829,0,0,0,0
27,92,23,4678,4678,4678,4678,0,0,0,0
27,93,51,6610,6610,6610,6610,0,0,0,0
27,94,18,3128,3128,1877,1877,1251,1251,0,0
27,96,9,1058,1058,944,944,114,114,0,0
27,99,13,2363,2363,2363,2363,0,0,0,0
27,105,4,256,256,256,256,0,0,0,0
27,107,12,2980,2980,0,0,0,0,78,78
27,108,1,524,524,141,141,0,0,384,384
27,109,28,5719,5719,5719,5719,0,0,0,0
27,110,116,21361,21361,21361,21361,0,0,0,0
27,111,139,20333,20333,18824,18824,1465,1465,0,0
27,112,71,13928,13928,11488,11488,2440,2440,0,0
27,113,68,10354,10354,10354,10354,0,0,0,0
27,114,49,5670,5670,5670,5670,0,0,0,0
27,115,34,5322,5322,5322,5322,0,0,0,0
27,116,41,4472,4472,4072,4072,400,400,0,0
27,117,4,1367,1367,676,676,0,0,690,690
27,118,3,653,653,653,653,0,0,0,0
27,119,2,96,96,86,86,4,4,0,0
27,120,8,786,786,786,786,0,0,0,0
27,121,29,2205,2205,2205,2205,0,0,0,0
27,122,2,698,698,698,698,0,0,0,0
27,123,9,1262,1262,413,413,849,849,0,0
27,125,8,1172,1172,939,939,111,111,0,0
27,127,4,93,93,93,93,0,0,0,0
27,8,10,6859,6859,949,949,5910,5910,0,0
27,9,9,6697,6697,970,970,5728,5728,0,0
27,39,4,2513,2513,353,353,2159,2159,0,0
27,62,2,424,424,424,424,0,0,0,0
27,65,1,27,27,27,27,0,0,0,0
27,73,6,436,436,436,436,0,0,0,0
27,86,29,3111,3111,2459,2459,652,652,0,0
27,91,2,162,162,162,162,0,0,0,0
27,106,2,486,486,330,330,156,156,0,0
28,0,1,253,253,0,0,253,253,0,0
28,3,3,758,758,254,254,504,504,0,0
28,4,1,199,199,199,199,0,0,0,0
28,6,7,3999,3999,474,474,3526,3526,0,0
28,7,7,19242,19242,857,857,18385,18385,0,0
28,8,8,15747,15747,496,496,15251,15251,0,0
28,9,15,11829,11829,950,950,10878,10878,0,0
28,10,20,7358,7358,859,859,6499,6499,0,0
28,11,10,3669,3669,1572,1572,2096,2096,0,0
28,12,22,9432,9432,889,889,8542,8542,0,0
28,13,31,11302,11302,3564,3564,7738,7738,0,0
28,14,44,8652,8652,7326,7326,1220,1220,0,0
28,15,37,10917,10917,4052,4052,6866,6866,0,0
28,16,82,10764,10764,8988,8988,1777,1777,0,0
28,17,84,14634,14634,14634,14634,0,0,0,0
28,18,89,18381,18381,15463,15463,41,41,2879,2879
28,19,59,11326,11326,10264,10264,1062,1062,0,0
28,20,38,7516,7516,5465,5465,1819,1819,0,0
28,21,16,7756,7756,7347,7347,409,409,0,0
28,22,17,4432,4432,3669,3669,763,763,0,0
28,32,9,1470,1470,795,795,675,675,0,0
28,33,4,965,965,393,393,572,572,0,0
28,35,2,353,353,157,157,195,195,0,0
28,38,2,1316,1316,19,19,1297,1297,0,0
28,39,5,5360,5360,717,717,4642,4642,0,0
28,42,4,837,837,635,635,202,202,0,0
28,50,9,1363,1363,1019,1019,344,344,0,0
28,51,19,2752,2752,2752,2752,0,0,0,0
28,52,3,4321,4321,416,416,3823,3823,0,0
28,55,1,29,29,29,29,0,0,0,0
28,66,2,289,289,289,289,0,0,0,0
28,67,9,1473,1473,1323,1323,50,50,0,0
28,68,1,289,289,289,289,0,0,0,0
28,69,3,797,797,325,325,471,471,22,22
28,70,27,4982,4982,4509,4509,473,473,0,0
28,71,28,7596,7596,4987,4987,2608,2608,0,0
28,75,5,687,687,687,687,0,0,0,0
28,78,5,797,797,797,797,0,0,0,0
28,79,6,666,666,460,460,206,206,0,0
28,81,10,932,932,932,932,0,0,0,0
28,83,11,1421,1421,1421,1421,0,0,0,0
28,86,13,1129,1129,1026,1026,103,103,0,0
28,87,18,3459,3459,3459,3459,0,0,0,0
28,88,4,777,777,715,715,21,21,0,0
28,89,7,2057,2057,476,476,1581,1581,0,0
28,90,3,599,599,599,599,0,0,0,0
28,92,29,3830,3830,3557,3557,273,273,0,0
28,93,17,2213,2213,2014,2014,199,199,0,0
28,94,1,45,45,45,45,0,0,0,0
28,98,5,918,918,385,385,506,506,0,0
28,99,2,1932,1932,1932,1932,0,0,0,0
28,100,2,1625,1625,1625,1625,0,0,0,0
28,105,4,619,619,421,421,198,198,0,0
28,106,59,6332,6332,6121,6121,211,211,0,0
28,107,9,1328,1328,495,495,288,288,239,239
28,109,21,5913,5913,5421,5421,492,492,0,0
28,110,85,19099,19099,17512,17512,1560,1560,0,0
28,111,83,21254,21254,12926,12926,6645,6645,1683,1683
28,112,35,5092,5092,4053,4053,25,25,1013,1013
28,113,21,3889,3889,3283,3283,0,0,605,605
28,114,14,1897,1897,1309,1309,0,0,588,588
28,115,14,1211,1211,836,836,0,0,376,376
28,116,6,327,327,327,327,0,0,0,0
28,118,9,1822,1822,1822,1822,0,0,0,0
28,120,7,290,290,290,290,0,0,0,0
28,124,6,593,593,593,593,0,0,0,0
28,23,1,189,189,29,29,160,160,0,0
28,26,3,352,352,352,352,0,0,0,0
28,28,8,2049,2049,506,506,1542,1542,0,0
28,29,3,379,379,206,206,172,172,0,0
28,56,1,320,320,320,320,0,0,0,0
28,57,10,941,941,684,684,258,258,0,0
28,58,10,1499,1499,1290,1290,209,209,0,0
28,59,3,3213,3213,26,26,3187,3187,0,0
28,72,5,444,444,444,444,0,0,0,0
28,73,3,384,384,384,384,0,0,0,0
28,91,1,132,132,132,132,0,0,0,0
28,97,1,174,174,174,174,0,0,0,0
28,102,2,181,181,181,181,0,0,0,0
28,108,1,681,681,0,0,664,664,18,18
28,117,1,455,455,0,0,0,0,455,455
28,121,3,209,209,209,209,0,0,0,0
28,122,3,335,335,335,335,0,0,0,0
29,1,7,1481,1481,575,575,907,907,0,0
29,5,2,3103,3103,412,412,2691,2691,0,0
29,7,5,3604,3604,311,311,3293,3293,0,0
29,8,24,12442,12442,2441,2441,10002,10002,0,0
29,9,22,14234,14234,1864,1864,12370,12370,0,0
29,10,2,2552,2552,55,55,2497,2497,0,0
29,12,3,469,469,150,150,146,146,0,0
29,13,27,4671,4671,4671,4671,0,0,0,0
29,14,67,9943,9943,9654,9654,289,289,0,0
29,15,32,6083,6083,4779,4779,1304,1304,0,0
29,16,82,10526,10526,7978,7978,1999,1999,550,550
29,17,84,10216,10216,9624,9624,592,592,0,0
29,18,82,17664,17664,13231,13231,4433,4433,0,0
29,19,19,5771,5771,3499,3499,2272,2272,0,0
29,20,34,5527,5527,4695,4695,832,832,0,0
29,21,33,8092,8092,8092,8092,0,0,0,0
29,22,56,10901,10901,8524,8524,2338,2338,39,39
29,23,29,8754,8754,3903,3903,4809,4809,43,43
29,24,4,1261,1261,1261,1261,0,0,0,0
29,25,4,423,423,423,423,0,0,0,0
29,26,15,3419,3419,2302,2302,1066,1066,0,0
29,28,4,684,684,143,143,541,541,0,0
29,29,6,516,516,435,435,81,81,0,0
29,33,6,2256,2256,381,381,1874,1874,0,0
29,39,4,1326,1326,49,49,1277,1277,0,0
29,40,7,2082,2082,1075,1075,1008,1008,0,0
29,50,11,5213,5213,1403,1403,3810,3810,0,0
29,51,35,5909,5909,5292,5292,617,617,0,0
29,57,1,110,110,27,27,82,82,0,0
29,58,19,2763,2763,1724,1724,1040,1040,0,0
29,59,1,121,121,121,121,0,0,0,0
29,64,1,408,408,238,238,170,170,0,0
29,66,5,620,620,340,340,280,280,0,0
29,69,6,4570,4570,629,629,3941,3941,0,0
29,70,8,820,820,820,820,0,0,0,0
29,71,29,5351,5351,5351,5351,1,1,0,0
29,72,4,438,438,438,438,0,0,0,0
29,84,4,438,438,438,438,0,0,0,0
29,86,3,1737,1737,194,194,1543,1543,0,0
29,87,5,1266,1266,1266,1266,0,0,0,0
29,90,30,9489,9489,5455,5455,4035,4035,0,0
29,91,22,3258,3258,2304,2304,954,954,0,0
29,92,4,666,666,372,372,293,293,0,0
29,99,7,2762,2762,1954,1954,807,807,0,0
29,101,1,175,175,44,44,44,44,0,0
29,105,2,163,163,163,163,0,0,0,0
29,106,34,7010,7010,5833,5833,664,664,0,0
29,107,12,3454,3454,1770,1770,1685,1685,0,0
29,108,29,4985,4985,1463,1463,3318,3318,204,204
29,109,2,6698,6698,1448,1448,5250,5250,0,0
29,110,84,14345,14345,14345,14345,0,0,0,0
29,111,87,10725,10725,10541,10541,2,2,178,178
29,112,51,6300,6300,5450,5450,230,230,516,516
29,113,44,3840,3840,3571,3571,269,269,0,0
29,115,17,2027,2027,1935,1935,31,31,0,0
29,116,6,556,556,556,556,0,0,0,0
29,118,2,133,133,133,133,0,0,0,0
29,120,11,846,846,846,846,0,0,0,0
29,121,19,1320,1320,1320,1320,0,0,0,0
29,123,6,794,794,794,794,0,0,0,0
29,127,16,1419,1419,1419,1419,0,0,0,0
29,42,5,852,852,515,515,337,337,0,0
29,61,3,232,232,232,232,0,0,0,0
29,62,2,1310,1310,715,715,594,594,0,0
29,63,1,221,221,64,64,157,157,0,0
29,65,1,947,947,303,303,644,644,0,0
29,73,1,304,304,304,304,0,0,0,0
29,74,6,943,943,282,282,661,661,0,0
29,75,1,278,278,268,268,10,10,0,0
29,76,3,234,234,234,234,0,0,0,0
29,78,5,2898,2898,69,69,2829,2829,0,0
29,81,1,300,300,300,300,0,0,0,0
29,82,4,1177,1177,1177,1177,0,0,0,0
29,89,9,1347,1347,731,731,616,616,0,0
29,100,2,2775,2775,2775,2775,0,0,0,0
29,104,2,100,100,0,0,100,100,0,0
29,114,4,487,487,487,487,0,0,0,0
29,117,6,526,526,526,526,0,0,0,0
29,125,4,383,383,383,383,0,0,0,0
29,126,5,1078,1078,1078,1078,0,0,0,0
30,1,1,190,190,190,190,0,0,0,0
30,8,2,4952,4952,242,242,4710,4710,0,0
30,9,12,12853,12853,1084,1084,11769,11769,0,0
30,12,14,2996,2996,2996,2996,0,0,0,0
30,13,16,4636,4636,4636,4636,0,0,0,0
30,14,56,8942,8942,8200,8200,742,742,0,0
30,15,43,8180,8180,8180,8180,0,0,0,0
30,16,63,9987,9987,9055,9055,821,821,0,0
30,17,56,8163,8163,6572,6572,1591,1591,0,0
30,18,48,7555,7555,6380,6380,1174,1174,0,0
30,19,18,3405,3405,2647,2647,759,759,0,0
30,20,44,5066,5066,4951,4951,38,38,0,0
30,21,20,2674,2674,2674,2674,0,0,0,0
30,22,20,2669,2669,2669,2669,0,0,0,0
30,50,3,971,971,971,971,0,0,0,0
30,51,10,814,814,814,814,0,0,0,0
30,62,9,2154,2154,1837,1837,317,317,0,0
30,64,14,1439,1439,1347,1347,92,92,0,0
30,68,2,205,205,205,205,0,0,0,0
30,71,3,1002,1002,1002,1002,0,0,0,0
30,74,1,167,167,167,167,0,0,0,0
30,75,8,1753,1753,788,788,965,965,0,0
30,76,4,297,297,297,297,0,0,0,0
30,77,8,744,744,744,744,0,0,0,0
30,78,15,1677,1677,1642,1642,35,35,0,0
30,81,2,276,276,276,276,0,0,0,0
30,82,20,2215,2215,2215,2215,0,0,0,0
30,84,22,5118,5118,5118,5118,0,0,0,0
30,86,5,10062,10062,480,480,9583,9583,0,0
30,87,3,8719,8719,0,0,8719,8719,0,0
30,89,19,4384,4384,3724,3724,659,659,0,0
30,90,62,9495,9495,7736,7736,1497,1497,260,260
30,91,31,4240,4240,4143,4143,97,97,0,0
30,98,2,338,338,282,282,56,56,0,0
30,100,4,1606,1606,1478,1478,128,128,0,0
30,106,40,8052,8052,7377,7377,675,675,0,0
30,107,20,5571,5571,2905,2905,2667,2667,0,0
30,108,21,6350,6350,2005,2005,4346,4346,0,0
30,109,14,1941,1941,843,843,749,749,347,347
30,110,63,10627,10627,8911,8911,169,169,1547,1547
30,111,46,7836,7836,6338,6338,0,0,1499,1499
30,112,65,9056,9056,7517,7517,1540,1540,0,0
30,113,42,5124,5124,5085,5085,13,13,0,0
30,114,54,6510,6510,5835,5835,674,674,0,0
30,115,42,5812,5812,5812,5812,0,0,0,0
30,116,24,2160,2160,2151,2151,3,3,0,0
30,117,11,1379,1379,1379,1379,0,0,0,0
30,120,10,970,970,970,970,0,0,0,0
30,121,2,254,254,181,181,25,25,0,0
30,122,12,1295,1295,1295,1295,0,0,0,0
30,123,5,1940,1940,801,801,1138,1138,0,0
30,124,11,1480,1480,1440,1440,40,40,0,0
30,125,7,1544,1544,1544,1544,0,0,0,0
30,126,2,994,994,994,994,0,0,0,0
30,127,27,3963,3963,3963,3963,0,0,0,0
30,2,1,288,288,288,288,0,0,0,0
30,10,3,5622,5622,298,298,5324,5324,0,0
30,52,4,477,477,340,340,137,137,0,0
30,57,1,192,192,192,192,0,0,0,0
30,58,2,2293,2293,101,101,2192,2192,0,0
30,59,15,3397,3397,1250,1250,2147,2147,0,0
30,65,1,189,189,189,189,0,0,0,0
30,66,6,907,907,907,907,0,0,0,0
30,79,2,980,980,161,161,819,819,0,0
30,85,3,275,275,275,275,0,0,0,0
30,92,1,38,38,38,38,0,0,0,0
30,99,2,369,369,254,254,115,115,0,0
30,101,7,850,850,850,850,0,0,0,0
30,103,1,6,6,6,6,0,0,0,0
31,1,2,638,638,638,638,0,0,0,0
31,3,2,6293,6293,281,281,6014,6014,0,0
31,8,3,5817,5817,0,0,5817,5817,0,0
31,9,5,4020,4020,168,168,3852,3852,0,0
31,10,4,2775,2775,119,119,2656,2656,0,0
31,12,3,817,817,817,817,0,0,0,0
31,13,36,6204,6204,6204,6204,0,0,0,0
31,14,17,2134,2134,2134,2134,0,0,0,0
31,15,3,739,739,739,739,0,0,0,0
31,16,27,4227,4227,3085,3085,1142,1142,0,0
31,17,61,6700,6700,6700,6700,0,0,0,0
31,18,13,1668,1668,1510,1510,158,158,0,0
31,20,3,1038,1038,438,438,600,600,0,0
31,26,8,1320,1320,633,633,687,687,0,0
31,52,19,4664,4664,1781,1781,2882,2882,0,0
31,56,1,58,58,58,58,0,0,0,0
31,58,9,1720,1720,924,924,501,501,0,0
31,60,1,66,66,66,66,0,0,0,0
31,61,2,738,738,24,24,713,713,0,0
31,62,19,3576,3576,1607,1607,1969,1969,0,0
31,64,5,737,737,653,653,84,84,0,0
31,65,16,2012,2012,2012,2012,0,0,0,0
31,67,3,214,214,214,214,0,0,0,0
31,69,4,933,933,933,933,0,0,0,0
31,70,19,1984,1984,1984,1984,0,0,0,0
31,71,14,1931,1931,1804,1804,128,128,0,0
31,72,5,792,792,792,792,0,0,0,0
31,74,11,1216,1216,777,777,439,439,0,0
31,75,5,469,469,469,469,0,0,0,0
31,76,1,287,287,287,287,0,0,0,0
31,77,4,773,773,773,773,0,0,0,0
31,78,17,1401,1401,1401,1401,0,0,0,0
31,81,2,323,323,323,323,0,0,0,0
31,82,19,2188,2188,2080,2080,108,108,0,0
31,86,1,211,211,61,61,150,150,0,0
31,87,9,4300,4300,661,661,3639,3639,0,0
31,88,9,3467,3467,1827,1827,1639,1639,0,0
31,89,11,6673,6673,1291,1291,5381,5381,0,0
31,90,15,4116,4116,1829,1829,1845,1845,441,441
31,91,7,885,885,565,565,319,319,0,0
31,100,2,449,449,195,195,254,254,0,0
31,101,22,2928,2928,2534,2534,394,394,0,0
31,105,1,74,74,74,74,0,0,0,0
31,106,56,8037,8037,6616,6616,1421,1421,0,0
31,107,53,8413,8413,7883,7883,530,530,0,0
31,108,11,2713,2713,2536,2536,177,177,0,0
31,109,24,13190,13190,1278,1278,11913,11913,0,0
31,110,42,13588,13588,8078,8078,5511,5511,0,0
31,111,86,14217,14217,12199,12199,1832,1832,0,0
31,112,66,11143,11143,10722,10722,337,337,0,0
31,113,68,11353,11353,10746,10746,606,606,0,0
31,114,35,6912,6912,4801,4801,2111,2111,0,0
31,115,36,4959,4959,4959,4959,0,0,0,0
31,116,27,5136,5136,5136,5136,0,0,0,0
31,125,7,1382,1382,1382,1382,0,0,0,0
31,126,7,3344,3344,3344,3344,0,0,0,0
31,127,20,6742,6742,6212,6212,530,530,0,0
31,2,1,5127,5127,0,0,5127,5127,0,0
31,11,1,80,80,80,80,0,0,0,0
31,50,4,753,753,566,566,187,187,0,0
31,51,1,173,173,173,173,0,0,0,0
31,73,2,356,356,356,356,0,0,0,0
31,80,1,381,381,381,381,0,0,0,0
31,83,5,333,333,333,333,0,0,0,0
31,84,5,3460,3460,644,644,2816,2816,0,0
31,92,1,120,120,120,120,0,0,0,0
31,96,3,1903,1903,924,924,979,979,0,0
31,102,1,1381,1381,0,0,1381,1381,0,0
31,117,11,3030,3030,3030,3030,0,0,0,0
31,119,1,383,383,383,383,0,0,0,0
31,120,3,190,190,119,119,71,71,0,0
31,121,5,864,864,674,674,190,190,0,0
31,122,3,447,447,305,305,143,143,0,0
31,123,2,229,229,229,229,0,0,0,0
31,124,2,1645,1645,613,613,1032,1032,0,0
32,2,3,2850,2850,640,640,2210,2210,0,0
32,10,4,1056,1056,667,667,390,390,0,0
32,13,13,2102,2102,2102,2102,0,0,0,0
32,16,25,3478,3478,3478,3478,0,0,0,0
32,17,10,1844,1844,1105,1105,739,739,0,0
32,18,34,4067,4067,4067,4067,0,0,0,0
32,20,7,1144,1144,1144,1144,0,0,0,0
32,21,9,1134,1134,1134,1134,0,0,0,0
32,52,10,1745,1745,1566,1566,179,179,0,0
32,58,8,3873,3873,731,731,3142,3142,0,0
32,62,1,364,364,0,0,364,364,0,0
32,64,9,1299,1299,1040,1040,259,259,0,0
32,65,3,432,432,432,432,0,0,0,0
32,66,2,198,198,198,198,0,0,0,0
32,69,18,2661,2661,2661,2661,0,0,0,0
32,70,5,354,354,354,354,0,0,0,0
32,71,6,815,815,815,815,0,0,0,0
32,76,4,1259,1259,912,912,346,346,0,0
32,77,4,1033,1033,1033,1033,0,0,0,0
32,78,7,1239,1239,1030,1030,207,207,0,0
32,79,8,7142,7142,651,651,6490,6490,0,0
32,80,5,1071,1071,540,540,531,531,0,0
32,82,8,6101,6101,955,955,5146,5146,0,0
32,83,22,17740,17740,1739,1739,16001,16001,0,0
32,84,6,4328,4328,613,613,3715,3715,0,0
32,85,13,14793,14793,1212,1212,13579,13579,0,0
32,86,9,17066,17066,1173,1173,15893,15893,0,0
32,87,14,6283,6283,1604,1604,4680,4680,0,0
32,88,2,2412,2412,1,1,2411,2411,0,0
32,89,8,3945,3945,1794,1794,2150,2150,0,0
32,90,2,1065,1065,319,319,746,746,0,0
32,101,14,3035,3035,2134,2134,899,899,0,0
32,102,8,1060,1060,987,987,73,73,0,0
32,106,70,9276,9276,8240,8240,1037,1037,0,0
32,107,91,10644,10644,10644,10644,0,0,0,0
32,108,23,7053,7053,2322,2322,4731,4731,0,0
32,109,19,25837,25837,508,508,25328,25328,0,0
32,110,42,13313,13313,8112,8112,5201,5201,0,0
32,111,97,18605,18605,18564,18564,14,14,0,0
32,112,69,16046,16046,10331,10331,5715,5715,0,0
32,113,90,13352,13352,12197,12197,1153,1153,0,0
32,114,45,7401,7401,7401,7401,0,0,0,0
32,115,58,10058,10058,9939,9939,40,40,0,0
32,116,60,13467,13467,13467,13467,0,0,0,0
32,117,47,10545,10545,10545,10545,0,0,0,0
32,118,23,4545,4545,4545,4545,0,0,0,0
32,119,35,3416,3416,2655,2655,760,760,0,0
32,120,20,5708,5708,1740,1740,3967,3967,0,0
32,121,9,3496,3496,474,474,3021,3021,0,0
32,122,8,1093,1093,874,874,219,219,0,0
32,125,12,8611,8611,1354,1354,7256,7256,0,0
32,127,1,48,48,48,48,0,0,0,0
32,12,3,262,262,262,262,0,0,0,0
32,14,9,1225,1225,1225,1225,0,0,0,0
32,15,4,343,343,343,343,0,0,0,0
32,25,1,311,311,58,58,252,252,0,0
32,27,3,845,845,498,498,347,347,0,0
32,28,1,447,447,0,0,447,447,0,0
32,37,1,18,18,18,18,0,0,0,0
32,46,9,1168,1168,653,653,427,427,0,0
32,53,2,212,212,212,212,0,0,0,0
32,57,1,2828,2828,0,0,2828,2828,0,0
32,75,16,2684,2684,1237,1237,1447,1447,0,0
32,92,1,1618,1618,37,37,1581,1581,0,0
32,105,5,1091,1091,1091,1091,0,0,0,0
33,8,2,327,327,327,327,0,0,0,0
33,12,20,2343,2343,2256,2256,87,87,0,0
33,13,29,3821,3821,3726,3726,95,95,0,0
33,14,36,4318,4318,4318,4318,0,0,0,0
33,15,71,7849,7849,7849,7849,0,0,0,0
33,16,2,291,291,291,291,0,0,0,0
33,17,13,3434,3434,2248,2248,1187,1187,0,0
33,21,2,353,353,12,12,341,341,0,0
33,22,4,2957,2957,607,607,2350,2350,0,0
33,25,3,1181,1181,416,416,765,765,0,0
33,27,6,1448,1448,966,966,483,483,0,0
33,28,1,308,308,154,154,155,155,0,0
33,46,23,3067,3067,2570,2570,485,485,0,0
33,52,12,2660,2660,1327,1327,1131,1131,0,0
33,53,6,698,698,698,698,0,0,0,0
33,58,10,2045,2045,1588,1588,457,457,0,0
33,59,6,956,956,956,956,0,0,0,0
33,60,2,842,842,643,643,199,199,0,0
33,71,3,196,196,196,196,0,0,0,0
33,75,3,588,588,31,31,557,557,0,0
33,78,12,3494,3494,2549,2549,945,945,0,0
33,82,16,13756,13756,1705,1705,12052,12052,0,0
33,83,8,6124,6124,692,692,5432,5432,0,0
33,84,26,13229,13229,2230,2230,10999,10999,0,0
33,85,32,14950,14950,2818,2818,12131,12131,0,0
33,86,14,19607,19607,2523,2523,17083,17083,0,0
33,87,14,16735,16735,688,688,16047,16047,0,0
33,88,13,11504,11504,2242,2242,9261,9261,0,0
33,89,1,174,174,163,163,11,11,0,0
33,90,9,8195,8195,1610,1610,6586,6586,0,0
33,95,7,2051,2051,1872,1872,180,180,0,0
33,102,17,4436,4436,4247,4247,190,190,0,0
33,103,22,3466,3466,3249,3249,217,217,0,0
33,105,16,3073,3073,2587,2587,485,485,0,0
33,106,54,6734,6734,6351,6351,383,383,0,0
33,107,65,7404,7404,7354,7354,21,21,0,0
33,108,33,5141,5141,4742,4742,399,399,0,0
33,109,30,20675,20675,1207,1207,19467,19467,0,0
33,110,70,10880,10880,5748,5748,5005,5005,0,0
33,111,91,15015,15015,14083,14083,931,931,0,0
33,112,88,11507,11507,11323,11323,185,185,0,0
33,113,78,13066,13066,10121,10121,2945,2945,0,0
33,114,56,11632,11632,11613,11613,6,6,0,0
33,115,26,8898,8898,7822,7822,1076,1076,0,0
33,116,21,7506,7506,4530,4530,2909,2909,0,0
33,117,15,8443,8443,8443,8443,0,0,0,0
33,118,9,2557,2557,2520,2520,12,12,0,0
33,119,4,270,270,270,270,0,0,0,0
33,124,1,168,168,168,168,0,0,0,0
33,125,15,7336,7336,1675,1675,5661,5661,0,0
33,1,4,367,367,367,367,0,0,0,0
33,6,3,2392,2392,511,511,1881,1881,0,0
33,18,2,782,782,112,112,670,670,0,0
33,19,2,54,54,54,54,0,0,0,0
33,23,1,217,217,217,217,0,0,0,0
33,29,1,1023,1023,1023,1023,0,0,0,0
33,51,1,119,119,119,119,0,0,0,0
33,62,6,785,785,553,553,232,232,0,0
33,63,1,2495,2495,0,0,2495,2495,0,0
33,77,1,194,194,194,194,0,0,0,0
33,80,4,644,644,644,644,0,0,0,0
33,81,5,707,707,707,707,0,0,0,0
33,96,3,305,305,305,305,0,0,0,0
33,99,1,33,33,33,33,0,0,0,0
33,100,6,584,584,584,584,0,0,0,0
33,120,1,190,190,190,190,0,0,0,0
33,121,1,192,192,34,34,158,158,0,0
33,127,1,187,187,187,187,0,0,0,0
34,0,10,4568,4568,2041,2041,2527,2527,0,0
34,6,13,8651,8651,1972,1972,5393,5393,45,45
34,7,3,285,285,285,285,0,0,0,0
34,12,4,1538,1538,1332,1332,206,206,0,0
34,13,1,1028,1028,0,0,1028,1028,0,0
34,14,7,712,712,476,476,237,237,0,0
34,15,1,138,138,138,138,0,0,0,0
34,17,20,2477,2477,2126,2126,351,351,0,0
34,18,5,703,703,325,325,317,317,0,0
34,19,3,3114,3114,157,157,2958,2958,0,0
34,22,7,1613,1613,1171,1171,442,442,0,0
34,23,14,2336,2336,1030,1030,1306,1306,0,0
34,29,8,2994,2994,2491,2491,424,424,79,79
34,30,3,1184,1184,245,245,939,939,0,0
34,38,1,11,11,11,11,0,0,0,0
34,41,1,19,19,19,19,0,0,0,0
34,47,6,838,838,698,698,140,140,0,0
34,51,1,126,126,126,126,0,0,0,0
34,52,5,1142,1142,460,460,682,682,0,0
34,53,4,368,368,368,368,0,0,0,0
34,59,22,3238,3238,2916,2916,320,320,0,0
34,60,26,2237,2237,2237,2237,0,0,0,0
34,61,5,1268,1268,1268,1268,0,0,0,0
34,62,11,2634,2634,928,928,1705,1705,0,0
34,63,3,1069,1069,505,505,564,564,0,0
34,64,1,125,125,125,125,0,0,0,0
34,65,10,1432,1432,1159,1159,273,273,0,0
34,69,8,768,768,768,768,0,0,0,0
34,70,2,415,415,313,313,102,102,0,0
34,71,4,1012,1012,1012,1012,0,0,0,0
34,72,17,2743,2743,2346,2346,397,397,0,0
34,76,9,1581,1581,969,969,612,612,0,0
34,77,4,481,481,481,481,0,0,0,0
34,79,26,5713,5713,4953,4953,760,760,0,0
34,80,6,737,737,737,737,0,0,0,0
34,82,4,2592,2592,87,87,2505,2505,0,0
34,83,10,12636,12636,1001,1001,11636,11636,0,0
34,84,8,4072,4072,1434,1434,2638,2638,0,0
34,85,25,24397,24397,1952,1952,22444,22444,0,0
34,86,13,15488,15488,2756,2756,12731,12731,0,0
34,87,21,6402,6402,2275,2275,4127,4127,0,0
34,88,15,11991,11991,1586,1586,10406,10406,0,0
34,90,3,6523,6523,319,319,6204,6204,0,0
34,91,13,15272,15272,2438,2438,12834,12834,0,0
34,99,1,5,5,5,5,0,0,0,0
34,100,3,279,279,109,109,170,170,0,0
34,102,11,1976,1976,1976,1976,0,0,0,0
34,106,14,2182,2182,1045,1045,1137,1137,0,0
34,107,41,5901,5901,5287,5287,614,614,0,0
34,108,40,5093,5093,4858,4858,169,169,0,0
34,109,30,9967,9967,7328,7328,2640,2640,0,0
34,110,75,16246,16246,10071,10071,6159,6159,0,0
34,111,54,10214,10214,9604,9604,610,610,0,0
34,112,75,10383,10383,10378,10378,5,5,0,0
34,113,76,9735,9735,8753,8753,981,981,0,0
34,114,70,12146,12146,9578,9578,1802,1802,0,0
34,115,18,6849,6849,4836,4836,2013,2013,0,0
34,116,9,4722,4722,3209,3209,0,0,1513,1513
34,117,32,5816,5816,5552,5552,88,88,0,0
34,118,23,2777,2777,2777,2777,0,0,0,0
34,121,8,1262,1262,337,337,925,925,0,0
34,125,13,8616,8616,2708,2708,5908,5908,0,0
34,126,3,1114,1114,351,351,764,764,0,0
34,127,2,308,308,308,308,0,0,0,0
34,1,1,97,97,97,97,0,0,0,0
34,11,3,863,863,314,314,549,549,0,0
34,26,3,321,321,155,155,166,166,0,0
34,44,2,512,512,476,476,36,36,0,0
34,45,5,932,932,436,436,496,496,0,0
34,48,2,452,452,256,256,196,196,0,0
34,78,1,283,283,283,283,0,0,0,0
34,89,1,2761,2761,801,801,1960,1960,0,0
35,16,5,3176,3176,491,491,2685,2685,0,0
35,17,14,3906,3906,1868,1868,2038,2038,0,0
35,23,4,3638,3638,135,135,3503,3503,0,0
35,25,2,648,648,346,346,101,101,0,0
35,26,1,55,55,55,55,0,0,0,0
35,42,1,17,17,17,17,0,0,0,0
35,43,18,5662,5662,1303,1303,4218,4218,0,0
35,44,10,3069,3069,2253,2253,816,816,0,0
35,58,34,6671,6671,4682,4682,1989,1989,0,0
35,59,12,2626,2626,1162,1162,1434,1434,0,0
35,60,13,1286,1286,1175,1175,111,111,0,0
35,62,1,98,98,98,98,0,0,0,0
35,63,1,10,10,3,3,3,3,0,0
35,65,1,247,247,247,247,0,0,0,0
35,66,2,1029,1029,253,253,776,776,0,0
35,70,8,1055,1055,1055,1055,0,0,0,0
35,71,16,2358,2358,1969,1969,389,389,0,0
35,72,27,3162,3162,3090,3090,72,72,0,0
35,73,3,426,426,426,426,0,0,0,0
35,74,6,723,723,691,691,32,32,0,0
35,76,4,1008,1008,1008,1008,0,0,0,0
35,77,13,2524,2524,1615,1615,909,909,0,0
35,78,21,3488,3488,2379,2379,1109,1109,0,0
35,79,19,3113,3113,2153,2153,960,960,0,0
35,82,7,1425,1425,1368,1368,57,57,0,0
35,83,14,14338,14338,2344,2344,11995,11995,0,0
35,84,22,21698,21698,3135,3135,18563,18563,0,0
35,85,26,13661,13661,3082,3082,10580,10580,0,0
35,86,23,9328,9328,3398,3398,5928,5928,0,0
35,87,30,17936,17936,3327,3327,14609,14609,0,0
35,88,15,16290,16290,1502,1502,14787,14787,0,0
35,89,5,5529,5529,221,221,5308,5308,0,0
35,90,9,10433,10433,1199,1199,9234,9234,0,0
35,91,1,4183,4183,26,26,4157,4157,0,0
35,102,24,3008,3008,2933,2933,75,75,0,0
35,107,38,3836,3836,2764,2764,1071,1071,0,0
35,108,6,18287,18287,4310,4310,13977,13977,0,0
35,109,37,5202,5202,5202,5202,0,0,0,0
35,110,74,11972,11972,11709,11709,264,264,0,0
35,111,31,8570,8570,3060,3060,5509,5509,0,0
35,112,10,2634,2634,2397,2397,237,237,0,0
35,113,53,13084,13084,11540,11540,1544,1544,0,0
35,114,28,6101,6101,5490,5490,611,611,0,0
35,115,18,6019,6019,3302,3302,2718,2718,0,0
35,116,12,3933,3933,3933,3933,0,0,0,0
35,117,3,833,833,718,718,38,38,0,0
35,125,1,174,174,77,77,97,97,0,0
35,11,1,1860,1860,0,0,1860,1860,0,0
35,18,3,2179,2179,110,110,2069,2069,0,0
35,37,5,360,360,360,360,0,0,0,0
35,41,2,18,18,18,18,0,0,0,0
35,48,4,388,388,202,202,102,102,84,84
35,52,5,594,594,594,594,0,0,0,0
35,57,2,1750,1750,21,21,1729,1729,0,0
35,81,1,455,455,158,158,297,297,0,0
35,95,4,1008,1008,840,840,168,168,0,0
35,103,9,925,925,711,711,214,214,0,0
35,121,3,519,519,519,519,0,0,0,0
35,124,1,112,112,0,0,112,112,0,0
36,16,4,552,552,552,552,0,0,0,0
36,17,18,1609,1609,1609,1609,0,0,0,0
36,43,8,1385,1385,1157,1157,227,227,0,0
36,45,1,2285,2285,0,0,2285,2285,0,0
36,58,7,2092,2092,1187,1187,904,904,0,0
36,60,18,6312,6312,3158,3158,3154,3154,0,0
36,61,2,521,521,521,521,0,0,0,0
36,66,4,572,572,572,572,0,0,0,0
36,70,1,131,131,131,131,0,0,0,0
36,71,60,6664,6664,6509,6509,154,154,0,0
36,72,45,4962,4962,4962,4962,0,0,0,0
36,73,29,4174,4174,3816,3816,119,119,0,0
36,74,38,8426,8426,6232,6232,2194,2194,0,0
36,75,27,4190,4190,3325,3325,865,865,0,0
36,76,16,1725,1725,1559,1559,167,167,0,0
36,77,15,4895,4895,1962,1962,2933,2933,0,0
36,78,11,1274,1274,1269,1269,5,5,0,0
36,80,8,713,713,619,619,94,94,0,0
36,81,15,4467,4467,3891,3891,576,576,0,0
36,82,23,7446,7446,7446,7446,0,0,0,0
36,83,15,7410,7410,1658,1658,5753,5753,0,0
36,84,43,15808,15808,4509,4509,11300,11300,0,0
36,85,49,14356,14356,7887,7887,6469,6469,0,0
36,86,20,10497,10497,1956,1956,8541,8541,0,0
36,87,21,7623,7623,1124,1124,6498,6498,0,0
36,88,7,5746,5746,804,804,4942,4942,0,0
36,89,6,4222,4222,950,950,3272,3272,0,0
36,95,6,741,741,625,625,116,116,0,0
36,98,13,4651,4651,1433,1433,3217,3217,0,0
36,102,28,2931,2931,2824,2824,108,108,0,0
36,103,24,2424,2424,2225,2225,199,199,0,0
36,107,12,1021,1021,1021,1021,0,0,0,0
36,108,11,7632,7632,2014,2014,5619,5619,0,0
36,109,31,11776,11776,6200,6200,5577,5577,0,0
36,110,26,6775,6775,5832,5832,349,349,595,595
36,111,35,13843,13843,5264,5264,8578,8578,0,0
36,112,8,3549,3549,571,571,2978,2978,0,0
36,113,9,4519,4519,4519,4519,0,0,0,0
36,114,12,8249,8249,8249,8249,0,0,0,0
36,115,15,6403,6403,5610,5610,794,794,0,0
36,116,16,6040,6040,5766,5766,91,91,0,0
36,117,12,4709,4709,4261,4261,448,448,0,0
36,121,1,260,260,260,260,0,0,0,0
36,122,9,5023,5023,2025,2025,2998,2998,0,0
36,125,6,754,754,754,754,0,0,0,0
36,14,2,119,119,119,119,0,0,0,0
36,37,1,39,39,39,39,0,0,0,0
36,41,2,223,223,223,223,0,0,0,0
36,49,5,968,968,573,573,395,395,0,0
36,68,3,953,953,50,50,903,903,0,0
36,69,3,144,144,144,144,0,0,0,0
36,79,4,855,855,607,607,247,247,0,0
36,99,2,198,198,198,198,0,0,0,0
36,100,2,359,359,163,163,196,196,0,0
36,101,4,355,355,319,319,36,36,0,0
36,127,5,307,307,307,307,0,0,0,0
37,10,9,2024,2024,1250,1250,773,773,0,0
37,17,13,1281,1281,1281,1281,0,0,0,0
37,24,3,220,220,136,136,28,28,0,0
37,25,6,2146,2146,670,670,1476,1476,0,0
37,37,27,4606,4606,2346,2346,2239,2239,0,0
37,39,1,512,512,125,125,387,387,0,0
37,41,7,1426,1426,622,622,804,804,0,0
37,54,1,2813,2813,0,0,2813,2813,0,0
37,60,11,2412,2412,2060,2060,352,352,0,0
37,61,1,109,109,109,109,0,0,0,0
37,71,14,2139,2139,1940,1940,199,199,0,0
37,72,90,10068,10068,9821,9821,82,82,0,0
37,73,31,7188,7188,7188,7188,0,0,0,0
37,74,73,10953,10953,9565,9565,1389,1389,0,0
37,75,16,5293,5293,5003,5003,290,290,0,0
37,76,8,1230,1230,1060,1060,170,170,0,0
37,78,27,3089,3089,3089,3089,0,0,0,0
37,79,6,2234,2234,1009,1009,408,408,0,0
37,80,18,4627,4627,3298,3298,443,443,0,0
37,81,22,7000,7000,7000,7000,0,0,0,0
37,82,36,7930,7930,7930,7930,0,0,0,0
37,83,16,4690,4690,3129,3129,1561,1561,0,0
37,84,27,14675,14675,4055,4055,10622,10622,0,0
37,85,6,4304,4304,920,920,3384,3384,0,0
37,98,5,355,355,156,156,199,199,0,0
37,99,7,1003,1003,784,784,219,219,0,0
37,100,3,508,508,200,200,308,308,0,0
37,101,4,1068,1068,423,423,645,645,0,0
37,102,1,8,8,8,8,0,0,0,0
37,103,4,427,427,427,427,0,0,0,0
37,107,3,534,534,534,534,0,0,0,0
37,108,3,441,441,441,441,0,0,0,0
37,109,35,11384,11384,11384,11384,0,0,0,0
37,110,31,8720,8720,5771,5771,2469,2469,480,480
37,111,29,7476,7476,6312,6312,1165,1165,0,0
37,113,8,3316,3316,2051,2051,1265,1265,0,0
37,114,4,2162,2162,2162,2162,0,0,0,0
37,115,12,5684,5684,5684,5684,0,0,0,0
37,116,11,6801,6801,6801,6801,0,0,0,0
37,117,13,4135,4135,3826,3826,308,308,0,0
37,122,26,4867,4867,3869,3869,998,998,0,0
37,125,8,1862,1862,642,642,1013,1013,0,0
37,127,5,2071,2071,619,619,1452,1452,0,0
37,26,7,1027,1027,1027,1027,0,0,0,0
37,35,6,1318,1318,856,856,462,462,0,0
37,36,10,1844,1844,1240,1240,604,604,0,0
37,52,8,3292,3292,2031,2031,1261,1261,0,0
37,57,2,422,422,422,422,0,0,0,0
37,77,1,8,8,8,8,0,0,0,0
37,91,8,862,862,522,522,340,340,0,0
37,93,8,1729,1729,841,841,888,888,0,0
37,112,5,3018,3018,2933,2933,85,85,0,0
37,119,1,1013,1013,1013,1013,0,0,0,0
37,120,2,185,185,185,185,0,0,0,0
37,121,5,703,703,509,509,194,194,0,0
37,123,7,1550,1550,909,909,640,640,0,0
37,126,11,1301,1301,895,895,407,407,0,0
38,5,6,2765,2765,343,343,2422,2422,0,0
38,7,5,835,835,647,647,133,133,56,56
38,8,1,500,500,292,292,208,208,0,0
38,12,8,831,831,499,499,226,226,0,0
38,16,5,563,563,422,422,141,141,0,0
38,17,6,1307,1307,363,363,944,944,0,0
38,26,11,1588,1588,1494,1494,31,31,0,0
38,34,1,708,708,366,366,342,342,0,0
38,35,12,3628,3628,1560,1560,1849,1849,159,159
38,36,24,3329,3329,2243,2243,1086,1086,0,0
38,37,21,2514,2514,2350,2350,164,164,0,0
38,38,11,1528,1528,1074,1074,453,453,0,0
38,40,6,5106,5106,184,184,4923,4923,0,0
38,41,7,2015,2015,1196,1196,819,819,0,0
38,42,1,10,10,10,10,0,0,0,0
38,43,3,435,435,340,340,95,95,0,0
38,52,4,447,447,340,340,107,107,0,0
38,57,3,182,182,182,182,0,0,0,0
38,60,10,3339,3339,1631,1631,1708,1708,0,0
38,61,12,2274,2274,2090,2090,184,184,0,0
38,72,60,8862,8862,6578,6578,1222,1222,1063,1063
38,73,46,8214,8214,8214,8214,0,0,0,0
38,74,58,8084,8084,8084,8084,0,0,0,0
38,75,45,6452,6452,6452,6452,0,0,0,0
38,76,2,148,148,148,148,0,0,0,0
38,77,29,14198,14198,671,671,13527,13527,0,0
38,78,18,2986,2986,2986,2986,0,0,0,0
38,79,32,6739,6739,6709,6709,10,10,0,0
38,80,25,5874,5874,5208,5208,222,222,0,0
38,81,61,9473,9473,8118,8118,1355,1355,0,0
38,82,48,8134,8134,8134,8134,0,0,0,0
38,83,35,8035,8035,6667,6667,1368,1368,0,0
38,84,5,2029,2029,756,756,1273,1273,0,0
38,89,8,3092,3092,705,705,2388,2388,0,0
38,93,11,1662,1662,1283,1283,379,379,37,37
38,94,6,1166,1166,728,728,438,438,0,0
38,95,3,939,939,601,601,338,338,0,0
38,97,25,1817,1817,1706,1706,111,111,0,0
38,102,1,31,31,31,31,0,0,0,0
38,108,15,2969,2969,1123,1123,1846,1846,0,0
38,109,36,17717,17717,3165,3165,14553,14553,0,0
38,110,56,9301,9301,6140,6140,3161,3161,0,0
38,111,25,13536,13536,5558,5558,7978,7978,0,0
38,112,7,25397,25397,1471,1471,23925,23925,0,0
38,113,9,11593,11593,1957,1957,9636,9636,0,0
38,115,28,7162,7162,3984,3984,3178,3178,0,0
38,116,23,5003,5003,4441,4441,562,562,0,0
38,117,18,4402,4402,3809,3809,592,592,0,0
38,118,5,444,444,444,444,0,0,0,0
38,119,6,1212,1212,1012,1012,200,200,0,0
38,120,27,5193,5193,5193,5193,0,0,0,0
38,121,21,2756,2756,2756,2756,0,0,0,0
38,122,13,1794,1794,1794,1794,0,0,0,0
38,123,13,3237,3237,2689,2689,548,548,0,0
38,124,1,554,554,554,554,0,0,0,0
38,125,1,156,156,133,133,19,19,0,0
38,4,5,1420,1420,486,486,934,934,0,0
38,14,1,1281,1281,0,0,1281,1281,0,0
38,59,2,3206,3206,784,784,2422,2422,0,0
38,92,1,135,135,135,135,0,0,0,0
38,96,16,1884,1884,1552,1552,332,332,0,0
38,126,10,1694,1694,1440,1440,254,254,0,0
38,127,2,183,183,183,183,0,0,0,0
39,4,3,567,567,232,232,335,335,0,0
39,5,2,227,227,213,213,14,14,0,0
39,11,1,211,211,116,116,95,95,0,0
39,13,2,1463,1463,29,29,1434,1434,0,0
39,14,8,1707,1707,810,810,896,896,0,0
39,26,2,244,244,193,193,0,0,52,52
39,60,5,476,476,397,397,78,78,0,0
39,61,10,1566,1566,1458,1458,108,108,0,0
39,71,51,8314,8314,5845,5845,2415,2415,0,0
39,72,75,10763,10763,10354,10354,28,28,324,324
39,73,65,8543,8543,6630,6630,1863,1863,0,0
39,74,58,9496,9496,9496,9496,0,0,0,0
39,75,13,2422,2422,2422,2422,0,0,0,0
39,76,6,878,878,759,759,120,120,0,0
39,77,14,4890,4890,3521,3521,1369,1369,0,0
39,78,13,6843,6843,6843,6843,0,0,0,0
39,79,44,9412,9412,9412,9412,0,0,0,0
39,80,33,7765,7765,4841,4841,1158,1158,1766,1766
39,81,111,12622,12622,12455,12455,167,167,0,0
39,82,34,5610,5610,5591,5591,18,18,0,0
39,83,17,16133,16133,1554,1554,14579,14579,0,0
39,84,5,8041,8041,0,0,8041,8041,0,0
39,89,7,2365,2365,936,936,1429,1429,0,0
39,90,1,86,86,25,25,61,61,0,0
39,91,5,802,802,711,711,90,90,0,0
39,97,7,1605,1605,1451,1451,154,154,0,0
39,108,17,17173,17173,714,714,16460,16460,0,0
39,109,25,14087,14087,1376,1376,12711,12711,0,0
39,110,53,16868,16868,5419,5419,11451,11451,0,0
39,111,8,19285,19285,28,28,19257,19257,0,0
39,112,3,145,145,126,126,6,6,0,0
39,113,3,862,862,808,808,18,18,0,0
39,114,1,21,21,21,21,0,0,0,0
39,115,4,831,831,348,348,483,483,0,0
39,121,3,654,654,654,654,0,0,0,0
39,122,2,194,194,194,194,0,0,0,0
39,126,8,1207,1207,1115,1115,91,91,0,0
39,127,5,447,447,447,447,0,0,0,0
39,18,5,1313,1313,638,638,675,675,0,0
39,25,2,2435,2435,609,609,609,609,0,0
39,27,2,325,325,240,240,0,0,85,85
39,55,2,205,205,71,71,134,134,0,0
39,85,3,1375,1375,1375,1375,0,0,0,0
39,92,6,1023,1023,28,28,994,994,0,0
39,93,6,1204,1204,694,694,510,510,0,0
39,98,1,14,14,14,14,0,0,0,0
39,119,1,42,42,42,42,0,0,0,0
40,0,2,207,207,40,40,87,87,0,0
40,4,6,2428,2428,497,497,1931,1931,0,0
40,5,7,1326,1326,1326,1326,0,0,0,0
40,17,1,992,992,0,0,992,992,0,0
40,18,4,810,810,511,511,298,298,0,0
40,25,2,1952,1952,574,574,1112,1112,0,0
40,53,7,838,838,838,838,0,0,0,0
40,54,6,1383,1383,328,328,1026,1026,0,0
40,55,3,1308,1308,152,152,1156,1156,0,0
40,65,6,1170,1170,506,506,664,664,0,0
40,66,10,2396,2396,1815,1815,581,581,0,0
40,71,52,8245,8245,7625,7625,619,619,0,0
40,72,1,620,620,620,620,0,0,0,0
40,73,104,12960,12960,12888,12888,37,37,0,0
40,74,76,9737,9737,9737,9737,0,0,0,0
40,75,11,3211,3211,2570,2570,641,641,0,0
40,76,38,7335,7335,6224,6224,1110,1110,0,0
40,77,38,8583,8583,8583,8583,0,0,0,0
40,78,15,7259,7259,7259,7259,0,0,0,0
40,79,8,4477,4477,1184,1184,3293,3293,0,0
40,80,55,9441,9441,9080,9080,361,361,0,0
40,81,89,11236,11236,10382,10382,854,854,0,0
40,82,11,1677,1677,1677,1677,0,0,0,0
40,83,16,7529,7529,1196,1196,6334,6334,0,0
40,84,13,7722,7722,884,884,6402,6402,0,0
40,85,1,327,327,327,327,0,0,0,0
40,87,1,11,11,11,11,0,0,0,0
40,95,12,933,933,668,668,267,267,0,0
40,96,2,430,430,194,194,236,236,0,0
40,97,2,600,600,174,174,426,426,0,0
40,107,27,2331,2331,2324,2324,2,2,0,0
40,108,128,11279,11279,10861,10861,419,419,0,0
40,110,8,3556,3556,759,759,2797,2797,0,0
40,111,12,7680,7680,469,469,7211,7211,0,0
40,115,5,1819,1819,1562,1562,85,85,0,0
40,116,14,1679,1679,1251,1251,427,427,0,0
40,124,4,432,432,432,432,0,0,0,0
40,11,3,5124,5124,0,0,5124,5124,0,0
40,15,8,932,932,677,677,255,255,0,0
40,16,1,127,127,66,66,61,61,0,0
40,32,2,4539,4539,324,324,4215,4215,0,0
40,59,1,225,225,225,225,0,0,0,0
40,60,1,150,150,150,150,0,0,0,0
40,61,10,1366,1366,1366,1366,0,0,0,0
40,64,6,431,431,431,431,0,0,0,0
40,70,13,2535,2535,1807,1807,728,728,0,0
40,89,7,798,798,688,688,38,38,0,0
40,93,4,314,314,91,91,223,223,0,0
40,99,2,420,420,420,420,0,0,0,0
40,100,7,1326,1326,1326,1326,0,0,0,0
40,109,6,553,553,259,259,295,295,0,0
40,119,1,55,55,55,55,0,0,0,0
40,120,4,980,980,980,980,0,0,0,0
40,123,1,569,569,569,569,0,0,0,0
41,5,5,5949,5949,125,125,5822,5822,0,0
41,10,5,1132,1132,432,432,700,700,0,0
41,11,1,4752,4752,0,0,4752,4752,0,0
41,13,1,1060,1060,48,48,1012,1012,0,0
41,15,3,526,526,193,193,333,333,0,0
41,56,2,5015,5015,134,134,4880,4880,0,0
41,59,2,402,402,402,402,0,0,0,0
41,61,17,3787,3787,3787,3787,0,0,0,0
41,64,14,4011,4011,1281,1281,2732,2732,0,0
41,69,15,5852,5852,1398,1398,4455,4455,0,0
41,70,27,10178,10178,1905,1905,8274,8274,0,0
41,71,12,1667,1667,1116,1116,551,551,0,0
41,72,30,3330,3330,1881,1881,1449,1449,0,0
41,73,33,6297,6297,3075,3075,3221,3221,0,0
41,74,33,17475,17475,3941,3941,13534,13534,0,0
41,75,50,6093,6093,5666,5666,428,428,0,0
41,76,42,6899,6899,6899,6899,0,0,0,0
41,77,47,8333,8333,8333,8333,0,0,0,0
41,78,29,7723,7723,3386,3386,4337,4337,0,0
41,79,119,14979,14979,13309,13309,1390,1390,280,280
41,80,120,12531,12531,11772,11772,652,652,107,107
41,81,86,11781,11781,11781,11781,0,0,0,0
41,82,34,4760,4760,4760,4760,0,0,0,0
41,83,27,5270,5270,4449,4449,821,821,0,0
41,84,5,1558,1558,404,404,1153,1153,0,0
41,85,1,75,75,75,75,0,0,0,0
41,89,5,647,647,225,225,422,422,0,0
41,95,36,3320,3320,2327,2327,993,993,0,0
41,96,1,1247,1247,7,7,1240,1240,0,0
41,99,3,1007,1007,769,769,79,79,0,0
41,100,2,104,104,104,104,0,0,0,0
41,105,2,275,275,275,275,0,0,0,0
41,107,156,11921,11921,11529,11529,192,192,0,0
41,108,148,15596,15596,15596,15596,0,0,0,0
41,109,44,6359,6359,6359,6359,0,0,0,0
41,110,35,7527,7527,4284,4284,3243,3243,0,0
41,111,4,1976,1976,1976,1976,0,0,0,0
41,113,2,6234,6234,0,0,6234,6234,0,0
41,114,3,6828,6828,0,0,6828,6828,0,0
41,115,3,3703,3703,0,0,3703,3703,0,0
41,116,3,492,492,492,492,0,0,0,0
41,122,2,231,231,231,231,0,0,0,0
41,123,4,449,449,209,209,240,240,0,0
41,9,4,769,769,266,266,503,503,0,0
41,36,9,1240,1240,1077,1077,163,163,0,0
41,50,1,1889,1889,0,0,1889,1889,0,0
41,60,8,991,991,991,991,0,0,0,0
41,62,1,716,716,716,716,0,0,0,0
41,63,1,172,172,172,172,0,0,0,0
41,65,1,1051,1051,90,90,961,961,0,0
41,90,2,442,442,74,74,368,368,0,0
41,94,8,1450,1450,443,443,1007,1007,0,0
41,101,2,62,62,62,62,0,0,0,0
41,106,7,549,549,549,549,0,0,0,0
42,5,4,2247,2247,0,0,2247,2247,0,0
42,7,2,3634,3634,0,0,3634,3634,0,0
42,9,12,1133,1133,977,977,155,155,0,0
42,18,6,951,951,455,455,496,496,0,0
42,36,1,145,145,145,145,0,0,0,0
42,37,10,1983,1983,1277,1277,600,600,0,0
42,60,56,7889,7889,7889,7889,0,0,0,0
42,61,55,9169,9169,9169,9169,0,0,0,0
42,62,28,6253,6253,6253,6253,0,0,0,0
42,63,38,7104,7104,6411,6411,692,692,0,0
42,64,35,9706,9706,6660,6660,3047,3047,0,0
42,65,31,6827,6827,4176,4176,2595,2595,0,0
42,66,7,789,789,789,789,0,0,0,0
42,67,1,294,294,17,17,277,277,0,0
42,68,13,16465,16465,1360,1360,15106,15106,0,0
42,69,17,7624,7624,1291,1291,6333,6333,0,0
42,70,7,1252,1252,1252,1252,0,0,0,0
42,72,24,2109,2109,1537,1537,572,572,0,0
42,73,15,4040,4040,1175,1175,2865,2865,0,0
42,74,13,4437,4437,1297,1297,3139,3139,0,0
42,75,41,4444,4444,4217,4217,228,228,0,0
42,76,62,9681,9681,8769,8769,912,912,0,0
42,77,17,7123,7123,3780,3780,3344,3344,0,0
42,78,54,8283,8283,7635,7635,650,650,0,0
42,79,116,13310,13310,13310,13310,0,0,0,0
42,80,94,11368,11368,11110,11110,259,259,0,0
42,81,90,9967,9967,8292,8292,1674,1674,0,0
42,82,44,8157,8157,5731,5731,2427,2427,0,0
42,83,86,8467,8467,7906,7906,562,562,0,0
42,84,43,5560,5560,4946,4946,614,614,0,0
42,85,35,5098,5098,4635,4635,463,463,0,0
42,86,5,648,648,648,648,0,0,0,0
42,90,2,1174,1174,349,349,825,825,0,0
42,91,4,294,294,222,222,72,72,0,0
42,93,6,761,761,628,628,133,133,0,0
42,94,14,1492,1492,1073,1073,419,419,0,0
42,96,2,374,374,148,148,226,226,0,0
42,97,1,112,112,38,38,74,74,0,0
42,98,9,992,992,879,879,113,113,0,0
42,99,27,2700,2700,2172,2172,527,527,0,0
42,100,18,1925,1925,1717,1717,208,208,0,0
42,101,40,4096,4096,4096,4096,0,0,0,0
42,102,45,4122,4122,3712,3712,410,410,0,0
42,105,22,2388,2388,2388,2388,0,0,0,0
42,106,87,11772,11772,10468,10468,1304,1304,0,0
42,107,115,13241,13241,11545,11545,1696,1696,0,0
42,108,61,7587,7587,7587,7587,0,0,0,0
42,109,8,5550,5550,4246,4246,435,435,0,0
42,110,4,1568,1568,1568,1568,0,0,0,0
42,111,6,549,549,549,549,0,0,0,0
42,115,1,3547,3547,0,0,3547,3547,0,0
42,121,2,2642,2642,0,0,2642,2642,0,0
42,123,11,812,812,812,812,0,0,0,0
42,3,1,2093,2093,0,0,2093,2093,0,0
42,38,1,54,54,54,54,0,0,0,0
42,50,1,121,121,121,121,0,0,0,0
42,56,7,3777,3777,420,420,3358,3358,0,0
42,57,3,884,884,627,627,258,258,0,0
42,59,9,1163,1163,951,951,211,211,0,0
42,103,15,1219,1219,939,939,280,280,0,0
42,104,10,1346,1346,774,774,572,572,0,0
42,112,1,1637,1637,0,0,1637,1637,0,0
42,113,9,2238,2238,1454,1454,784,784,0,0
42,114,3,711,711,560,560,151,151,0,0
42,118,1,351,351,278,278,73,73,0,0
42,122,9,1438,1438,630,630,808,808,0,0
42,127,5,828,828,828,828,0,0,0,0
43,7,8,2688,2688,612,612,2075,2075,0,0
43,30,8,7864,7864,401,401,7463,7463,0,0
43,38,1,394,394,394,394,0,0,0,0
43,54,1,1741,1741,0,0,1741,1741,0,0
43,55,10,3042,3042,769,769,2272,2272,0,0
43,56,6,3064,3064,243,243,2820,2820,0,0
43,57,45,5238,5238,4903,4903,335,335,0,0
43,58,55,6683,6683,6577,6577,106,106,0,0
43,60,43,7684,7684,5424,5424,2260,2260,0,0
43,61,90,10890,10890,9689,9689,1200,1200,0,0
43,62,100,13765,13765,13407,13407,357,357,0,0
43,63,54,10072,10072,10072,10072,0,0,0,0
43,64,42,13457,13457,8370,8370,5087,5087,0,0
43,65,23,5950,5950,4645,4645,799,799,0,0
43,67,8,11219,11219,1275,1275,9943,9943,0,0
43,68,16,9207,9207,719,719,8488,8488,0,0
43,73,4,363,363,363,363,0,0,0,0
43,74,1,307,307,307,307,0,0,0,0
43,76,117,10858,10858,10452,10452,406,406,0,0
43,77,137,16865,16865,13390,13390,3475,3475,0,0
43,78,84,9628,9628,9628,9628,0,0,0,0
43,79,72,6595,6595,6595,6595,0,0,0,0
43,80,136,10398,10398,9012,9012,1386,1386,0,0
43,81,60,3993,3993,3993,3993,0,0,0,0
43,82,13,971,971,971,971,0,0,0,0
43,83,1,203,203,0,0,203,203,0,0
43,84,19,3495,3495,1944,1944,1474,1474,76,76
43,89,17,1833,1833,915,915,900,900,0,0
43,90,8,1709,1709,861,861,848,848,0,0
43,101,23,1918,1918,1918,1918,0,0,0,0
43,102,16,2874,2874,2874,2874,0,0,0,0
43,103,1,178,178,178,178,0,0,0,0
43,104,37,3683,3683,2511,2511,1171,1171,0,0
43,105,90,12225,12225,12116,12116,109,109,0,0
43,106,122,13777,13777,13442,13442,337,337,0,0
43,107,26,10190,10190,4934,4934,5256,5256,0,0
43,108,39,6761,6761,6761,6761,0,0,0,0
43,109,7,2985,2985,2985,2985,0,0,0,0
43,110,5,1678,1678,1064,1064,614,614,0,0
43,112,3,6463,6463,0,0,6463,6463,0,0
43,113,1,1841,1841,0,0,1841,1841,0,0
43,114,13,2327,2327,2279,2279,16,16,0,0
43,115,12,1587,1587,1587,1587,0,0,0,0
43,116,5,450,450,450,450,0,0,0,0
43,117,10,2147,2147,1916,1916,231,231,0,0
43,118,7,1287,1287,1102,1102,185,185,0,0
43,121,11,1217,1217,1159,1159,58,58,0,0
43,122,9,1792,1792,1032,1032,760,760,0,0
43,124,8,1774,1774,547,547,1227,1227,0,0
43,1,1,2731,2731,0,0,2731,2731,0,0
43,4,10,2865,2865,1116,1116,1750,1750,0,0
43,8,3,804,804,365,365,439,439,0,0
43,9,1,118,118,118,118,0,0,0,0
43,29,3,2035,2035,318,318,1716,1716,0,0
43,34,1,170,170,43,43,43,43,0,0
43,46,1,176,176,0,0,176,176,0,0
43,47,4,2049,2049,452,452,1597,1597,0,0
43,59,21,3961,3961,3961,3961,0,0,0,0
43,66,7,817,817,516,516,100,100,0,0
43,75,20,1846,1846,1846,1846,0,0,0,0
43,88,2,212,212,212,212,0,0,0,0
43,100,7,477,477,477,477,0,0,0,0
43,119,6,1106,1106,1106,1106,0,0,0,0
43,120,3,610,610,610,610,0,0,0,0
43,123,1,1081,1081,1081,1081,0,0,0,0
43,125,1,1155,1155,0,0,1155,1155,0,0
44,4,15,2655,2655,1324,1324,1331,1331,0,0
44,5,9,4698,4698,521,521,4178,4178,0,0
44,8,4,3384,3384,94,94,3291,3291,0,0
44,26,1,817,817,204,204,204,204,0,0
44,29,5,3593,3593,573,573,3020,3020,0,0
44,38,1,279,279,0,0,279,279,0,0
44,39,4,753,753,477,477,276,276,0,0
44,47,2,433,433,433,433,0,0,0,0
44,50,10,2289,2289,1413,1413,876,876,0,0
44,51,4,1462,1462,655,655,807,807,0,0
44,54,4,807,807,601,601,205,205,0,0
44,55,4,889,889,443,443,446,446,0,0
44,56,27,3159,3159,2648,2648,491,491,0,0
44,57,3,1020,1020,1020,1020,0,0,0,0
44,58,38,3582,3582,3296,3296,275,275,0,0
44,59,17,6052,6052,2238,2238,2217,2217,1598,1598
44,60,49,8272,8272,6407,6407,1742,1742,0,0
44,61,41,6007,6007,5918,5918,30,30,0,0
44,62,106,11488,11488,10891,10891,597,597,0,0
44,63,64,9793,9793,8053,8053,1740,1740,0,0
44,64,6,5455,5455,1255,1255,4200,4200,0,0
44,65,8,8637,8637,1947,1947,6589,6589,0,0
44,67,3,5776,5776,188,188,5587,5587,0,0
44,68,10,8218,8218,973,973,7245,7245,0,0
44,69,1,1608,1608,1,1,1607,1607,0,0
44,72,4,426,426,426,426,0,0,0,0
44,73,25,6019,6019,1675,1675,4344,4344,0,0
44,75,63,9400,9400,8595,8595,804,804,0,0
44,76,111,12895,12895,12698,12698,170,170,0,0
44,77,86,14772,14772,13862,13862,911,911,0,0
44,78,33,6305,6305,6305,6305,0,0,0,0
44,80,6,1726,1726,799,799,926,926,0,0
44,81,6,989,989,989,989,0,0,0,0
44,91,2,1218,1218,321,321,896,896,0,0
44,101,10,754,754,754,754,0,0,0,0
44,102,57,3550,3550,3550,3550,0,0,0,0
44,103,46,3756,3756,3756,3756,0,0,0,0
44,104,83,9966,9966,9966,9966,0,0,0,0
44,105,59,11073,11073,8259,8259,1287,1287,1526,1526
44,106,85,8504,8504,8311,8311,195,195,0,0
44,107,16,3517,3517,3517,3517,0,0,0,0
44,108,20,3520,3520,3154,3154,366,366,0,0
44,109,11,4497,4497,2576,2576,1921,1921,0,0
44,110,10,15420,15420,2812,2812,12608,12608,0,0
44,111,2,570,570,94,94,476,476,0,0
44,112,2,3266,3266,0,0,3266,3266,0,0
44,116,4,1255,1255,539,539,716,716,0,0
44,117,9,8784,8784,679,679,8105,8105,0,0
44,118,32,3515,3515,3515,3515,0,0,0,0
44,119,38,5090,5090,5089,5089,2,2,0,0
44,120,5,1433,1433,519,519,914,914,0,0
44,121,1,127,127,32,32,32,32,0,0
44,3,4,3277,3277,498,498,2779,2779,0,0
44,6,1,113,113,113,113,0,0,0,0
44,9,9,1341,1341,770,770,571,571,0,0
44,18,4,576,576,398,398,177,177,0,0
44,20,2,1867,1867,12,12,1855,1855,0,0
44,24,4,863,863,216,216,216,216,0,0
44,28,9,2533,2533,1498,1498,1033,1033,0,0
44,46,5,1326,1326,793,793,532,532,0,0
44,52,4,889,889,391,391,498,498,0,0
44,53,1,402,402,402,402,0,0,0,0
44,66,3,4940,4940,82,82,4857,4857,0,0
44,74,2,311,311,311,311,0,0,0,0
44,89,1,2003,2003,0,0,2003,2003,0,0
44,90,2,394,394,338,338,56,56,0,0
44,92,1,1246,1246,112,112,1134,1134,0,0
44,93,4,973,973,627,627,346,346,0,0
44,115,3,614,614,614,614,0,0,0,0
45,4,10,1632,1632,1119,1119,513,513,0,0
45,9,1,531,531,169,169,362,362,0,0
45,18,5,1039,1039,346,346,693,693,0,0
45,20,1,607,607,108,108,499,499,0,0
45,38,4,438,438,315,315,122,122,0,0
45,42,13,1967,1967,1126,1126,841,841,0,0
45,46,11,3464,3464,1144,1144,2244,2244,76,76
45,51,2,449,449,449,449,0,0,0,0
45,52,17,2466,2466,1627,1627,839,839,0,0
45,53,1,178,178,18,18,160,160,0,0
45,61,29,4486,4486,4486,4486,0,0,0,0
45,62,70,10648,10648,10231,10231,416,416,0,0
45,63,43,8788,8788,8788,8788,0,0,0,0
45,64,13,3050,3050,3050,3050,0,0,0,0
45,66,7,11908,11908,856,856,11054,11054,0,0
45,67,1,29,29,7,7,7,7,0,0
45,74,6,1073,1073,1073,1073,0,0,0,0
45,75,65,8029,8029,7758,7758,271,271,0,0
45,76,102,12481,12481,11959,11959,523,523,0,0
45,77,94,14653,14653,12608,12608,789,789,1083,1083
45,78,45,7528,7528,5013,5013,1461,1461,972,972
45,79,5,1065,1065,701,701,364,364,0,0
45,80,15,2166,2166,1385,1385,781,781,0,0
45,81,2,125,125,125,125,0,0,0,0
45,89,4,446,446,199,199,247,247,0,0
45,90,5,680,680,305,305,376,376,0,0
45,92,1,50,50,49,49,1,1,0,0
45,93,1,297,297,290,290,7,7,0,0
45,96,28,4803,4803,3269,3269,1533,1533,0,0
45,102,35,3647,3647,2970,2970,677,677,0,0
45,103,15,1808,1808,1808,1808,0,0,0,0
45,104,29,6666,6666,4615,4615,2051,2051,0,0
45,105,78,9212,9212,8460,8460,744,744,7,7
45,106,79,7843,7843,7546,7546,297,297,0,0
45,107,6,3596,3596,3596,3596,0,0,0,0
45,108,20,7051,7051,6225,6225,817,817,0,0
45,109,2,3563,3563,0,0,3563,3563,0,0
45,110,2,1992,1992,12,12,1980,1980,0,0
45,111,1,203,203,203,203,0,0,0,0
45,115,18,1797,1797,1585,1585,212,212,0,0
45,119,1,76,76,76,76,0,0,0,0
45,120,4,666,666,319,319,116,116,0,0
45,121,4,566,566,566,566,0,0,0,0
45,123,3,425,425,425,425,0,0,0,0
45,126,3,400,400,400,400,0,0,0,0
45,3,5,586,586,580,580,6,6,0,0
45,5,1,1685,1685,0,0,1685,1685,0,0
45,8,3,331,331,331,331,0,0,0,0
45,22,6,3597,3597,449,449,3116,3116,0,0
45,23,1,1308,1308,0,0,1308,1308,0,0
45,37,1,221,221,221,221,0,0,0,0
45,40,1,961,961,171,171,791,791,0,0
45,49,1,789,789,789,789,0,0,0,0
45,50,3,2622,2622,2622,2622,0,0,0,0
45,94,1,13,13,13,13,0,0,0,0
45,97,5,717,717,231,231,486,486,0,0
45,98,2,808,808,68,68,740,740,0,0
45,99,1,673,673,47,47,626,626,0,0
45,112,1,43,43,43,43,0,0,0,0
45,113,1,291,291,291,291,0,0,0,0
45,116,2,365,365,365,365,0,0,0,0
45,117,2,204,204,204,204,0,0,0,0
45,125,2,298,298,298,298,0,0,0,0
45,127,1,56,56,56,56,0,0,0,0
46,2,6,1940,1940,462,462,1479,1479,0,0
46,3,4,1640,1640,78,78,1561,1561,0,0
46,4,3,4385,4385,67,67,4318,4318,0,0
46,7,6,981,981,710,710,271,271,0,0
46,18,38,4901,4901,4235,4235,665,665,0,0
46,20,18,2947,2947,2679,2679,268,268,0,0
46,22,3,1529,1529,67,67,1463,1463,0,0
46,38,3,581,581,353,353,228,228,0,0
46,39,6,11108,11108,1097,1097,10010,10010,0,0
46,46,6,5093,5093,32,32,5061,5061,0,0
46,54,1,166,166,166,166,0,0,0,0
46,55,3,393,393,217,217,176,176,0,0
46,56,1,13,13,13,13,0,0,0,0
46,57,1,245,245,245,245,0,0,0,0
46,59,1,119,119,119,119,0,0,0,0
46,61,62,7273,7273,7273,7273,0,0,0,0
46,62,50,7208,7208,7208,7208,0,0,0,0
46,63,17,5238,5238,4852,4852,386,386,0,0
46,64,8,1794,1794,1180,1180,614,614,0,0
46,71,8,855,855,855,855,0,0,0,0
46,73,2,356,356,263,263,31,31,0,0
46,74,57,5527,5527,5527,5527,0,0,0,0
46,75,105,12354,12354,12354,12354,0,0,0,0
46,76,116,14012,14012,11948,11948,2023,2023,0,0
46,77,98,11217,11217,11101,11101,116,116,0,0
46,78,9,1786,1786,1272,1272,291,291,0,0
46,79,18,4837,4837,2507,2507,2330,2330,0,0
46,89,5,4036,4036,1052,1052,2984,2984,0,0
46,90,1,113,113,113,113,0,0,0,0
46,96,10,1305,1305,883,883,421,421,0,0
46,97,1,212,212,207,207,5,5,0,0
46,99,9,2008,2008,626,626,1382,1382,0,0
46,101,7,799,799,648,648,151,151,0,0
46,102,25,4014,4014,3816,3816,198,198,0,0
46,103,8,8350,8350,5300,5300,3050,3050,0,0
46,104,36,6764,6764,6764,6764,0,0,0,0
46,105,81,11235,11235,11171,11171,64,64,0,0
46,106,48,6698,6698,6605,6605,93,93,0,0
46,107,27,6259,6259,6259,6259,0,0,0,0
46,108,14,8195,8195,8195,8195,0,0,0,0
46,109,6,2932,2932,2932,2932,0,0,0,0
46,119,13,1425,1425,1377,1377,16,16,0,0
46,120,3,355,355,355,355,0,0,0,0
46,122,1,221,221,221,221,0,0,0,0
46,123,12,3202,3202,1489,1489,1657,1657,0,0
46,124,3,610,610,296,296,315,315,0,0
46,125,1,29,29,29,29,0,0,0,0
46,15,1,923,923,0,0,923,923,0,0
46,17,2,394,394,394,394,0,0,0,0
46,19,6,757,757,757,757,0,0,0,0
46,29,5,696,696,381,381,315,315,0,0
46,35,1,147,147,147,147,0,0,0,0
46,37,3,305,305,138,138,167,167,0,0
46,42,2,224,224,224,224,0,0,0,0
46,60,13,2065,2065,1993,1993,72,72,0,0
46,88,4,3223,3223,246,246,2978,2978,0,0
46,98,2,692,692,167,167,525,525,0,0
46,100,3,192,192,192,192,0,0,0,0
46,110,3,536,536,316,316,220,220,0,0
46,116,4,273,273,33,33,240,240,0,0
46,118,4,464,464,257,257,207,207,0,0
46,121,4,352,352,352,352,0,0,0,0
46,126,2,3717,3717,49,49,3668,3668,0,0
46,127,1,2786,2786,0,0,2786,2786,0,0
47,0,1,321,321,321,321,0,0,0,0
47,6,6,664,664,290,290,375,375,0,0
47,7,5,921,921,224,224,697,697,0,0
47,15,11,3635,3635,1058,1058,2577,2577,0,0
47,16,8,1581,1581,1578,1578,3,3,0,0
47,17,43,6882,6882,6878,6878,3,3,0,0
47,18,44,5879,5879,4688,4688,1044,1044,0,0
47,19,24,2327,2327,2191,2191,136,136,0,0
47,20,2,994,994,65,65,929,929,0,0
47,28,3,7620,7620,0,0,7620,7620,0,0
47,29,3,637,637,103,103,534,534,0,0
47,35,6,931,931,396,396,508,508,0,0
47,36,29,3246,3246,2506,2506,740,740,0,0
47,40,2,951,951,410,410,541,541,0,0
47,44,1,58,58,58,58,0,0,0,0
47,50,2,7030,7030,0,0,7030,7030,0,0
47,52,2,2451,2451,0,0,2451,2451,0,0
47,58,9,3293,3293,1200,1200,2093,2093,0,0
47,59,2,635,635,635,635,0,0,0,0
47,60,52,8250,8250,7699,7699,550,550,0,0
47,61,40,7707,7707,7707,7707,0,0,0,0
47,62,9,1628,1628,1448,1448,180,180,0,0
47,63,23,7373,7373,4027,4027,3345,3345,0,0
47,64,7,6062,6062,949,949,5112,5112,0,0
47,65,1,35,35,35,35,0,0,0,0
47,69,12,2090,2090,442,442,1648,1648,0,0
47,74,77,5902,5902,5483,5483,419,419,0,0
47,75,70,6861,6861,6861,6861,0,0,0,0
47,76,26,3475,3475,2633,2633,842,842,0,0
47,77,3,554,554,554,554,0,0,0,0
47,78,5,871,871,871,871,0,0,0,0
47,88,8,6793,6793,531,531,6262,6262,0,0
47,89,4,8925,8925,36,36,8889,8889,0,0
47,95,20,3034,3034,1408,1408,1626,1626,0,0
47,97,12,1161,1161,933,933,228,228,0,0
47,98,21,1988,1988,1735,1735,253,253,0,0
47,99,7,1047,1047,769,769,278,278,0,0
47,102,6,1471,1471,1471,1471,0,0,0,0
47,103,10,5384,5384,5384,5384,0,0,0,0
47,104,16,6750,6750,5068,5068,1682,1682,0,0
47,105,26,5408,5408,4802,4802,606,606,0,0
47,106,31,8519,8519,7110,7110,1410,1410,0,0
47,108,2,7223,7223,7207,7207,16,16,0,0
47,109,1,986,986,986,986,0,0,0,0
47,110,2,384,384,119,119,265,265,0,0
47,118,12,5425,5425,1349,1349,4076,4076,0,0
47,119,8,1184,1184,868,868,317,317,0,0
47,123,1,492,492,93,93,399,399,0,0
47,124,6,4397,4397,947,947,3450,3450,0,0
47,22,7,684,684,269,269,416,416,0,0
47,25,1,608,608,0,0,608,608,0,0
47,26,1,1556,1556,523,523,1034,1034,0,0
47,34,1,290,290,47,47,242,242,0,0
47,46,2,379,379,379,379,0,0,0,0
47,51,3,405,405,369,369,36,36,0,0
47,53,3,454,454,212,212,242,242,0,0
47,71,8,1073,1073,1073,1073,0,0,0,0
47,93,7,487,487,244,244,243,243,0,0
47,94,4,351,351,318,318,32,32,0,0
47,96,23,2131,2131,1791,1791,340,340,0,0
47,111,5,985,985,985,985,0,0,0,0
47,112,2,444,444,87,87,357,357,0,0
47,113,1,201,201,97,97,104,104,0,0
47,114,3,703,703,212,212,492,492,0,0
47,116,3,799,799,299,299,434,434,0,0
47,117,8,4659,4659,1041,1041,3618,3618,0,0
48,13,3,1411,1411,278,278,1133,1133,0,0
48,14,2,300,300,300,300,0,0,0,0
48,15,43,5443,5443,5443,5443,0,0,0,0
48,16,64,9176,9176,7269,7269,1521,1521,386,386
48,17,30,10401,10401,3557,3557,6844,6844,0,0
48,25,5,13706,13706,0,0,13706,13706,0,0
48,54,1,196,196,196,196,0,0,0,0
48,56,9,1878,1878,1821,1821,19,19,0,0
48,58,1,207,207,207,207,0,0,0,0
48,60,39,7342,7342,4500,4500,2841,2841,0,0
48,61,22,3249,3249,2772,2772,476,476,0,0
48,63,18,2523,2523,1973,1973,550,550,0,0
48,64,2,181,181,181,181,0,0,0,0
48,66,17,2602,2602,1817,1817,417,417,0,0
48,69,2,230,230,230,230,0,0,0,0
48,70,1,86,86,86,86,0,0,0,0
48,71,2,1800,1800,249,249,1551,1551,0,0
48,72,2,921,921,9,9,912,912,0,0
48,73,1,137,137,137,137,0,0,0,0
48,74,55,5297,5297,5297,5297,0,0,0,0
48,77,4,603,603,603,603,0,0,0,0
48,88,2,438,438,168,168,270,270,0,0
48,89,1,1299,1299,0,0,1299,1299,0,0
48,90,13,3533,3533,1470,1470,2064,2064,0,0
48,93,5,796,796,549,549,247,247,0,0
48,95,7,861,861,692,692,170,170,0,0
48,101,13,1307,1307,395,395,912,912,0,0
48,102,25,2662,2662,2390,2390,272,272,0,0
48,104,16,8964,8964,3986,3986,4980,4980,0,0
48,105,25,8739,8739,4066,4066,2834,2834,0,0
48,106,13,4236,4236,3888,3888,349,349,0,0
48,107,4,1786,1786,1261,1261,524,524,0,0
48,111,9,2160,2160,1999,1999,54,54,0,0
48,114,10,3410,3410,2091,2091,1319,1319,0,0
48,118,3,1490,1490,1490,1490,0,0,0,0
48,119,40,6367,6367,6321,6321,15,15,0,0
48,120,53,8811,8811,8811,8811,0,0,0,0
48,121,45,5764,5764,5764,5764,0,0,0,0
48,122,18,3518,3518,3103,3103,415,415,0,0
48,123,22,4586,4586,4586,4586,0,0,0,0
48,124,5,1168,1168,1168,1168,0,0,0,0
48,125,13,2093,2093,1250,1250,841,841,0,0
48,11,3,2352,2352,527,527,1825,1825,0,0
48,19,6,3193,3193,482,482,2711,2711,0,0
48,20,1,1951,1951,60,60,1891,1891,0,0
48,21,1,208,208,156,156,52,52,0,0
48,24,1,171,171,171,171,0,0,0,0
48,34,10,2943,2943,1374,1374,1569,1569,0,0
48,35,19,2970,2970,2699,2699,271,271,0,0
48,55,4,755,755,755,755,0,0,0,0
48,62,1,14,14,14,14,0,0,0,0
48,68,1,22,22,22,22,0,0,0,0
48,75,1,87,87,87,87,0,0,0,0
48,76,1,15,15,4,4,4,4,0,0
48,92,1,343,343,343,343,0,0,0,0
48,96,1,1332,1332,0,0,1332,1332,0,0
48,98,4,349,349,349,349,0,0,0,0
48,103,3,360,360,114,114,246,246,0,0
48,126,17,5139,5139,1681,1681,3457,3457,0,0
48,127,2,2065,2065,524,524,1542,1542,0,0
49,15,30,5757,5757,4049,4049,1708,1708,0,0
49,16,31,4938,4938,3786,3786,1153,1153,0,0
49,18,5,2156,2156,371,371,1784,1784,0,0
49,21,2,1406,1406,54,54,1353,1353,0,0
49,33,13,2149,2149,1368,1368,781,781,0,0
49,34,33,6428,6428,5291,5291,808,808,328,328
49,35,22,3387,3387,2698,2698,689,689,0,0
49,54,8,2649,2649,1293,1293,1357,1357,0,0
49,56,5,957,957,957,957,0,0,0,0
49,58,9,5155,5155,103,103,5053,5053,0,0
49,61,13,2728,2728,2668,2668,60,60,0,0
49,63,4,464,464,375,375,88,88,0,0
49,64,6,611,611,611,611,0,0,0,0
49,65,1,68,68,68,68,0,0,0,0
49,66,9,1460,1460,702,702,759,759,0,0
49,69,20,4392,4392,2331,2331,2062,2062,0,0
49,72,10,1556,1556,1071,1071,485,485,0,0
49,73,14,4594,4594,1283,1283,3311,3311,0,0
49,74,43,4744,4744,4114,4114,630,630,0,0
49,94,7,1067,1067,864,864,203,203,0,0
49,96,2,348,348,79,79,269,269,0,0
49,97,7,1063,1063,488,488,575,575,0,0
49,98,8,744,744,639,639,105,105,0,0
49,99,10,2091,2091,901,901,1189,1189,0,0
49,101,15,1726,1726,895,895,830,830,0,0
49,102,1,149,149,149,149,0,0,0,0
49,104,1,2281,2281,21,21,2259,2259,0,0
49,105,2,532,532,532,532,0,0,0,0
49,106,4,975,975,975,975,0,0,0,0
49,108,3,3354,3354,31,31,3322,3322,0,0
49,111,2,195,195,195,195,0,0,0,0
49,118,18,2234,2234,2234,2234,0,0,0,0
49,119,63,8016,8016,8016,8016,0,0,0,0
49,120,71,11376,11376,10093,10093,1283,1283,0,0
49,121,72,9088,9088,8076,8076,1012,1012,0,0
49,122,20,7989,7989,2736,2736,5253,5253,0,0
49,123,6,3234,3234,3234,3234,0,0,0,0
49,124,25,3021,3021,2760,2760,261,261,0,0
49,125,23,12337,12337,3073,3073,9263,9263,0,0
49,126,25,13196,13196,3342,3342,9855,9855,0,0
49,127,30,11401,11401,4189,4189,7211,7211,0,0
49,10,1,2788,2788,0,0,2788,2788,0,0
49,11,15,3482,3482,1301,1301,2180,2180,0,0
49,12,2,159,159,159,159,0,0,0,0
49,14,3,1657,1657,713,713,944,944,0,0
49,20,1,1437,1437,0,0,1437,1437,0,0
49,30,7,2729,2729,486,486,2243,2243,0,0
49,42,1,272,272,272,272,0,0,0,0
49,43,3,2302,2302,1035,1035,1267,1267,0,0
49,51,1,483,483,0,0,482,482,0,0
49,53,6,1066,1066,319,319,746,746,0,0
49,55,1,62,62,62,62,0,0,0,0
49,59,2,212,212,212,212,0,0,0,0
49,78,1,68,68,68,68,0,0,0,0
49,88,4,733,733,733,733,0,0,0,0
49,90,6,1338,1338,531,531,807,807,0,0
49,95,1,74,74,74,74,0,0,0,0
49,109,1,1130,1130,0,0,1130,1130,0,0
49,110,3,408,408,367,367,33,33,0,0
50,11,4,964,964,368,368,595,595,0,0
50,14,4,1925,1925,492,492,1434,1434,0,0
50,15,5,2099,2099,543,543,1556,1556,0,0
50,17,14,3443,3443,1051,1051,2392,2392,0,0
50,18,10,2794,2794,453,453,2341,2341,0,0
50,20,2,1650,1650,1,1,1648,1648,0,0
50,21,1,291,291,41,41,250,250,0,0
50,29,5,1812,1812,873,873,939,939,0,0
50,30,4,446,446,446,446,0,0,0,0
50,33,7,1156,1156,1019,1019,137,137,0,0
50,34,8,8548,8548,780,780,7768,7768,0,0
50,42,1,391,391,0,0,391,391,0,0
50,43,4,653,653,653,653,0,0,0,0
50,53,6,464,464,464,464,0,0,0,0
50,54,1,4914,4914,0,0,4914,4914,0,0
50,57,1,66,66,66,66,0,0,0,0
50,58,8,3198,3198,717,717,2482,2482,0,0
50,59,17,2056,2056,2050,2050,6,6,0,0
50,70,7,651,651,651,651,0,0,0,0
50,72,17,2008,2008,2008,2008,0,0,0,0
50,73,7,1529,1529,471,471,1058,1058,0,0
50,85,4,1178,1178,586,586,547,547,0,0
50,87,2,448,448,194,194,254,254,0,0
50,90,1,819,819,0,0,819,819,0,0
50,96,5,582,582,485,485,97,97,0,0
50,100,5,407,407,367,367,41,41,0,0
50,101,5,412,412,412,412,0,0,0,0
50,106,10,2556,2556,889,889,1667,1667,0,0
50,107,1,2583,2583,0,0,2583,2583,0,0
50,108,2,3592,3592,55,55,3537,3537,0,0
50,118,11,1344,1344,1344,1344,0,0,0,0
50,119,5,2230,2230,2230,2230,0,0,0,0
50,120,78,7414,7414,6483,6483,931,931,0,0
50,121,55,5527,5527,5393,5393,45,45,0,0
50,122,49,6617,6617,5871,5871,660,660,0,0
50,123,89,11720,11720,11183,11183,537,537,0,0
50,124,95,9989,9989,9836,9836,153,153,0,0
50,125,31,6119,6119,6119,6119,0,0,0,0
50,10,1,332,332,332,332,0,0,0,0
50,16,3,1481,1481,374,374,1107,1107,0,0
50,39,2,98,98,98,98,0,0,0,0
50,49,3,424,424,146,146,278,278,0,0
50,52,1,466,466,161,161,305,305,0,0
50,63,1,26,26,7,7,7,7,0,0
50,68,3,5130,5130,0,0,5130,5130,0,0
50,71,1,857,857,44,44,813,813,0,0
50,75,4,3068,3068,237,237,2832,2832,0,0
50,91,4,713,713,335,335,378,378,0,0
50,92,2,1026,1026,192,192,834,834,0,0
50,95,4,1389,1389,399,399,991,991,0,0
50,117,1,886,886,0,0,886,886,0,0
50,126,6,578,578,571,571,7,7,0,0
50,127,1,247,247,146,146,102,102,0,0
51,7,11,5533,5533,728,728,4805,4805,0,0
51,9,1,3085,3085,0,0,3085,3085,0,0
51,10,1,2752,2752,0,0,2752,2752,0,0
51,13,6,2372,2372,984,984,1388,1388,0,0
51,14,11,2909,2909,953,953,1956,1956,0,0
51,15,11,1940,1940,1552,1552,387,387,0,0
51,17,3,1496,1496,98,98,1398,1398,0,0
51,28,2,939,939,299,299,640,640,0,0
51,29,9,1546,1546,610,610,936,936,0,0
51,35,6,612,612,612,612,0,0,0,0
51,39,10,1949,1949,1352,1352,597,597,0,0
51,49,5,1575,1575,221,221,1155,1155,0,0
51,55,3,405,405,405,405,0,0,0,0
51,57,6,1009,1009,856,856,153,153,0,0
51,58,5,3279,3279,462,462,2817,2817,0,0
51,60,3,1275,1275,113,113,1162,1162,0,0
51,61,2,705,705,705,705,0,0,0,0
51,72,8,1304,1304,1304,1304,0,0,0,0
51,73,1,372,372,372,372,0,0,0,0
51,75,14,3730,3730,1329,1329,2401,2401,0,0
51,81,1,23,23,6,6,6,6,0,0
51,85,7,4253,4253,841,841,3412,3412,0,0
51,90,5,851,851,791,791,60,60,0,0
51,95,9,1840,1840,474,474,1366,1366,0,0
51,107,3,2575,2575,146,146,2429,2429,0,0
51,113,4,347,347,171,171,176,176,0,0
51,118,4,239,239,154,154,85,85,0,0
51,120,3,4678,4678,1,1,4677,4677,0,0
51,121,19,11772,11772,1803,1803,9967,9967,0,0
51,122,36,4508,4508,4508,4508,0,0,0,0
51,123,35,4596,4596,4596,4596,0,0,0,0
51,124,25,3894,3894,3894,3894,0,0,0,0
51,125,19,4003,4003,3887,3887,116,116,0,0
51,126,36,4881,4881,4881,4881,0,0,0,0
51,127,20,3015,3015,2491,2491,524,524,0,0
51,16,1,205,205,205,205,0,0,0,0
51,19,4,642,642,642,642,0,0,0,0
51,66,1,654,654,654,654,0,0,0,0
51,69,6,713,713,713,713,0,0,0,0
51,70,6,1128,1128,660,660,469,469,0,0
51,71,2,486,486,486,486,0,0,0,0
51,74,11,1627,1627,1331,1331,295,295,0,0
51,91,6,1839,1839,1074,1074,763,763,0,0
51,97,4,405,405,405,405,0,0,0,0
52,4,6,2395,2395,1262,1262,1133,1133,0,0
52,10,7,1743,1743,554,554,1189,1189,0,0
52,13,4,647,647,279,279,368,368,0,0
52,16,1,142,142,142,142,0,0,0,0
52,45,5,3610,3610,2712,2712,898,898,2456,2456
52,55,12,2683,2683,1396,1396,1288,1288,0,0
52,56,6,924,924,924,924,0,0,0,0
52,57,11,5819,5819,2712,2712,3106,3106,0,0
52,58,1,2911,2911,138,138,2773,2773,0,0
52,61,18,1791,1791,1791,1791,0,0,0,0
52,62,7,2655,2655,551,551,2015,2015,0,0
52,74,28,10403,10403,1581,1581,8821,8821,0,0
52,91,7,954,954,580,580,338,338,0,0
52,92,2,250,250,1,1,249,249,0,0
52,96,17,1679,1679,1154,1154,483,483,0,0
52,101,2,1055,1055,172,172,883,883,0,0
52,111,2,272,272,272,272,0,0,0,0
52,112,1,223,223,223,223,0,0,0,0
52,113,1,15,15,15,15,0,0,0,0
52,120,4,6063,6063,583,583,5480,5480,0,0
52,121,6,750,750,521,521,229,229,0,0
52,122,9,1204,1204,1204,1204,0,0,0,0
52,123,5,698,698,698,698,0,0,0,0
52,126,17,1675,1675,1675,1675,0,0,0,0
52,127,23,3021,3021,2740,2740,280,280,0,0
52,39,2,535,535,228,228,307,307,0,0
52,40,8,6104,6104,446,446,5658,5658,0,0
52,43,1,119,119,119,119,0,0,0,0
52,44,5,329,329,133,133,196,196,0,0
52,64,2,324,324,324,324,0,0,0,0
52,65,4,481,481,481,481,0,0,0,0
52,66,3,312,312,312,312,0,0,0,0
52,75,1,1062,1062,726,726,336,336,0,0
52,77,1,28,28,7,7,7,7,0,0
52,86,9,1416,1416,1416,1416,0,0,0,0
52,88,1,2202,2202,0,0,2202,2202,0,0
52,89,1,1500,1500,520,520,980,980,0,0
52,95,5,1638,1638,620,620,1018,1018,0,0
52,99,2,81,81,81,81,0,0,0,0
52,100,1,11,11,3,3,3,3,0,0
52,105,2,51,51,51,51,0,0,0,0
52,107,2,836,836,155,155,681,681,0,0
52,108,1,741,741,114,114,627,627,0,0
52,115,5,1400,1400,399,399,1002,1002,0,0
52,125,5,919,919,919,919,0,0,0,0
53,15,6,944,944,944,944,0,0,0,0
53,37,15,6090,6090,1682,1682,4409,4409,0,0
53,39,11,5554,5554,1121,1121,4433,4433,0,0
53,40,18,11078,11078,2785,2785,8284,8284,0,0
53,41,1,141,141,141,141,0,0,0,0
53,42,1,92,92,17,17,75,75,0,0
53,43,6,699,699,546,546,153,153,0,0
53,47,7,2410,2410,1324,1324,1086,1086,0,0
53,54,7,1054,1054,364,364,691,691,0,0
53,55,6,907,907,604,604,304,304,0,0
53,58,4,10674,10674,660,660,10014,10014,0,0
53,59,4,8766,8766,871,871,7894,7894,0,0
53,60,8,4954,4954,410,410,4544,4544,0,0
53,61,11,2234,2234,1748,1748,486,486,0,0
53,62,10,9442,9442,1136,1136,8307,8307,0,0
53,63,3,398,398,398,398,0,0,0,0
53,64,7,4880,4880,370,370,4510,4510,0,0
53,65,15,2560,2560,2530,2530,10,10,0,0
53,74,3,5608,5608,132,132,5476,5476,0,0
53,86,2,133,133,76,76,19,19,0,0
53,92,13,2069,2069,1103,1103,966,966,0,0
53,95,16,2645,2645,1712,1712,932,932,0,0
53,99,11,1586,1586,993,993,593,593,0,0
53,105,4,1597,1597,85,85,1512,1512,0,0
53,106,2,271,271,221,221,50,50,0,0
53,107,1,30,30,30,30,0,0,0,0
53,112,10,1764,1764,1714,1714,49,49,0,0
53,113,11,6692,6692,1142,1142,5551,5551,0,0
53,115,4,450,450,450,450,0,0,0,0
53,119,7,2367,2367,611,611,1755,1755,0,0
53,121,1,190,190,190,190,0,0,0,0
53,122,16,3029,3029,2026,2026,1003,1003,0,0
53,124,7,750,750,750,750,0,0,0,0
53,125,1,992,992,851,851,141,141,0,0
53,7,2,1166,1166,81,81,1085,1085,0,0
53,10,4,1104,1104,737,737,367,367,0,0
53,28,1,207,207,45,45,162,162,0,0
53,32,4,245,245,36,36,201,201,0,0
53,33,1,83,83,0,0,83,83,0,0
53,34,1,1310,1310,68,68,1242,1242,0,0
53,35,2,378,378,173,173,206,206,0,0
53,36,1,859,859,31,31,828,828,0,0
53,38,5,3550,3550,1082,1082,2468,2468,0,0
53,53,3,8098,8098,889,889,7209,7209,0,0
53,57,7,2035,2035,1200,1200,834,834,0,0
53,71,1,186,186,27,27,159,159,0,0
53,76,3,3077,3077,11,11,3066,3066,0,0
53,89,3,168,168,168,168,0,0,0,0
53,93,3,358,358,358,358,0,0,0,0
53,100,3,564,564,333,333,77,77,0,0
53,101,1,38,38,9,9,9,9,0,0
53,102,3,4131,4131,13,13,4112,4112,0,0
53,109,4,1320,1320,863,863,427,427,0,0
53,110,1,191,191,191,191,0,0,0,0
54,6,4,653,653,653,653,0,0,0,0
54,7,5,830,830,621,621,209,209,0,0
54,10,3,3794,3794,192,192,3603,3603,0,0
54,15,3,309,309,177,177,132,132,0,0
54,29,4,337,337,160,160,177,177,0,0
54,31,3,6147,6147,0,0,6147,6147,0,0
54,32,5,4079,4079,332,332,3747,3747,0,0
54,33,7,9146,9146,245,245,8902,8902,0,0
54,34,20,10918,10918,2015,2015,8904,8904,0,0
54,35,15,10339,10339,1238,1238,9101,9101,0,0
54,36,3,3004,3004,323,323,2681,2681,0,0
54,37,7,2178,2178,1290,1290,889,889,0,0
54,39,4,1224,1224,169,169,1054,1054,0,0
54,40,8,4588,4588,354,354,4234,4234,0,0
54,45,1,313,313,313,313,0,0,0,0
54,52,7,933,933,515,515,418,418,0,0
54,53,7,10673,10673,799,799,9875,9875,0,0
54,58,2,288,288,288,288,0,0,0,0
54,60,1,495,495,495,495,0,0,0,0
54,62,10,853,853,603,603,249,249,0,0
54,66,1,314,314,314,314,0,0,0,0
54,70,5,4738,4738,270,270,4468,4468,0,0
54,71,6,639,639,494,494,145,145,0,0
54,72,12,5286,5286,452,452,4834,4834,0,0
54,76,6,2975,2975,2048,2048,927,927,0,0
54,77,60,8680,8680,6121,6121,2557,2557,0,0
54,78,2,337,337,337,337,0,0,0,0
54,102,9,10443,10443,969,969,9472,9472,0,0
54,109,6,2428,2428,1962,1962,249,249,0,0
54,112,4,1969,1969,1969,1969,0,0,0,0
54,113,18,3374,3374,3374,3374,0,0,0,0
54,118,1,34,34,0,0,34,34,0,0
54,126,10,1295,1295,1295,1295,0,0,0,0
54,127,7,727,727,727,727,0,0,0,0
54,11,10,3089,3089,1017,1017,2071,2071,0,0
54,13,4,804,804,614,614,63,63,0,0
54,51,6,713,713,501,501,212,212,0,0
54,54,6,546,546,392,392,155,155,0,0
54,56,2,137,137,137,137,0,0,0,0
54,61,2,937,937,207,207,730,730,0,0
54,65,1,368,368,368,368,0,0,0,0
54,67,1,57,57,57,57,0,0,0,0
54,99,1,83,83,83,83,0,0,0,0
54,103,4,5408,5408,35,35,5373,5373,0,0
54,104,1,33,33,8,8,8,8,0,0
54,106,2,2586,2586,231,231,2355,2355,0,0
54,108,6,1519,1519,1519,1519,0,0,0,0
54,114,6,1546,1546,88,88,1458,1458,0,0
54,116,10,1305,1305,681,681,625,625,0,0
54,119,2,508,508,119,119,390,390,0,0
55,11,2,481,481,82,82,400,400,0,0
55,13,5,847,847,511,511,336,336,0,0
55,15,6,948,948,745,745,204,204,0,0
55,32,21,13904,13904,1629,1629,12274,12274,0,0
55,33,40,11156,11156,2840,2840,8315,8315,0,0
55,34,28,7101,7101,4060,4060,3042,3042,0,0
55,35,9,1979,1979,638,638,1340,1340,0,0
55,36,1,31,31,31,31,0,0,0,0
55,48,3,12772,12772,604,604,12168,12168,0,0
55,50,19,9619,9619,704,704,8915,8915,0,0
55,51,14,11161,11161,754,754,10407,10407,0,0
55,53,9,10359,10359,1560,1560,8799,8799,0,0
55,55,2,182,182,182,182,0,0,0,0
55,63,5,819,819,604,604,215,215,0,0
55,65,1,360,360,321,321,39,39,0,0
55,66,3,536,536,66,66,471,471,0,0
55,71,15,2219,2219,847,847,1372,1372,0,0
55,72,1,63,63,63,63,0,0,0,0
55,73,12,1380,1380,722,722,658,658,0,0
55,75,9,1600,1600,1600,1600,0,0,0,0
55,76,20,3522,3522,3522,3522,0,0,0,0
55,77,5,3403,3403,749,749,2653,2653,0,0
55,78,5,7774,7774,0,0,7774,7774,0,0
55,84,10,1895,1895,995,995,900,900,0,0
55,92,1,10,10,3,3,3,3,0,0
55,94,6,1050,1050,820,820,229,229,0,0
55,99,4,427,427,427,427,0,0,0,0
55,102,3,3248,3248,34,34,3214,3214,0,0
55,103,16,7416,7416,1856,1856,5560,5560,0,0
55,105,3,2432,2432,230,230,2201,2201,0,0
55,108,1,90,90,90,90,0,0,0,0
55,112,13,1623,1623,1623,1623,0,0,0,0
55,113,34,5653,5653,5244,5244,0,0,409,409
55,114,23,5185,5185,4763,4763,374,374,0,0
55,115,5,848,848,510,510,338,338,0,0
55,116,4,421,421,135,135,286,286,0,0
55,119,8,1376,1376,974,974,402,402,0,0
55,122,3,401,401,209,209,192,192,0,0
55,123,1,176,176,176,176,0,0,0,0
55,126,7,663,663,663,663,0,0,0,0
55,27,2,226,226,226,226,0,0,0,0
55,28,3,449,449,285,285,164,164,0,0
55,54,2,1556,1556,354,354,1201,1201,0,0
55,74,1,147,147,147,147,0,0,0,0
55,89,2,250,250,250,250,0,0,0,0
55,93,1,9,9,2,2,2,2,0,0
55,95,7,748,748,475,475,273,273,0,0
55,96,4,2405,2405,223,223,2182,2182,0,0
55,98,5,457,457,457,457,0,0,0,0
55,109,1,1646,1646,205,205,1442,1442,0,0
56,3,7,549,549,549,549,0,0,0,0
56,10,6,556,556,263,263,293,293,0,0
56,11,4,608,608,221,221,387,387,0,0
56,28,7,3799,3799,1703,1703,2096,2096,0,0
56,29,9,1012,1012,922,922,90,90,0,0
56,31,28,8972,8972,4675,4675,4296,4296,0,0
56,32,44,8558,8558,6762,6762,1795,1795,0,0
56,33,4,434,434,434,434,0,0,0,0
56,36,4,439,439,439,439,0,0,0,0
56,47,5,8536,8536,200,200,8337,8337,0,0
56,48,18,8628,8628,1514,1514,7114,7114,0,0
56,49,16,3075,3075,2030,2030,1046,1046,0,0
56,50,10,4380,4380,1619,1619,2761,2761,0,0
56,51,23,6665,6665,4586,4586,2079,2079,0,0
56,52,15,3708,3708,2726,2726,983,983,0,0
56,53,4,7023,7023,705,705,6318,6318,0,0
56,54,3,2479,2479,214,214,2265,2265,0,0
56,63,3,1137,1137,454,454,683,683,0,0
56,73,7,2971,2971,995,995,1976,1976,0,0
56,74,16,2960,2960,2960,2960,0,0,0,0
56,75,21,3192,3192,3192,3192,0,0,0,0
56,84,10,5817,5817,1293,1293,4525,4525,0,0
56,89,18,3597,3597,2382,2382,966,966,0,0
56,90,6,2295,2295,293,293,2001,2001,0,0
56,94,20,3694,3694,2753,2753,940,940,0,0
56,95,33,3677,3677,3561,3561,116,116,0,0
56,98,7,1277,1277,315,315,962,962,0,0
56,103,32,8226,8226,7993,7993,213,213,0,0
56,104,19,4938,4938,3545,3545,1394,1394,0,0
56,105,15,2499,2499,2026,2026,473,473,0,0
56,106,11,4958,4958,1352,1352,3605,3605,0,0
56,109,5,2339,2339,63,63,2275,2275,0,0
56,111,7,1947,1947,1947,1947,0,0,0,0
56,2,1,24,24,24,24,0,0,0,0
56,25,6,1508,1508,453,453,352,352,0,0
56,27,5,1138,1138,771,771,367,367,0,0
56,34,2,1111,1111,1111,1111,0,0,0,0
56,68,2,342,342,60,60,281,281,0,0
56,78,1,95,95,95,95,0,0,0,0
56,85,2,3406,3406,1294,1294,2112,2112,0,0
56,87,4,2908,2908,181,181,2726,2726,0,0
56,88,1,103,103,0,0,103,103,0,0
56,96,6,544,544,544,544,0,0,0,0
56,97,1,45,45,45,45,0,0,0,0
56,102,1,979,979,254,254,242,242,0,0
56,107,8,1203,1203,1010,1010,193,193,0,0
56,113,1,62,62,62,62,0,0,0,0
56,117,6,392,392,141,141,251,251,0,0
56,126,5,855,855,432,432,424,424,0,0
56,127,2,64,64,64,64,0,0,0,0
57,2,5,3134,3134,274,274,2861,2861,0,0
57,8,2,383,383,283,283,101,101,0,0
57,10,7,1905,1905,896,896,948,948,0,0
57,17,1,119,119,119,119,0,0,0,0
57,26,3,404,404,404,404,0,0,0,0
57,28,1,1002,1002,0,0,1002,1002,0,0
57,29,9,1114,1114,1012,1012,102,102,0,0
57,30,42,9062,9062,7442,7442,1620,1620,0,0
57,31,56,7312,7312,6980,6980,332,332,0,0
57,32,5,2620,2620,513,513,2107,2107,0,0
57,47,2,582,582,211,211,371,371,0,0
57,48,14,13000,13000,1462,1462,11538,11538,0,0
57,49,31,6543,6543,6423,6423,120,120,0,0
57,50,77,9922,9922,9922,9922,0,0,0,0
57,51,52,8182,8182,7424,7424,758,758,0,0
57,52,10,2637,2637,2243,2243,394,394,0,0
57,56,3,249,249,202,202,16,16,0,0
57,63,2,1165,1165,19,19,1147,1147,0,0
57,64,2,345,345,0,0,345,345,0,0
57,68,10,1865,1865,662,662,1203,1203,0,0
57,71,3,250,250,250,250,0,0,0,0
57,72,15,6597,6597,1585,1585,5013,5013,0,0
57,73,3,482,482,232,232,250,250,0,0
57,74,3,779,779,779,779,0,0,0,0
57,84,4,573,573,329,329,244,244,0,0
57,85,6,2197,2197,447,447,1750,1750,0,0
57,86,3,925,925,925,925,0,0,0,0
57,87,4,1800,1800,1800,1800,0,0,0,0
57,88,1,2062,2062,0,0,2062,2062,0,0
57,89,12,6242,6242,1140,1140,5103,5103,0,0
57,90,4,1870,1870,159,159,1711,1711,0,0
57,94,36,4878,4878,3063,3063,1815,1815,0,0
57,95,73,9813,9813,9813,9813,0,0,0,0
57,96,62,7395,7395,7395,7395,0,0,0,0
57,97,5,1080,1080,1023,1023,56,56,0,0
57,98,6,5132,5132,48,48,5083,5083,0,0
57,99,11,7313,7313,1471,1471,5842,5842,0,0
57,100,21,11331,11331,1316,1316,10015,10015,0,0
57,102,37,6659,6659,5895,5895,642,642,0,0
57,103,26,6782,6782,6782,6782,0,0,0,0
57,104,20,3227,3227,3184,3184,43,43,0,0
57,107,1,311,311,311,311,0,0,0,0
57,121,6,975,975,635,635,340,340,0,0
57,3,5,1330,1330,452,452,879,879,0,0
57,4,13,2719,2719,1048,1048,1671,1671,0,0
57,6,3,263,263,263,263,0,0,0,0
57,7,7,1167,1167,926,926,241,241,0,0
57,11,2,710,710,68,68,642,642,0,0
57,25,4,686,686,350,350,336,336,0,0
57,39,2,299,299,299,299,0,0,0,0
57,54,5,343,343,331,331,12,12,0,0
57,91,3,2150,2150,1996,1996,154,154,0,0
57,93,1,228,228,228,228,0,0,0,0
57,101,10,4455,4455,2929,2929,1526,1526,0,0
57,115,1,176,176,44,44,44,44,0,0
57,118,10,843,843,456,456,387,387,0,0
57,123,2,167,167,111,111,56,56,0,0
57,124,2,203,203,78,78,124,124,0,0
57,127,4,270,270,270,270,0,0,0,0
58,2,37,5482,5482,4291,4291,1190,1190,0,0
58,3,28,4141,4141,3660,3660,481,481,0,0
58,7,6,727,727,437,437,290,290,0,0
58,10,1,1488,1488,0,0,1488,1488,0,0
58,17,7,249,249,249,249,0,0,0,0
58,29,26,5538,5538,5538,5538,0,0,0,0
58,30,46,9906,9906,9011,9011,602,602,293,293
58,31,30,4702,4702,4591,4591,111,111,0,0
58,34,3,1490,1490,813,813,678,678,0,0
58,35,4,1843,1843,40,40,1803,1803,0,0
58,47,1,2502,2502,1,1,2502,2502,0,0
58,48,11,4903,4903,3362,3362,1541,1541,0,0
58,49,37,10675,10675,8484,8484,2190,2190,0,0
58,50,72,9596,9596,9508,9508,87,87,0,0
58,51,26,5244,5244,3876,3876,1368,1368,0,0
58,54,2,2115,2115,200,200,1915,1915,0,0
58,64,1,9,9,9,9,0,0,0,0
58,65,12,9432,9432,1548,1548,7884,7884,0,0
58,66,2,794,794,130,130,664,664,0,0
58,83,8,1864,1864,1405,1405,459,459,0,0
58,84,5,954,954,882,882,12,12,38,38
58,85,4,721,721,721,721,0,0,0,0
58,87,1,566,566,537,537,29,29,0,0
58,90,3,636,636,537,537,99,99,0,0
58,91,7,1222,1222,842,842,380,380,0,0
58,93,9,9255,9255,1058,1058,8199,8199,0,0
58,95,58,5981,5981,5839,5839,142,142,0,0
58,96,38,6977,6977,5657,5657,1181,1181,138,138
58,98,4,11527,11527,29,29,11499,11499,0,0
58,99,15,17297,17297,1201,1201,16096,16096,0,0
58,100,16,17546,17546,674,674,16873,16873,0,0
58,101,10,4562,4562,3006,3006,1556,1556,0,0
58,102,27,6332,6332,6301,6301,10,10,0,0
58,104,3,1025,1025,1025,1025,0,0,0,0
58,120,2,206,206,206,206,0,0,0,0
58,123,2,648,648,648,648,0,0,0,0
58,0,16,2394,2394,1728,1728,666,666,0,0
58,1,7,1695,1695,1695,1695,0,0,0,0
58,4,8,1493,1493,725,725,767,767,0,0
58,11,2,202,202,161,161,13,13,0,0
58,12,1,215,215,215,215,0,0,0,0
58,20,2,290,290,116,116,174,174,0,0
58,28,8,1313,1313,816,816,497,497,0,0
58,39,5,1380,1380,532,532,848,848,0,0
58,41,1,398,398,174,174,223,223,0,0
58,42,2,572,572,53,53,519,519,0,0
58,52,1,59,59,59,59,0,0,0,0
58,56,1,376,376,197,197,180,180,0,0
58,57,3,979,979,919,919,61,61,0,0
58,62,7,1333,1333,549,549,784,784,0,0
58,68,1,233,233,233,233,0,0,0,0
58,69,12,3006,3006,2624,2624,382,382,0,0
58,75,3,7696,7696,0,0,7696,7696,0,0
58,78,4,631,631,631,631,0,0,0,0
58,86,7,970,970,711,711,259,259,0,0
58,88,5,356,356,356,356,0,0,0,0
58,89,4,625,625,625,625,0,0,0,0
58,92,4,7043,7043,44,44,7000,7000,0,0
58,97,2,3420,3420,1507,1507,1913,1913,0,0
58,106,1,273,273,273,273,0,0,0,0
59,0,24,10378,10378,2646,2646,7731,7731,0,0
59,1,27,5640,5640,3250,3250,1488,1488,904,904
59,2,69,10552,10552,8299,8299,2253,2253,0,0
59,3,33,5239,5239,4197,4197,1041,1041,0,0
59,4,7,490,490,391,391,98,98,0,0
59,10,4,2752,2752,319,319,2433,2433,0,0
59,12,5,489,489,223,223,267,267,0,0
59,19,1,1421,1421,0,0,1421,1421,0,0
59,20,13,4855,4855,1745,1745,3110,3110,0,0
59,26,13,7725,7725,2054,2054,5672,5672,0,0
59,27,28,10364,10364,2557,2557,7808,7808,0,0
59,28,15,3328,3328,1751,1751,1577,1577,0,0
59,29,12,1476,1476,1476,1476,0,0,0,0
59,30,26,3820,3820,2889,2889,931,931,0,0
59,31,17,3033,3033,2004,2004,1029,1029,0,0
59,41,4,893,893,460,460,432,432,0,0
59,46,1,321,321,321,321,0,0,0,0
59,47,11,2536,2536,2423,2423,38,38,0,0
59,48,40,5104,5104,4890,4890,214,214,0,0
59,49,77,12161,12161,9608,9608,2355,2355,0,0
59,50,7,1352,1352,1319,1319,11,11,0,0
59,56,21,3436,3436,2335,2335,1101,1101,0,0
59,57,1,531,531,531,531,0,0,0,0
59,60,6,1217,1217,476,476,741,741,0,0
59,61,9,6064,6064,1836,1836,4227,4227,0,0
59,62,3,449,449,449,449,0,0,0,0
59,68,14,4654,4654,682,682,3971,3971,0,0
59,69,1,642,642,113,113,530,530,0,0
59,83,1,250,250,250,250,0,0,0,0
59,88,8,844,844,844,844,0,0,0,0
59,89,13,1547,1547,812,812,735,735,0,0
59,90,21,4073,4073,2881,2881,1191,1191,0,0
59,91,3,2015,2015,694,694,1249,1249,72,72
59,98,19,14574,14574,2973,2973,11602,11602,0,0
59,99,12,15111,15111,1029,1029,14082,14082,0,0
59,100,25,17951,17951,2452,2452,15500,15500,0,0
59,101,31,7815,7815,5494,5494,2251,2251,0,0
59,102,23,5598,5598,5598,5598,0,0,0,0
59,108,1,154,154,154,154,0,0,0,0
59,114,2,270,270,270,270,0,0,0,0
59,118,2,467,467,467,467,0,0,0,0
59,125,2,192,192,114,114,26,26,0,0
59,11,2,246,246,246,246,0,0,0,0
59,13,6,975,975,523,523,451,451,0,0
59,25,1,297,297,297,297,0,0,0,0
59,32,1,86,86,0,0,86,86,0,0
59,45,13,4555,4555,940,940,3615,3615,0,0
59,58,3,348,348,292,292,56,56,0,0
59,65,4,1755,1755,385,385,1370,1370,0,0
59,72,1,42,42,42,42,0,0,0,0
59,73,5,1187,1187,63,63,1124,1124,0,0
59,74,1,249,249,249,249,0,0,0,0
59,95,1,152,152,111,111,41,41,0,0
59,96,2,779,779,191,191,588,588,0,0
59,97,1,6993,6993,7,7,6987,6987,0,0
59,112,1,219,219,55,55,55,55,0,0
59,117,2,294,294,132,132,162,162,0,0
60,0,23,9722,9722,1848,1848,7875,7875,0,0
60,1,26,3028,3028,2577,2577,452,452,0,0
60,2,72,9554,9554,8290,8290,1122,1122,0,0
60,3,33,4981,4981,4568,4568,413,413,0,0
60,5,5,558,558,99,99,459,459,0,0
60,6,2,472,472,370,370,101,101,0,0
60,11,11,3210,3210,1113,1113,2098,2098,0,0
60,15,13,1391,1391,1078,1078,313,313,0,0
60,24,7,672,672,393,393,279,279,0,0
60,25,11,3043,3043,1762,1762,1231,1231,0,0
60,26,22,4494,4494,2400,2400,2059,2059,0,0
60,27,20,8509,8509,1718,1718,6792,6792,0,0
60,29,2,857,857,240,240,617,617,0,0
60,31,21,16478,16478,1161,1161,15318,15318,0,0
60,32,4,1251,1251,455,455,796,796,0,0
60,35,2,328,328,82,82,82,82,0,0
60,43,3,348,348,87,87,87,87,0,0
60,45,3,616,616,58,58,558,558,0,0
60,46,1,303,303,303,303,0,0,0,0
60,47,64,9398,9398,8555,8555,782,782,0,0
60,48,91,13121,13121,11560,11560,1285,1285,0,0
60,49,47,6075,6075,4965,4965,433,433,678,678
60,58,3,909,909,909,909,0,0,0,0
60,59,6,2333,2333,1350,1350,802,802,0,0
60,60,18,3894,3894,2036,2036,1858,1858,0,0
60,68,4,732,732,370,370,362,362,0,0
60,69,4,923,923,423,423,500,500,0,0
60,71,6,7237,7237,612,612,6625,6625,0,0
60,72,5,3598,3598,203,203,3397,3397,0,0
60,73,18,12719,12719,1223,1223,11400,11400,0,0
60,83,9,1782,1782,1473,1473,310,310,0,0
60,88,2,476,476,476,476,0,0,0,0
60,95,1,475,475,0,0,475,475,0,0
60,96,4,8153,8153,887,887,7265,7265,0,0
60,97,12,10439,10439,1523,1523,8916,8916,0,0
60,98,12,16034,16034,435,435,15600,15600,0,0
60,99,12,8134,8134,3024,3024,5041,5041,69,69
60,100,14,15339,15339,3059,3059,12278,12278,0,0
60,101,25,12308,12308,11891,11891,418,418,0,0
60,102,3,3297,3297,2956,2956,341,341,0,0
60,111,1,238,238,60,60,60,60,0,0
60,117,2,1301,1301,275,275,1026,1026,0,0
60,118,3,2107,2107,1057,1057,1050,1050,0,0
60,119,1,178,178,178,178,0,0,0,0
60,121,8,1509,1509,1222,1222,288,288,0,0
60,10,4,331,331,331,331,0,0,0,0
60,12,1,418,418,115,115,303,303,0,0
60,30,5,821,821,534,534,287,287,0,0
60,36,1,156,156,39,39,39,39,0,0
60,112,1,149,149,37,37,37,37,0,0
60,114,2,422,422,422,422,0,0,0,0
60,116,1,413,413,345,345,68,68,0,0
60,122,2,178,178,73,73,105,105,0,0
60,123,1,234,234,234,234,0,0,0,0
60,126,2,86,86,21,21,21,21,0,0
61,0,12,4644,4644,637,637,4008,4008,0,0
61,1,49,6269,6269,4749,4749,1520,1520,0,0
61,2,52,9897,9897,4785,4785,5098,5098,0,0
61,3,7,653,653,653,653,0,0,0,0
61,6,6,975,975,723,723,253,253,0,0
61,8,12,1480,1480,1480,1480,0,0,0,0
61,9,11,1587,1587,1173,1173,414,414,0,0
61,12,2,2259,2259,370,370,1888,1888,0,0
61,23,22,7065,7065,1597,1597,5470,5470,0,0
61,38,1,90,90,23,23,23,23,0,0
61,46,16,4504,4504,4504,4504,0,0,0,0
61,47,64,10537,10537,9268,9268,1104,1104,0,0
61,48,29,6710,6710,6679,6679,27,27,0,0
61,49,1,209,209,209,209,0,0,0,0
61,55,5,2730,2730,382,382,2348,2348,0,0
61,56,5,643,643,643,643,0,0,0,0
61,59,8,2141,2141,958,958,1184,1184,0,0
61,60,2,678,678,70,70,608,608,0,0
61,62,4,572,572,399,399,173,173,0,0
61,63,4,501,501,484,484,16,16,0,0
61,64,12,4233,4233,714,714,3519,3519,0,0
61,70,1,3310,3310,0,0,3310,3310,0,0
61,71,2,3240,3240,135,135,3104,3104,0,0
61,72,14,7212,7212,742,742,6469,6469,0,0
61,73,22,10511,10511,1845,1845,8666,8666,0,0
61,83,3,409,409,144,144,265,265,0,0
61,85,6,2203,2203,653,653,1550,1550,0,0
61,87,3,854,854,623,623,231,231,0,0
61,95,1,2662,2662,309,309,2353,2353,0,0
61,96,2,13899,13899,117,117,13781,13781,0,0
61,97,11,16040,16040,854,854,15184,15184,0,0
61,98,16,17985,17985,948,948,17038,17038,0,0
61,99,15,6480,6480,1291,1291,5125,5125,64,64
61,100,20,8149,8149,2218,2218,5640,5640,0,0
61,101,30,13769,13769,11110,11110,1522,1522,1138,1138
61,102,8,5579,5579,3451,3451,777,777,0,0
61,109,1,108,108,27,27,27,27,0,0
61,114,2,235,235,235,235,0,0,0,0
61,119,3,422,422,422,422,0,0,0,0
61,120,3,852,852,852,852,0,0,0,0
61,7,8,1165,1165,901,901,264,264,0,0
61,10,6,711,711,711,711,0,0,0,0
61,11,1,1180,1180,21,21,1159,1159,0,0
61,17,4,415,415,78,78,337,337,0,0
61,21,1,76,76,0,0,76,76,0,0
61,22,12,3192,3192,1772,1772,1420,1420,0,0
61,24,1,645,645,119,119,526,526,0,0
61,31,2,797,797,345,345,452,452,0,0
61,45,1,107,107,107,107,0,0,0,0
61,50,2,333,333,333,333,0,0,0,0
61,61,11,3149,3149,1523,1523,1628,1628,0,0
61,68,1,440,440,40,40,401,401,0,0
61,76,5,1728,1728,346,346,1381,1381,0,0
61,89,2,122,122,76,76,47,47,0,0
61,105,2,751,751,751,751,0,0,0,0
61,106,1,43,43,33,33,0,0,10,10
61,110,1,151,151,149,149,2,2,0,0
61,118,2,396,396,396,396,0,0,0,0
61,121,1,447,447,447,447,0,0,0,0
61,127,1,127,127,32,32,32,32,0,0
62,0,20,10198,10198,1772,1772,8427,8427,0,0
62,1,76,13941,13941,8643,8643,5297,5297,0,0
62,2,33,5708,5708,3982,3982,1727,1727,0,0
62,3,13,2975,2975,604,604,2370,2370,0,0
62,6,10,1332,1332,1241,1241,91,91,0,0
62,7,5,1105,1105,721,721,247,247,0,0
62,9,3,1068,1068,1068,1068,0,0,0,0
62,10,1,311,311,19,19,292,292,0,0
62,11,3,1041,1041,385,385,656,656,0,0
62,21,14,6148,6148,1530,1530,4618,4618,0,0
62,22,11,2472,2472,716,716,1756,1756,0,0
62,23,17,14247,14247,795,795,13452,13452,0,0
62,24,10,7120,7120,406,406,6714,6714,0,0
62,26,4,3697,3697,265,265,3432,3432,0,0
62,30,3,5782,5782,1755,1755,4026,4026,0,0
62,45,1,25,25,25,25,0,0,0,0
62,46,37,7604,7604,5195,5195,2321,2321,0,0
62,47,21,3953,3953,2771,2771,1182,1182,0,0
62,59,1,131,131,26,26,106,106,0,0
62,61,2,2063,2063,16,16,2047,2047,0,0
62,63,4,1199,1199,396,396,803,803,0,0
62,64,8,1836,1836,1299,1299,537,537,0,0
62,67,2,1234,1234,11,11,1223,1223,0,0
62,68,3,1210,1210,50,50,945,945,146,146
62,69,6,1723,1723,138,138,1585,1585,0,0
62,71,27,12044,12044,1764,1764,10280,10280,0,0
62,72,27,14531,14531,2561,2561,11971,11971,0,0
62,73,13,9903,9903,1292,1292,8610,8610,0,0
62,75,3,729,729,716,716,13,13,0,0
62,76,3,2986,2986,328,328,2658,2658,0,0
62,77,2,195,195,49,49,49,49,0,0
62,78,1,89,89,22,22,22,22,0,0
62,89,12,952,952,846,846,106,106,0,0
62,93,1,199,199,153,153,46,46,0,0
62,94,4,1571,1571,375,375,1196,1196,0,0
62,96,3,5814,5814,477,477,5338,5338,0,0
62,97,7,17593,17593,499,499,17094,17094,0,0
62,98,3,956,956,2,2,953,953,0,0
62,99,11,10263,10263,258,258,10005,10005,0,0
62,100,29,18979,18979,2925,2925,16043,16043,0,0
62,101,32,7118,7118,6584,6584,178,178,0,0
62,102,16,4075,4075,2672,2672,1379,1379,0,0
62,105,1,273,273,273,273,0,0,0,0
62,106,2,1825,1825,1825,1825,0,0,0,0
62,110,1,113,113,5,5,109,109,0,0
62,114,1,238,238,238,238,0,0,0,0
62,118,5,806,806,447,447,359,359,0,0
62,120,1,281,281,281,281,0,0,0,0
62,121,6,1579,1579,773,773,805,805,0,0
62,122,5,1794,1794,530,530,1259,1259,0,0
62,25,2,2702,2702,167,167,2535,2535,0,0
62,31,3,691,691,691,691,0,0,0,0
62,58,3,946,946,164,164,782,782,0,0
62,66,1,44,44,44,44,0,0,0,0
62,70,1,485,485,485,485,0,0,0,0
62,74,3,7407,7407,0,0,7407,7407,0,0
62,83,3,1007,1007,318,318,689,689,0,0
62,104,3,259,259,259,259,0,0,0,0
62,111,1,212,212,212,212,0,0,0,0
62,119,1,95,95,95,95,0,0,0,0
63,0,11,11768,11768,739,739,11031,11031,0,0
63,1,28,4083,4083,1939,1939,2144,2144,0,0
63,2,49,9134,9134,5127,5127,4006,4006,0,0
63,3,14,1545,1545,692,692,797,797,0,0
63,6,1,195,195,195,195,0,0,0,0
63,8,9,2082,2082,962,962,1120,1120,0,0
63,10,2,408,408,0,0,408,408,0,0
63,11,8,756,756,756,756,0,0,0,0
63,14,3,1189,1189,666,666,524,524,0,0
63,20,8,4109,4109,1196,1196,2913,2913,0,0
63,21,20,11733,11733,1078,1078,10656,10656,0,0
63,22,32,13611,13611,2061,2061,11550,11550,0,0
63,23,19,13197,13197,1863,1863,11335,11335,0,0
63,24,13,11442,11442,874,874,10567,10567,0,0
63,25,8,6321,6321,345,345,5976,5976,0,0
63,31,24,2949,2949,2092,2092,857,857,0,0
63,32,6,1644,1644,760,760,884,884,0,0
63,46,7,657,657,508,508,50,50,0,0
63,57,8,1517,1517,262,262,1255,1255,0,0
63,58,4,665,665,397,397,234,234,0,0
63,65,2,1713,1713,16,16,1697,1697,0,0
63,66,12,4097,4097,850,850,3246,3246,0,0
63,68,10,3320,3320,1650,1650,1669,1669,0,0
63,71,5,528,528,184,184,343,343,0,0
63,72,3,3965,3965,258,258,3706,3706,0,0
63,73,7,3543,3543,949,949,2594,2594,0,0
63,74,2,4325,4325,0,0,4325,4325,0,0
63,81,13,1984,1984,1133,1133,850,850,0,0
63,88,11,2376,2376,1622,1622,754,754,0,0
63,89,3,603,603,330,330,274,274,0,0
63,97,13,20794,20794,1721,1721,19073,19073,0,0
63,98,10,15788,15788,811,811,14977,14977,0,0
63,99,16,18129,18129,1342,1342,16787,16787,0,0
63,100,8,6938,6938,2951,2951,3987,3987,0,0
63,101,36,10220,10220,10220,10220,0,0,0,0
63,102,42,7446,7446,7446,7446,0,0,0,0
63,113,4,974,974,959,959,15,15,0,0
63,115,5,2150,2150,219,219,1922,1922,0,0
63,116,2,535,535,486,486,29,29,0,0
63,118,1,396,396,363,363,11,11,0,0
63,119,1,322,322,322,322,0,0,0,0
63,124,1,639,639,639,639,0,0,0,0
63,125,2,1098,1098,73,73,984,984,0,0
63,13,8,978,978,610,610,367,367,0,0
63,42,4,1600,1600,1600,1600,0,0,0,0
63,67,6,1921,1921,760,760,1161,1161,0,0
63,69,1,2736,2736,402,402,2334,2334,0,0
63,76,2,327,327,154,154,173,173,0,0
63,84,2,354,354,354,354,0,0,0,0
63,95,2,27,27,27,27,0,0,0,0
63,103,8,2623,2623,2623,2623,0,0,0,0
63,114,2,556,556,556,556,0,0,0,0
63,120,1,263,263,263,263,0,0,0,0
64,0,16,6262,6262,2160,2160,4103,4103,243,243
64,1,22,3124,3124,2613,2613,511,511,0,0
64,2,18,2105,2105,1641,1641,465,465,0,0
64,3,24,2807,2807,1877,1877,930,930,0,0
64,5,12,1059,1059,788,788,271,271,0,0
64,6,1,190,190,190,190,0,0,0,0
64,8,8,2174,2174,1920,1920,254,254,0,0
64,13,3,799,799,171,171,627,627,0,0
64,18,18,4422,4422,2047,2047,2375,2375,0,0
64,19,43,12127,12127,4710,4710,7417,7417,0,0
64,20,10,9323,9323,728,728,8595,8595,0,0
64,21,6,6817,6817,74,74,6743,6743,0,0
64,22,12,8453,8453,1267,1267,7186,7186,0,0
64,23,11,9236,9236,409,409,8827,8827,0,0
64,31,10,1364,1364,539,539,826,826,0,0
64,45,8,3815,3815,1995,1995,715,715,0,0
64,53,5,761,761,761,761,0,0,0,0
64,67,2,849,849,0,0,849,849,0,0
64,68,9,1744,1744,965,965,778,778,0,0
64,69,5,4992,4992,1150,1150,3842,3842,0,0
64,70,3,1635,1635,563,563,1072,1072,0,0
64,73,26,3367,3367,2800,2800,567,567,0,0
64,76,6,1503,1503,501,501,1001,1001,0,0
64,82,3,1673,1673,103,103,1571,1571,0,0
64,85,10,3542,3542,1620,1620,1922,1922,0,0
64,91,9,6278,6278,2261,2261,4017,4017,0,0
64,96,2,1252,1252,274,274,978,978,0,0
64,97,3,8744,8744,119,119,8626,8626,0,0
64,98,8,1253,1253,1134,1134,119,119,0,0
64,99,9,1774,1774,1400,1400,374,374,0,0
64,100,8,2128,2128,2128,2128,0,0,0,0
64,101,56,8799,8799,8799,8799,0,0,0,0
64,102,40,9646,9646,8615,8615,1031,1031,0,0
64,103,22,8400,8400,8196,8196,0,0,204,204
64,104,25,6168,6168,6168,6168,0,0,0,0
64,108,4,812,812,812,812,0,0,0,0
64,112,2,428,428,428,428,0,0,0,0
64,113,3,641,641,427,427,214,214,0,0
64,115,2,1550,1550,0,0,1550,1550,0,0
64,116,4,3485,3485,957,957,2528,2528,0,0
64,119,3,515,515,486,486,10,10,0,0
64,120,1,158,158,158,158,0,0,0,0
64,121,3,601,601,601,601,0,0,0,0
64,126,6,991,991,991,991,0,0,0,0
64,7,15,2047,2047,2047,2047,0,0,0,0
64,10,2,292,292,292,292,0,0,0,0
64,17,1,1089,1089,0,0,1089,1089,0,0
64,24,1,723,723,501,501,222,222,0,0
64,54,2,399,399,399,399,0,0,0,0
64,66,2,825,825,273,273,552,552,0,0
64,81,5,765,765,575,575,190,190,0,0
64,95,2,1551,1551,211,211,1340,1340,0,0
64,105,7,2540,2540,1704,1704,279,279,0,0
64,117,1,159,159,115,115,15,15,0,0
64,122,1,149,149,149,149,0,0,0,0
64,127,3,659,659,659,659,0,0,0,0
65,0,16,4048,4048,1524,1524,2524,2524,0,0
65,2,24,9850,9850,897,897,8952,8952,0,0
65,3,1,14,14,14,14,0,0,0,0
65,5,2,2364,2364,486,486,1878,1878,0,0
65,7,29,5828,5828,5389,5389,439,439,0,0
65,8,18,2918,2918,2605,2605,314,314,0,0
65,9,19,2586,2586,2586,2586,0,0,0,0
65,17,40,9748,9748,6624,6624,3125,3125,0,0
65,18,17,13603,13603,1198,1198,12404,12404,0,0
65,19,8,1938,1938,312,312,1626,1626,0,0
65,20,2,1692,1692,255,255,1437,1437,0,0
65,21,3,1709,1709,11,11,1698,1698,0,0
65,23,2,4769,4769,0,0,4769,4769,0,0
65,31,3,461,461,337,337,124,124,0,0
65,45,2,432,432,432,432,0,0,0,0
65,53,2,4674,4674,0,0,4674,4674,0,0
65,54,3,450,450,429,429,20,20,0,0
65,56,9,1886,1886,1129,1129,757,757,0,0
65,57,19,2695,2695,1693,1693,1002,1002,0,0
65,71,14,2672,2672,2394,2394,278,278,0,0
65,72,13,4265,4265,3644,3644,622,622,0,0
65,73,9,1590,1590,1590,1590,0,0,0,0
65,76,3,2286,2286,341,341,1945,1945,0,0
65,81,3,926,926,72,72,854,854,0,0
65,82,6,707,707,643,643,64,64,0,0
65,88,5,2308,2308,460,460,1848,1848,0,0
65,90,1,682,682,163,163,519,519,0,0
65,91,4,1734,1734,515,515,1219,1219,0,0
65,95,9,5661,5661,1193,1193,4468,4468,0,0
65,96,4,2736,2736,301,301,2434,2434,0,0
65,97,4,11230,11230,757,757,10472,10472,0,0
65,99,9,1880,1880,1100,1100,780,780,0,0
65,100,12,10247,10247,632,632,9614,9614,0,0
65,101,39,8056,8056,7551,7551,505,505,0,0
65,102,39,8554,8554,8167,8167,386,386,0,0
65,103,17,8180,8180,5387,5387,2261,2261,532,532
65,104,15,4995,4995,4995,4995,0,0,0,0
65,105,1,965,965,965,965,0,0,0,0
65,106,3,1518,1518,1149,1149,123,123,0,0
65,107,6,1558,1558,1045,1045,259,259,0,0
65,111,1,151,151,151,151,0,0,0,0
65,116,2,195,195,195,195,0,0,0,0
65,121,1,52,52,52,52,0,0,0,0
65,124,21,4096,4096,4096,4096,0,0,0,0
65,125,20,3707,3707,3707,3707,0,0,0,0
65,127,9,2204,2204,2104,2104,99,99,0,0
65,4,5,494,494,494,494,0,0,0,0
65,6,8,2143,2143,1026,1026,1117,1117,0,0
65,10,2,192,192,192,192,0,0,0,0
65,16,2,598,598,598,598,0,0,0,0
65,24,1,1071,1071,713,713,359,359,0,0
65,27,2,2537,2537,0,0,2537,2537,0,0
65,28,6,1291,1291,809,809,482,482,0,0
65,58,1,474,474,121,121,353,353,0,0
65,59,2,235,235,235,235,0,0,0,0
65,60,1,983,983,178,178,805,805,0,0
65,70,1,517,517,0,0,517,517,0,0
65,92,2,7953,7953,7035,7035,918,918,0,0
65,93,3,1896,1896,455,455,1441,1441,0,0
65,98,6,912,912,912,912,0,0,0,0
65,115,1,295,295,295,295,0,0,0,0
65,119,8,1526,1526,1392,1392,134,134,0,0
65,120,4,1182,1182,573,573,0,0,610,610
65,123,10,2074,2074,2074,2074,0,0,0,0
65,126,7,1705,1705,1705,1705,0,0,0,0
66,0,2,211,211,211,211,0,0,0,0
66,2,8,772,772,681,681,90,90,0,0
66,4,12,1526,1526,1345,1345,181,181,0,0
66,5,63,10273,10273,5314,5314,4958,4958,0,0
66,6,17,6504,6504,2588,2588,3916,3916,0,0
66,7,25,6900,6900,4489,4489,2411,2411,0,0
66,8,14,2333,2333,2005,2005,329,329,0,0
66,9,4,287,287,287,287,0,0,0,0
66,10,7,1743,1743,1335,1335,408,408,0,0
66,16,30,7583,7583,5798,5798,1785,1785,0,0
66,17,7,9310,9310,840,840,8472,8472,0,0
66,18,6,5080,5080,597,597,4483,4483,0,0
66,19,10,8153,8153,705,705,7449,7449,0,0
66,20,3,4530,4530,391,391,4140,4140,0,0
66,21,5,483,483,306,306,178,178,0,0
66,28,1,107,107,37,37,70,70,0,0
66,31,2,4662,4662,576,576,4085,4085,0,0
66,32,13,6133,6133,907,907,5227,5227,0,0
66,35,12,6864,6864,789,789,6075,6075,0,0
66,58,2,576,576,111,111,465,465,0,0
66,59,3,506,506,397,397,109,109,0,0
66,60,1,223,223,170,170,53,53,0,0
66,65,16,4073,4073,1663,1663,2410,2410,0,0
66,68,6,2746,2746,407,407,2339,2339,0,0
66,71,4,1005,1005,318,318,686,686,0,0
66,72,70,10367,10367,10013,10013,354,354,0,0
66,73,13,1129,1129,1103,1103,9,9,0,0
66,76,1,1181,1181,11,11,1170,1170,0,0
66,88,2,2168,2168,21,21,2147,2147,0,0
66,89,3,3527,3527,0,0,3527,3527,0,0
66,97,2,239,239,239,239,0,0,0,0
66,98,19,3078,3078,2435,2435,644,644,0,0
66,100,27,11789,11789,3652,3652,8137,8137,0,0
66,101,18,4024,4024,1603,1603,2402,2402,0,0
66,102,21,5577,5577,3881,3881,1698,1698,0,0
66,103,18,7517,7517,7365,7365,152,152,0,0
66,104,3,974,974,974,974,0,0,0,0
66,106,5,1338,1338,1338,1338,0,0,0,0
66,107,2,682,682,682,682,0,0,0,0
66,115,1,221,221,0,0,221,221,0,0
66,118,4,502,502,502,502,0,0,0,0
66,119,30,5533,5533,5533,5533,0,0,0,0
66,120,16,3898,3898,3898,3898,0,0,0,0
66,121,9,2117,2117,2117,2117,0,0,0,0
66,122,2,619,619,305,305,105,105,0,0
66,123,5,1228,1228,1217,1217,0,0,11,11
66,124,1,284,284,284,284,0,0,0,0
66,125,10,2184,2184,2149,2149,35,35,0,0
66,126,5,1292,1292,1166,1166,126,126,0,0
66,11,2,355,355,355,355,0,0,0,0
66,15,11,2294,2294,1775,1775,520,520,0,0
66,36,3,1653,1653,1075,1075,577,577,0,0
66,44,4,587,587,190,190,396,396,0,0
66,53,5,939,939,491,491,447,447,0,0
66,83,6,1838,1838,583,583,1255,1255,0,0
66,85,5,1920,1920,1086,1086,834,834,0,0
66,86,1,1069,1069,27,27,1043,1043,0,0
66,93,1,1730,1730,0,0,1730,1730,0,0
66,116,5,1352,1352,1076,1076,248,248,29,29
67,0,8,729,729,650,650,79,79,0,0
67,5,23,3149,3149,2574,2574,575,575,0,0
67,6,66,11741,11741,8778,8778,2962,2962,0,0
67,7,40,9856,9856,5731,5731,4125,4125,0,0
67,10,2,522,522,522,522,0,0,0,0
67,15,29,7577,7577,4999,4999,2311,2311,268,268
67,16,24,6563,6563,4542,4542,1861,1861,0,0
67,17,2,752,752,376,376,376,376,0,0
67,18,4,511,511,200,200,311,311,0,0
67,19,2,255,255,62,62,193,193,0,0
67,20,7,652,652,289,289,362,362,0,0
67,27,7,2283,2283,860,860,1422,1422,0,0
67,32,12,1132,1132,681,681,450,450,0,0
67,33,7,650,650,323,323,327,327,0,0
67,35,8,1125,1125,574,574,552,552,0,0
67,36,6,2584,2584,171,171,2387,2387,0,0
67,43,4,900,900,524,524,376,376,0,0
67,53,3,4195,4195,78,78,4117,4117,0,0
67,65,2,796,796,796,796,0,0,0,0
67,71,43,5066,5066,5066,5066,0,0,0,0
67,72,65,10503,10503,9833,9833,670,670,0,0
67,73,34,7049,7049,5956,5956,1092,1092,0,0
67,81,3,1734,1734,627,627,1107,1107,0,0
67,83,1,56,56,56,56,0,0,0,0
67,85,4,1678,1678,268,268,1411,1411,0,0
67,86,2,2485,2485,28,28,2457,2457,0,0
67,92,4,2034,2034,500,500,1535,1535,0,0
67,94,17,4496,4496,1474,1474,3023,3023,0,0
67,95,2,330,330,0,0,330,330,0,0
67,96,21,3439,3439,1309,1309,2130,2130,0,0
67,97,8,962,962,624,624,338,338,0,0
67,99,5,5453,5453,415,415,4297,4297,0,0
67,100,34,16928,16928,3545,3545,13383,13383,0,0
67,101,9,3176,3176,1548,1548,1628,1628,0,0
67,102,2,2363,2363,796,796,1567,1567,0,0
67,103,6,2695,2695,2695,2695,0,0,0,0
67,114,1,32,32,8,8,8,8,0,0
67,119,1,486,486,486,486,0,0,0,0
67,124,3,432,432,351,351,0,0,80,80
67,125,1,743,743,743,743,0,0,0,0
67,126,1,54,54,13,13,13,13,0,0
67,127,1,181,181,181,181,0,0,0,0
67,8,1,235,235,235,235,0,0,0,0
67,9,1,235,235,136,136,98,98,0,0
67,31,2,356,356,263,263,93,93,0,0
67,56,1,40,40,10,10,10,10,0,0
67,74,2,288,288,288,288,0,0,0,0
67,98,1,1366,1366,352,352,1014,1014,0,0
67,115,1,1290,1290,52,52,1238,1238,0,0
67,120,1,483,483,234,234,248,248,0,0
67,121,1,294,294,231,231,0,0,63,63
67,122,6,1126,1126,1126,1126,0,0,0,0
68,2,6,538,538,538,538,0,0,0,0
68,3,8,1137,1137,439,439,698,698,0,0
68,4,9,2913,2913,1212,1212,1700,1700,0,0
68,5,27,4441,4441,3313,3313,1128,1128,0,0
68,6,49,7326,7326,6727,6727,598,598,0,0
68,7,47,8842,8842,7533,7533,1309,1309,0,0
68,8,10,3331,3331,1075,1075,2254,2254,0,0
68,9,1,182,182,182,182,0,0,0,0
68,14,64,13614,13614,9491,9491,4124,4124,0,0
68,15,21,5069,5069,2627,2627,2443,2443,0,0
68,29,8,1347,1347,872,872,475,475,0,0
68,31,3,637,637,282,282,355,355,0,0
68,32,2,916,916,79,79,837,837,0,0
68,33,6,1502,1502,261,261,1241,1241,0,0
68,42,2,15006,15006,277,277,14730,14730,0,0
68,43,6,4323,4323,534,534,3789,3789,0,0
68,55,19,3915,3915,1858,1858,1967,1967,0,0
68,63,9,3810,3810,1790,1790,1568,1568,0,0
68,70,33,3360,3360,3360,3360,0,0,0,0
68,71,80,11684,11684,11181,11181,503,503,0,0
68,72,49,10524,10524,8263,8263,925,925,1142,1142
68,73,40,5526,5526,5326,5326,200,200,0,0
68,82,5,2122,2122,1253,1253,289,289,0,0
68,94,8,2485,2485,853,853,1634,1634,0,0
68,96,3,3602,3602,0,0,3602,3602,0,0
68,97,2,343,343,343,343,0,0,0,0
68,99,5,6102,6102,203,203,5899,5899,0,0
68,100,22,16473,16473,2062,2062,14411,14411,0,0
68,101,4,1810,1810,718,718,1092,1092,0,0
68,105,5,2676,2676,2516,2516,18,18,106,106
68,116,5,2487,2487,591,591,1897,1897,0,0
68,120,2,478,478,478,478,0,0,0,0
68,121,1,815,815,771,771,44,44,0,0
68,122,3,578,578,476,476,102,102,0,0
68,13,12,1825,1825,1825,1825,0,0,0,0
68,28,3,864,864,191,191,673,673,0,0
68,67,6,2763,2763,682,682,2082,2082,0,0
68,74,1,1521,1521,25,25,1496,1496,0,0
68,75,16,1897,1897,1314,1314,583,583,0,0
68,83,4,1921,1921,467,467,1455,1455,0,0
68,88,2,1625,1625,181,181,1445,1445,0,0
68,95,1,1815,1815,0,0,1815,1815,0,0
68,98,2,1179,1179,27,27,1152,1152,0,0
68,102,7,1268,1268,1268,1268,0,0,0,0
68,114,1,376,376,376,376,0,0,0,0
68,115,2,1969,1969,106,106,1862,1862,0,0
69,1,13,6597,6597,873,873,5726,5726,0,0
69,3,1,264,264,141,141,124,124,0,0
69,6,4,1724,1724,1724,1724,0,0,0,0
69,7,19,3030,3030,2562,2562,468,468,0,0
69,8,20,4193,4193,3207,3207,986,986,0,0
69,9,1,131,131,131,131,0,0,0,0
69,13,39,9732,9732,6067,6067,3664,3664,0,0
69,14,77,13958,13958,12240,12240,1718,1718,0,0
69,15,15,3145,3145,2405,2405,740,740,0,0
69,33,12,1614,1614,1614,1614,0,0,0,0
69,34,3,434,434,434,434,0,0,0,0
69,63,4,1227,1227,417,417,400,400,0,0
69,64,8,4472,4472,1541,1541,2932,2932,0,0
69,65,15,3577,3577,2315,2315,1262,1262,0,0
69,71,24,3836,3836,2578,2578,1258,1258,0,0
69,72,42,8697,8697,8697,8697,0,0,0,0
69,73,20,3333,3333,3333,3333,0,0,0,0
69,74,5,605,605,605,605,0,0,0,0
69,75,4,672,672,403,403,269,269,0,0
69,82,11,3234,3234,2618,2618,341,341,130,130
69,83,25,4945,4945,4756,4756,0,0,190,190
69,84,8,2577,2577,1114,1114,1463,1463,0,0
69,87,8,2119,2119,1034,1034,1085,1085,0,0
69,88,9,4327,4327,757,757,3571,3571,0,0
69,93,4,1087,1087,109,109,978,978,0,0
69,94,11,2385,2385,143,143,2242,2242,0,0
69,95,5,6090,6090,378,378,5695,5695,0,0
69,97,3,538,538,459,459,79,79,0,0
69,98,9,2746,2746,467,467,2279,2279,0,0
69,100,23,14639,14639,2315,2315,12325,12325,0,0
69,101,22,4529,4529,4247,4247,281,281,0,0
69,102,60,7340,7340,7048,7048,34,34,190,190
69,110,3,708,708,198,198,511,511,0,0
69,114,1,41,41,41,41,0,0,0,0
69,124,1,53,53,53,53,0,0,0,0
69,127,1,222,222,222,222,0,0,0,0
69,23,2,224,224,172,172,52,52,0,0
69,24,4,2077,2077,1003,1003,1074,1074,0,0
69,29,3,362,362,362,362,0,0,0,0
69,70,8,2246,2246,1098,1098,1148,1148,0,0
69,99,3,4000,4000,78,78,3922,3922,0,0
69,103,9,2783,2783,2783,2783,0,0,0,0
69,112,1,55,55,55,55,0,0,0,0
70,0,9,1327,1327,1079,1079,248,248,0,0
70,1,9,3827,3827,650,650,3177,3177,0,0
70,3,1,160,160,160,160,0,0,0,0
70,7,32,5758,5758,4574,4574,1184,1184,0,0
70,8,19,3546,3546,2281,2281,1264,1264,0,0
70,11,19,2612,2612,1646,1646,966,966,0,0
70,12,18,3643,3643,3284,3284,359,359,0,0
70,13,69,13306,13306,9575,9575,3731,3731,0,0
70,14,51,12682,12682,7588,7588,5095,5095,0,0
70,15,17,5444,5444,5087,5087,119,119,0,0
70,16,3,618,618,67,67,551,551,0,0
70,17,5,1021,1021,896,896,125,125,0,0
70,22,7,1582,1582,536,536,1047,1047,0,0
70,33,1,424,424,193,193,231,231,0,0
70,64,2,534,534,132,132,402,402,0,0
70,65,6,898,898,262,262,636,636,0,0
70,67,24,5656,5656,2058,2058,3599,3599,0,0
70,69,1,818,818,0,0,818,818,0,0
70,70,6,1287,1287,1287,1287,0,0,0,0
70,71,1,1227,1227,1227,1227,0,0,0,0
70,72,11,2862,2862,2038,2038,823,823,0,0
70,73,13,2447,2447,1683,1683,764,764,0,0
70,75,1,198,198,198,198,0,0,0,0
70,82,22,3620,3620,3500,3500,122,122,0,0
70,83,3,1249,1249,1248,1248,0,0,0,0
70,94,1,206,206,0,0,206,206,0,0
70,95,9,1495,1495,1029,1029,425,425,0,0
70,99,5,1273,1273,634,634,638,638,0,0
70,100,12,7661,7661,738,738,6906,6906,0,0
70,101,7,2110,2110,2110,2110,0,0,0,0
70,102,45,6707,6707,6707,6707,0,0,0,0
70,103,14,4633,4633,2489,2489,714,714,0,0
70,106,5,1339,1339,743,743,593,593,0,0
70,112,1,17,17,17,17,0,0,0,0
70,115,2,146,146,34,34,44,44,0,0
70,122,4,1029,1029,266,266,763,763,0,0
70,123,3,546,546,546,546,0,0,0,0
70,125,1,197,197,197,197,0,0,0,0
70,126,1,272,272,272,272,0,0,0,0
70,2,1,254,254,254,254,0,0,0,0
70,40,2,104,104,104,104,0,0,0,0
70,54,3,324,324,187,187,137,137,0,0
70,74,2,2566,2566,389,389,2177,2177,0,0
70,84,1,1766,1766,0,0,1766,1766,0,0
70,85,1,1617,1617,0,0,1617,1617,0,0
70,87,1,8,8,2,2,2,2,0,0
70,116,4,387,387,387,387,0,0,0,0
70,117,3,1117,1117,1117,1117,0,0,0,0
70,118,6,1288,1288,1288,1288,0,0,0,0
70,119,2,596,596,596,596,0,0,0,0
70,120,4,426,426,426,426,0,0,0,0
70,121,8,1465,1465,1465,1465,0,0,0,0
70,124,1,331,331,331,331,0,0,0,0
71,0,3,219,219,219,219,0,0,0,0
71,1,3,1528,1528,120,120,1408,1408,0,0
71,2,1,238,238,238,238,0,0,0,0
71,6,1,217,217,217,217,0,0,0,0
71,7,1,1225,1225,203,203,1021,1021,0,0
71,8,18,3354,3354,3039,3039,105,105,0,0
71,9,16,4349,4349,3735,3735,614,614,0,0
71,10,29,6466,6466,3977,3977,2489,2489,0,0
71,11,75,11295,11295,10385,10385,910,910,0,0
71,12,103,15525,15525,12803,12803,2724,2724,0,0
71,13,61,12315,12315,7707,7707,4561,4561,0,0
71,14,61,10507,10507,10354,10354,153,153,0,0
71,15,27,7120,7120,5850,5850,956,956,0,0
71,21,1,350,350,350,350,0,0,0,0
71,32,8,1142,1142,1142,1142,0,0,0,0
71,33,4,608,608,519,519,89,89,0,0
71,37,2,328,328,170,170,53,53,0,0
71,38,6,1436,1436,627,627,809,809,0,0
71,39,6,759,759,759,759,0,0,0,0
71,40,2,335,335,335,335,0,0,0,0
71,44,1,12,12,12,12,0,0,0,0
71,54,2,424,424,0,0,424,424,0,0
71,57,5,3729,3729,1957,1957,1772,1772,0,0
71,69,1,627,627,627,627,0,0,0,0
71,73,8,5584,5584,1384,1384,4200,4200,0,0
71,82,2,685,685,685,685,0,0,0,0
71,83,2,372,372,372,372,0,0,0,0
71,84,11,6209,6209,1492,1492,4716,4716,0,0
71,85,1,2768,2768,0,0,2768,2768,0,0
71,96,1,4,4,4,4,0,0,0,0
71,98,1,1355,1355,0,0,1355,1355,0,0
71,100,4,765,765,765,765,0,0,0,0
71,101,16,2685,2685,2685,2685,0,0,0,0
71,102,24,3149,3149,3149,3149,0,0,0,0
71,107,4,1098,1098,1098,1098,0,0,0,0
71,110,3,276,276,276,276,0,0,0,0
71,117,12,2417,2417,2283,2283,45,45,0,0
71,118,31,7765,7765,7433,7433,212,212,0,0
71,119,31,5770,5770,5770,5770,0,0,0,0
71,120,23,4729,4729,4729,4729,0,0,0,0
71,121,12,1467,1467,1467,1467,0,0,0,0
71,122,1,275,275,275,275,0,0,0,0
71,26,5,374,374,306,306,31,31,0,0
71,41,1,583,583,252,252,331,331,0,0
71,42,1,485,485,485,485,0,0,0,0
71,56,1,1884,1884,0,0,1884,1884,0,0
71,66,1,532,532,532,532,0,0,0,0
71,70,2,640,640,640,640,0,0,0,0
71,75,1,1395,1395,0,0,1395,1395,0,0
71,94,1,1112,1112,147,147,965,965,0,0
71,99,5,2192,2192,15,15,2178,2178,0,0
71,105,2,525,525,525,525,0,0,0,0
71,106,2,446,446,446,446,0,0,0,0
71,114,2,50,50,50,50,0,0,0,0
71,115,3,91,91,91,91,0,0,0,0
72,0,1,56,56,14,14,14,14,0,0
72,1,8,1078,1078,431,431,647,647,0,0
72,8,9,1602,1602,1602,1602,0,0,0,0
72,9,53,10541,10541,9701,9701,840,840,0,0
72,10,30,7513,7513,5375,5375,2137,2137,0,0
72,11,62,13644,13644,9622,9622,3987,3987,0,0
72,12,52,9528,9528,7350,7350,2177,2177,0,0
72,13,79,10494,10494,10241,10241,243,243,0,0
72,14,64,10374,10374,9177,9177,1031,1031,0,0
72,15,38,8089,8089,7441,7441,648,648,0,0
72,26,3,1532,1532,823,823,709,709,0,0
72,32,10,1343,1343,709,709,634,634,0,0
72,33,6,3339,3339,410,410,2929,2929,0,0
72,37,6,6691,6691,34,34,6657,6657,0,0
72,38,6,790,790,279,279,511,511,0,0
72,41,2,1388,1388,470,470,918,918,0,0
72,42,6,1346,1346,1006,1006,340,340,0,0
72,56,2,3613,3613,0,0,3613,3613,0,0
72,73,4,1564,1564,1564,1564,0,0,0,0
72,74,42,7885,7885,7565,7565,320,320,0,0
72,75,35,6824,6824,2939,2939,3884,3884,0,0
72,84,6,996,996,879,879,117,117,0,0
72,91,7,455,455,95,95,360,360,0,0
72,93,10,835,835,727,727,101,101,0,0
72,94,3,2273,2273,267,267,2006,2006,0,0
72,97,2,311,311,311,311,0,0,0,0
72,98,4,2490,2490,269,269,2221,2221,0,0
72,100,4,2608,2608,523,523,2086,2086,0,0
72,102,8,2238,2238,1950,1950,0,0,288,288
72,105,1,182,182,182,182,0,0,0,0
72,106,17,2818,2818,2818,2818,0,0,0,0
72,107,28,5570,5570,5570,5570,0,0,0,0
72,108,16,2805,2805,2805,2805,0,0,0,0
72,111,6,922,922,922,922,0,0,0,0
72,113,8,1417,1417,964,964,455,455,0,0
72,117,14,3472,3472,2187,2187,438,438,847,847
72,118,10,2927,2927,1475,1475,1158,1158,0,0
72,120,1,290,290,290,290,0,0,0,0
72,124,1,56,56,56,56,0,0,0,0
72,2,1,986,986,549,549,437,437,0,0
72,16,2,755,755,755,755,0,0,0,0
72,39,1,1494,1494,255,255,1239,1239,0,0
72,66,1,390,390,0,0,390,390,0,0
72,81,2,659,659,247,247,412,412,0,0
72,82,1,529,529,529,529,0,0,0,0
72,83,1,487,487,18,18,469,469,0,0
72,101,2,665,665,665,665,0,0,0,0
72,103,1,177,177,177,177,0,0,0,0
72,112,1,474,474,474,474,0,0,0,0
72,114,1,182,182,182,182,0,0,0,0
72,121,1,250,250,250,250,0,0,0,0
73,2,13,4076,4076,1102,1102,2973,2973,0,0
73,8,14,4453,4453,3915,3915,373,373,0,0
73,9,74,13444,13444,11660,11660,1784,1784,0,0
73,10,51,17723,17723,15196,15196,0,0,2526,2526
73,11,58,12568,12568,8813,8813,3752,3752,0,0
73,12,60,10285,10285,9612,9612,673,673,0,0
73,13,16,2170,2170,1912,1912,258,258,0,0
73,14,22,4203,4203,2243,2243,1960,1960,0,0
73,15,30,6848,6848,6072,6072,775,775,0,0
73,16,7,2020,2020,2020,2020,0,0,0,0
73,17,14,2227,2227,1367,1367,859,859,0,0
73,29,11,2831,2831,1529,1529,1302,1302,0,0
73,32,14,5001,5001,1463,1463,3539,3539,0,0
73,33,7,1056,1056,535,535,521,521,0,0
73,66,11,1380,1380,601,601,778,778,0,0
73,72,17,1547,1547,1547,1547,0,0,0,0
73,73,51,7671,7671,5771,5771,1901,1901,0,0
73,74,82,11025,11025,9493,9493,1532,1532,0,0
73,75,25,4259,4259,1970,1970,2290,2290,0,0
73,83,1,981,981,807,807,174,174,0,0
73,91,5,1295,1295,900,900,262,262,0,0
73,96,6,2088,2088,629,629,1459,1459,0,0
73,97,3,1961,1961,460,460,1501,1501,0,0
73,99,14,5434,5434,1452,1452,3981,3981,0,0
73,100,28,6746,6746,3929,3929,2818,2818,0,0
73,102,4,663,663,316,316,0,0,347,347
73,103,1,242,242,242,242,0,0,0,0
73,106,3,132,132,132,132,0,0,0,0
73,107,12,2051,2051,2051,2051,0,0,0,0
73,108,15,1887,1887,1887,1887,0,0,0,0
73,109,10,1916,1916,1890,1890,9,9,0,0
73,110,15,3069,3069,3069,3069,0,0,0,0
73,111,17,2225,2225,1956,1956,251,251,0,0
73,112,14,1680,1680,1680,1680,0,0,0,0
73,113,3,496,496,343,343,154,154,0,0
73,114,5,620,620,620,620,0,0,0,0
73,117,4,458,458,458,458,0,0,0,0
73,121,4,957,957,957,957,0,0,0,0
73,124,1,306,306,306,306,0,0,0,0
73,24,3,728,728,144,144,585,585,0,0
73,71,1,739,739,739,739,0,0,0,0
73,82,3,521,521,521,521,0,0,0,0
73,94,1,2868,2868,0,0,2868,2868,0,0
73,115,1,344,344,344,344,0,0,0,0
73,120,3,413,413,413,413,0,0,0,0
73,122,5,428,428,428,428,0,0,0,0
73,125,1,66,66,66,66,0,0,0,0
74,7,49,8341,8341,5787,5787,2554,2554,0,0
74,8,46,7670,7670,6442,6442,1228,1228,0,0
74,9,60,14434,14434,14139,14139,296,296,0,0
74,10,61,13628,13628,11485,11485,2143,2143,0,0
74,11,82,12438,12438,10033,10033,2035,2035,0,0
74,12,86,12833,12833,10943,10943,1890,1890,0,0
74,16,3,764,764,764,764,0,0,0,0
74,17,2,1750,1750,34,34,1717,1717,0,0
74,23,2,341,341,38,38,303,303,0,0
74,24,7,3547,3547,484,484,3063,3063,0,0
74,33,17,3054,3054,1054,1054,2000,2000,0,0
74,36,22,4587,4587,2537,2537,2049,2049,0,0
74,37,20,2363,2363,1422,1422,940,940,0,0
74,48,21,3920,3920,2530,2530,1390,1390,0,0
74,49,4,1228,1228,539,539,688,688,0,0
74,55,1,55,55,14,14,14,14,0,0
74,72,21,2466,2466,2466,2466,0,0,0,0
74,73,85,11550,11550,11310,11310,240,240,0,0
74,74,76,10390,10390,9969,9969,398,398,0,0
74,75,37,6226,6226,6226,6226,0,0,0,0
74,82,12,3895,3895,1755,1755,2140,2140,0,0
74,91,9,3112,3112,462,462,2650,2650,0,0
74,92,2,214,214,214,214,0,0,0,0
74,94,3,2550,2550,33,33,2518,2518,0,0
74,95,5,3634,3634,1806,1806,1829,1829,0,0
74,96,34,10489,10489,2653,2653,6179,6179,0,0
74,97,7,945,945,745,745,98,98,0,0
74,99,14,6504,6504,2396,2396,3852,3852,0,0
74,100,19,4853,4853,3928,3928,925,925,0,0
74,106,6,865,865,865,865,0,0,0,0
74,107,17,1919,1919,1779,1779,140,140,0,0
74,108,2,325,325,325,325,0,0,0,0
74,110,11,1366,1366,1163,1163,203,203,0,0
74,111,3,1011,1011,918,918,93,93,0,0
74,112,13,2313,2313,2313,2313,0,0,0,0
74,113,18,1950,1950,1950,1950,0,0,0,0
74,120,8,1071,1071,1071,1071,0,0,0,0
74,121,17,2901,2901,2901,2901,0,0,0,0
74,124,12,1487,1487,1305,1305,116,116,65,65
74,125,5,1435,1435,1111,1111,324,324,0,0
74,126,2,226,226,226,226,0,0,0,0
74,6,8,1084,1084,793,793,291,291,0,0
74,13,3,771,771,771,771,0,0,0,0
74,35,2,196,196,196,196,0,0,0,0
74,66,3,535,535,535,535,0,0,0,0
74,76,1,3203,3203,115,115,3088,3088,0,0
74,83,2,853,853,354,354,499,499,0,0
74,109,2,100,100,100,100,0,0,0,0
74,115,1,134,134,34,34,34,34,0,0
74,116,1,83,83,83,83,0,0,0,0
74,123,2,87,87,87,87,0,0,0,0
74,127,4,488,488,488,488,0,0,0,0
75,1,7,1612,1612,711,711,882,882,0,0
75,2,2,267,267,59,59,208,208,0,0
75,5,4,218,218,218,218,0,0,0,0
75,6,45,8551,8551,7281,7281,1270,1270,0,0
75,7,52,9410,9410,7849,7849,1561,1561,0,0
75,8,50,11906,11906,8545,8545,2391,2391,0,0
75,9,57,11513,11513,9699,9699,978,978,0,0
75,10,102,15843,15843,13512,13512,2331,2331,0,0
75,11,80,11048,11048,10499,10499,549,549,0,0
75,12,59,9507,9507,8914,8914,591,591,0,0
75,13,26,5687,5687,5419,5419,267,267,0,0
75,20,1,231,231,231,231,0,0,0,0
75,21,17,3154,3154,2597,2597,557,557,0,0
75,22,9,2476,2476,1213,1213,1264,1264,0,0
75,32,2,384,384,384,384,0,0,0,0
75,33,10,1216,1216,1112,1112,105,105,0,0
75,35,5,431,431,431,431,0,0,0,0
75,36,3,675,675,653,653,22,22,0,0
75,37,7,845,845,845,845,0,0,0,0
75,41,5,359,359,359,359,0,0,0,0
75,42,4,173,173,173,173,0,0,0,0
75,48,3,759,759,344,344,415,415,0,0
75,49,8,1074,1074,958,958,116,116,0,0
75,52,12,4836,4836,1530,1530,3054,3054,0,0
75,66,3,475,475,475,475,0,0,0,0
75,67,1,559,559,559,559,0,0,0,0
75,71,10,2164,2164,2164,2164,0,0,0,0
75,72,29,7514,7514,7376,7376,138,138,0,0
75,73,53,8932,8932,8932,8932,0,0,0,0
75,74,76,11096,11096,9856,9856,1240,1240,0,0
75,75,50,13130,13130,6774,6774,6357,6357,0,0
75,76,18,6323,6323,5904,5904,419,419,0,0
75,82,6,6834,6834,100,100,6734,6734,0,0
75,83,6,5239,5239,184,184,5055,5055,0,0
75,84,3,1759,1759,218,218,1398,1398,0,0
75,88,4,4249,4249,186,186,4062,4062,0,0
75,91,4,523,523,201,201,322,322,0,0
75,93,9,1484,1484,1357,1357,0,0,127,127
75,94,1,536,536,536,536,0,0,0,0
75,95,5,267,267,257,257,10,10,0,0
75,96,8,1710,1710,982,982,443,443,0,0
75,99,32,9164,9164,6497,6497,2668,2668,0,0
75,100,35,13540,13540,5600,5600,7939,7939,0,0
75,101,3,7728,7728,278,278,7450,7450,0,0
75,106,26,2419,2419,2419,2419,0,0,0,0
75,107,11,1400,1400,1188,1188,213,213,0,0
75,109,3,1097,1097,270,270,827,827,0,0
75,112,18,5368,5368,3899,3899,998,998,470,470
75,113,8,710,710,710,710,0,0,0,0
75,122,3,610,610,610,610,0,0,0,0
75,126,1,19,19,0,0,19,19,0,0
75,127,7,897,897,792,792,105,105,0,0
75,14,19,2501,2501,2203,2203,298,298,0,0
75,15,3,342,342,342,342,0,0,0,0
75,17,1,95,95,95,95,0,0,0,0
75,46,1,8,8,2,2,2,2,0,0
75,50,2,345,345,345,345,0,0,0,0
75,53,5,462,462,462,462,0,0,0,0
75,87,5,1343,1343,640,640,703,703,0,0
75,105,4,464,464,407,407,56,56,0,0
75,111,10,1679,1679,1679,1679,0,0,0,0
75,117,6,2434,2434,2220,2220,205,205,8,8
75,121,1,5,5,5,5,0,0,0,0
76,5,19,7043,7043,1589,1589,5454,5454,0,0
76,6,47,8956,8956,5041,5041,3914,3914,0,0
76,7,81,11625,11625,10424,10424,1201,1201,0,0
76,8,53,10433,10433,8624,8624,1794,1794,0,0
76,9,49,17944,17944,7311,7311,10495,10495,0,0
76,10,56,8505,8505,7342,7342,1133,1133,0,0
76,11,36,6649,6649,4992,4992,1655,1655,0,0
76,12,44,9911,9911,8532,8532,1380,1380,0,0
76,13,70,10741,10741,8722,8722,2020,2020,0,0
76,14,35,4806,4806,3867,3867,938,938,0,0
76,16,8,2641,2641,1328,1328,1313,1313,0,0
76,17,1,72,72,72,72,0,0,0,0
76,31,1,802,802,802,802,0,0,0,0
76,32,13,2666,2666,1169,1169,1496,1496,0,0
76,33,8,3384,3384,1158,1158,2227,2227,0,0
76,36,7,3016,3016,493,493,2522,2522,0,0
76,40,4,389,389,389,389,0,0,0,0
76,52,15,3056,3056,2400,2400,451,451,128,128
76,53,6,2005,2005,420,420,1580,1580,0,0
76,59,4,453,453,354,354,33,33,0,0
76,61,11,2912,2912,2912,2912,0,0,0,0
76,69,7,1013,1013,1013,1013,0,0,0,0
76,70,24,3767,3767,3671,3671,96,96,0,0
76,71,27,7836,7836,6894,6894,942,942,0,0
76,72,98,13657,13657,11093,11093,2548,2548,0,0
76,73,87,10803,10803,10197,10197,581,581,0,0
76,74,108,16127,16127,15495,15495,632,632,0,0
76,75,38,5101,5101,4477,4477,624,624,0,0
76,76,60,8773,8773,7848,7848,924,924,0,0
76,77,9,3040,3040,3040,3040,0,0,0,0
76,83,3,371,371,351,351,20,20,0,0
76,87,5,552,552,552,552,0,0,0,0
76,88,5,2382,2382,278,278,2105,2105,0,0
76,93,1,1433,1433,1433,1433,0,0,0,0
76,96,1,251,251,251,251,0,0,0,0
76,99,34,9889,9889,8197,8197,1693,1693,0,0
76,100,26,9382,9382,6910,6910,2473,2473,0,0
76,101,9,5007,5007,5005,5005,2,2,0,0
76,103,17,2846,2846,2846,2846,0,0,0,0
76,104,23,2140,2140,2126,2126,5,5,0,0
76,105,34,4431,4431,4431,4431,0,0,0,0
76,106,11,2172,2172,2172,2172,0,0,0,0
76,109,20,2663,2663,2663,2663,0,0,0,0
76,110,35,5212,5212,5212,5212,0,0,0,0
76,111,40,7219,7219,7207,7207,4,4,0,0
76,112,55,9085,9085,7927,7927,662,662,319,319
76,113,28,4500,4500,3831,3831,523,523,0,0
76,114,1,420,420,420,420,0,0,0,0
76,115,2,674,674,495,495,179,179,0,0
76,117,6,1005,1005,481,481,525,525,0,0
76,122,1,14,14,14,14,0,0,0,0
76,15,11,1281,1281,1281,1281,0,0,0,0
76,18,2,569,569,569,569,0,0,0,0
76,19,9,962,962,623,623,340,340,0,0
76,28,5,510,510,510,510,0,0,0,0
76,29,12,1051,1051,1051,1051,0,0,0,0
76,30,13,1428,1428,1428,1428,0,0,0,0
76,34,3,1917,1917,373,373,1544,1544,0,0
76,35,3,540,540,402,402,138,138,0,0
76,37,12,917,917,637,637,280,280,0,0
76,38,4,1916,1916,231,231,1655,1655,0,0
76,47,1,127,127,127,127,0,0,0,0
76,48,4,549,549,549,549,0,0,0,0
76,51,4,403,403,267,267,137,137,0,0
76,65,1,201,201,201,201,0,0,0,0
76,66,2,1532,1532,262,262,1270,1270,0,0
76,67,2,104,104,104,104,0,0,0,0
76,80,3,5369,5369,1014,1014,4355,4355,0,0
76,81,3,374,374,148,148,226,226,0,0
76,82,2,524,524,409,409,115,115,0,0
76,86,9,1185,1185,922,922,263,263,0,0
76,95,1,425,425,425,425,0,0,0,0
76,97,4,1129,1129,836,836,293,293,0,0
76,98,7,1696,1696,1175,1175,522,522,0,0
76,102,2,660,660,660,660,0,0,0,0
76,123,1,85,85,85,85,0,0,0,0
76,127,7,1138,1138,497,497,640,640,0,0
77,5,35,11426,11426,3287,3287,8140,8140,0,0
77,6,57,11407,11407,7942,7942,3138,3138,0,0
77,7,34,7391,7391,5382,5382,1685,1685,0,0
77,8,5,1131,1131,612,612,318,318,0,0
77,9,35,9947,9947,5484,5484,4461,4461,0,0
77,10,21,5828,5828,3991,3991,778,778,0,0
77,11,5,1611,1611,620,620,991,991,0,0
77,12,13,2928,2928,1983,1983,945,945,0,0
77,13,47,9350,9350,7017,7017,2332,2332,0,0
77,14,33,5796,5796,4208,4208,1588,1588,0,0
77,18,2,200,200,200,200,0,0,0,0
77,23,5,1136,1136,775,775,361,361,0,0
77,24,11,1777,1777,1164,1164,613,613,0,0
77,28,1,293,293,293,293,0,0,0,0
77,29,14,3957,3957,1245,1245,2712,2712,0,0
77,30,20,4580,4580,1983,1983,2597,2597,0,0
77,31,67,11178,11178,10663,10663,516,516,0,0
77,32,71,10265,10265,9714,9714,553,553,0,0
77,33,29,6390,6390,4896,4896,1496,1496,0,0
77,34,12,8746,8746,1683,1683,7062,7062,0,0
77,35,19,4954,4954,1812,1812,3142,3142,0,0
77,36,15,9972,9972,732,732,9243,9243,0,0
77,37,5,494,494,416,416,77,77,0,0
77,46,6,518,518,518,518,0,0,0,0
77,60,2,882,882,187,187,695,695,0,0
77,62,11,975,975,975,975,0,0,0,0
77,64,5,953,953,479,479,473,473,0,0
77,65,6,1430,1430,1292,1292,138,138,0,0
77,66,12,11230,11230,1636,1636,9595,9595,0,0
77,67,5,728,728,728,728,0,0,0,0
77,68,7,2020,2020,1430,1430,590,590,0,0
77,69,32,5577,5577,5129,5129,449,449,0,0
77,70,8,1663,1663,1298,1298,365,365,0,0
77,72,33,7403,7403,5680,5680,1724,1724,0,0
77,73,103,14905,14905,13538,13538,1367,1367,0,0
77,74,98,14812,14812,10976,10976,3798,3798,0,0
77,75,73,13600,13600,10236,10236,3329,3329,0,0
77,76,58,12700,12700,9478,9478,3106,3106,0,0
77,77,33,5228,5228,5228,5228,0,0,0,0
77,80,4,5035,5035,542,542,4493,4493,0,0
77,82,3,1410,1410,57,57,1353,1353,0,0
77,84,4,1156,1156,525,525,630,630,0,0
77,90,7,1917,1917,680,680,1237,1237,0,0
77,97,4,690,690,427,427,264,264,0,0
77,98,6,1785,1785,1785,1785,0,0,0,0
77,99,50,9960,9960,9454,9454,169,169,0,0
77,100,32,11897,11897,10850,10850,1046,1046,0,0
77,101,6,2437,2437,2437,2437,0,0,0,0
77,102,5,964,964,964,964,0,0,0,0
77,103,25,5686,5686,5111,5111,192,192,0,0
77,104,5,751,751,751,751,0,0,0,0
77,105,12,1565,1565,1565,1565,0,0,0,0
77,107,11,2427,2427,2160,2160,267,267,0,0
77,109,19,3841,3841,3702,3702,47,47,0,0
77,110,55,7915,7915,7915,7915,0,0,0,0
77,111,34,6846,6846,6701,6701,48,48,0,0
77,112,28,5523,5523,5340,5340,182,182,0,0
77,113,6,2102,2102,1555,1555,523,523,0,0
77,123,2,288,288,132,132,156,156,0,0
77,126,1,236,236,236,236,0,0,0,0
77,0,2,188,188,107,107,81,81,0,0
77,4,11,1471,1471,1037,1037,434,434,0,0
77,15,2,1135,1135,158,158,977,977,0,0
77,19,9,1311,1311,1311,1311,0,0,0,0
77,47,4,1604,1604,1146,1146,406,406,0,0
77,51,9,2864,2864,915,915,1950,1950,0,0
77,56,3,355,355,355,355,0,0,0,0
77,61,2,228,228,228,228,0,0,0,0
77,63,3,227,227,227,227,0,0,0,0
77,71,6,3294,3294,967,967,2327,2327,0,0
77,79,3,1139,1139,723,723,416,416,0,0
77,106,2,360,360,343,343,17,17,0,0
78,2,1,9,9,9,9,0,0,0,0
78,4,19,6168,6168,1601,1601,4566,4566,0,0
78,5,28,10507,10507,4828,4828,5678,5678,0,0
78,6,27,8942,8942,5903,5903,3039,3039,0,0
78,7,8,2922,2922,2723,2723,66,66,0,0
78,9,23,7415,7415,5294,5294,2121,2121,0,0
78,10,22,5153,5153,5153,5153,0,0,0,0
78,12,31,3829,3829,3779,3779,17,17,0,0
78,13,34,7566,7566,7353,7353,213,213,0,0
78,14,16,3016,3016,1632,1632,1384,1384,0,0
78,15,11,1558,1558,1439,1439,118,118,0,0
78,19,6,884,884,443,443,440,440,0,0
78,24,1,377,377,93,93,284,284,0,0
78,30,51,9487,9487,7604,7604,1882,1882,0,0
78,31,28,7171,7171,4995,4995,289,289,1887,1887
78,32,11,1533,1533,1533,1533,0,0,0,0
78,33,9,2049,2049,1408,1408,642,642,0,0
78,34,14,2875,2875,2875,2875,0,0,0,0
78,35,4,6387,6387,279,279,6109,6109,0,0
78,36,4,844,844,412,412,432,432,0,0
78,39,1,6,6,6,6,0,0,0,0
78,40,2,595,595,149,149,149,149,0,0
78,51,2,1191,1191,52,52,1059,1059,0,0
78,58,3,245,245,245,245,0,0,0,0
78,61,26,3173,3173,3005,3005,167,167,0,0
78,62,23,2543,2543,2316,2316,226,226,0,0
78,63,18,3506,3506,3497,3497,9,9,0,0
78,64,33,4328,4328,3798,3798,530,530,0,0
78,65,1,1496,1496,0,0,1496,1496,0,0
78,67,1,329,329,0,0,329,329,0,0
78,68,3,1081,1081,52,52,1029,1029,0,0
78,71,13,3883,3883,1285,1285,2597,2597,0,0
78,72,70,9867,9867,9213,9213,655,655,0,0
78,73,82,12550,12550,12550,12550,0,0,0,0
78,74,116,16959,16959,14920,14920,1981,1981,0,0
78,75,56,8358,8358,8358,8358,0,0,0,0
78,76,32,5977,5977,5550,5550,427,427,0,0
78,77,14,3647,3647,3647,3647,0,0,0,0
78,79,22,3537,3537,2967,2967,569,569,0,0
78,80,4,351,351,351,351,0,0,0,0
78,81,6,1119,1119,619,619,500,500,0,0
78,95,2,8446,8446,8446,8446,0,0,0,0
78,96,6,5898,5898,568,568,5330,5330,0,0
78,98,7,2403,2403,2403,2403,0,0,0,0
78,99,23,5921,5921,5467,5467,455,455,0,0
78,100,20,12249,12249,10227,10227,360,360,953,953
78,103,33,4788,4788,4788,4788,0,0,0,0
78,104,34,4640,4640,4640,4640,0,0,0,0
78,105,22,6389,6389,6389,6389,0,0,0,0
78,106,28,6781,6781,6781,6781,0,0,0,0
78,107,3,717,717,19,19,697,697,0,0
78,109,4,1008,1008,932,932,25,25,0,0
78,110,16,3516,3516,3516,3516,0,0,0,0
78,111,29,6070,6070,4385,4385,562,562,0,0
78,112,60,6518,6518,6498,6498,20,20,0,0
78,123,4,1657,1657,565,565,1081,1081,0,0
78,1,2,139,139,139,139,0,0,0,0
78,8,6,2641,2641,2518,2518,122,122,0,0
78,11,23,2713,2713,2657,2657,19,19,0,0
78,26,10,1177,1177,546,546,631,631,0,0
78,28,2,236,236,236,236,0,0,0,0
78,29,8,4806,4806,805,805,4001,4001,0,0
78,37,3,1463,1463,340,340,1123,1123,0,0
78,44,2,297,297,297,297,0,0,0,0
78,53,7,1719,1719,1719,1719,0,0,0,0
78,56,6,1512,1512,872,872,557,557,0,0
78,60,4,700,700,521,521,179,179,0,0
78,66,2,727,727,137,137,590,590,0,0
78,101,5,1499,1499,1393,1393,106,106,0,0
78,127,5,672,672,547,547,125,125,0,0
79,0,6,4048,4048,1821,1821,2227,2227,0,0
79,4,30,6757,6757,4293,4293,2432,2432,0,0
79,5,41,7472,7472,6407,6407,1065,1065,0,0
79,6,27,6112,6112,5549,5549,563,563,0,0
79,7,5,1766,1766,1766,1766,0,0,0,0
79,8,18,3661,3661,3661,3661,0,0,0,0
79,9,40,8449,8449,8449,8449,0,0,0,0
79,10,27,6732,6732,6732,6732,0,0,0,0
79,11,28,6156,6156,6127,6127,10,10,0,0
79,12,1,226,226,226,226,0,0,0,0
79,13,1,432,432,432,432,0,0,0,0
79,15,4,1429,1429,361,361,1068,1068,0,0
79,16,16,2287,2287,1805,1805,481,481,0,0
79,27,19,4106,4106,2922,2922,1183,1183,0,0
79,29,25,5396,5396,3648,3648,1748,1748,29,29
79,30,36,7129,7129,5986,5986,914,914,0,0
79,31,54,9247,9247,6952,6952,2297,2297,0,0
79,33,5,4990,4990,132,132,4858,4858,0,0
79,34,21,5678,5678,2414,2414,3249,3249,0,0
79,44,3,302,302,302,302,0,0,0,0
79,53,3,861,861,861,861,0,0,0,0
79,58,9,1621,1621,643,643,979,979,0,0
79,59,60,7445,7445,6533,6533,727,727,0,0
79,60,54,6247,6247,4348,4348,1132,1132,609,609
79,61,7,1189,1189,690,690,498,498,0,0
79,63,19,1899,1899,1477,1477,422,422,0,0
79,64,6,519,519,519,519,0,0,0,0
79,71,16,2733,2733,2733,2733,0,0,0,0
79,72,36,7607,7607,7607,7607,0,0,0,0
79,73,35,6305,6305,5796,5796,398,398,111,111
79,74,97,11761,11761,11580,11580,181,181,0,0
79,75,57,8240,8240,8240,8240,0,0,0,0
79,76,28,6482,6482,5196,5196,0,0,1286,1286
79,77,1,719,719,719,719,0,0,0,0
79,83,2,332,332,137,137,163,163,0,0
79,95,4,6958,6958,390,390,6412,6412,0,0
79,96,5,8126,8126,246,246,7879,7879,0,0
79,98,3,700,700,700,700,0,0,0,0
79,99,17,6158,6158,5173,5173,964,964,22,22
79,100,18,14014,14014,3561,3561,9917,9917,535,535
79,103,1,221,221,221,221,0,0,0,0
79,104,8,1347,1347,1231,1231,116,116,0,0
79,105,9,1826,1826,1826,1826,0,0,0,0
79,106,13,2399,2399,2399,2399,0,0,0,0
79,108,1,195,195,195,195,0,0,0,0
79,110,6,1512,1512,1308,1308,204,204,0,0
79,111,7,1025,1025,775,775,83,83,0,0
79,112,19,1645,1645,1645,1645,0,0,0,0
79,117,2,762,762,601,601,160,160,0,0
79,125,2,531,531,531,531,0,0,0,0
79,126,2,319,319,319,319,0,0,0,0
79,127,6,1483,1483,1333,1333,150,150,0,0
79,14,2,374,374,374,374,0,0,0,0
79,28,7,855,855,630,630,225,225,0,0
79,35,3,288,288,288,288,0,0,0,0
79,36,12,2010,2010,809,809,1201,1201,0,0
79,47,3,422,422,159,159,264,264,0,0
79,51,1,138,138,35,35,35,35,0,0
79,57,2,272,272,74,74,198,198,0,0
79,66,1,404,404,45,45,359,359,0,0
79,67,4,900,900,242,242,658,658,0,0
79,82,9,1304,1304,650,650,655,655,0,0
79,94,4,1042,1042,808,808,78,78,0,0
80,3,37,5459,5459,4444,4444,927,927,0,0
80,4,13,6832,6832,3430,3430,3402,3402,0,0
80,5,10,7263,7263,1578,1578,5685,5685,0,0
80,6,1,88,88,88,88,0,0,0,0
80,9,23,4753,4753,3465,3465,1288,1288,0,0
80,10,37,6508,6508,6508,6508,0,0,0,0
80,11,23,4102,4102,4052,4052,49,49,0,0
80,14,7,2069,2069,1252,1252,817,817,0,0
80,16,1,115,115,115,115,0,0,0,0
80,19,5,675,675,498,498,177,177,0,0
80,27,2,1574,1574,299,299,1275,1275,0,0
80,28,7,4916,4916,770,770,4147,4147,0,0
80,29,15,4154,4154,1354,1354,2799,2799,0,0
80,30,15,2389,2389,1857,1857,532,532,0,0
80,31,3,320,320,147,147,173,173,0,0
80,32,20,4291,4291,1526,1526,2764,2764,0,0
80,33,15,2137,2137,1926,1926,70,70,0,0
80,34,7,1678,1678,955,955,720,720,0,0
80,35,1,212,212,212,212,0,0,0,0
80,36,9,932,932,932,932,0,0,0,0
80,57,15,2827,2827,1769,1769,1057,1057,0,0
80,58,2,1264,1264,374,374,890,890,0,0
80,59,25,3772,3772,2542,2542,1230,1230,0,0
80,60,4,470,470,149,149,322,322,0,0
80,61,2,533,533,533,533,0,0,0,0
80,67,2,1232,1232,297,297,936,936,0,0
80,74,32,4471,4471,3950,3950,520,520,0,0
80,75,33,5060,5060,4160,4160,901,901,0,0
80,76,1,166,166,166,166,0,0,0,0
80,94,2,1393,1393,440,440,318,318,0,0
80,99,5,1825,1825,1806,1806,18,18,0,0
80,111,13,2227,2227,1863,1863,351,351,0,0
80,113,14,2225,2225,2225,2225,0,0,0,0
80,114,3,540,540,384,384,157,157,0,0
80,119,4,767,767,767,767,0,0,0,0
80,125,6,1095,1095,1095,1095,0,0,0,0
80,2,1,120,120,120,120,0,0,0,0
80,8,2,1785,1785,0,0,1785,1785,0,0
80,12,1,626,626,94,94,533,533,0,0
80,13,4,485,485,329,329,156,156,0,0
80,15,3,609,609,180,180,429,429,0,0
80,17,4,545,545,545,545,0,0,0,0
80,18,4,845,845,845,845,0,0,0,0
80,50,1,398,398,398,398,0,0,0,0
80,54,2,547,547,547,547,0,0,0,0
80,69,2,763,763,763,763,0,0,0,0
80,70,2,119,119,119,119,0,0,0,0
80,71,1,21,21,21,21,0,0,0,0
80,88,6,1353,1353,654,654,669,669,0,0
80,91,2,538,538,292,292,247,247,0,0
80,92,4,1421,1421,280,280,1141,1141,0,0
80,100,2,3161,3161,311,311,2849,2849,0,0
80,106,3,280,280,280,280,0,0,0,0
80,115,6,1336,1336,813,813,523,523,0,0
80,123,2,347,347,202,202,71,71,74,74
80,126,1,7,7,7,7,0,0,0,0
81,3,14,3397,3397,1952,1952,1445,1445,0,0
81,4,4,3057,3057,567,567,2490,2490,0,0
81,5,3,2950,2950,357,357,2593,2593,0,0
81,11,18,2764,2764,1572,1572,1192,1192,0,0
81,13,11,1505,1505,668,668,837,837,0,0
81,14,11,1703,1703,871,871,832,832,0,0
81,15,7,1435,1435,610,610,825,825,0,0
81,16,8,1277,1277,1193,1193,84,84,0,0
81,18,3,427,427,427,427,0,0,0,0
81,24,4,1162,1162,543,543,619,619,0,0
81,26,10,1549,1549,718,718,832,832,0,0
81,27,6,9885,9885,622,622,9264,9264,0,0
81,30,1,227,227,0,0,227,227,0,0
81,32,3,826,826,507,507,167,167,0,0
81,33,16,4495,4495,905,905,3590,3590,0,0
81,34,4,2288,2288,704,704,1584,1584,0,0
81,36,10,1485,1485,1485,1485,0,0,0,0
81,40,3,656,656,225,225,220,220,0,0
81,49,3,4595,4595,74,74,4522,4522,0,0
81,50,7,1912,1912,656,656,1256,1256,0,0
81,69,1,223,223,223,223,0,0,0,0
81,73,1,110,110,0,0,0,0,110,110
81,74,15,2644,2644,1652,1652,992,992,0,0
81,80,9,2121,2121,753,753,1367,1367,0,0
81,90,6,2900,2900,2535,2535,365,365,0,0
81,91,3,1828,1828,1445,1445,382,382,0,0
81,92,7,4317,4317,0,0,4317,4317,0,0
81,97,9,2121,2121,1415,1415,705,705,0,0
81,99,4,2293,2293,397,397,1896,1896,0,0
81,100,7,4851,4851,577,577,4274,4274,0,0
81,101,2,409,409,143,143,265,265,0,0
81,111,3,10,10,10,10,0,0,0,0
81,112,1,1181,1181,0,0,1181,1181,0,0
81,113,6,1645,1645,731,731,914,914,0,0
81,114,3,1003,1003,425,425,579,579,0,0
81,117,2,276,276,258,258,17,17,0,0
81,118,6,1556,1556,1231,1231,325,325,0,0
81,123,5,1467,1467,642,642,824,824,0,0
81,2,11,2533,2533,1119,1119,1414,1414,0,0
81,7,3,1545,1545,317,317,1227,1227,0,0
81,10,1,300,300,300,300,0,0,0,0
81,20,4,1134,1134,748,748,386,386,0,0
81,28,2,2416,2416,0,0,2416,2416,0,0
81,31,5,1694,1694,677,677,1017,1017,0,0
81,65,1,23,23,23,23,0,0,0,0
81,66,1,16,16,16,16,0,0,0,0
81,67,3,291,291,291,291,0,0,0,0
81,84,1,222,222,222,222,0,0,0,0
81,120,1,412,412,83,83,329,329,0,0
81,121,2,3362,3362,2,2,3360,3360,0,0
81,125,1,744,744,59,59,685,685,0,0
81,126,7,744,744,627,627,95,95,0,0
81,127,3,155,155,155,155,0,0,0,0
82,5,1,6,6,6,6,0,0,0,0
82,10,5,696,696,696,696,0,0,0,0
82,13,8,4569,4569,900,900,3669,3669,0,0
82,14,2,331,331,195,195,136,136,0,0
82,16,1,221,221,218,218,3,3,0,0
82,23,11,937,937,856,856,81,81,0,0
82,26,17,6113,6113,2502,2502,3613,3613,0,0
82,31,14,3417,3417,1716,1716,1657,1657,0,0
82,32,14,3301,3301,1284,1284,2017,2017,0,0
82,33,21,3391,3391,1080,1080,2310,2310,0,0
82,40,11,2292,2292,1355,1355,893,893,0,0
82,49,2,346,346,200,200,147,147,0,0
82,50,2,120,120,97,97,8,8,0,0
82,56,3,1025,1025,587,587,438,438,0,0
82,71,1,695,695,695,695,0,0,0,0
82,74,1,338,338,338,338,0,0,0,0
82,84,2,325,325,325,325,0,0,0,0
82,85,4,1208,1208,1208,1208,0,0,0,0
82,93,7,885,885,513,513,372,372,0,0
82,97,13,4464,4464,1756,1756,2582,2582,0,0
82,100,5,10799,10799,663,663,10136,10136,0,0
82,102,6,12130,12130,1575,1575,10555,10555,0,0
82,103,1,15,15,4,4,4,4,0,0
82,108,7,728,728,571,571,157,157,0,0
82,113,3,909,909,592,592,317,317,0,0
82,117,3,484,484,223,223,261,261,0,0
82,118,12,4090,4090,2049,2049,2012,2012,0,0
82,9,2,397,397,397,397,0,0,0,0
82,17,7,1662,1662,282,282,1380,1380,0,0
82,22,8,749,749,575,575,175,175,0,0
82,96,1,182,182,90,90,92,92,0,0
82,115,1,1084,1084,103,103,981,981,0,0
82,116,4,927,927,735,735,191,191,0,0
82,120,1,3272,3272,0,0,3272,3272,0,0
82,122,3,684,684,684,684,0,0,0,0
82,126,3,126,126,126,126,0,0,0,0
83,2,5,1493,1493,671,671,822,822,0,0
83,9,18,2518,2518,1754,1754,765,765,0,0
83,10,11,4407,4407,1644,1644,2763,2763,0,0
83,14,5,930,930,574,574,356,356,0,0
83,23,1,47,47,47,47,0,0,0,0
83,32,3,2477,2477,272,272,2205,2205,0,0
83,33,14,2471,2471,629,629,1841,1841,0,0
83,35,14,3517,3517,2112,2112,1404,1404,0,0
83,40,4,1280,1280,847,847,433,433,0,0
83,49,4,1051,1051,624,624,427,427,0,0
83,53,6,2634,2634,446,446,2188,2188,0,0
83,55,8,3685,3685,736,736,2875,2875,0,0
83,65,4,552,552,552,552,0,0,0,0
83,69,1,123,123,123,123,0,0,0,0
83,70,5,873,873,429,429,445,445,0,0
83,73,7,2339,2339,150,150,2188,2188,0,0
83,74,4,1258,1258,317,317,941,941,0,0
83,94,29,3806,3806,3806,3806,0,0,0,0
83,95,29,7694,7694,6766,6766,928,928,0,0
83,96,19,4855,4855,3927,3927,282,282,646,646
83,97,31,7952,7952,7500,7500,151,151,0,0
83,100,8,18099,18099,1093,1093,17006,17006,0,0
83,101,1,7091,7091,0,0,7091,7091,0,0
83,102,2,4628,4628,375,375,4253,4253,0,0
83,113,1,53,53,53,53,0,0,0,0
83,115,1,458,458,141,141,317,317,0,0
83,117,5,847,847,650,650,66,66,0,0
83,119,6,701,701,347,347,354,354,0,0
83,120,8,1430,1430,850,850,580,580,0,0
83,124,4,578,578,578,578,0,0,0,0
83,5,1,283,283,71,71,71,71,0,0
83,12,2,318,318,318,318,0,0,0,0
83,15,2,263,263,200,200,63,63,0,0
83,22,5,606,606,106,106,500,500,0,0
83,54,4,922,922,475,475,447,447,0,0
83,63,1,46,46,20,20,26,26,0,0
83,67,1,1668,1668,0,0,1668,1668,0,0
83,68,7,1524,1524,301,301,1222,1222,0,0
83,80,5,1176,1176,453,453,722,722,0,0
83,87,1,48,48,12,12,12,12,0,0
83,110,2,261,261,261,261,0,0,0,0
83,118,4,1096,1096,1096,1096,0,0,0,0
83,125,1,352,352,352,352,0,0,0,0
83,126,1,98,98,98,98,0,0,0,0
84,9,30,4078,4078,3057,3057,1023,1023,0,0
84,10,6,801,801,638,638,163,163,0,0
84,11,2,414,414,414,414,0,0,0,0
84,12,2,86,86,57,57,10,10,0,0
84,14,4,1372,1372,627,627,745,745,0,0
84,19,3,552,552,201,201,350,350,0,0
84,21,2,389,389,389,389,0,0,0,0
84,22,4,449,449,271,271,178,178,0,0
84,33,3,1206,1206,895,895,311,311,0,0
84,34,2,2503,2503,50,50,2453,2453,0,0
84,35,3,988,988,403,403,585,585,0,0
84,40,2,3986,3986,9,9,3977,3977,0,0
84,41,1,14,14,14,14,0,0,0,0
84,52,9,3486,3486,681,681,2805,2805,0,0
84,53,6,1398,1398,648,648,750,750,0,0
84,54,5,1390,1390,421,421,969,969,0,0
84,55,5,3242,3242,607,607,2636,2636,0,0
84,63,13,2133,2133,1574,1574,558,558,0,0
84,64,6,2911,2911,449,449,2462,2462,0,0
84,65,1,29,29,29,29,0,0,0,0
84,67,11,5832,5832,1039,1039,4793,4793,0,0
84,68,5,5756,5756,461,461,5295,5295,0,0
84,69,2,414,414,414,414,0,0,0,0
84,73,3,276,276,276,276,0,0,0,0
84,85,2,412,412,72,72,340,340,0,0
84,94,3,585,585,585,585,0,0,0,0
84,95,11,2122,2122,1930,1930,193,193,0,0
84,96,16,6637,6637,4879,4879,1757,1757,0,0
84,97,16,5449,5449,4986,4986,0,0,463,463
84,98,18,6272,6272,3129,3129,3060,3060,0,0
84,99,11,6216,6216,2767,2767,3447,3447,0,0
84,102,5,13391,13391,444,444,12947,12947,0,0
84,103,4,2582,2582,479,479,2104,2104,0,0
84,107,4,1360,1360,978,978,382,382,0,0
84,110,6,1279,1279,787,787,493,493,0,0
84,117,1,109,109,109,109,0,0,0,0
84,118,10,1489,1489,997,997,451,451,0,0
84,120,8,1681,1681,1645,1645,12,12,0,0
84,1,5,2328,2328,525,525,1803,1803,0,0
84,2,1,1157,1157,0,0,1157,1157,0,0
84,5,2,297,297,97,97,200,200,0,0
84,8,6,944,944,767,767,177,177,0,0
84,15,3,1146,1146,310,310,837,837,0,0
84,48,19,3285,3285,3285,3285,0,0,0,0
84,61,2,144,144,144,144,0,0,0,0
84,62,6,669,669,669,669,0,0,0,0
84,84,1,316,316,287,287,30,30,0,0
84,93,3,1460,1460,1460,1460,0,0,0,0
84,101,1,6266,6266,0,0,6266,6266,0,0
84,111,6,1170,1170,1016,1016,154,154,0,0
84,113,10,2429,2429,499,499,1930,1930,0,0
84,114,1,274,274,7,7,267,267,0,0
84,119,2,190,190,190,190,0,0,0,0
84,123,1,400,400,49,49,351,351,0,0
84,124,6,253,253,253,253,0,0,0,0
85,5,1,1091,1091,0,0,1091,1091,0,0
85,6,1,634,634,170,170,464,464,0,0
85,9,6,827,827,756,756,72,72,0,0
85,15,1,2873,2873,0,0,2873,2873,0,0
85,21,2,481,481,393,393,88,88,0,0
85,35,6,780,780,383,383,398,398,0,0
85,44,4,6093,6093,0,0,6093,6093,0,0
85,48,48,7841,7841,7398,7398,444,444,0,0
85,49,32,4196,4196,3773,3773,423,423,0,0
85,50,16,4889,4889,1459,1459,3430,3430,0,0
85,51,6,1514,1514,671,671,844,844,0,0
85,52,35,2839,2839,2587,2587,251,251,0,0
85,56,9,1535,1535,1535,1535,0,0,0,0
85,60,5,871,871,748,748,123,123,0,0
85,61,6,982,982,982,982,0,0,0,0
85,62,6,909,909,618,618,292,292,0,0
85,64,3,1729,1729,859,859,870,870,0,0
85,65,2,1774,1774,98,98,1676,1676,0,0
85,66,4,165,165,165,165,0,0,0,0
85,67,14,10072,10072,558,558,9514,9514,0,0
85,78,1,611,611,611,611,0,0,0,0
85,80,3,416,416,186,186,230,230,230,230
85,81,2,269,269,171,171,98,98,98,98
85,84,1,370,370,51,51,319,319,0,0
85,91,8,4285,4285,639,639,3646,3646,0,0
85,96,6,2627,2627,1493,1493,1135,1135,0,0
85,98,6,7535,7535,236,236,7298,7298,0,0
85,99,8,3897,3897,593,593,3304,3304,0,0
85,100,6,10767,10767,18,18,10750,10750,0,0
85,101,4,7477,7477,518,518,6959,6959,0,0
85,102,20,11067,11067,2220,2220,8846,8846,0,0
85,103,4,3618,3618,962,962,2656,2656,0,0
85,107,2,864,864,142,142,722,722,0,0
85,111,5,984,984,890,890,0,0,94,94
85,113,7,2093,2093,770,770,1324,1324,0,0
85,114,8,1133,1133,890,890,243,243,0,0
85,116,1,279,279,279,279,0,0,0,0
85,117,3,319,319,319,319,0,0,0,0
85,119,2,2307,2307,51,51,2256,2256,0,0
85,121,2,92,92,92,92,0,0,0,0
85,124,3,795,795,410,410,385,385,0,0
85,127,2,413,413,413,413,0,0,0,0
85,16,1,151,151,67,67,84,84,0,0
85,17,6,5968,5968,348,348,5619,5619,0,0
85,18,4,3570,3570,315,315,3256,3256,0,0
85,40,1,100,100,38,38,62,62,0,0
85,45,6,1735,1735,260,260,1475,1475,0,0
85,46,4,493,493,493,493,0,0,0,0
85,47,14,2141,2141,1572,1572,569,569,0,0
85,63,2,391,391,391,391,0,0,0,0
85,68,2,15825,15825,38,38,15787,15787,0,0
85,71,1,117,117,117,117,0,0,0,0
85,89,3,1033,1033,722,722,311,311,0,0
85,90,1,323,323,323,323,0,0,0,0
85,92,1,398,398,398,398,0,0,0,0
85,94,6,789,789,789,789,0,0,0,0
85,95,1,334,334,334,334,0,0,0,0
85,104,1,639,639,353,353,287,287,0,0
85,105,2,353,353,120,120,233,233,0,0
85,106,5,2458,2458,205,205,2253,2253,0,0
86,0,6,2380,2380,573,573,1807,1807,0,0
86,9,4,935,935,935,935,0,0,0,0
86,10,4,899,899,105,105,793,793,0,0
86,11,17,7834,7834,1893,1893,5943,5943,0,0
86,12,5,973,973,675,675,298,298,0,0
86,14,2,808,808,0,0,808,808,0,0
86,16,6,2750,2750,494,494,2257,2257,0,0
86,17,28,7971,7971,4100,4100,3872,3872,0,0
86,19,12,1036,1036,1036,1036,0,0,0,0
86,22,3,465,465,462,462,2,2,0,0
86,23,10,8079,8079,860,860,7219,7219,0,0
86,39,7,2054,2054,618,618,1435,1435,0,0
86,40,5,796,796,478,478,270,270,0,0
86,44,7,6445,6445,216,216,6230,6230,0,0
86,45,6,2483,2483,398,398,2086,2086,0,0
86,47,74,8790,8790,7520,7520,941,941,308,308
86,48,69,10924,10924,7322,7322,2138,2138,1465,1465
86,49,44,7049,7049,6273,6273,580,580,0,0
86,50,8,1383,1383,789,789,594,594,0,0
86,60,6,1413,1413,959,959,454,454,0,0
86,62,9,1371,1371,973,973,399,399,0,0
86,63,5,958,958,753,753,205,205,0,0
86,64,4,788,788,230,230,558,558,0,0
86,66,4,2900,2900,460,460,2441,2441,0,0
86,67,15,13715,13715,1435,1435,12281,12281,0,0
86,68,5,12424,12424,45,45,12379,12379,0,0
86,76,1,549,549,549,549,0,0,0,0
86,94,7,2460,2460,1699,1699,761,761,0,0
86,97,6,2324,2324,565,565,1759,1759,0,0
86,98,19,12704,12704,1672,1672,11032,11032,0,0
86,99,7,9860,9860,462,462,9398,9398,0,0
86,101,4,10888,10888,209,209,10679,10679,0,0
86,102,11,10190,10190,2410,2410,7780,7780,0,0
86,103,18,11132,11132,1875,1875,9258,9258,0,0
86,104,3,461,461,448,448,13,13,0,0
86,105,1,199,199,199,199,0,0,0,0
86,112,1,695,695,188,188,507,507,0,0
86,113,15,3795,3795,2914,2914,881,881,0,0
86,118,10,1377,1377,980,980,398,398,0,0
86,119,2,693,693,90,90,603,603,0,0
86,123,1,18,18,18,18,0,0,0,0
86,125,5,868,868,868,868,0,0,0,0
86,15,4,463,463,217,217,246,246,0,0
86,18,10,2957,2957,2276,2276,681,681,0,0
86,24,4,3086,3086,111,111,2976,2976,0,0
86,38,1,36,36,36,36,0,0,0,0
86,69,4,458,458,458,458,0,0,0,0
86,86,7,1380,1380,278,278,1102,1102,0,0
86,91,1,2311,2311,0,0,2311,2311,0,0
86,108,1,4,4,4,4,0,0,0,0
86,114,1,232,232,104,104,128,128,0,0
86,116,4,739,739,715,715,8,8,0,0
86,117,1,154,154,154,154,0,0,0,0
86,121,3,655,655,655,655,0,0,0,0
86,124,2,545,545,545,545,0,0,0,0
86,126,2,370,370,370,370,0,0,0,0
87,0,3,686,686,686,686,0,0,0,0
87,4,5,4717,4717,127,127,4590,4590,0,0
87,8,3,296,296,296,296,0,0,0,0
87,11,1,535,535,406,406,128,128,0,0
87,17,15,6272,6272,2449,2449,3822,3822,0,0
87,18,15,5040,5040,5040,5040,0,0,0,0
87,19,10,688,688,688,688,0,0,0,0
87,23,2,4665,4665,401,401,4264,4264,0,0
87,24,3,9090,9090,243,243,8847,8847,0,0
87,25,4,5354,5354,195,195,5159,5159,0,0
87,32,11,1599,1599,872,872,726,726,0,0
87,35,2,322,322,83,83,240,240,0,0
87,38,19,4401,4401,1580,1580,2820,2820,0,0
87,39,1,212,212,47,47,71,71,0,0
87,40,3,1575,1575,534,534,1042,1042,0,0
87,45,4,2485,2485,389,389,2096,2096,0,0
87,46,14,2971,2971,2216,2216,755,755,0,0
87,47,14,2588,2588,1774,1774,815,815,0,0
87,48,37,6318,6318,6136,6136,181,181,0,0
87,49,3,638,638,101,101,537,537,0,0
87,50,3,880,880,821,821,58,58,0,0
87,62,1,626,626,61,61,566,566,0,0
87,65,1,24,24,24,24,0,0,0,0
87,66,2,927,927,46,46,882,882,0,0
87,67,3,2356,2356,107,107,2249,2249,0,0
87,70,1,63,63,63,63,0,0,0,0
87,83,12,1448,1448,1448,1448,0,0,0,0
87,84,1,31,31,8,8,8,8,0,0
87,97,6,3450,3450,205,205,3245,3245,0,0
87,98,13,14299,14299,680,680,13619,13619,0,0
87,99,5,8281,8281,1549,1549,6731,6731,0,0
87,101,7,16911,16911,158,158,16752,16752,0,0
87,103,2,490,490,375,375,38,38,0,0
87,104,18,4179,4179,3872,3872,307,307,0,0
87,105,12,3484,3484,3413,3413,71,71,0,0
87,109,2,974,974,138,138,836,836,0,0
87,114,3,2680,2680,61,61,2618,2618,0,0
87,115,4,1153,1153,1135,1135,19,19,0,0
87,121,3,424,424,424,424,0,0,0,0
87,124,1,50,50,50,50,0,0,0,0
87,126,1,266,266,266,266,0,0,0,0
87,127,5,530,530,530,530,0,0,0,0
87,7,4,475,475,475,475,0,0,0,0
87,10,2,190,190,190,190,0,0,0,0
87,21,9,1079,1079,863,863,217,217,0,0
87,61,2,832,832,53,53,779,779,0,0
87,81,3,648,648,648,648,0,0,0,0
87,90,2,321,321,321,321,0,0,0,0
87,94,2,894,894,248,248,646,646,0,0
87,100,3,2089,2089,133,133,1956,1956,0,0
87,102,1,3787,3787,517,517,2236,2236,0,0
87,108,1,28,28,28,28,0,0,0,0
87,111,1,84,84,84,84,0,0,0,0
87,119,3,216,216,216,216,0,0,0,0
87,123,4,849,849,516,516,333,333,0,0
88,6,6,2984,2984,524,524,2459,2459,0,0
88,7,14,1771,1771,1421,1421,350,350,0,0
88,17,7,1377,1377,311,311,1066,1066,0,0
88,18,35,5436,5436,3620,3620,1815,1815,0,0
88,19,1,150,150,150,150,0,0,0,0
88,21,3,995,995,221,221,774,774,0,0
88,22,3,212,212,212,212,0,0,0,0
88,23,3,2883,2883,120,120,2764,2764,0,0
88,24,5,1562,1562,328,328,1234,1234,0,0
88,25,18,3999,3999,1619,1619,2380,2380,0,0
88,26,1,426,426,426,426,0,0,0,0
88,32,2,525,525,525,525,0,0,0,0
88,38,1,333,333,254,254,79,79,0,0
88,47,31,3367,3367,2953,2953,414,414,0,0
88,48,6,450,450,450,450,0,0,0,0
88,50,11,1041,1041,912,912,128,128,0,0
88,62,10,1911,1911,1911,1911,0,0,0,0
88,63,6,956,956,420,420,535,535,0,0
88,68,3,1243,1243,958,958,285,285,0,0
88,69,15,5280,5280,1904,1904,3374,3374,0,0
88,70,2,1263,1263,335,335,928,928,0,0
88,78,1,23,23,23,23,0,0,0,0
88,97,2,746,746,56,56,690,690,0,0
88,98,2,2085,2085,293,293,1791,1791,0,0
88,99,7,14627,14627,751,751,13876,13876,0,0
88,100,3,5630,5630,269,269,5360,5360,0,0
88,101,9,9499,9499,657,657,8843,8843,0,0
88,104,15,2391,2391,2089,2089,302,302,0,0
88,105,24,5213,5213,3913,3913,1300,1300,0,0
88,113,1,4,4,4,4,0,0,0,0
88,114,3,601,601,215,215,386,386,0,0
88,117,5,1180,1180,151,151,1030,1030,0,0
88,121,1,1497,1497,87,87,1410,1410,0,0
88,20,2,419,419,37,37,382,382,0,0
88,28,1,164,164,63,63,34,34,0,0
88,29,4,4702,4702,670,670,4032,4032,0,0
88,31,5,5604,5604,97,97,5507,5507,0,0
88,54,3,813,813,813,813,0,0,0,0
88,56,1,196,196,196,196,0,0,0,0
88,61,5,448,448,448,448,0,0,0,0
88,72,1,153,153,153,153,0,0,0,0
88,102,6,1111,1111,1111,1111,0,0,0,0
88,103,3,837,837,837,837,0,0,0,0
88,109,1,74,74,0,0,74,74,0,0
88,115,1,57,57,50,50,2,2,0,0
88,125,2,1074,1074,61,61,1013,1013,0,0
88,126,2,1335,1335,41,41,1294,1294,0,0
89,6,2,272,272,272,272,0,0,0,0
89,16,11,4707,4707,854,854,3854,3854,0,0
89,17,5,2650,2650,570,570,2080,2080,0,0
89,18,9,1139,1139,1139,1139,0,0,0,0
89,19,11,1961,1961,694,694,1267,1267,0,0
89,24,6,1334,1334,487,487,848,848,0,0
89,27,1,356,356,0,0,356,356,0,0
89,29,10,5898,5898,1947,1947,3952,3952,0,0
89,31,2,1638,1638,74,74,1565,1565,0,0
89,34,1,2408,2408,0,0,2408,2408,0,0
89,35,2,3936,3936,147,147,3789,3789,0,0
89,42,15,3387,3387,2522,2522,782,782,83,83
89,46,6,1701,1701,1701,1701,0,0,0,0
89,47,8,5755,5755,1335,1335,4420,4420,0,0
89,48,4,2438,2438,53,53,2385,2385,0,0
89,49,37,4649,4649,2747,2747,1883,1883,0,0
89,50,12,1628,1628,1255,1255,373,373,0,0
89,51,8,1831,1831,1381,1381,422,422,0,0
89,54,22,3407,3407,2849,2849,367,367,190,190
89,55,36,6453,6453,4522,4522,1931,1931,0,0
89,56,9,2215,2215,1251,1251,964,964,0,0
89,61,16,1860,1860,1186,1186,675,675,0,0
89,62,1,844,844,387,387,457,457,0,0
89,72,7,860,860,860,860,0,0,0,0
89,90,4,1570,1570,971,971,599,599,0,0
89,96,1,1028,1028,1028,1028,0,0,0,0
89,99,4,825,825,784,784,41,41,0,0
89,102,15,1826,1826,1826,1826,0,0,0,0
89,103,20,3657,3657,3657,3657,0,0,0,0
89,104,13,2646,2646,2646,2646,0,0,0,0
89,105,9,3047,3047,2812,2812,51,51,82,82
89,121,5,3597,3597,598,598,2999,2999,0,0
89,123,3,1232,1232,49,49,1183,1183,0,0
89,124,2,257,257,257,257,0,0,0,0
89,125,2,192,192,192,192,0,0,0,0
89,126,4,415,415,248,248,167,167,0,0
89,127,1,69,69,0,0,69,69,0,0
89,15,1,219,219,55,55,55,55,0,0
89,23,2,212,212,212,212,0,0,0,0
89,32,2,3369,3369,0,0,3369,3369,0,0
89,33,1,2037,2037,0,0,2037,2037,0,0
89,41,1,128,128,128,128,0,0,0,0
89,53,2,1040,1040,574,574,467,467,0,0
89,69,6,618,618,284,284,334,334,0,0
89,91,3,786,786,786,786,0,0,0,0
89,92,2,834,834,719,719,115,115,0,0
89,93,2,497,497,297,297,200,200,0,0
89,94,4,728,728,516,516,212,212,0,0
89,97,2,834,834,834,834,0,0,0,0
89,98,2,696,696,696,696,0,0,0,0
89,110,3,422,422,267,267,155,155,0,0
89,119,1,2452,2452,0,0,2452,2452,0,0
90,10,6,4118,4118,456,456,3662,3662,0,0
90,14,15,6437,6437,2572,2572,3865,3865,0,0
90,18,12,1568,1568,1135,1135,434,434,0,0
90,19,2,555,555,0,0,555,555,0,0
90,29,9,6655,6655,128,128,6527,6527,0,0
90,30,6,3603,3603,1025,1025,2579,2579,0,0
90,32,3,6968,6968,0,0,6968,6968,0,0
90,41,9,2881,2881,2323,2323,559,559,0,0
90,42,2,703,703,703,703,0,0,0,0
90,46,8,2274,2274,1374,1374,900,900,0,0
90,47,6,2960,2960,1124,1124,1836,1836,0,0
90,49,7,1511,1511,1186,1186,325,325,0,0
90,51,6,3182,3182,561,561,2621,2621,0,0
90,52,1,2389,2389,0,0,2389,2389,0,0
90,53,2,635,635,176,176,459,459,0,0
90,54,39,6571,6571,5032,5032,1539,1539,0,0
90,55,7,2188,2188,562,562,1626,1626,0,0
90,57,4,726,726,726,726,0,0,0,0
90,61,8,758,758,758,758,0,0,0,0
90,88,2,559,559,186,186,373,373,0,0
90,90,8,2783,2783,1653,1653,1130,1130,0,0
90,91,2,761,761,8,8,753,753,0,0
90,92,4,897,897,467,467,430,430,0,0
90,94,2,637,637,222,222,415,415,0,0
90,97,13,3822,3822,3822,3822,0,0,0,0
90,98,23,8642,8642,8642,8642,0,0,0,0
90,99,12,3102,3102,2574,2574,528,528,0,0
90,103,30,5375,5375,4799,4799,576,576,0,0
90,105,24,4152,4152,3602,3602,550,550,0,0
90,112,1,281,281,281,281,0,0,0,0
90,119,2,403,403,403,403,0,0,0,0
90,27,1,170,170,170,170,0,0,0,0
90,31,5,2273,2273,311,311,1961,1961,0,0
90,37,4,289,289,289,289,0,0,0,0
90,40,4,1769,1769,1006,1006,762,762,0,0
90,45,2,1189,1189,0,0,1189,1189,0,0
90,50,3,507,507,435,435,71,71,0,0
90,63,3,1009,1009,343,343,666,666,0,0
90,65,3,587,587,344,344,242,242,0,0
90,66,8,1528,1528,1293,1293,235,235,0,0
90,67,1,368,368,203,203,165,165,0,0
90,68,7,2014,2014,700,700,1314,1314,0,0
90,69,6,830,830,596,596,234,234,0,0
90,82,1,2022,2022,0,0,2022,2022,0,0
90,83,7,2374,2374,796,796,1577,1577,0,0
90,96,11,3879,3879,3879,3879,0,0,0,0
90,102,5,743,743,743,743,0,0,0,0
90,106,1,226,226,226,226,0,0,0,0
90,107,1,8,8,2,2,2,2,0,0
90,125,3,790,790,790,790,0,0,0,0
91,0,4,5679,5679,841,841,4839,4839,0,0
91,2,3,645,645,127,127,518,518,0,0
91,10,2,399,399,147,147,252,252,0,0
91,18,11,1400,1400,489,489,911,911,0,0
91,19,3,348,348,348,348,0,0,0,0
91,20,14,4329,4329,1806,1806,2523,2523,0,0
91,22,11,4996,4996,681,681,4315,4315,0,0
91,30,9,4684,4684,1046,1046,3639,3639,0,0
91,31,1,723,723,687,687,36,36,0,0
91,32,4,4014,4014,242,242,3772,3772,0,0
91,35,19,4397,4397,2224,2224,2173,2173,0,0
91,40,7,3483,3483,1589,1589,1894,1894,0,0
91,41,12,4555,4555,977,977,3578,3578,0,0
91,46,6,1273,1273,469,469,804,804,0,0
91,47,7,3280,3280,410,410,2871,2871,0,0
91,49,6,769,769,242,242,528,528,0,0
91,50,5,674,674,383,383,291,291,0,0
91,63,7,1074,1074,1074,1074,0,0,0,0
91,65,17,2882,2882,1854,1854,1027,1027,0,0
91,66,11,10217,10217,921,921,9297,9297,0,0
91,71,4,1010,1010,337,337,642,642,0,0
91,76,1,103,103,103,103,0,0,0,0
91,84,1,14,14,14,14,0,0,0,0
91,94,2,1120,1120,250,250,870,870,0,0
91,95,3,663,663,499,499,165,165,0,0
91,96,23,6011,6011,6011,6011,0,0,0,0
91,97,17,4785,4785,3384,3384,1401,1401,0,0
91,98,24,8226,8226,7628,7628,598,598,0,0
91,99,3,2594,2594,2594,2594,0,0,0,0
91,103,10,1907,1907,1712,1712,190,190,0,0
91,105,5,667,667,667,667,0,0,0,0
91,106,4,752,752,566,566,187,187,0,0
91,113,5,774,774,608,608,166,166,0,0
91,119,6,3365,3365,787,787,2578,2578,0,0
91,120,16,2979,2979,1895,1895,1013,1013,71,71
91,122,12,2165,2165,953,953,1213,1213,0,0
91,125,1,139,139,139,139,0,0,0,0
91,21,5,1107,1107,235,235,872,872,0,0
91,51,7,520,520,520,520,0,0,0,0
91,55,4,208,208,139,139,23,23,0,0
91,68,2,137,137,82,82,56,56,0,0
91,112,1,236,236,236,236,0,0,0,0
91,121,2,826,826,716,716,110,110,0,0
92,11,8,1109,1109,551,551,521,521,0,0
92,12,2,533,533,264,264,269,269,0,0
92,15,4,327,327,140,140,187,187,0,0
92,17,8,5510,5510,32,32,5477,5477,0,0
92,21,5,873,873,432,432,441,441,0,0
92,22,20,7196,7196,1030,1030,6165,6165,0,0
92,32,11,4102,4102,2120,2120,1983,1983,0,0
92,33,1,133,133,133,133,0,0,0,0
92,34,2,351,351,351,351,0,0,0,0
92,35,13,3864,3864,1502,1502,2363,2363,0,0
92,36,20,2830,2830,1986,1986,843,843,0,0
92,37,15,5061,5061,1828,1828,3233,3233,0,0
92,40,12,3298,3298,1156,1156,2143,2143,0,0
92,48,11,2502,2502,887,887,1614,1614,0,0
92,50,2,316,316,316,316,0,0,0,0
92,51,10,1764,1764,582,582,1100,1100,0,0
92,65,18,2279,2279,1915,1915,364,364,0,0
92,67,4,1161,1161,144,144,1016,1016,0,0
92,81,1,2068,2068,0,0,2068,2068,0,0
92,92,5,769,769,769,769,0,0,0,0
92,94,5,737,737,737,737,0,0,0,0
92,96,23,4177,4177,4177,4177,0,0,0,0
92,97,13,3606,3606,3298,3298,103,103,0,0
92,98,21,5918,5918,5646,5646,272,272,0,0
92,99,27,7168,7168,5058,5058,1956,1956,0,0
92,103,20,3914,3914,2760,2760,367,367,781,781
92,112,11,4211,4211,1934,1934,2277,2277,0,0
92,121,9,12232,12232,509,509,11723,11723,0,0
92,122,6,6809,6809,637,637,6172,6172,0,0
92,123,10,3598,3598,600,600,2997,2997,0,0
92,0,2,209,209,209,209,0,0,0,0
92,6,1,467,467,334,334,133,133,0,0
92,7,2,738,738,631,631,107,107,0,0
92,10,1,147,147,147,147,0,0,0,0
92,16,3,830,830,195,195,635,635,0,0
92,18,5,423,423,401,401,7,7,0,0
92,45,11,974,974,974,974,0,0,0,0
92,68,4,601,601,417,417,184,184,0,0
92,84,1,68,68,68,68,0,0,0,0
92,89,1,645,645,321,321,323,323,0,0
92,90,2,881,881,0,0,881,881,0,0
92,93,2,599,599,500,500,33,33,0,0
92,105,4,598,598,300,300,297,297,0,0
92,110,4,235,235,235,235,0,0,0,0
92,111,2,533,533,533,533,0,0,0,0
92,120,2,1104,1104,1104,1104,0,0,0,0
92,127,1,369,369,369,369,0,0,0,0
93,5,5,4285,4285,106,106,4179,4179,0,0
93,6,1,158,158,158,158,0,0,0,0
93,10,2,384,384,130,130,254,254,0,0
93,14,6,2594,2594,712,712,1883,1883,0,0
93,22,1,2064,2064,0,0,2064,2064,0,0
93,32,1,163,163,163,163,0,0,0,0
93,33,14,2782,2782,1539,1539,1243,1243,0,0
93,34,8,1774,1774,754,754,1020,1020,0,0
93,35,11,2612,2612,982,982,1629,1629,0,0
93,36,29,4515,4515,3640,3640,850,850,0,0
93,37,3,909,909,336,336,572,572,0,0
93,39,7,927,927,668,668,259,259,0,0
93,40,11,1754,1754,715,715,968,968,0,0
93,45,3,730,730,321,321,409,409,0,0
93,46,22,2034,2034,1574,1574,461,461,0,0
93,50,8,2038,2038,1661,1661,377,377,0,0
93,58,14,1487,1487,1346,1346,46,46,0,0
93,65,9,1641,1641,703,703,937,937,0,0
93,67,6,1265,1265,911,911,354,354,0,0
93,68,6,823,823,823,823,0,0,0,0
93,79,10,1447,1447,610,610,837,837,0,0
93,84,2,506,506,254,254,252,252,0,0
93,85,2,786,786,239,239,546,546,0,0
93,90,2,1126,1126,627,627,500,500,0,0
93,92,4,1164,1164,815,815,350,350,0,0
93,95,5,1580,1580,421,421,1160,1160,0,0
93,96,23,4883,4883,4883,4883,0,0,0,0
93,97,33,6007,6007,6007,6007,0,0,0,0
93,98,26,10842,10842,9720,9720,600,600,523,523
93,99,42,11643,11643,6472,6472,5171,5171,0,0
93,100,5,1424,1424,561,561,862,862,0,0
93,102,10,899,899,899,899,0,0,0,0
93,103,17,3064,3064,2999,2999,65,65,0,0
93,110,9,1813,1813,1219,1219,594,594,0,0
93,112,26,3187,3187,2855,2855,288,288,0,0
93,121,21,14531,14531,2573,2573,11960,11960,0,0
93,122,10,7460,7460,679,679,6780,6780,0,0
93,123,23,6937,6937,1815,1815,5123,5123,0,0
93,124,5,3588,3588,3422,3422,165,165,0,0
93,127,23,6053,6053,4483,4483,1570,1570,0,0
93,3,1,69,69,69,69,0,0,0,0
93,24,9,1588,1588,625,625,963,963,0,0
93,25,8,1144,1144,680,680,465,465,0,0
93,87,3,891,891,281,281,610,610,0,0
93,88,1,198,198,198,198,0,0,0,0
93,101,1,610,610,610,610,0,0,0,0
93,104,2,309,309,309,309,0,0,0,0
93,107,10,1493,1493,1105,1105,388,388,0,0
93,109,3,201,201,201,201,0,0,0,0
93,111,11,1793,1793,1361,1361,357,357,0,0
93,120,2,1334,1334,376,376,958,958,0,0
93,126,6,1302,1302,1302,1302,0,0,0,0
94,4,3,1759,1759,372,372,1387,1387,0,0
94,5,41,7921,7921,5374,5374,2332,2332,215,215
94,8,7,1470,1470,1084,1084,386,386,0,0
94,9,5,462,462,462,462,0,0,0,0
94,24,2,1094,1094,857,857,237,237,0,0
94,26,5,12580,12580,53,53,12527,12527,0,0
94,27,2,5530,5530,73,73,5457,5457,0,0
94,33,7,1579,1579,467,467,1112,1112,0,0
94,34,20,4251,4251,2967,2967,1285,1285,0,0
94,35,14,4088,4088,1282,1282,2731,2731,0,0
94,36,41,5511,5511,5358,5358,152,152,0,0
94,37,21,5223,5223,2970,2970,2199,2199,54,54
94,38,18,2392,2392,2392,2392,0,0,0,0
94,39,33,4783,4783,4623,4623,160,160,0,0
94,46,26,3263,3263,2213,2213,1003,1003,0,0
94,62,6,1256,1256,1256,1256,0,0,0,0
94,69,4,1501,1501,793,793,707,707,0,0
94,87,4,768,768,374,374,394,394,0,0
94,92,10,3364,3364,2431,2431,933,933,0,0
94,94,31,5065,5065,4440,4440,418,418,0,0
94,95,2,1156,1156,1156,1156,0,0,0,0
94,96,34,6271,6271,5974,5974,297,297,0,0
94,97,22,3478,3478,3478,3478,0,0,0,0
94,98,22,6458,6458,6170,6170,289,289,0,0
94,99,3,5471,5471,684,684,4786,4786,0,0
94,100,29,5793,5793,5603,5603,190,190,0,0
94,101,62,8124,8124,8104,8104,20,20,0,0
94,102,12,6040,6040,6040,6040,0,0,0,0
94,104,1,213,213,213,213,0,0,0,0
94,106,7,1427,1427,1287,1287,140,140,0,0
94,107,28,7429,7429,5530,5530,1836,1836,0,0
94,108,1,315,315,315,315,0,0,0,0
94,109,5,1606,1606,1606,1606,0,0,0,0
94,110,35,8501,8501,8111,8111,390,390,0,0
94,111,44,10073,10073,8356,8356,1675,1675,0,0
94,112,32,8251,8251,7709,7709,184,184,356,356
94,113,29,5904,5904,5674,5674,230,230,0,0
94,115,17,3546,3546,2828,2828,718,718,0,0
94,120,3,833,833,833,833,0,0,0,0
94,121,3,267,267,267,267,0,0,0,0
94,124,14,4697,4697,4572,4572,125,125,0,0
94,125,25,9034,9034,4872,4872,4162,4162,0,0
94,126,32,7967,7967,7656,7656,275,275,0,0
94,127,29,10114,10114,6898,6898,3215,3215,0,0
94,6,9,1158,1158,1158,1158,0,0,0,0
94,64,8,1450,1450,1044,1044,406,406,0,0
94,65,6,907,907,563,563,344,344,0,0
94,70,2,958,958,183,183,775,775,0,0
94,82,8,1809,1809,520,520,1290,1290,0,0
94,114,9,2085,2085,2008,2008,77,77,0,0
94,116,1,377,377,377,377,0,0,0,0
95,0,10,2306,2306,744,744,1562,1562,0,0
95,1,5,1129,1129,406,406,724,724,0,0
95,4,14,8123,8123,3250,3250,4026,4026,566,566
95,5,40,9280,9280,7569,7569,1664,1664,0,0
95,6,12,2538,2538,1667,1667,871,871,0,0
95,8,5,3374,3374,426,426,2948,2948,0,0
95,13,4,586,586,405,405,181,181,0,0
95,26,5,6257,6257,1761,1761,4498,4498,0,0
95,28,5,1091,1091,419,419,672,672,0,0
95,34,47,5635,5635,4513,4513,974,974,0,0
95,35,32,6607,6607,4824,4824,1783,1783,0,0
95,36,30,6396,6396,4572,4572,1826,1826,0,0
95,37,30,7522,7522,6945,6945,577,577,0,0
95,38,36,7792,7792,6463,6463,1237,1237,92,92
95,39,35,5803,5803,4737,4737,1065,1065,0,0
95,43,2,599,599,377,377,221,221,0,0
95,69,2,597,597,36,36,561,561,0,0
95,70,6,1146,1146,605,605,540,540,0,0
95,82,2,1080,1080,78,78,1002,1002,0,0
95,84,11,1963,1963,1535,1535,428,428,0,0
95,86,8,5027,5027,595,595,4431,4431,0,0
95,92,8,1860,1860,1476,1476,383,383,0,0
95,94,21,6964,6964,6230,6230,733,733,0,0
95,95,9,5045,5045,5045,5045,0,0,0,0
95,96,41,7463,7463,7463,7463,0,0,0,0
95,97,30,7243,7243,5700,5700,1544,1544,0,0
95,98,28,9090,9090,7201,7201,1755,1755,134,134
95,99,7,3588,3588,3588,3588,0,0,0,0
95,100,44,6885,6885,6885,6885,0,0,0,0
95,101,37,5071,5071,5071,5071,0,0,0,0
95,102,4,1700,1700,1700,1700,0,0,0,0
95,106,12,5774,5774,3747,3747,740,740,0,0
95,107,13,2054,2054,1981,1981,74,74,0,0
95,108,6,1600,1600,974,974,627,627,0,0
95,109,13,1999,1999,1980,1980,6,6,0,0
95,110,4,1209,1209,1209,1209,0,0,0,0
95,111,1,441,441,441,441,0,0,0,0
95,112,35,5965,5965,4982,4982,983,983,0,0
95,113,13,4063,4063,3586,3586,478,478,0,0
95,114,8,1409,1409,1409,1409,0,0,0,0
95,115,2,290,290,90,90,201,201,0,0
95,116,5,1169,1169,282,282,887,887,0,0
95,124,12,2440,2440,2440,2440,0,0,0,0
95,125,30,5052,5052,5052,5052,0,0,0,0
95,126,19,8222,8222,4942,4942,3280,3280,0,0
95,127,24,7444,7444,7204,7204,194,194,46,46
95,7,5,1037,1037,782,782,255,255,0,0
95,33,10,1061,1061,1001,1001,60,60,0,0
95,46,1,264,264,82,82,181,181,0,0
95,47,2,919,919,113,113,806,806,0,0
95,57,3,733,733,733,733,0,0,0,0
95,60,3,323,323,323,323,0,0,0,0
95,68,7,582,582,582,582,0,0,0,0
95,90,1,129,129,129,129,0,0,0,0
95,91,2,888,888,495,495,393,393,0,0
95,93,2,503,503,492,492,12,12,0,0
95,105,1,735,735,249,249,162,162,0,0
95,117,1,235,235,235,235,0,0,0,0
96,1,3,433,433,256,256,176,176,0,0
96,4,13,4438,4438,1715,1715,2263,2263,11,11
96,5,28,7663,7663,4202,4202,3460,3460,0,0
96,7,13,3832,3832,1247,1247,2585,2585,0,0
96,22,1,2516,2516,0,0,2516,2516,0,0
96,25,10,2591,2591,1166,1166,1426,1426,0,0
96,33,20,7214,7214,1687,1687,5526,5526,0,0
96,34,20,2782,2782,2148,2148,341,341,0,0
96,35,12,3729,3729,1123,1123,2108,2108,0,0
96,36,29,5116,5116,5032,5032,84,84,0,0
96,37,41,8679,8679,8489,8489,78,78,0,0
96,38,25,4196,4196,3416,3416,780,780,0,0
96,39,1,208,208,208,208,0,0,0,0
96,40,1,214,214,214,214,0,0,0,0
96,45,3,579,579,324,324,255,255,0,0
96,46,6,2299,2299,491,491,1808,1808,0,0
96,47,4,4892,4892,71,71,4820,4820,0,0
96,56,2,2887,2887,0,0,2887,2887,0,0
96,57,23,2346,2346,1932,1932,414,414,0,0
96,63,7,1305,1305,1165,1165,140,140,0,0
96,64,18,4080,4080,2429,2429,1651,1651,0,0
96,69,4,706,706,706,706,0,0,0,0
96,70,23,4109,4109,2640,2640,1470,1470,0,0
96,76,2,310,310,77,77,77,77,0,0
96,77,12,4787,4787,2453,2453,2080,2080,112,112
96,87,10,1912,1912,469,469,1444,1444,0,0
96,88,1,55,55,0,0,55,55,0,0
96,90,2,238,238,238,238,0,0,0,0
96,92,3,4992,4992,556,556,4436,4436,0,0
96,93,28,9343,9343,5015,5015,4205,4205,0,0
96,94,43,12067,12067,11345,11345,639,639,0,0
96,95,30,9122,9122,6679,6679,910,910,1534,1534
96,96,46,10220,10220,10018,10018,202,202,0,0
96,97,30,7618,7618,7469,7469,149,149,0,0
96,98,37,8789,8789,8772,8772,17,17,0,0
96,99,5,1174,1174,1174,1174,0,0,0,0
96,100,30,5777,5777,5777,5777,0,0,0,0
96,101,23,4102,4102,4102,4102,0,0,0,0
96,106,12,2575,2575,2575,2575,0,0,0,0
96,107,22,3380,3380,2932,2932,149,149,0,0
96,108,13,6058,6058,1923,1923,3882,3882,0,0
96,109,20,4195,4195,3813,3813,99,99,85,85
96,112,4,2371,2371,1385,1385,985,985,0,0
96,117,6,2881,2881,1058,1058,1823,1823,0,0
96,119,8,1559,1559,1274,1274,266,266,0,0
96,120,1,347,347,347,347,0,0,0,0
96,121,19,2686,2686,2628,2628,58,58,0,0
96,122,10,2232,2232,1814,1814,418,418,0,0
96,123,39,5478,5478,5085,5085,394,394,0,0
96,124,8,2875,2875,2875,2875,0,0,0,0
96,125,20,5931,5931,5931,5931,0,0,0,0
96,126,16,6789,6789,4769,4769,775,775,843,843
96,127,21,4418,4418,4418,4418,0,0,0,0
96,6,6,1005,1005,385,385,620,620,0,0
96,8,4,704,704,655,655,48,48,0,0
96,13,3,589,589,485,485,35,35,0,0
96,21,6,640,640,225,225,414,414,0,0
96,28,1,517,517,252,252,265,265,0,0
96,32,7,2095,2095,631,631,1232,1232,0,0
96,44,2,489,489,269,269,220,220,0,0
96,54,5,558,558,487,487,24,24,0,0
96,58,3,270,270,198,198,72,72,0,0
96,59,1,277,277,264,264,14,14,0,0
96,60,9,695,695,534,534,161,161,0,0
96,71,2,95,95,95,95,0,0,0,0
96,89,2,522,522,444,444,78,78,0,0
96,105,4,804,804,804,804,0,0,0,0
96,110,8,1618,1618,1598,1598,7,7,0,0
96,118,4,494,494,285,285,209,209,0,0
97,1,2,1148,1148,323,323,825,825,0,0
97,4,24,7904,7904,4259,4259,3643,3643,0,0
97,5,55,11111,11111,7738,7738,3373,3373,0,0
97,6,37,7328,7328,3330,3330,4000,4000,0,0
97,7,10,4768,4768,1142,1142,3626,3626,0,0
97,8,17,3360,3360,2013,2013,1348,1348,0,0
97,21,5,591,591,546,546,45,45,0,0
97,24,1,98,98,25,25,25,25,0,0
97,25,22,6346,6346,2434,2434,3912,3912,0,0
97,26,10,6801,6801,1103,1103,5699,5699,0,0
97,27,4,1248,1248,351,351,897,897,0,0
97,28,1,520,520,416,416,105,105,0,0
97,29,3,1061,1061,333,333,728,728,0,0
97,32,13,6484,6484,2278,2278,4207,4207,0,0
97,33,29,7516,7516,3055,3055,4461,4461,0,0
97,35,43,7797,7797,5924,5924,1873,1873,0,0
97,36,23,5848,5848,4147,4147,1701,1701,0,0
97,37,70,10905,10905,8371,8371,1969,1969,459,459
97,38,12,2418,2418,873,873,1518,1518,0,0
97,39,2,2584,2584,53,53,2532,2532,0,0
97,51,5,297,297,101,101,65,65,0,0
97,54,3,366,366,366,366,0,0,0,0
97,57,9,768,768,590,590,178,178,0,0
97,58,10,824,824,760,760,64,64,0,0
97,60,1,65,65,65,65,0,0,0,0
97,63,4,2871,2871,840,840,2032,2032,0,0
97,64,15,3490,3490,2100,2100,1390,1390,0,0
97,69,28,4915,4915,3260,3260,1654,1654,0,0
97,70,36,5739,5739,5461,5461,279,279,0,0
97,71,16,2725,2725,2341,2341,384,384,0,0
97,72,4,409,409,409,409,0,0,0,0
97,76,1,265,265,265,265,0,0,0,0
97,77,5,1510,1510,639,639,871,871,0,0
97,85,8,933,933,605,605,327,327,0,0
97,87,9,1349,1349,1181,1181,168,168,0,0
97,91,6,1938,1938,772,772,1166,1166,0,0
97,92,6,1487,1487,1090,1090,397,397,0,0
97,93,4,1248,1248,1019,1019,76,76,0,0
97,94,15,2458,2458,1923,1923,535,535,0,0
97,95,32,9360,9360,7222,7222,1585,1585,202,202
97,96,30,7485,7485,6656,6656,829,829,0,0
97,97,31,8383,8383,8049,8049,334,334,0,0
97,98,19,8533,8533,7311,7311,1222,1222,0,0
97,99,19,3731,3731,3342,3342,390,390,0,0
97,101,10,1353,1353,1353,1353,0,0,0,0
97,105,3,518,518,518,518,0,0,0,0
97,108,34,5028,5028,5028,5028,0,0,0,0
97,109,33,5718,5718,5648,5648,24,24,0,0
97,110,13,2083,2083,1905,1905,177,177,0,0
97,119,2,139,139,139,139,0,0,0,0
97,120,6,1422,1422,1205,1205,219,219,0,0
97,121,13,2183,2183,2014,2014,85,85,84,84
97,122,8,3491,3491,874,874,2616,2616,0,0
97,123,33,7341,7341,7177,7177,164,164,0,0
97,124,18,3645,3645,3506,3506,46,46,0,0
97,125,12,3460,3460,3374,3374,87,87,0,0
97,126,29,7854,7854,7186,7186,74,74,543,543
97,127,3,1451,1451,919,919,179,179,0,0
97,3,1,189,189,189,189,0,0,0,0
97,9,2,639,639,635,635,4,4,0,0
97,13,3,4022,4022,166,166,3856,3856,0,0
97,14,2,3655,3655,0,0,3655,3655,0,0
97,15,1,3134,3134,0,0,3134,3134,0,0
97,17,4,1376,1376,724,724,652,652,0,0
97,18,1,1049,1049,55,55,994,994,0,0
97,34,8,1555,1555,1386,1386,168,168,0,0
97,52,5,1950,1950,837,837,1111,1111,0,0
97,61,21,2173,2173,2173,2173,0,0,0,0
97,66,19,2840,2840,1696,1696,1144,1144,0,0
97,100,10,1879,1879,1822,1822,57,57,0,0
97,102,4,988,988,455,455,533,533,0,0
97,104,1,401,401,401,401,0,0,0,0
97,112,2,611,611,611,611,0,0,0,0
98,3,27,5031,5031,5031,5031,0,0,0,0
98,4,16,3085,3085,2928,2928,53,53,0,0
98,5,36,7072,7072,6804,6804,268,268,0,0
98,6,19,3491,3491,3250,3250,242,242,0,0
98,7,6,670,670,670,670,0,0,0,0
98,8,5,623,623,518,518,105,105,0,0
98,13,2,152,152,152,152,0,0,0,0
98,14,2,2275,2275,147,147,2127,2127,0,0
98,16,11,3324,3324,1483,1483,1840,1840,0,0
98,17,10,2339,2339,1142,1142,1198,1198,0,0
98,18,3,1134,1134,180,180,718,718,0,0
98,19,14,2393,2393,1452,1452,943,943,0,0
98,21,8,3045,3045,651,651,2393,2393,0,0
98,27,7,13739,13739,0,0,13739,13739,0,0
98,31,5,4058,4058,396,396,3639,3639,0,0
98,32,2,4018,4018,78,78,3940,3940,0,0
98,35,18,3729,3729,2606,2606,1122,1122,0,0
98,37,20,3055,3055,2287,2287,767,767,0,0
98,38,4,1157,1157,603,603,553,553,0,0
98,40,13,4496,4496,1024,1024,3474,3474,0,0
98,44,3,326,326,182,182,145,145,0,0
98,45,3,1555,1555,171,171,1380,1380,0,0
98,51,8,539,539,442,442,96,96,0,0
98,52,16,2397,2397,1007,1007,1299,1299,84,84
98,58,9,1243,1243,919,919,325,325,0,0
98,61,1,2054,2054,0,0,2054,2054,0,0
98,63,18,3592,3592,3592,3592,0,0,0,0
98,64,8,1831,1831,522,522,1309,1309,0,0
98,66,3,476,476,476,476,0,0,0,0
98,67,22,2412,2412,2412,2412,0,0,0,0
98,68,16,3205,3205,2632,2632,573,573,0,0
98,69,42,5849,5849,5396,5396,454,454,0,0
98,70,23,4841,4841,3952,3952,889,889,0,0
98,71,8,1732,1732,1732,1732,0,0,0,0
98,72,8,1307,1307,1307,1307,0,0,0,0
98,91,2,556,556,320,320,237,237,0,0
98,92,4,1238,1238,585,585,652,652,0,0
98,94,2,442,442,442,442,0,0,0,0
98,95,21,3648,3648,3406,3406,241,241,0,0
98,96,15,2355,2355,2355,2355,0,0,0,0
98,97,15,6905,6905,4780,4780,2125,2125,0,0
98,98,13,4764,4764,3464,3464,1300,1300,0,0
98,99,41,6770,6770,6210,6210,560,560,0,0
98,100,29,5183,5183,4861,4861,108,108,0,0
98,101,1,235,235,235,235,0,0,0,0
98,103,3,829,829,829,829,0,0,0,0
98,104,17,1734,1734,1621,1621,113,113,0,0
98,107,6,691,691,586,586,105,105,0,0
98,108,14,3160,3160,2809,2809,351,351,0,0
98,109,28,5963,5963,4552,4552,1411,1411,0,0
98,110,8,1483,1483,710,710,773,773,0,0
98,119,5,1242,1242,1030,1030,212,212,0,0
98,120,3,552,552,341,341,211,211,0,0
98,122,1,204,204,129,129,75,75,0,0
98,123,2,272,272,272,272,0,0,0,0
98,125,17,2741,2741,2625,2625,117,117,0,0
98,126,15,3071,3071,3071,3071,0,0,0,0
98,127,3,540,540,540,540,0,0,0,0
98,2,2,363,363,363,363,0,0,0,0
98,15,5,334,334,334,334,0,0,0,0
98,20,2,373,373,337,337,36,36,0,0
98,22,3,285,285,285,285,0,0,0,0
98,23,3,428,428,428,428,0,0,0,0
98,25,7,5376,5376,205,205,5171,5171,0,0
98,26,10,3960,3960,510,510,3451,3451,0,0
98,29,5,1852,1852,417,417,1435,1435,0,0
98,34,5,1013,1013,653,653,360,360,0,0
98,39,2,383,383,383,383,0,0,0,0
98,53,7,644,644,564,564,80,80,0,0
98,54,7,407,407,407,407,0,0,0,0
98,56,5,910,910,506,506,404,404,0,0
98,57,6,858,858,523,523,335,335,0,0
98,93,3,358,358,358,358,0,0,0,0
98,112,1,255,255,255,255,0,0,0,0
99,1,10,1941,1941,1726,1726,215,215,0,0
99,2,5,546,546,249,249,297,297,0,0
99,3,12,2044,2044,1866,1866,178,178,0,0
99,4,30,4261,4261,3907,3907,354,354,0,0
99,5,15,2626,2626,1804,1804,821,821,0,0
99,6,2,666,666,248,248,417,417,0,0
99,7,2,755,755,189,189,566,566,0,0
99,8,2,782,782,358,358,425,425,0,0
99,12,2,3315,3315,223,223,3091,3091,0,0
99,13,2,2898,2898,194,194,2704,2704,0,0
99,15,7,1857,1857,567,567,1291,1291,0,0
99,16,6,1371,1371,725,725,646,646,0,0
99,20,2,4955,4955,80,80,4876,4876,0,0
99,21,3,239,239,239,239,0,0,0,0
99,22,11,1027,1027,715,715,312,312,0,0
99,23,1,276,276,69,69,69,69,0,0
99,24,12,2957,2957,1103,1103,1854,1854,0,0
99,25,30,11888,11888,3201,3201,8689,8689,0,0
99,26,12,10359,10359,1116,1116,9242,9242,0,0
99,28,6,799,799,532,532,267,267,0,0
99,29,9,1373,1373,677,677,694,694,0,0
99,31,3,2242,2242,210,210,2031,2031,0,0
99,32,7,2179,2179,1028,1028,1152,1152,0,0
99,35,13,1462,1462,1462,1462,0,0,0,0
99,38,3,339,339,339,339,0,0,0,0
99,39,9,1216,1216,659,659,558,558,0,0
99,40,9,4450,4450,595,595,3807,3807,0,0
99,52,2,725,725,725,725,0,0,0,0
99,53,5,1607,1607,196,196,1411,1411,0,0
99,54,1,61,61,61,61,0,0,0,0
99,57,7,3979,3979,352,352,3627,3627,0,0
99,58,13,2554,2554,1802,1802,753,753,0,0
99,59,4,2537,2537,314,314,2222,2222,0,0
99,62,33,3702,3702,3256,3256,446,446,0,0
99,63,52,8364,8364,7349,7349,1014,1014,0,0
99,64,6,1520,1520,1113,1113,406,406,0,0
99,65,1,65,65,65,65,0,0,0,0
99,67,1,30,30,30,30,0,0,0,0
99,68,37,4147,4147,3729,3729,418,418,0,0
99,69,67,9207,9207,7273,7273,1598,1598,335,335
99,70,65,10256,10256,9821,9821,436,436,681,681
99,71,1,47,47,47,47,0,0,0,0
99,83,2,129,129,129,129,0,0,0,0
99,88,3,842,842,842,842,0,0,0,0
99,92,3,1834,1834,1552,1552,282,282,0,0
99,93,2,710,710,33,33,677,677,0,0
99,95,7,1068,1068,978,978,90,90,0,0
99,97,16,7543,7543,3043,3043,4500,4500,0,0
99,98,7,1596,1596,1496,1496,100,100,0,0
99,99,12,1580,1580,929,929,495,495,156,156
99,100,12,1073,1073,859,859,215,215,0,0
99,103,5,345,345,345,345,0,0,0,0
99,104,1,242,242,242,242,0,0,0,0
99,105,6,1000,1000,1000,1000,0,0,0,0
99,106,9,2341,2341,1197,1197,1050,1050,94,94
99,108,6,1656,1656,890,890,38,38,648,648
99,109,3,454,454,454,454,0,0,0,0
99,112,7,1736,1736,1503,1503,233,233,0,0
99,123,3,916,916,916,916,0,0,0,0
99,10,1,123,123,123,123,0,0,0,0
99,11,1,473,473,382,382,91,91,0,0
99,18,16,2946,2946,919,919,2027,2027,0,0
99,47,8,968,968,465,465,503,503,0,0
99,73,3,476,476,476,476,0,0,0,0
99,84,7,1063,1063,683,683,380,380,0,0
99,96,2,588,588,588,588,0,0,0,0
99,107,5,2858,2858,2516,2516,114,114,0,0
99,117,3,398,398,398,398,0,0,0,0
99,124,3,521,521,521,521,0,0,0,0
100,0,15,1392,1392,1297,1297,94,94,0,0
100,1,5,1312,1312,1312,1312,0,0,0,0
100,2,1,366,366,366,366,0,0,0,0
100,4,14,3021,3021,2319,2319,703,703,0,0
100,10,3,1668,1668,296,296,1372,1372,0,0
100,11,11,3165,3165,1869,1869,1297,1297,0,0
100,12,14,2440,2440,1432,1432,1006,1006,0,0
100,13,7,6295,6295,1076,1076,5219,5219,0,0
100,18,1,200,200,191,191,9,9,0,0
100,24,1,362,362,16,16,346,346,0,0
100,25,7,1644,1644,1163,1163,482,482,0,0
100,26,7,7751,7751,785,785,6966,6966,0,0
100,27,11,4738,4738,1190,1190,3548,3548,0,0
100,28,1,35,35,35,35,0,0,0,0
100,29,8,941,941,941,941,0,0,0,0
100,32,11,4707,4707,780,780,3881,3881,0,0
100,34,8,1933,1933,691,691,1243,1243,0,0
100,39,18,3204,3204,1810,1810,1363,1363,0,0
100,45,13,3784,3784,475,475,3308,3308,0,0
100,46,5,2003,2003,346,346,1657,1657,0,0
100,54,1,3835,3835,0,0,3835,3835,0,0
100,59,2,192,192,192,192,0,0,0,0
100,62,10,2175,2175,2175,2175,0,0,0,0
100,63,78,11153,11153,9379,9379,1773,1773,0,0
100,64,25,5599,5599,3775,3775,1014,1014,809,809
100,67,2,784,784,140,140,644,644,0,0
100,68,6,865,865,611,611,254,254,0,0
100,69,19,2718,2718,2131,2131,587,587,0,0
100,70,1,1060,1060,51,51,1009,1009,51,51
100,76,1,27,27,27,27,0,0,0,0
100,81,2,119,119,119,119,0,0,0,0
100,83,5,850,850,324,324,526,526,0,0
100,90,5,1887,1887,1666,1666,221,221,0,0
100,95,3,657,657,657,657,0,0,0,0
100,102,4,936,936,825,825,111,111,0,0
100,103,6,1137,1137,1137,1137,0,0,0,0
100,106,8,2409,2409,1200,1200,1209,1209,0,0
100,107,19,5185,5185,4693,4693,164,164,0,0
100,108,20,4725,4725,4144,4144,118,118,302,302
100,109,2,476,476,476,476,0,0,0,0
100,110,3,269,269,269,269,0,0,0,0
100,112,4,1620,1620,451,451,1169,1169,0,0
100,124,2,251,251,251,251,0,0,0,0
100,22,4,866,866,376,376,490,490,0,0
100,33,2,1547,1547,152,152,1395,1395,0,0
100,44,1,484,484,75,75,408,408,0,0
100,55,7,1672,1672,1672,1672,0,0,0,0
100,65,28,2877,2877,2877,2877,0,0,0,0
100,73,2,407,407,407,407,0,0,0,0
100,84,3,393,393,206,206,187,187,0,0
100,89,3,429,429,429,429,0,0,0,0
100,91,5,1924,1924,1237,1237,229,229,0,0
100,94,3,656,656,656,656,0,0,0,0
100,96,2,389,389,389,389,0,0,0,0
100,97,1,755,755,239,239,515,515,0,0
100,98,1,406,406,316,316,90,90,0,0
100,99,2,229,229,147,147,82,82,0,0
100,116,1,125,125,0,0,125,125,0,0
100,119,5,429,429,328,328,101,101,0,0
100,122,1,59,59,59,59,0,0,0,0
100,123,3,59,59,59,59,0,0,0,0
100,127,2,289,289,289,289,0,0,0,0
101,1,5,832,832,832,832,0,0,0,0
101,2,5,709,709,709,709,0,0,0,0
101,4,16,2911,2911,1942,1942,968,968,0,0
101,11,4,2429,2429,178,178,2251,2251,0,0
101,13,8,1885,1885,1238,1238,647,647,0,0
101,23,9,4665,4665,1340,1340,3325,3325,0,0
101,24,8,9410,9410,169,169,9241,9241,0,0
101,25,9,10666,10666,743,743,9922,9922,0,0
101,26,13,4192,4192,1862,1862,2331,2331,0,0
101,27,23,4272,4272,2855,2855,1417,1417,0,0
101,30,10,1498,1498,762,762,735,735,0,0
101,31,9,1083,1083,1060,1060,23,23,0,0
101,32,6,4922,4922,274,274,4648,4648,0,0
101,33,16,5028,5028,1563,1563,3464,3464,0,0
101,34,11,4503,4503,792,792,3711,3711,0,0
101,39,8,1076,1076,640,640,436,436,0,0
101,40,1,1180,1180,0,0,1180,1180,0,0
101,44,16,2366,2366,964,964,1403,1403,0,0
101,45,1,316,316,30,30,287,287,0,0
101,57,11,1553,1553,953,953,600,600,0,0
101,63,23,4316,4316,2935,2935,1381,1381,0,0
101,64,20,3152,3152,2247,2247,903,903,0,0
101,65,5,592,592,592,592,0,0,0,0
101,69,11,2366,2366,1694,1694,671,671,0,0
101,88,12,1119,1119,690,690,430,430,0,0
101,91,1,641,641,386,386,256,256,0,0
101,94,5,443,443,443,443,0,0,0,0
101,95,9,1368,1368,867,867,502,502,0,0
101,96,5,1058,1058,1058,1058,0,0,0,0
101,97,12,6029,6029,2088,2088,3942,3942,0,0
101,106,16,2415,2415,2318,2318,97,97,0,0
101,108,26,3299,3299,3262,3262,38,38,0,0
101,109,10,941,941,819,819,122,122,0,0
101,116,3,305,305,305,305,0,0,0,0
101,120,4,131,131,118,118,4,4,0,0
101,121,3,374,374,374,374,0,0,0,0
101,124,4,539,539,539,539,0,0,0,0
101,125,1,24,24,24,24,0,0,0,0
101,3,3,449,449,449,449,0,0,0,0
101,28,8,2227,2227,1173,1173,1054,1054,0,0
101,43,1,2060,2060,0,0,2060,2060,0,0
101,68,11,2396,2396,1510,1510,885,885,0,0
101,73,3,644,644,609,609,12,12,0,0
101,76,2,131,131,131,131,0,0,0,0
101,82,3,790,790,790,790,0,0,0,0
101,87,1,104,104,104,104,0,0,0,0
101,89,2,1459,1459,590,590,868,868,0,0
101,93,1,368,368,302,302,66,66,0,0
101,98,3,823,823,184,184,638,638,0,0
101,99,6,1148,1148,639,639,509,509,0,0
101,103,2,113,113,113,113,0,0,0,0
101,104,6,602,602,602,602,0,0,0,0
101,107,10,1342,1342,1342,1342,0,0,0,0
101,111,2,488,488,488,488,0,0,0,0
101,113,1,115,115,0,0,115,115,0,0
101,117,1,30,30,30,30,0,0,0,0
101,118,1,250,250,250,250,0,0,0,0
102,0,10,3067,3067,666,666,2401,2401,0,0
102,1,9,1840,1840,839,839,1004,1004,0,0
102,2,8,1231,1231,206,206,1024,1024,0,0
102,3,21,11504,11504,1765,1765,9738,9738,0,0
102,13,2,1547,1547,1079,1079,467,467,0,0
102,23,18,3579,3579,1832,1832,1745,1745,0,0
102,24,8,9000,9000,912,912,8088,8088,0,0
102,25,9,22451,22451,591,591,21861,21861,0,0
102,27,27,9225,9225,4009,4009,5216,5216,0,0
102,28,37,7927,7927,6044,6044,1853,1853,0,0
102,29,5,3031,3031,149,149,2882,2882,0,0
102,30,28,8576,8576,2456,2456,6121,6121,0,0
102,31,13,4772,4772,2292,2292,2350,2350,0,0
102,34,10,4193,4193,751,751,3443,3443,0,0
102,35,2,34,34,34,34,0,0,0,0
102,47,5,576,576,275,275,301,301,0,0
102,48,2,687,687,261,261,427,427,0,0
102,53,8,3873,3873,611,611,3262,3262,0,0
102,63,2,330,330,58,58,272,272,0,0
102,64,3,790,790,419,419,371,371,0,0
102,68,5,801,801,592,592,209,209,0,0
102,69,11,2328,2328,1547,1547,781,781,0,0
102,70,4,399,399,196,196,203,203,0,0
102,71,7,1321,1321,658,658,663,663,0,0
102,72,7,1171,1171,526,526,645,645,0,0
102,73,3,877,877,362,362,514,514,0,0
102,76,5,323,323,323,323,0,0,0,0
102,82,40,4576,4576,4576,4576,0,0,0,0
102,83,4,1371,1371,156,156,1214,1214,0,0
102,87,6,813,813,541,541,272,272,0,0
102,88,4,5331,5331,39,39,5292,5292,0,0
102,89,5,5308,5308,475,475,4833,4833,0,0
102,90,1,809,809,377,377,431,431,0,0
102,91,2,471,471,471,471,0,0,0,0
102,93,2,1004,1004,780,780,169,169,55,55
102,95,9,2288,2288,1251,1251,819,819,0,0
102,98,1,260,260,8,8,252,252,0,0
102,99,7,1300,1300,573,573,727,727,0,0
102,100,4,470,470,326,326,144,144,0,0
102,102,8,1721,1721,1369,1369,352,352,0,0
102,106,10,2544,2544,2497,2497,45,45,0,0
102,107,35,4847,4847,4467,4467,379,379,0,0
102,108,9,1134,1134,1017,1017,58,58,0,0
102,111,2,316,316,316,316,0,0,0,0
102,118,2,358,358,358,358,0,0,0,0
102,119,1,239,239,239,239,0,0,0,0
102,121,3,761,761,761,761,0,0,0,0
102,123,8,854,854,787,787,0,0,67,67
102,124,1,215,215,215,215,0,0,0,0
102,4,1,6022,6022,519,519,5503,5503,0,0
102,22,1,1055,1055,0,0,1055,1055,0,0
102,32,8,2268,2268,1149,1149,17,17,1102,1102
102,33,3,2147,2147,539,539,1608,1608,0,0
102,43,7,1614,1614,531,531,1083,1083,0,0
102,46,7,1825,1825,1030,1030,795,795,0,0
102,54,1,128,128,25,25,103,103,0,0
102,78,1,312,312,312,312,0,0,0,0
102,80,8,1710,1710,1710,1710,0,0,0,0
102,81,7,529,529,529,529,0,0,0,0
102,86,4,1288,1288,233,233,1056,1056,0,0
102,96,3,315,315,315,315,0,0,0,0
102,97,2,860,860,338,338,522,522,0,0
102,112,2,351,351,351,351,0,0,0,0
102,117,1,8,8,2,2,2,2,0,0
102,122,1,18,18,4,4,4,4,0,0
103,3,2,6500,6500,19,19,6480,6480,0,0
103,4,15,6964,6964,1661,1661,5304,5304,0,0
103,9,1,78,78,78,78,0,0,0,0
103,10,4,1318,1318,919,919,399,399,0,0
103,11,15,5186,5186,907,907,4278,4278,0,0
103,12,2,2112,2112,0,0,2112,2112,0,0
103,13,2,1569,1569,158,158,1411,1411,0,0
103,21,9,3307,3307,441,441,2867,2867,0,0
103,22,2,385,385,385,385,0,0,0,0
103,24,6,5034,5034,362,362,4671,4671,0,0
103,25,3,7773,7773,91,91,7682,7682,0,0
103,27,18,4352,4352,4352,4352,0,0,0,0
103,28,45,7703,7703,7552,7552,56,56,0,0
103,29,27,5910,5910,4869,4869,927,927,0,0
103,30,43,8646,8646,6812,6812,1832,1832,0,0
103,31,48,7806,7806,6412,6412,1316,1316,77,77
103,32,8,2155,2155,1979,1979,176,176,0,0
103,33,1,570,570,201,201,369,369,0,0
103,34,7,1186,1186,799,799,387,387,0,0
103,42,3,433,433,163,163,270,270,0,0
103,62,10,1234,1234,945,945,288,288,0,0
103,63,18,3677,3677,1916,1916,1745,1745,0,0
103,80,3,636,636,636,636,0,0,0,0
103,82,1,514,514,514,514,0,0,0,0
103,83,2,1182,1182,1182,1182,0,0,0,0
103,84,10,1176,1176,848,848,109,109,0,0
103,86,1,315,315,75,75,240,240,0,0
103,96,1,455,455,266,266,189,189,0,0
103,106,11,1432,1432,1432,1432,0,0,0,0
103,107,3,703,703,703,703,0,0,0,0
103,117,4,243,243,160,160,83,83,0,0
103,122,2,300,300,202,202,98,98,0,0
103,125,3,759,759,759,759,0,0,0,0
103,126,2,35,35,35,35,0,0,0,0
103,2,1,183,183,183,183,0,0,0,0
103,5,5,3036,3036,268,268,2768,2768,0,0
103,7,2,533,533,223,223,311,311,0,0
103,15,3,1101,1101,511,511,591,591,0,0
103,17,7,1243,1243,872,872,371,371,0,0
103,18,1,189,189,169,169,19,19,0,0
103,23,1,37,37,37,37,0,0,0,0
103,26,1,377,377,377,377,0,0,0,0
103,39,13,2942,2942,906,906,2036,2036,0,0
103,40,9,2813,2813,388,388,2425,2425,0,0
103,53,5,1181,1181,673,673,508,508,0,0
103,57,8,2869,2869,232,232,2637,2637,0,0
103,79,3,506,506,506,506,0,0,0,0
103,81,2,302,302,93,93,0,0,210,210
103,89,1,330,330,330,330,0,0,0,0
103,90,1,253,253,63,63,63,63,0,0
103,91,1,392,392,392,392,0,0,0,0
103,103,10,1770,1770,1770,1770,0,0,0,0
103,115,1,152,152,152,152,0,0,0,0
103,121,4,672,672,349,349,0,0,323,323
104,3,12,14052,14052,861,861,13191,13191,0,0
104,4,13,10048,10048,873,873,9175,9175,0,0
104,6,3,606,606,101,101,506,506,0,0
104,7,17,2324,2324,1255,1255,1069,1069,0,0
104,8,7,1164,1164,392,392,772,772,0,0
104,9,3,476,476,397,397,79,79,0,0
104,11,3,94,94,94,94,0,0,0,0
104,13,4,1110,1110,261,261,849,849,0,0
104,14,1,259,259,259,259,0,0,0,0
104,16,1,160,160,160,160,0,0,0,0
104,17,18,2506,2506,2182,2182,324,324,0,0
104,18,6,1120,1120,987,987,133,133,0,0
104,19,4,464,464,401,401,63,63,0,0
104,20,10,1586,1586,945,945,642,642,0,0
104,21,11,2428,2428,778,778,1651,1651,0,0
104,23,14,5526,5526,2196,2196,3330,3330,0,0
104,24,5,4845,4845,364,364,4481,4481,0,0
104,26,5,660,660,418,418,242,242,0,0
104,27,18,3577,3577,3431,3431,147,147,0,0
104,28,38,7032,7032,6163,6163,869,869,0,0
104,29,55,13751,13751,12034,12034,1419,1419,299,299
104,30,39,6213,6213,5014,5014,1199,1199,0,0
104,31,14,3453,3453,3175,3175,279,279,0,0
104,39,12,3151,3151,339,339,2811,2811,0,0
104,40,12,3896,3896,604,604,3292,3292,0,0
104,52,3,1049,1049,134,134,914,914,0,0
104,53,2,449,449,449,449,0,0,0,0
104,57,13,2973,2973,2076,2076,897,897,0,0
104,62,1,747,747,227,227,520,520,0,0
104,63,18,2908,2908,1757,1757,1151,1151,0,0
104,64,8,987,987,963,963,8,8,0,0
104,76,6,1261,1261,810,810,451,451,0,0
104,77,2,182,182,79,79,103,103,0,0
104,80,25,2721,2721,2721,2721,0,0,0,0
104,81,28,6309,6309,3841,3841,2468,2468,0,0
104,82,2,1916,1916,109,109,1807,1807,0,0
104,92,1,106,106,106,106,0,0,0,0
104,101,4,894,894,769,769,125,125,0,0
104,103,2,541,541,541,541,0,0,0,0
104,104,11,1920,1920,1920,1920,0,0,0,0
104,105,4,1251,1251,1251,1251,0,0,0,0
104,106,3,794,794,413,413,382,382,0,0
104,119,2,93,93,93,93,0,0,0,0
104,120,3,943,943,943,943,0,0,0,0
104,121,1,667,667,667,667,0,0,0,0
104,122,1,941,941,941,941,0,0,0,0
104,123,6,871,871,871,871,0,0,0,0
104,125,6,971,971,696,696,275,275,0,0
104,2,1,128,128,32,32,32,32,0,0
104,10,3,5002,5002,0,0,5002,5002,0,0
104,22,8,2353,2353,599,599,1754,1754,0,0
104,32,1,958,958,86,86,872,872,0,0
104,45,3,733,733,733,733,0,0,0,0
104,59,18,4553,4553,2267,2267,2287,2287,0,0
104,60,3,572,572,572,572,0,0,0,0
104,61,1,67,67,17,17,17,17,0,0
104,72,1,293,293,293,293,0,0,0,0
104,75,3,533,533,260,260,273,273,0,0
104,107,2,487,487,487,487,0,0,0,0
104,113,2,612,612,612,612,0,0,0,0
104,126,1,32,32,32,32,0,0,0,0
105,4,1,76,76,32,32,44,44,0,0
105,10,2,667,667,395,395,272,272,0,0
105,15,1,797,797,128,128,669,669,0,0
105,16,4,664,664,361,361,303,303,0,0
105,17,5,5712,5712,668,668,5044,5044,0,0
105,22,2,3156,3156,0,0,3156,3156,0,0
105,23,11,4370,4370,1041,1041,3329,3329,0,0
105,24,9,1602,1602,982,982,620,620,0,0
105,28,19,4450,4450,2968,2968,1277,1277,0,0
105,29,40,8074,8074,7346,7346,728,728,0,0
105,30,23,3811,3811,3469,3469,133,133,0,0
105,31,12,3895,3895,1788,1788,2005,2005,0,0
105,56,13,1341,1341,1286,1286,54,54,0,0
105,59,6,2585,2585,656,656,1929,1929,0,0
105,60,6,3285,3285,723,723,2562,2562,0,0
105,61,6,3553,3553,514,514,3040,3040,0,0
105,64,3,3485,3485,292,292,3193,3193,0,0
105,76,3,498,498,498,498,0,0,0,0
105,79,5,1499,1499,570,570,930,930,0,0
105,80,104,11031,11031,8779,8779,2251,2251,0,0
105,81,67,7174,7174,6167,6167,1007,1007,0,0
105,82,44,5364,5364,5364,5364,0,0,0,0
105,92,1,279,279,279,279,0,0,0,0
105,101,5,1194,1194,940,940,248,248,0,0
105,102,2,352,352,352,352,0,0,0,0
105,104,6,548,548,548,548,0,0,0,0
105,105,12,1264,1264,1236,1236,29,29,0,0
105,117,3,1015,1015,729,729,285,285,0,0
105,119,3,830,830,386,386,444,444,0,0
105,120,1,70,70,0,0,70,70,0,0
105,122,1,353,353,353,353,0,0,0,0
105,124,10,8859,8859,951,951,7908,7908,0,0
105,125,13,7240,7240,1273,1273,5967,5967,0,0
105,127,5,758,758,758,758,0,0,0,0
105,1,4,483,483,321,321,162,162,0,0
105,13,3,3785,3785,807,807,2824,2824,0,0
105,18,6,583,583,367,367,217,217,0,0
105,21,8,1444,1444,1050,1050,394,394,0,0
105,35,4,1302,1302,397,397,905,905,0,0
105,50,1,104,104,104,104,0,0,0,0
105,51,3,424,424,424,424,0,0,0,0
105,53,1,1827,1827,0,0,1827,1827,0,0
105,63,4,514,514,514,514,0,0,0,0
105,78,3,529,529,290,290,239,239,0,0
105,95,2,487,487,24,24,463,463,0,0
105,96,3,1714,1714,154,154,1561,1561,0,0
105,108,7,1105,1105,505,505,567,567,0,0
105,114,1,570,570,284,284,286,286,0,0
105,118,1,263,263,263,263,0,0,0,0
105,123,3,3547,3547,107,107,3440,3440,0,0
105,126,1,604,604,87,87,517,517,0,0
106,10,5,706,706,540,540,166,166,0,0
106,13,7,4692,4692,646,646,4045,4045,0,0
106,17,16,2477,2477,2242,2242,235,235,0,0
106,18,10,3253,3253,458,458,2795,2795,0,0
106,20,3,2626,2626,206,206,2420,2420,0,0
106,21,9,3306,3306,821,821,2484,2484,0,0
106,22,8,1128,1128,710,710,417,417,0,0
106,23,3,3637,3637,201,201,3435,3435,0,0
106,24,5,1265,1265,789,789,476,476,0,0
106,28,6,1863,1863,875,875,988,988,0,0
106,29,27,4319,4319,3250,3250,1068,1068,0,0
106,35,8,1464,1464,926,926,538,538,0,0
106,51,11,1370,1370,673,673,697,697,0,0
106,52,4,181,181,181,181,0,0,0,0
106,56,8,837,837,740,740,97,97,0,0
106,60,3,815,815,288,288,528,528,0,0
106,62,8,1575,1575,569,569,1006,1006,0,0
106,63,7,1398,1398,875,875,523,523,0,0
106,73,5,375,375,375,375,0,0,0,0
106,76,5,2886,2886,624,624,2262,2262,0,0
106,77,44,6330,6330,5287,5287,844,844,79,79
106,78,56,11411,11411,8354,8354,2807,2807,236,236
106,79,55,8191,8191,5201,5201,1991,1991,875,875
106,80,94,10268,10268,8111,8111,2158,2158,0,0
106,91,4,1292,1292,426,426,848,848,0,0
106,95,6,4430,4430,229,229,4201,4201,0,0
106,98,1,39,39,10,10,10,10,0,0
106,104,11,1992,1992,1220,1220,771,771,0,0
106,105,12,2101,2101,2045,2045,57,57,0,0
106,108,4,373,373,373,373,0,0,0,0
106,116,1,238,238,238,238,0,0,0,0
106,122,1,368,368,368,368,0,0,0,0
106,3,6,1027,1027,883,883,144,144,0,0
106,6,3,1110,1110,805,805,305,305,0,0
106,27,3,1640,1640,418,418,1223,1223,0,0
106,34,4,647,647,191,191,456,456,0,0
106,36,8,779,779,540,540,239,239,0,0
106,37,5,1212,1212,640,640,571,571,0,0
106,61,1,1375,1375,0,0,1375,1375,0,0
106,81,6,718,718,718,718,0,0,0,0
106,86,1,132,132,132,132,0,0,0,0
106,94,4,2585,2585,204,204,2381,2381,0,0
106,97,3,308,308,261,261,47,47,0,0
106,100,1,714,714,0,0,714,714,0,0
106,109,4,506,506,427,427,78,78,0,0
106,110,3,219,219,219,219,0,0,0,0
106,127,3,1038,1038,230,230,808,808,0,0
107,3,1,387,387,66,66,322,322,0,0
107,6,3,931,931,423,423,509,509,0,0
107,10,3,547,547,336,336,212,212,0,0
107,12,3,2356,2356,17,17,2339,2339,0,0
107,17,8,1933,1933,1133,1133,800,800,0,0
107,18,4,1559,1559,53,53,1507,1507,0,0
107,23,4,955,955,44,44,912,912,0,0
107,27,23,4538,4538,2340,2340,2198,2198,0,0
107,28,11,1533,1533,1117,1117,318,318,0,0
107,29,10,1434,1434,1101,1101,333,333,0,0
107,36,3,825,825,187,187,637,637,0,0
107,51,2,2407,2407,0,0,2407,2407,0,0
107,52,6,842,842,390,390,452,452,0,0
107,55,13,2035,2035,875,875,1128,1128,0,0
107,56,13,1254,1254,1193,1193,20,20,0,0
107,57,7,2175,2175,477,477,1636,1636,0,0
107,61,10,13830,13830,405,405,13424,13424,0,0
107,62,11,7624,7624,838,838,6786,6786,0,0
107,63,11,12266,12266,1363,1363,10903,10903,0,0
107,72,3,1170,1170,0,0,1170,1170,0,0
107,73,5,1429,1429,305,305,1124,1124,0,0
107,76,2,1280,1280,0,0,1280,1280,0,0
107,77,39,5991,5991,5168,5168,652,652,0,0
107,78,66,10121,10121,9151,9151,934,934,0,0
107,79,63,9881,9881,8592,8592,851,851,439,439
107,80,75,13844,13844,6630,6630,7214,7214,0,0
107,81,81,9229,9229,8938,8938,258,258,0,0
107,82,29,4121,4121,3774,3774,346,346,0,0
107,86,3,1619,1619,1205,1205,414,414,0,0
107,92,1,94,94,24,24,24,24,0,0
107,94,5,2359,2359,962,962,1397,1397,0,0
107,95,4,3803,3803,229,229,3574,3574,0,0
107,97,2,755,755,506,506,249,249,0,0
107,103,1,472,472,0,0,472,472,0,0
107,104,2,165,165,165,165,0,0,0,0
107,105,8,2040,2040,1895,1895,146,146,0,0
107,110,3,1186,1186,417,417,769,769,0,0
107,111,5,928,928,522,522,407,407,0,0
107,118,3,1610,1610,801,801,796,796,0,0
107,119,4,2121,2121,1366,1366,755,755,0,0
107,121,11,1735,1735,1139,1139,590,590,0,0
107,127,10,1454,1454,1191,1191,263,263,0,0
107,2,2,647,647,397,397,250,250,0,0
107,11,1,1571,1571,0,0,1571,1571,0,0
107,13,5,438,438,222,222,216,216,0,0
107,24,1,121,121,118,118,3,3,0,0
107,26,4,747,747,715,715,32,32,0,0
107,30,8,1371,1371,1039,1039,332,332,0,0
107,39,3,266,266,266,266,0,0,0,0
107,53,7,1080,1080,752,752,328,328,0,0
107,60,1,3002,3002,0,0,3002,3002,0,0
107,67,2,1429,1429,0,0,1429,1429,0,0
107,68,4,1338,1338,692,692,646,646,0,0
107,99,3,260,260,258,258,1,1,0,0
107,100,1,870,870,866,866,1,1,0,0
107,113,1,252,252,252,252,0,0,0,0
107,114,3,442,442,205,205,237,237,0,0
107,120,2,416,416,416,416,0,0,0,0
107,124,4,478,478,108,108,369,369,0,0
107,125,8,1052,1052,802,802,250,250,0,0
108,3,1,714,714,714,714,0,0,0,0
108,6,3,4310,4310,0,0,4310,4310,0,0
108,7,5,1116,1116,422,422,490,490,0,0
108,11,4,1469,1469,439,439,1029,1029,0,0
108,17,1,320,320,320,320,0,0,0,0
108,24,4,779,779,437,437,342,342,0,0
108,26,6,3101,3101,558,558,2542,2542,0,0
108,28,27,4345,4345,4345,4345,0,0,0,0
108,29,17,1823,1823,1823,1823,0,0,0,0
108,30,9,1382,1382,1224,1224,85,85,0,0
108,40,4,3528,3528,330,330,3198,3198,0,0
108,43,4,1452,1452,654,654,266,266,0,0
108,53,38,5132,5132,4025,4025,786,786,321,321
108,54,15,1649,1649,1649,1649,0,0,0,0
108,55,5,739,739,574,574,165,165,0,0
108,57,2,2546,2546,55,55,2492,2492,0,0
108,61,2,3658,3658,0,0,3658,3658,0,0
108,62,5,4125,4125,661,661,3464,3464,0,0
108,63,5,12211,12211,518,518,11694,11694,0,0
108,66,15,1278,1278,1039,1039,238,238,0,0
108,75,2,1233,1233,109,109,1124,1124,0,0
108,76,9,1138,1138,1072,1072,66,66,0,0
108,77,5,1859,1859,385,385,1473,1473,0,0
108,78,15,3480,3480,3480,3480,0,0,0,0
108,79,70,12034,12034,9201,9201,2834,2834,0,0
108,80,25,9315,9315,3934,3934,5382,5382,0,0
108,81,7,6204,6204,1767,1767,4437,4437,0,0
108,82,16,4333,4333,2278,2278,2055,2055,0,0
108,89,1,131,131,0,0,131,131,0,0
108,94,1,1153,1153,0,0,1153,1153,0,0
108,95,3,5349,5349,861,861,4488,4488,0,0
108,99,11,2202,2202,1628,1628,569,569,0,0
108,100,1,466,466,313,313,147,147,0,0
108,113,7,1616,1616,1182,1182,434,434,0,0
108,121,8,2140,2140,867,867,1273,1273,0,0
108,124,6,696,696,411,411,285,285,0,0
108,125,9,1466,1466,1216,1216,249,249,0,0
108,126,3,128,128,49,49,79,79,0,0
108,2,4,803,803,803,803,0,0,0,0
108,5,2,593,593,111,111,482,482,0,0
108,12,1,243,243,243,243,0,0,0,0
108,13,16,3827,3827,1865,1865,1961,1961,0,0
108,18,3,2425,2425,199,199,2226,2226,0,0
108,25,5,619,619,619,619,0,0,0,0
108,27,1,795,795,56,56,739,739,0,0
108,39,9,1956,1956,716,716,872,872,0,0
108,51,2,4450,4450,793,793,3657,3657,0,0
108,52,2,2250,2250,141,141,2109,2109,0,0
108,83,4,381,381,137,137,243,243,0,0
108,87,6,856,856,555,555,301,301,0,0
108,98,1,32,32,32,32,0,0,0,0
108,108,2,766,766,133,133,633,633,0,0
108,111,1,259,259,259,259,0,0,0,0
108,122,2,696,696,552,552,144,144,0,0
108,127,1,206,206,206,206,0,0,0,0
109,2,17,2449,2449,1818,1818,631,631,0,0
109,12,2,285,285,95,95,190,190,0,0
109,13,6,849,849,771,771,78,78,0,0
109,18,1,215,215,64,64,50,50,0,0
109,26,9,1607,1607,873,873,734,734,0,0
109,39,9,2027,2027,1003,1003,1024,1024,0,0
109,44,1,521,521,253,253,268,268,0,0
109,45,3,644,644,644,644,0,0,0,0
109,49,6,847,847,110,110,737,737,0,0
109,51,6,1106,1106,512,512,594,594,0,0
109,54,2,356,356,356,356,0,0,0,0
109,55,8,3027,3027,335,335,2692,2692,0,0
109,56,6,607,607,607,607,0,0,0,0
109,57,6,521,521,521,521,0,0,0,0
109,62,34,6957,6957,5568,5568,1390,1390,0,0
109,65,11,1389,1389,1232,1232,157,157,0,0
109,76,5,1002,1002,357,357,645,645,0,0
109,78,10,3761,3761,1029,1029,2732,2732,0,0
109,79,27,7871,7871,3548,3548,4323,4323,0,0
109,80,28,9558,9558,2601,2601,6957,6957,0,0
109,81,24,13832,13832,2167,2167,11665,11665,0,0
109,82,1,7604,7604,441,441,7163,7163,0,0
109,86,3,3804,3804,245,245,3560,3560,0,0
109,87,20,10803,10803,2313,2313,8490,8490,0,0
109,91,1,202,202,27,27,175,175,0,0
109,92,8,1635,1635,1016,1016,619,619,0,0
109,94,5,686,686,488,488,181,181,0,0
109,95,13,7879,7879,3327,3327,4552,4552,0,0
109,96,3,425,425,212,212,213,213,0,0
109,98,3,831,831,530,530,301,301,0,0
109,99,8,1728,1728,1382,1382,346,346,0,0
109,100,1,287,287,287,287,0,0,0,0
109,110,2,384,384,384,384,0,0,0,0
109,111,1,238,238,238,238,0,0,0,0
109,113,1,115,115,115,115,0,0,0,0
109,116,2,1277,1277,74,74,1203,1203,0,0
109,117,4,1841,1841,544,544,1298,1298,0,0
109,118,12,14289,14289,675,675,13614,13614,0,0
109,119,5,510,510,408,408,102,102,0,0
109,120,2,274,274,274,274,0,0,0,0
109,122,5,521,521,494,494,27,27,0,0
109,123,1,29,29,0,0,29,29,0,0
109,124,2,160,160,160,160,0,0,0,0
109,126,4,267,267,267,267,0,0,0,0
109,127,22,2205,2205,1882,1882,323,323,0,0
109,11,3,649,649,160,160,488,488,0,0
109,27,1,120,120,120,120,0,0,0,0
109,30,4,1061,1061,694,694,366,366,0,0
109,61,1,653,653,0,0,653,653,0,0
109,63,18,1442,1442,1087,1087,354,354,0,0
109,64,3,190,190,190,190,0,0,0,0
109,83,1,189,189,0,0,189,189,0,0
109,101,1,253,253,253,253,0,0,0,0
109,107,2,812,812,448,448,364,364,0,0
109,125,1,89,89,89,89,0,0,0,0
110,2,10,924,924,924,924,0,0,0,0
110,12,4,4593,4593,313,313,4280,4280,0,0
110,13,10,1128,1128,871,871,257,257,0,0
110,26,8,669,669,669,669,0,0,0,0
110,27,11,1313,1313,932,932,381,381,0,0
110,39,10,4689,4689,1765,1765,2925,2925,0,0
110,40,2,2736,2736,101,101,2634,2634,0,0
110,54,13,1439,1439,920,920,519,519,0,0
110,55,8,1141,1141,1141,1141,0,0,0,0
110,61,3,653,653,330,330,322,322,0,0
110,62,45,6952,6952,5727,5727,1224,1224,0,0
110,63,19,1430,1430,1311,1311,119,119,0,0
110,65,1,179,179,179,179,0,0,0,0
110,77,3,1139,1139,24,24,1115,1115,0,0
110,78,36,6490,6490,4428,4428,2062,2062,0,0
110,82,5,596,596,282,282,315,315,0,0
110,83,13,2263,2263,1321,1321,867,867,0,0
110,86,4,6630,6630,330,330,6299,6299,0,0
110,87,6,5658,5658,369,369,5288,5288,0,0
110,94,3,3294,3294,365,365,2929,2929,0,0
110,95,11,2843,2843,1430,1430,1413,1413,0,0
110,101,5,159,159,76,76,27,27,0,0
110,106,25,3285,3285,2998,2998,287,287,0,0
110,107,1,309,309,170,170,139,139,0,0
110,108,2,103,103,103,103,0,0,0,0
110,109,1,415,415,415,415,0,0,0,0
110,116,13,2734,2734,2033,2033,702,702,0,0
110,118,17,2221,2221,2221,2221,0,0,0,0
110,120,10,1051,1051,916,916,135,135,0,0
110,122,4,190,190,190,190,0,0,0,0
110,123,4,593,593,521,521,73,73,0,0
110,17,2,1347,1347,280,280,1068,1068,0,0
110,18,4,1201,1201,363,363,839,839,0,0
110,29,1,95,95,95,95,0,0,0,0
110,56,2,3616,3616,0,0,3616,3616,0,0
110,72,5,1367,1367,496,496,871,871,0,0
110,73,2,2483,2483,0,0,2483,2483,0,0
110,74,6,1173,1173,1135,1135,20,20,0,0
110,79,5,2293,2293,568,568,1725,1725,0,0
110,80,5,6452,6452,388,388,6064,6064,0,0
110,92,1,128,128,128,128,0,0,0,0
110,100,1,4,4,4,4,0,0,0,0
110,105,4,500,500,424,424,76,76,0,0
110,113,3,691,691,554,554,136,136,0,0
110,114,13,1732,1732,1732,1732,0,0,0,0
110,115,6,2300,2300,2300,2300,0,0,0,0
110,119,15,1233,1233,1233,1233,0,0,0,0
111,1,8,1108,1108,796,796,312,312,0,0
111,2,12,1744,1744,1208,1208,536,536,0,0
111,5,4,868,868,623,623,245,245,0,0
111,12,1,315,315,315,315,0,0,0,0
111,21,3,666,666,185,185,481,481,0,0
111,26,7,1435,1435,923,923,512,512,0,0
111,38,19,8964,8964,676,676,8239,8239,0,0
111,39,5,1549,1549,689,689,861,861,0,0
111,54,11,1561,1561,1141,1141,419,419,0,0
111,55,13,1770,1770,1068,1068,704,704,0,0
111,56,2,3441,3441,34,34,3407,3407,0,0
111,57,6,1840,1840,489,489,1352,1352,0,0
111,61,1,917,917,275,275,643,643,0,0
111,62,6,1054,1054,512,512,542,542,0,0
111,63,7,1104,1104,1104,1104,0,0,0,0
111,72,13,2531,2531,1178,1178,1354,1354,0,0
111,73,3,1036,1036,362,362,674,674,0,0
111,74,6,2777,2777,1886,1886,891,891,0,0
111,78,10,3330,3330,1052,1052,2278,2278,0,0
111,79,6,9079,9079,475,475,8604,8604,0,0
111,80,5,913,913,851,851,62,62,0,0
111,87,11,6449,6449,1635,1635,4812,4812,0,0
111,88,15,2938,2938,1566,1566,1372,1372,0,0
111,94,1,4453,4453,121,121,4332,4332,0,0
111,95,3,1632,1632,1606,1606,26,26,0,0
111,101,4,301,301,75,75,75,75,0,0
111,102,2,273,273,273,273,0,0,0,0
111,105,36,6993,6993,6146,6146,847,847,0,0
111,106,26,6126,6126,6126,6126,0,0,0,0
111,107,16,3906,3906,2211,2211,902,902,650,650
111,108,6,2053,2053,1499,1499,553,553,0,0
111,111,2,1950,1950,92,92,1857,1857,0,0
111,113,5,918,918,904,904,14,14,0,0
111,114,23,4007,4007,4007,4007,0,0,0,0
111,115,29,6836,6836,6468,6468,11,11,335,335
111,116,22,4595,4595,4397,4397,66,66,0,0
111,117,2,376,376,376,376,0,0,0,0
111,118,3,228,228,228,228,0,0,0,0
111,119,5,563,563,512,512,51,51,0,0
111,124,2,29,29,29,29,0,0,0,0
111,126,3,168,168,87,87,81,81,0,0
111,17,6,1185,1185,435,435,750,750,0,0
111,18,5,1817,1817,298,298,1519,1519,0,0
111,20,6,3555,3555,438,438,3037,3037,0,0
111,22,1,176,176,176,176,0,0,0,0
111,51,1,323,323,323,323,0,0,0,0
111,52,5,940,940,940,940,0,0,0,0
111,53,1,33,33,33,33,0,0,0,0
111,77,3,733,733,163,163,401,401,0,0
111,86,2,357,357,357,357,0,0,0,0
111,89,6,1465,1465,940,940,525,525,0,0
111,90,8,1917,1917,1036,1036,881,881,0,0
111,91,8,1053,1053,1053,1053,0,0,0,0
111,92,8,1270,1270,820,820,450,450,0,0
111,99,1,19,19,9,9,4,4,0,0
111,103,3,500,500,304,304,196,196,0,0
111,104,2,549,549,128,128,420,420,0,0
111,121,1,22,22,22,22,0,0,0,0
111,122,1,29,29,7,7,7,7,0,0
111,123,1,30,30,30,30,0,0,0,0
112,1,4,895,895,240,240,656,656,0,0
112,2,17,3349,3349,1917,1917,1432,1432,0,0
112,5,4,526,526,231,231,295,295,0,0
112,7,2,557,557,202,202,355,355,0,0
112,13,8,1683,1683,551,551,1035,1035,97,97
112,17,1,100,100,100,100,0,0,0,0
112,18,4,1246,1246,554,554,692,692,0,0
112,19,1,1358,1358,18,18,1340,1340,0,0
112,20,14,7005,7005,1110,1110,5896,5896,0,0
112,22,13,2600,2600,736,736,1864,1864,0,0
112,39,3,6075,6075,654,654,5421,5421,0,0
112,40,2,3310,3310,78,78,3232,3232,0,0
112,51,1,333,333,333,333,0,0,0,0
112,52,3,427,427,427,427,0,0,0,0
112,53,3,1250,1250,546,546,704,704,0,0
112,54,21,3982,3982,2600,2600,1383,1383,0,0
112,61,5,892,892,536,536,356,356,0,0
112,67,11,3292,3292,1995,1995,1296,1296,0,0
112,77,7,1314,1314,965,965,349,349,0,0
112,79,2,315,315,250,250,65,65,0,0
112,80,5,817,817,339,339,477,477,0,0
112,83,6,1093,1093,532,532,561,561,0,0
112,86,6,1673,1673,651,651,1021,1021,0,0
112,87,8,7476,7476,989,989,6486,6486,0,0
112,88,15,10317,10317,2691,2691,7625,7625,0,0
112,89,6,1119,1119,554,554,565,565,0,0
112,90,30,4955,4955,4068,4068,763,763,124,124
112,91,37,5702,5702,5086,5086,173,173,443,443
112,92,23,4198,4198,2727,2727,1312,1312,0,0
112,93,2,164,164,164,164,0,0,0,0
112,101,3,142,142,142,142,0,0,0,0
112,102,7,931,931,931,931,0,0,0,0
112,104,3,349,349,247,247,102,102,0,0
112,105,21,4573,4573,3801,3801,772,772,0,0
112,106,23,5041,5041,4106,4106,935,935,0,0
112,107,4,657,657,657,657,0,0,0,0
112,112,5,3227,3227,752,752,2476,2476,0,0
112,113,11,1760,1760,932,932,828,828,0,0
112,115,17,2566,2566,2402,2402,164,164,0,0
112,116,1,69,69,33,33,36,36,0,0
112,119,8,834,834,787,787,16,16,0,0
112,44,1,96,96,96,96,0,0,0,0
112,60,1,514,514,87,87,427,427,0,0
112,76,2,853,853,95,95,758,758,0,0
112,94,2,233,233,233,233,0,0,0,0
112,95,2,654,654,581,581,73,73,0,0
112,99,7,1186,1186,837,837,349,349,0,0
112,111,1,1614,1614,0,0,1614,1614,0,0
112,114,3,256,256,143,143,114,114,0,0
112,121,1,17,17,17,17,0,0,0,0
112,122,1,41,41,34,34,2,2,0,0
112,127,2,149,149,149,149,0,0,0,0
113,2,23,4144,4144,3649,3649,186,186,0,0
113,3,10,2973,2973,463,463,2510,2510,0,0
113,13,2,396,396,396,396,0,0,0,0
113,19,17,7057,7057,1297,1297,5761,5761,0,0
113,22,6,2015,2015,849,849,957,957,0,0
113,23,2,286,286,286,286,0,0,0,0
113,39,11,4963,4963,993,993,3970,3970,0,0
113,40,3,1397,1397,161,161,1235,1235,0,0
113,52,3,336,336,336,336,0,0,0,0
113,54,6,3112,3112,683,683,2429,2429,0,0
113,57,1,206,206,206,206,0,0,0,0
113,59,9,4957,4957,700,700,4256,4256,0,0
113,60,13,2062,2062,1796,1796,267,267,0,0
113,65,6,913,913,577,577,336,336,0,0
113,76,5,2411,2411,1893,1893,456,456,0,0
113,87,1,526,526,298,298,228,228,0,0
113,90,7,1091,1091,1091,1091,0,0,0,0
113,91,3,215,215,215,215,0,0,0,0
113,92,4,349,349,349,349,0,0,0,0
113,93,10,1201,1201,919,919,269,269,0,0
113,94,13,8632,8632,1438,1438,7196,7196,0,0
113,95,6,9425,9425,735,735,8689,8689,0,0
113,96,1,703,703,12,12,691,691,0,0
113,98,1,17,17,4,4,4,4,0,0
113,99,4,420,420,420,420,0,0,0,0
113,103,1,31,31,31,31,0,0,0,0
113,105,1,185,185,185,185,0,0,0,0
113,106,1,948,948,948,948,0,0,0,0
113,112,6,609,609,465,465,144,144,0,0
113,113,4,630,630,510,510,120,120,0,0
113,115,9,1435,1435,1299,1299,136,136,0,0
113,116,2,172,172,172,172,0,0,0,0
113,122,2,113,113,113,113,0,0,0,0
113,127,2,207,207,207,207,0,0,0,0
113,1,2,375,375,375,375,0,0,0,0
113,7,1,7226,7226,0,0,7226,7226,0,0
113,30,1,70,70,54,54,16,16,0,0
113,31,3,2048,2048,0,0,2048,2048,0,0
113,53,1,5562,5562,129,129,5433,5433,0,0
113,64,2,245,245,245,245,0,0,0,0
113,71,3,463,463,463,463,0,0,0,0
113,75,5,625,625,321,321,304,304,0,0
113,84,1,38,38,38,38,0,0,0,0
113,101,2,44,44,44,44,0,0,0,0
113,114,1,35,35,35,35,0,0,0,0
113,124,1,16,16,16,16,0,0,0,0
114,1,11,2633,2633,2633,2633,0,0,0,0
114,2,45,7667,7667,6334,6334,1335,1335,0,0
114,3,43,7477,7477,6456,6456,1020,1020,0,0
114,6,7,2900,2900,507,507,2393,2393,0,0
114,7,4,8203,8203,742,742,7460,7460,0,0
114,13,14,4540,4540,1042,1042,3499,3499,0,0
114,17,2,7697,7697,89,89,7501,7501,0,0
114,19,8,2997,2997,1687,1687,1310,1310,0,0
114,30,10,2337,2337,741,741,1596,1596,0,0
114,53,2,11696,11696,189,189,11507,11507,0,0
114,54,2,6428,6428,696,696,5731,5731,0,0
114,56,1,105,105,105,105,0,0,0,0
114,59,17,2268,2268,1304,1304,965,965,0,0
114,60,1,160,160,160,160,0,0,0,0
114,72,4,872,872,872,872,0,0,0,0
114,74,5,683,683,400,400,282,282,0,0
114,76,6,3572,3572,2069,2069,501,501,0,0
114,80,8,1328,1328,496,496,832,832,0,0
114,82,1,12,12,12,12,0,0,0,0
114,93,10,2942,2942,1143,1143,1799,1799,0,0
114,94,11,7204,7204,2120,2120,5084,5084,0,0
114,95,10,19738,19738,550,550,19188,19188,0,0
114,96,9,3990,3990,295,295,3694,3694,0,0
114,115,2,488,488,488,488,0,0,0,0
114,120,1,30,30,30,30,0,0,0,0
114,121,3,659,659,80,80,579,579,0,0
114,0,1,267,267,0,0,267,267,0,0
114,12,1,1063,1063,158,158,905,905,0,0
114,14,2,212,212,212,212,0,0,0,0
114,18,5,1491,1491,408,408,1083,1083,0,0
114,38,2,1051,1051,0,0,1051,1051,0,0
114,39,13,2626,2626,950,950,1676,1676,0,0
114,40,1,1105,1105,0,0,1105,1105,0,0
114,58,4,490,490,490,490,0,0,0,0
114,61,1,131,131,131,131,0,0,0,0
114,90,1,304,304,11,11,293,293,0,0
114,91,4,974,974,394,394,580,580,0,0
114,97,1,949,949,4,4,945,945,0,0
114,109,1,316,316,277,277,39,39,0,0
114,112,4,1421,1421,1108,1108,310,310,0,0
114,116,1,37,37,37,37,0,0,0,0
114,119,2,555,555,314,314,241,241,0,0
115,1,13,3249,3249,3249,3249,0,0,0,0
115,2,17,5687,5687,3733,3733,1828,1828,126,126
115,3,17,4007,4007,2984,2984,1024,1024,0,0
115,6,14,1482,1482,1454,1454,28,28,0,0
115,13,19,2217,2217,1449,1449,767,767,0,0
115,16,2,3477,3477,45,45,3432,3432,0,0
115,19,15,4141,4141,1060,1060,3081,3081,0,0
115,35,1,29,29,7,7,7,7,0,0
115,46,1,286,286,286,286,0,0,0,0
115,52,3,1985,1985,104,104,1881,1881,0,0
115,54,10,1041,1041,1041,1041,0,0,0,0
115,55,7,1131,1131,1131,1131,0,0,0,0
115,56,25,2832,2832,1797,1797,975,975,0,0
115,57,22,3008,3008,2290,2290,718,718,0,0
115,58,32,3112,3112,3112,3112,0,0,0,0
115,59,12,1162,1162,1162,1162,0,0,0,0
115,61,4,759,759,759,759,0,0,0,0
115,69,7,1453,1453,561,561,891,891,0,0
115,80,3,748,748,343,343,405,405,0,0
115,85,2,211,211,211,211,0,0,0,0
115,90,3,620,620,620,620,0,0,0,0
115,91,6,4749,4749,757,757,3992,3992,0,0
115,92,1,1018,1018,33,33,919,919,0,0
115,94,9,7529,7529,1720,1720,5809,5809,0,0
115,95,9,11416,11416,1126,1126,10290,10290,0,0
115,96,7,1169,1169,1169,1169,0,0,0,0
115,114,3,1001,1001,646,646,356,356,0,0
115,117,2,347,347,347,347,0,0,0,0
115,121,3,681,681,152,152,314,314,0,0
115,0,7,1838,1838,960,960,878,878,0,0
115,4,2,357,357,357,357,0,0,0,0
115,5,2,145,145,141,141,4,4,0,0
115,11,3,997,997,157,157,840,840,0,0
115,12,4,696,696,570,570,126,126,0,0
115,14,3,501,501,270,270,231,231,0,0
115,17,1,1605,1605,0,0,1605,1605,0,0
115,18,5,1863,1863,197,197,1666,1666,0,0
115,20,1,1055,1055,0,0,1055,1055,0,0
115,22,2,314,314,107,107,207,207,0,0
115,37,8,1824,1824,960,960,863,863,0,0
115,38,2,487,487,309,309,178,178,0,0
115,51,9,1682,1682,528,528,1154,1154,0,0
115,53,6,2990,2990,188,188,2802,2802,0,0
115,68,1,356,356,89,89,89,89,0,0
115,71,4,784,784,151,151,633,633,0,0
115,93,5,1355,1355,661,661,695,695,0,0
115,98,1,192,192,192,192,0,0,0,0
115,99,2,40,40,40,40,0,0,0,0
115,109,1,277,277,277,277,0,0,0,0
115,113,1,92,92,92,92,0,0,0,0
115,119,1,9,9,2,2,2,2,0,0
115,120,6,547,547,547,547,0,0,0,0
116,1,14,3779,3779,3030,3030,749,749,0,0
116,2,43,7736,7736,5797,5797,1245,1245,693,693
116,3,68,12599,12599,9897,9897,2701,2701,0,0
116,4,40,6490,6490,5114,5114,1377,1377,0,0
116,5,15,1989,1989,1649,1649,340,340,0,0
116,6,4,1213,1213,1213,1213,0,0,0,0
116,10,2,4318,4318,0,0,4318,4318,0,0
116,13,4,526,526,384,384,142,142,0,0
116,14,3,387,387,286,286,101,101,0,0
116,37,1,219,219,219,219,0,0,0,0
116,39,3,433,433,250,250,183,183,0,0
116,40,16,4376,4376,1070,1070,3306,3306,0,0
116,53,9,1375,1375,1100,1100,275,275,0,0
116,54,3,429,429,429,429,0,0,0,0
116,55,24,2578,2578,2578,2578,0,0,0,0
116,56,33,5667,5667,5170,5170,497,497,0,0
116,57,10,2477,2477,1188,1188,1289,1289,0,0
116,61,4,287,287,250,250,12,12,0,0
116,68,4,422,422,422,422,0,0,0,0
116,69,5,1578,1578,124,124,1454,1454,0,0
116,80,4,863,863,225,225,638,638,0,0
116,81,7,1823,1823,427,427,1396,1396,0,0
116,83,4,477,477,477,477,0,0,0,0
116,87,2,2298,2298,74,74,2090,2090,0,0
116,88,11,6384,6384,726,726,5657,5657,0,0
116,89,1,32,32,32,32,0,0,0,0
116,93,2,5469,5469,300,300,5169,5169,0,0
116,94,6,7410,7410,1688,1688,5724,5724,0,0
116,95,3,2875,2875,983,983,1892,1892,0,0
116,96,4,2217,2217,2217,2217,0,0,0,0
116,99,5,1061,1061,687,687,375,375,0,0
116,101,5,965,965,559,559,251,251,0,0
116,104,1,23,23,23,23,0,0,0,0
116,112,4,967,967,967,967,0,0,0,0
116,113,1,415,415,415,415,0,0,0,0
116,120,11,589,589,589,589,0,0,0,0
116,121,1,77,77,77,77,0,0,0,0
116,125,4,897,897,596,596,300,300,0,0
116,9,1,762,762,156,156,606,606,0,0
116,16,5,717,717,315,315,402,402,0,0
116,17,3,285,285,285,285,0,0,0,0
116,41,3,444,444,444,444,0,0,0,0
116,42,7,3467,3467,1025,1025,2317,2317,125,125
116,67,2,433,433,263,263,170,170,0,0
116,70,1,1388,1388,936,936,452,452,0,0
116,90,1,12,12,12,12,0,0,0,0
116,91,1,276,276,276,276,0,0,0,0
116,98,1,1199,1199,0,0,1199,1199,0,0
116,111,3,285,285,195,195,90,90,0,0
116,114,1,308,308,308,308,0,0,0,0
116,119,17,1171,1171,1154,1154,6,6,0,0
116,122,4,152,152,152,152,0,0,0,0
116,124,1,4,4,4,4,0,0,0,0
117,3,6,2752,2752,1155,1155,1597,1597,0,0
117,4,37,6336,6336,5414,5414,922,922,0,0
117,5,7,3462,3462,2572,2572,890,890,0,0
117,6,8,1620,1620,940,940,680,680,0,0
117,9,5,941,941,860,860,81,81,0,0
117,13,5,3239,3239,435,435,2804,2804,0,0
117,36,1,193,193,87,87,35,35,0,0
117,37,15,3147,3147,1302,1302,1845,1845,0,0
117,55,58,6541,6541,6482,6482,19,19,0,0
117,56,29,3968,3968,3968,3968,0,0,0,0
117,57,7,3664,3664,1481,1481,2183,2183,0,0
117,61,4,418,418,418,418,0,0,0,0
117,62,32,2930,2930,2930,2930,0,0,0,0
117,69,2,613,613,613,613,0,0,0,0
117,70,2,1186,1186,677,677,509,509,0,0
117,81,7,890,890,328,328,562,562,0,0
117,93,6,11183,11183,185,185,10998,10998,0,0
117,94,8,7826,7826,1513,1513,6312,6312,0,0
117,95,10,11208,11208,547,547,10662,10662,0,0
117,96,2,363,363,363,363,0,0,0,0
117,98,12,2378,2378,1892,1892,486,486,0,0
117,99,2,518,518,355,355,163,163,0,0
117,103,1,247,247,0,0,247,247,0,0
117,107,5,1690,1690,1573,1573,117,117,0,0
117,114,2,599,599,299,299,299,299,0,0
117,118,5,622,622,622,622,0,0,0,0
117,119,5,188,188,188,188,0,0,0,0
117,125,9,2024,2024,2024,2024,0,0,0,0
117,7,5,757,757,757,757,0,0,0,0
117,8,1,64,64,64,64,0,0,0,0
117,14,11,1940,1940,1545,1545,396,396,0,0
117,17,8,1285,1285,817,817,468,468,0,0
117,18,3,257,257,226,226,10,10,0,0
117,20,3,697,697,35,35,662,662,0,0
117,22,1,4460,4460,0,0,4460,4460,0,0
117,35,3,91,91,79,79,4,4,0,0
117,51,11,3930,3930,1749,1749,2024,2024,0,0
117,52,6,637,637,273,273,364,364,0,0
117,54,19,1949,1949,1949,1949,0,0,0,0
117,67,4,883,883,154,154,729,729,0,0
117,77,1,327,327,0,0,327,327,0,0
117,80,2,275,275,275,275,0,0,0,0
117,83,5,1754,1754,1242,1242,512,512,0,0
117,92,1,15,15,15,15,0,0,0,0
117,113,6,1026,1026,516,516,509,509,0,0
117,117,5,1513,1513,1353,1353,53,53,0,0
117,122,1,44,44,44,44,0,0,0,0
118,4,2,490,490,490,490,0,0,0,0
118,5,19,4492,4492,1768,1768,2725,2725,1077,1077
118,6,1,326,326,150,150,176,176,0,0
118,9,19,3799,3799,1292,1292,2508,2508,0,0
118,14,25,5602,5602,2599,2599,3003,3003,0,0
118,17,1,370,370,272,272,98,98,0,0
118,33,4,782,782,696,696,86,86,0,0
118,34,6,4165,4165,510,510,3654,3654,0,0
118,50,1,2906,2906,0,0,2906,2906,0,0
118,51,16,8569,8569,1034,1034,7535,7535,0,0
118,53,5,1041,1041,541,541,460,460,0,0
118,54,56,7322,7322,7322,7322,0,0,0,0
118,55,67,8619,8619,7246,7246,1373,1373,0,0
118,56,38,5409,5409,5409,5409,0,0,0,0
118,61,18,1953,1953,1953,1953,0,0,0,0
118,62,1,138,138,138,138,0,0,0,0
118,64,1,50,50,50,50,0,0,0,0
118,77,8,2542,2542,1104,1104,1438,1438,0,0
118,81,6,1036,1036,445,445,591,591,0,0
118,83,3,640,640,633,633,2,2,0,0
118,85,3,1379,1379,276,276,1103,1103,0,0
118,93,8,10569,10569,983,983,9587,9587,0,0
118,94,7,8338,8338,1413,1413,6926,6926,0,0
118,98,15,2560,2560,2356,2356,204,204,0,0
118,99,18,3474,3474,2852,2852,623,623,0,0
118,112,1,352,352,352,352,0,0,0,0
118,113,1,5,5,5,5,0,0,0,0
118,118,2,848,848,490,490,358,358,0,0
118,123,14,2634,2634,2568,2568,67,67,0,0
118,124,17,3800,3800,3237,3237,0,0,563,563
118,125,2,829,829,829,829,0,0,0,0
118,0,2,435,435,435,435,0,0,0,0
118,3,4,415,415,415,415,0,0,0,0
118,7,4,886,886,886,886,0,0,0,0
118,10,1,225,225,225,225,0,0,0,0
118,11,5,327,327,327,327,0,0,0,0
118,12,1,94,94,94,94,0,0,0,0
118,37,1,197,197,197,197,0,0,0,0
118,40,4,662,662,269,269,393,393,0,0
118,47,3,120,120,120,120,0,0,0,0
118,60,1,29,29,29,29,0,0,0,0
118,66,11,1503,1503,509,509,994,994,0,0
118,84,2,348,348,187,187,161,161,0,0
118,90,2,485,485,165,165,321,321,0,0
118,104,2,359,359,359,359,0,0,0,0
118,105,1,269,269,0,0,269,269,0,0
118,117,1,89,89,89,89,0,0,0,0
118,119,2,369,369,239,239,116,116,0,0
118,120,5,584,584,522,522,21,21,0,0
119,4,7,1143,1143,1143,1143,0,0,0,0
119,9,21,3979,3979,1923,1923,2058,2058,0,0
119,10,10,2455,2455,1450,1450,1006,1006,0,0
119,11,6,1139,1139,1139,1139,0,0,0,0
119,12,10,1182,1182,924,924,259,259,0,0
119,13,4,575,575,320,320,165,165,0,0
119,14,9,1235,1235,899,899,336,336,0,0
119,16,3,3448,3448,257,257,3191,3191,0,0
119,17,5,3829,3829,189,189,3640,3640,0,0
119,19,2,757,757,157,157,599,599,0,0
119,21,2,288,288,91,91,197,197,0,0
119,22,10,4741,4741,894,894,3848,3848,0,0
119,27,5,421,421,421,421,0,0,0,0
119,33,2,1001,1001,399,399,501,501,0,0
119,36,5,852,852,466,466,386,386,0,0
119,37,9,1811,1811,1454,1454,357,357,0,0
119,38,9,1201,1201,834,834,367,367,0,0
119,39,6,1115,1115,578,578,536,536,0,0
119,40,7,711,711,711,711,0,0,0,0
119,49,1,27,27,27,27,0,0,0,0
119,50,1,61,61,61,61,0,0,0,0
119,51,3,1350,1350,748,748,603,603,0,0
119,52,2,261,261,261,261,0,0,0,0
119,53,10,1466,1466,1401,1401,22,22,0,0
119,54,68,9259,9259,9259,9259,0,0,0,0
119,55,78,10831,10831,10225,10225,606,606,0,0
119,56,28,6181,6181,3044,3044,3001,3001,0,0
119,60,41,5368,5368,5368,5368,0,0,0,0
119,61,1,646,646,277,277,370,370,0,0
119,76,1,994,994,99,99,895,895,0,0
119,77,2,850,850,332,332,518,518,0,0
119,81,4,1002,1002,388,388,613,613,0,0
119,84,1,134,134,134,134,0,0,0,0
119,85,2,535,535,36,36,499,499,0,0
119,90,34,4780,4780,4780,4780,0,0,0,0
119,93,8,13339,13339,249,249,13090,13090,0,0
119,94,2,1506,1506,62,62,1443,1443,0,0
119,95,4,5455,5455,341,341,5113,5113,0,0
119,98,11,2991,2991,2991,2991,0,0,0,0
119,99,8,4648,4648,3813,3813,835,835,0,0
119,100,8,2137,2137,1969,1969,167,167,0,0
119,104,26,4304,4304,3021,3021,1283,1283,0,0
119,112,3,652,652,483,483,168,168,0,0
119,113,4,1536,1536,846,846,689,689,0,0
119,114,1,73,73,73,73,0,0,0,0
119,116,1,28,28,28,28,0,0,0,0
119,119,1,102,102,102,102,0,0,0,0
119,121,1,10,10,3,3,3,3,0,0
119,123,15,3019,3019,3007,3007,4,4,0,0
119,126,1,71,71,18,18,18,18,0,0
119,127,1,31,31,31,31,0,0,0,0
119,0,1,7014,7014,143,143,6871,6871,0,0
119,1,2,7441,7441,13,13,7429,7429,0,0
119,2,1,2302,2302,35,35,2267,2267,0,0
119,5,7,788,788,739,739,49,49,0,0
119,42,7,5314,5314,480,480,4834,4834,0,0
119,57,16,2306,2306,2030,2030,276,276,0,0
119,58,15,1649,1649,1546,1546,103,103,0,0
119,59,9,1615,1615,1615,1615,0,0,0,0
119,65,2,1218,1218,403,403,815,815,0,0
119,66,3,1026,1026,495,495,531,531,0,0
119,89,4,1039,1039,1039,1039,0,0,0,0
119,92,1,1644,1644,201,201,1443,1443,0,0
119,96,5,828,828,828,828,0,0,0,0
119,97,13,2782,2782,2782,2782,0,0,0,0
119,101,14,2168,2168,2168,2168,0,0,0,0
119,102,8,959,959,959,959,0,0,0,0
119,103,17,3406,3406,3406,3406,0,0,0,0
119,105,15,3503,3503,3503,3503,0,0,0,0
119,109,1,27,27,7,7,7,7,0,0
120,2,6,6725,6725,697,697,6029,6029,0,0
120,3,14,2530,2530,1507,1507,1023,1023,0,0
120,4,13,5875,5875,1966,1966,3909,3909,0,0
120,5,5,1174,1174,1086,1086,88,88,0,0
120,9,3,352,352,352,352,0,0,0,0
120,10,2,149,149,149,149,0,0,0,0
120,11,3,2694,2694,411,411,2283,2283,0,0
120,12,7,1422,1422,1422,1422,0,0,0,0
120,13,10,1672,1672,765,765,907,907,0,0
120,14,8,1907,1907,1278,1278,629,629,0,0
120,19,9,1309,1309,1309,1309,0,0,0,0
120,22,16,2502,2502,1634,1634,868,868,0,0
120,26,2,358,358,100,100,258,258,0,0
120,27,1,83,83,83,83,0,0,0,0
120,36,3,176,176,176,176,0,0,0,0
120,37,3,241,241,241,241,0,0,0,0
120,40,1,58,58,58,58,0,0,0,0
120,42,1,1666,1666,695,695,971,971,0,0
120,51,9,8473,8473,522,522,7950,7950,0,0
120,52,39,4110,4110,3757,3757,354,354,0,0
120,53,30,3684,3684,3245,3245,159,159,0,0
120,54,36,6987,6987,4935,4935,2053,2053,0,0
120,55,41,8450,8450,5757,5757,2521,2521,0,0
120,56,40,6082,6082,4922,4922,792,792,0,0
120,57,17,1928,1928,1928,1928,0,0,0,0
120,58,9,924,924,888,888,36,36,0,0
120,59,12,2268,2268,2268,2268,0,0,0,0
120,60,53,6406,6406,6391,6391,0,0,15,15
120,61,42,4908,4908,4402,4402,506,506,0,0
120,81,3,378,378,378,378,0,0,0,0
120,88,10,1312,1312,1011,1011,301,301,0,0
120,89,20,4977,4977,4110,4110,713,713,88,88
120,90,34,5852,5852,5852,5852,0,0,0,0
120,91,19,2919,2919,1357,1357,1562,1562,0,0
120,92,3,7422,7422,79,79,7343,7343,0,0
120,93,10,7873,7873,1929,1929,5943,5943,0,0
120,94,4,2149,2149,329,329,1820,1820,0,0
120,96,21,3040,3040,2972,2972,68,68,0,0
120,97,37,7073,7073,6556,6556,517,517,0,0
120,98,29,4852,4852,4852,4852,0,0,0,0
120,99,35,6762,6762,6672,6672,30,30,0,0
120,100,36,8820,8820,8769,8769,0,0,51,51
120,101,32,7469,7469,7233,7233,236,236,0,0
120,102,24,9332,9332,9118,9118,0,0,214,214
120,103,40,7060,7060,6947,6947,113,113,0,0
120,104,48,7275,7275,7275,7275,0,0,0,0
120,105,36,6237,6237,5528,5528,698,698,0,0
120,115,7,1321,1321,1180,1180,47,47,0,0
120,119,9,918,918,634,634,284,284,0,0
120,122,1,191,191,48,48,48,48,0,0
120,127,1,20,20,20,20,0,0,0,0
120,1,1,1069,1069,0,0,1069,1069,0,0
120,8,3,278,278,198,198,81,81,0,0
120,16,2,1500,1500,902,902,598,598,0,0
120,17,1,250,250,250,250,0,0,0,0
120,38,1,292,292,292,292,0,0,0,0
120,39,1,61,61,61,61,0,0,0,0
120,41,2,568,568,0,0,568,568,0,0
120,74,1,108,108,108,108,0,0,0,0
120,84,2,516,516,140,140,376,376,0,0
120,87,4,478,478,478,478,0,0,0,0
120,106,2,33,33,33,33,0,0,0,0
120,109,1,153,153,153,153,0,0,0,0
120,110,3,507,507,354,354,153,153,0,0
120,111,1,20,20,20,20,0,0,0,0
121,3,6,1764,1764,857,857,906,906,0,0
121,4,5,499,499,499,499,0,0,0,0
121,5,13,1758,1758,1758,1758,0,0,0,0
121,6,5,5243,5243,274,274,4969,4969,0,0
121,7,2,3461,3461,0,0,3461,3461,0,0
121,10,1,2636,2636,0,0,2636,2636,0,0
121,13,5,661,661,595,595,66,66,0,0
121,14,13,2210,2210,1883,1883,327,327,0,0
121,16,12,3582,3582,1711,1711,1872,1872,0,0
121,19,6,911,911,560,560,351,351,0,0
121,22,9,1445,1445,865,865,581,581,0,0
121,26,4,1574,1574,462,462,923,923,0,0
121,38,6,664,664,664,664,0,0,0,0
121,41,1,328,328,220,220,108,108,0,0
121,50,1,389,389,5,5,384,384,0,0
121,51,6,3374,3374,892,892,2482,2482,0,0
121,52,1,390,390,17,17,373,373,0,0
121,53,30,6706,6706,3676,3676,3030,3030,0,0
121,54,77,11812,11812,10308,10308,1208,1208,0,0
121,55,52,8650,8650,7651,7651,999,999,0,0
121,61,4,1007,1007,1007,1007,0,0,0,0
121,66,3,2860,2860,1025,1025,1835,1835,0,0
121,89,1,37,37,37,37,0,0,0,0
121,90,13,2099,2099,1555,1555,544,544,0,0
121,91,2,559,559,559,559,0,0,0,0
121,92,5,2961,2961,1927,1927,1034,1034,0,0
121,93,5,7485,7485,4591,4591,2895,2895,0,0
121,97,10,9711,9711,2986,2986,6725,6725,0,0
121,98,49,12612,12612,9173,9173,3439,3439,0,0
121,99,63,9962,9962,9894,9894,67,67,0,0
121,100,40,13967,13967,12676,12676,1291,1291,0,0
121,101,31,9623,9623,9505,9505,39,39,1174,1174
121,102,45,12986,12986,12986,12986,0,0,1061,1061
121,103,52,10505,10505,10086,10086,151,151,1340,1340
121,104,48,9934,9934,9799,9799,45,45,0,0
121,105,14,2502,2502,2502,2502,0,0,0,0
121,106,1,15,15,15,15,0,0,0,0
121,107,10,1572,1572,981,981,591,591,0,0
121,108,13,2368,2368,1335,1335,1033,1033,0,0
121,109,7,898,898,643,643,209,209,0,0
121,114,1,16,16,4,4,4,4,0,0
121,115,3,348,348,212,212,45,45,0,0
121,117,1,71,71,18,18,18,18,0,0
121,124,1,23,23,23,23,0,0,0,0
121,127,4,484,484,484,484,0,0,0,0
121,15,12,2430,2430,1840,1840,592,592,0,0
121,17,11,1845,1845,1845,1845,0,0,0,0
121,18,10,2429,2429,2429,2429,0,0,0,0
121,39,4,328,328,328,328,0,0,0,0
121,75,10,1404,1404,672,672,732,732,0,0
121,84,3,2476,2476,412,412,2064,2064,0,0
121,86,1,322,322,322,322,0,0,0,0
121,87,1,455,455,455,455,0,0,0,0
121,94,1,258,258,258,258,0,0,0,0
121,96,9,4680,4680,1296,1296,3384,3384,0,0
121,110,1,5,5,5,5,0,0,0,0
121,111,1,396,396,35,35,361,361,0,0
121,120,2,320,320,320,320,0,0,0,0
121,121,2,60,60,60,60,0,0,0,0
121,126,3,675,675,383,383,292,292,0,0
122,4,15,3145,3145,2127,2127,1018,1018,0,0
122,5,11,1147,1147,1147,1147,0,0,0,0
122,11,11,4648,4648,869,869,3779,3779,0,0
122,13,1,963,963,24,24,939,939,0,0
122,14,26,6021,6021,3321,3321,2668,2668,0,0
122,15,32,5895,5895,5058,5058,838,838,0,0
122,16,55,7967,7967,5713,5713,2254,2254,0,0
122,17,27,6490,6490,6232,6232,239,239,19,19
122,18,43,8599,8599,7785,7785,710,710,0,0
122,19,19,3310,3310,3136,3136,174,174,0,0
122,20,45,3228,3228,3169,3169,58,58,0,0
122,22,12,2559,2559,1322,1322,1237,1237,0,0
122,23,1,503,503,503,503,0,0,0,0
122,40,5,924,924,482,482,442,442,0,0
122,51,1,545,545,273,273,272,272,0,0
122,54,52,10638,10638,7416,7416,1389,1389,1833,1833
122,55,31,4191,4191,4043,4043,148,148,0,0
122,75,4,1244,1244,1244,1244,0,0,0,0
122,85,10,1228,1228,969,969,259,259,0,0
122,87,3,1113,1113,1113,1113,0,0,0,0
122,92,5,4286,4286,50,50,4236,4236,0,0
122,93,12,2954,2954,916,916,2039,2039,0,0
122,94,2,147,147,147,147,0,0,0,0
122,95,1,92,92,92,92,0,0,0,0
122,96,13,5893,5893,1623,1623,4270,4270,0,0
122,97,27,6436,6436,5484,5484,952,952,0,0
122,98,13,4561,4561,2172,2172,2390,2390,0,0
122,99,13,3226,3226,1689,1689,1538,1538,0,0
122,100,31,10339,10339,9914,9914,414,414,0,0
122,101,25,17373,17373,17373,17373,0,0,1673,1673
122,102,34,13629,13629,12129,12129,139,139,1525,1525
122,103,28,5901,5901,3892,3892,1670,1670,817,817
122,104,46,10519,10519,8829,8829,1299,1299,392,392
122,105,5,1021,1021,1021,1021,0,0,0,0
122,106,5,1909,1909,1384,1384,525,525,0,0
122,116,2,212,212,212,212,0,0,0,0
122,120,2,468,468,468,468,0,0,0,0
122,126,3,1477,1477,1290,1290,187,187,0,0
122,127,3,552,552,552,552,0,0,0,0
122,3,5,557,557,200,200,357,357,0,0
122,10,3,1506,1506,140,140,1366,1366,0,0
122,12,2,426,426,82,82,344,344,0,0
122,21,5,669,669,505,505,164,164,0,0
122,36,1,139,139,139,139,0,0,0,0
122,86,3,490,490,98,98,392,392,0,0
122,90,3,179,179,179,179,0,0,0,0
122,113,1,193,193,193,193,0,0,0,0
122,115,1,74,74,74,74,0,0,0,0
123,3,11,2098,2098,1190,1190,908,908,0,0
123,4,12,2185,2185,1485,1485,700,700,0,0
123,5,1,319,319,319,319,0,0,0,0
123,10,12,10461,10461,977,977,9484,9484,0,0
123,11,1,283,283,283,283,0,0,0,0
123,15,45,4376,4376,4376,4376,0,0,0,0
123,18,49,7438,7438,6432,6432,1006,1006,0,0
123,19,64,11374,11374,7693,7693,2375,2375,1306,1306
123,20,14,913,913,900,900,13,13,0,0
123,36,6,1341,1341,1341,1341,0,0,0,0
123,40,7,2445,2445,544,544,1901,1901,0,0
123,53,9,1746,1746,1746,1746,0,0,0,0
123,54,21,2294,2294,1900,1900,394,394,0,0
123,60,2,310,310,310,310,0,0,0,0
123,72,3,869,869,309,309,560,560,0,0
123,74,3,1351,1351,245,245,1106,1106,0,0
123,81,7,3788,3788,680,680,3055,3055,0,0
123,86,2,161,161,135,135,26,26,0,0
123,90,5,678,678,592,592,85,85,0,0
123,91,7,4645,4645,488,488,4157,4157,0,0
123,92,7,3036,3036,581,581,2441,2441,0,0
123,93,9,3330,3330,2433,2433,790,790,0,0
123,99,19,1943,1943,1943,1943,0,0,0,0
123,100,22,4261,4261,4014,4014,94,94,153,153
123,101,21,10839,10839,3493,3493,7341,7341,201,201
123,102,17,3156,3156,3156,3156,0,0,2081,2081
123,103,12,1745,1745,1745,1745,0,0,1415,1415
123,105,7,1322,1322,1242,1242,80,80,0,0
123,108,2,64,64,14,14,50,50,0,0
123,109,1,39,39,39,39,0,0,0,0
123,111,2,77,77,77,77,0,0,0,0
123,113,1,17,17,17,17,0,0,0,0
123,119,14,4307,4307,3549,3549,693,693,65,65
123,120,6,1649,1649,1428,1428,7,7,214,214
123,122,3,349,349,349,349,0,0,0,0
123,126,13,2653,2653,2206,2206,447,447,0,0
123,127,4,470,470,439,439,31,31,0,0
123,7,10,2601,2601,1066,1066,1535,1535,0,0
123,9,2,2995,2995,224,224,2772,2772,0,0
123,14,2,81,81,38,38,43,43,0,0
123,16,1,140,140,140,140,0,0,0,0
123,17,1,16,16,16,16,0,0,0,0
123,22,4,256,256,256,256,0,0,0,0
123,39,1,1876,1876,0,0,1876,1876,0,0
123,56,1,296,296,296,296,0,0,0,0
123,61,2,190,190,190,190,0,0,0,0
123,62,2,141,141,141,141,0,0,0,0
123,65,2,395,395,109,109,286,286,0,0
123,69,2,661,661,157,157,504,504,0,0
123,83,4,486,486,486,486,0,0,0,0
123,94,1,8,8,8,8,0,0,0,0
123,104,1,272,272,272,272,0,0,0,0
123,117,1,23,23,23,23,0,0,0,0
124,3,2,1319,1319,42,42,1277,1277,0,0
124,4,2,2152,2152,581,581,1572,1572,0,0
124,7,1,812,812,0,0,812,812,0,0
124,8,5,819,819,597,597,222,222,0,0
124,9,12,3920,3920,749,749,3171,3171,0,0
124,14,9,881,881,686,686,165,165,0,0
124,19,47,4557,4557,4178,4178,379,379,0,0
124,24,4,1402,1402,322,322,1080,1080,0,0
124,40,43,10271,10271,4392,4392,5881,5881,0,0
124,52,37,4780,4780,4124,4124,657,657,0,0
124,53,18,1728,1728,1567,1567,161,161,0,0
124,56,1,120,120,120,120,0,0,0,0
124,61,4,640,640,640,640,0,0,0,0
124,65,2,215,215,114,114,101,101,0,0
124,66,1,219,219,77,77,142,142,0,0
124,72,3,2605,2605,0,0,2605,2605,0,0
124,83,4,1053,1053,1053,1053,0,0,0,0
124,92,5,730,730,607,607,41,41,0,0
124,99,41,6469,6469,5019,5019,483,483,0,0
124,100,15,1398,1398,1398,1398,0,0,0,0
124,105,2,255,255,255,255,0,0,0,0
124,111,1,68,68,68,68,0,0,0,0
124,112,2,27,27,27,27,0,0,0,0
124,115,1,25,25,25,25,0,0,0,0
124,119,18,4569,4569,4569,4569,0,0,0,0
124,120,6,756,756,639,639,107,107,0,0
124,127,9,1667,1667,746,746,922,922,0,0
124,20,8,785,785,667,667,118,118,0,0
124,30,7,1822,1822,462,462,1200,1200,0,0
124,32,1,104,104,104,104,0,0,0,0
124,41,5,924,924,623,623,100,100,0,0
124,86,1,254,254,63,63,63,63,0,0
124,96,6,545,545,540,540,2,2,0,0
124,97,10,1513,1513,1404,1404,36,36,0,0
124,98,9,1731,1731,1731,1731,0,0,0,0
124,106,1,21,21,21,21,0,0,0,0
124,109,2,346,346,346,346,0,0,0,0
124,124,3,394,394,258,258,137,137,0,0
125,4,13,8074,8074,261,261,7813,7813,0,0
125,6,2,236,236,160,160,76,76,0,0
125,9,10,3437,3437,953,953,2485,2485,0,0
125,10,1,295,295,295,295,0,0,0,0
125,14,2,699,699,409,409,289,289,0,0
125,30,11,4491,4491,886,886,3568,3568,0,0
125,31,5,682,682,296,296,254,254,0,0
125,34,1,46,46,46,46,0,0,0,0
125,35,9,1225,1225,480,480,745,745,0,0
125,40,29,5413,5413,3990,3990,1095,1095,328,328
125,41,32,4923,4923,4307,4307,419,419,197,197
125,50,4,845,845,695,695,149,149,0,0
125,51,2,648,648,275,275,373,373,0,0
125,52,11,1678,1678,1678,1678,0,0,0,0
125,69,1,322,322,322,322,0,0,0,0
125,89,6,1237,1237,709,709,528,528,0,0
125,92,1,1203,1203,0,0,1203,1203,0,0
125,96,4,400,400,400,400,0,0,0,0
125,97,11,1029,1029,945,945,28,28,0,0
125,103,2,53,53,9,9,44,44,0,0
125,107,1,16,16,16,16,0,0,0,0
125,108,1,36,36,36,36,0,0,0,0
125,3,1,4219,4219,256,256,3963,3963,0,0
125,24,3,304,304,304,304,0,0,0,0
125,29,1,893,893,17,17,876,876,0,0
125,42,1,2655,2655,0,0,2655,2655,0,0
125,47,2,337,337,337,337,0,0,0,0
125,49,1,1651,1651,119,119,1532,1532,0,0
125,57,2,800,800,196,196,603,603,0,0
125,85,1,700,700,19,19,681,681,0,0
125,86,3,1430,1430,621,621,809,809,0,0
125,100,1,24,24,24,24,0,0,0,0
125,104,1,29,29,0,0,29,29,0,0
125,111,1,52,52,52,52,0,0,0,0
125,113,1,32,32,32,32,0,0,0,0
125,115,1,10,10,10,10,0,0,0,0
125,119,1,298,298,298,298,0,0,0,0
125,124,5,506,506,364,364,142,142,0,0
125,125,6,1001,1001,626,626,375,375,0,0
125,126,5,607,607,572,572,36,36,0,0
126,5,11,1800,1800,835,835,965,965,0,0
126,9,16,5056,5056,1916,1916,3140,3140,0,0
126,12,16,4812,4812,1455,1455,3357,3357,0,0
126,13,7,11675,11675,1146,1146,10529,10529,0,0
126,14,9,2115,2115,1364,1364,751,751,0,0
126,23,2,199,199,60,60,70,70,0,0
126,24,5,1006,1006,1006,1006,0,0,0,0
126,29,14,2152,2152,1390,1390,762,762,0,0
126,30,6,2573,2573,698,698,1875,1875,0,0
126,32,2,409,409,378,378,32,32,0,0
126,35,1,1303,1303,0,0,1303,1303,0,0
126,40,24,3404,3404,3217,3217,85,85,103,103
126,41,26,5391,5391,5391,5391,0,0,0,0
126,42,21,5269,5269,2882,2882,2314,2314,0,0
126,43,19,2533,2533,2533,2533,0,0,0,0
126,46,6,1814,1814,750,750,1064,1064,0,0
126,47,2,472,472,472,472,0,0,0,0
126,49,13,4239,4239,1661,1661,2578,2578,0,0
126,50,1,353,353,352,352,2,2,0,0
126,51,3,6722,6722,0,0,6722,6722,0,0
126,57,2,775,775,597,597,178,178,0,0
126,78,1,108,108,27,27,27,27,0,0
126,79,2,296,296,296,296,0,0,0,0
126,85,3,823,823,67,67,677,677,0,0
126,86,22,2997,2997,1314,1314,1665,1665,0,0
126,87,1,852,852,387,387,465,465,0,0
126,88,5,3308,3308,191,191,3019,3019,0,0
126,90,6,890,890,774,774,39,39,0,0
126,95,9,2034,2034,1135,1135,898,898,0,0
126,96,7,2802,2802,642,642,2159,2159,0,0
126,97,1,2,2,2,2,0,0,0,0
126,106,1,107,107,27,27,27,27,0,0
126,112,1,29,29,29,29,0,0,0,0
126,121,1,43,43,43,43,0,0,0,0
126,127,13,2314,2314,1381,1381,933,933,0,0
126,6,6,2668,2668,247,247,2421,2421,0,0
126,8,3,935,935,552,552,385,385,0,0
126,10,8,1831,1831,1178,1178,653,653,0,0
126,39,1,412,412,77,77,335,335,0,0
126,44,3,430,430,430,430,0,0,0,0
126,84,2,214,214,4,4,210,210,0,0
126,89,1,71,71,50,50,20,20,0,0
126,91,4,3774,3774,592,592,3183,3183,0,0
126,94,2,166,166,166,166,0,0,0,0
126,99,1,23,23,23,23,0,0,0,0
126,100,1,26,26,26,26,0,0,0,0
126,103,3,58,58,58,58,0,0,0,0
126,122,1,196,196,196,196,0,0,0,0
126,123,2,466,466,328,328,138,138,0,0
126,126,1,158,158,9,9,149,149,0,0
127,4,12,2759,2759,1123,1123,1636,1636,0,0
127,6,5,716,716,505,505,211,211,0,0
127,8,1,151,151,151,151,0,0,0,0
127,10,27,4386,4386,2208,2208,2178,2178,0,0
127,34,10,3344,3344,1113,1113,2231,2231,0,0
127,37,3,1035,1035,500,500,535,535,0,0
127,38,2,2523,2523,293,293,2231,2231,0,0
127,39,10,2079,2079,1275,1275,804,804,0,0
127,43,7,940,940,940,940,0,0,0,0
127,44,6,1844,1844,1606,1606,238,238,0,0
127,48,2,836,836,0,0,836,836,0,0
127,49,2,336,336,336,336,0,0,0,0
127,50,1,615,615,153,153,462,462,0,0
127,51,4,600,600,600,600,0,0,0,0
127,84,6,1458,1458,601,601,857,857,0,0
127,85,2,329,329,329,329,0,0,0,0
127,86,13,1988,1988,1519,1519,468,468,0,0
127,89,45,5790,5790,5704,5704,86,86,0,0
127,90,30,7608,7608,7608,7608,0,0,0,0
127,91,30,8937,8937,5998,5998,2940,2940,0,0
127,92,5,9422,9422,1626,1626,4758,4758,0,0
127,93,4,14960,14960,381,381,14580,14580,0,0
127,94,9,1713,1713,1713,1713,0,0,0,0
127,97,1,27,27,7,7,7,7,0,0
127,99,1,27,27,27,27,0,0,0,0
127,102,2,30,30,7,7,7,7,0,0
127,103,3,42,42,42,42,0,0,0,0
127,106,1,9,9,9,9,0,0,0,0
127,113,1,31,31,31,31,0,0,0,0
127,116,1,35,35,35,35,0,0,0,0
127,121,5,826,826,745,745,82,82,0,0
127,122,2,658,658,507,507,151,151,0,0
127,123,1,122,122,87,87,35,35,0,0
127,124,3,492,492,20,20,471,471,0,0
127,11,7,1704,1704,841,841,862,862,0,0
127,13,1,15,15,15,15,0,0,0,0
127,28,3,376,376,336,336,41,41,0,0
127,35,6,1048,1048,1029,1029,6,6,0,0
127,36,7,1915,1915,1077,1077,838,838,0,0
127,45,12,1052,1052,985,985,67,67,0,0
127,47,1,80,80,80,80,0,0,0,0
127,53,3,1670,1670,0,0,1670,1670,0,0
127,61,3,1195,1195,648,648,506,506,0,0
127,66,2,76,76,76,76,0,0,0,0
127,88,7,453,453,453,453,0,0,0,0
127,117,4,443,443,306,306,137,137,0,0
127,127,3,476,476,476,476,0,0,0,0
0,3,8,1276,1276,727,727,382,382,0,0
0,11,5,489,489,254,254,235,235,0,0
0,14,17,2138,2138,2133,2133,5,5,0,0
0,15,53,7472,7472,6088,6088,1384,1384,0,0
0,16,48,9429,9429,8910,8910,507,507,0,0
0,17,79,9262,9262,9176,9176,86,86,0,0
0,37,3,6723,6723,0,0,6723,6723,0,0
0,38,6,10218,10218,6,6,10211,10211,0,0
0,39,19,1869,1869,1869,1869,0,0,0,0
0,40,44,6838,6838,6838,6838,0,0,0,0
0,41,55,7934,7934,7934,7934,0,0,0,0
0,42,46,5793,5793,5793,5793,0,0,0,0
0,43,21,2766,2766,2557,2557,78,78,0,0
0,45,2,565,565,565,565,0,0,0,0
0,46,13,894,894,894,894,0,0,0,0
0,55,1,1281,1281,149,149,1132,1132,0,0
0,56,10,2499,2499,1084,1084,1416,1416,0,0
0,61,2,3185,3185,0,0,3185,3185,0,0
0,63,38,6614,6614,6050,6050,564,564,0,0
0,64,69,10019,10019,9596,9596,423,423,0,0
0,65,24,4718,4718,4718,4718,0,0,0,0
0,66,20,3553,3553,3553,3553,0,0,0,0
0,67,63,7270,7270,7012,7012,258,258,0,0
0,70,6,1191,1191,445,445,746,746,0,0
0,72,24,3137,3137,3110,3110,27,27,0,0
0,73,5,2305,2305,1066,1066,1240,1240,0,0
0,85,4,1346,1346,958,958,389,389,0,0
0,86,2,329,329,329,329,0,0,0,0
0,90,3,110,110,110,110,0,0,0,0
0,92,2,168,168,168,168,0,0,0,0
0,94,5,988,988,714,714,274,274,0,0
0,95,4,583,583,401,401,182,182,0,0
0,96,9,1031,1031,1031,1031,0,0,0,0
0,98,1,118,118,116,116,1,1,0,0
0,99,19,2315,2315,1669,1669,646,646,0,0
0,105,45,5469,5469,4860,4860,610,610,0,0
0,106,29,4430,4430,2834,2834,1575,1575,0,0
0,107,16,1991,1991,1929,1929,63,63,0,0
0,109,23,6071,6071,2530,2530,3541,3541,0,0
0,110,40,8143,8143,7861,7861,282,282,0,0
0,111,13,3726,3726,2238,2238,1488,1488,0,0
0,112,62,6940,6940,6940,6940,0,0,0,0
0,113,37,5801,5801,5222,5222,579,579,0,0
0,114,7,2593,2593,592,592,2001,2001,0,0
0,115,7,997,997,527,527,471,471,0,0
0,116,9,2115,2115,2115,2115,0,0,0,0
0,119,22,2618,2618,1819,1819,799,799,0,0
0,121,14,3121,3121,3105,3105,5,5,0,0
0,122,3,802,802,802,802,0,0,0,0
0,123,7,3188,3188,626,626,2562,2562,0,0
0,124,10,950,950,835,835,66,66,0,0
0,125,15,1982,1982,1620,1620,363,363,0,0
0,4,1,255,255,255,255,0,0,0,0
0,6,1,2020,2020,0,0,2020,2020,0,0
0,18,1,679,679,426,426,253,253,0,0
0,44,11,1822,1822,1427,1427,395,395,0,0
0,58,1,21,21,21,21,0,0,0,0
0,68,14,1863,1863,1863,1863,0,0,0,0
0,71,2,996,996,174,174,822,822,0,0
0,74,5,1252,1252,200,200,1052,1052,0,0
0,76,1,102,102,0,0,102,102,0,0
0,80,1,149,149,149,149,0,0,0,0
0,89,2,312,312,119,119,193,193,0,0
0,97,3,223,223,223,223,0,0,0,0
0,100,3,524,524,387,387,119,119,0,0
0,104,12,1366,1366,1151,1151,215,215,0,0
0,108,4,1521,1521,156,156,1364,1364,0,0
0,117,6,862,862,512,512,350,350,0,0
0,118,10,2289,2289,1359,1359,931,931,0,0
0,120,10,1458,1458,1458,1458,0,0,0,0
1,4,2,1892,1892,75,75,1817,1817,0,0
1,5,8,2913,2913,747,747,2166,2166,0,0
1,6,9,1718,1718,852,852,866,866,0,0
1,7,1,662,662,248,248,415,415,0,0
1,10,1,1839,1839,0,0,1839,1839,0,0
1,11,4,456,456,328,328,128,128,0,0
1,14,10,2326,2326,1053,1053,1274,1274,0,0
1,15,13,2269,2269,1293,1293,977,977,0,0
1,16,30,4488,4488,3960,3960,528,528,0,0
1,17,18,3863,3863,3562,3562,301,301,0,0
1,18,6,2405,2405,390,390,2015,2015,0,0
1,19,7,1170,1170,1170,1170,0,0,0,0
1,20,7,1284,1284,1284,1284,0,0,0,0
1,26,9,2758,2758,285,285,2473,2473,0,0
1,27,4,407,407,193,193,213,213,0,0
1,37,7,6608,6608,198,198,6410,6410,0,0
1,38,4,5621,5621,335,335,5286,5286,0,0
1,39,4,2270,2270,1576,1576,694,694,0,0
1,40,22,7285,7285,7285,7285,0,0,0,0
1,41,14,6913,6913,2377,2377,4390,4390,48,48
1,42,80,9892,9892,8632,8632,314,314,889,889
1,43,76,10081,10081,9790,9790,245,245,0,0
1,44,18,2273,2273,2273,2273,0,0,0,0
1,48,10,2964,2964,1329,1329,1636,1636,0,0
1,55,7,2281,2281,589,589,1692,1692,0,0
1,63,5,664,664,664,664,0,0,0,0
1,64,17,5141,5141,5141,5141,0,0,0,0
1,68,13,2263,2263,2005,2005,194,194,0,0
1,69,10,2705,2705,1142,1142,1563,1563,0,0
1,72,40,7201,7201,6856,6856,345,345,0,0
1,73,6,819,819,819,819,0,0,0,0
1,79,9,1952,1952,1952,1952,0,0,0,0
1,80,9,2292,2292,2292,2292,0,0,0,0
1,85,11,3739,3739,2179,2179,1560,1560,0,0
1,89,3,415,415,415,415,0,0,0,0
1,92,8,2010,2010,2010,2010,0,0,0,0
1,93,5,1712,1712,98,98,1614,1614,0,0
1,94,9,2182,2182,1342,1342,840,840,0,0
1,96,8,1157,1157,925,925,231,231,0,0
1,97,17,1475,1475,1469,1469,6,6,0,0
1,98,28,2512,2512,2092,2092,421,421,0,0
1,99,37,3178,3178,3178,3178,0,0,0,0
1,100,8,1342,1342,1132,1132,210,210,0,0
1,104,12,6692,6692,6692,6692,0,0,0,0
1,105,2,271,271,257,257,14,14,0,0
1,107,15,1814,1814,1814,1814,0,0,0,0
1,108,35,6822,6822,6820,6820,2,2,0,0
1,109,44,7609,7609,7409,7409,200,200,0,0
1,110,40,6543,6543,5761,5761,783,783,0,0
1,111,25,5590,5590,4523,4523,528,528,0,0
1,112,49,7560,7560,7560,7560,0,0,0,0
1,113,22,4170,4170,4170,4170,0,0,0,0
1,114,38,6730,6730,5157,5157,1573,1573,0,0
1,115,13,3455,3455,2253,2253,1201,1201,0,0
1,116,27,3385,3385,2914,2914,471,471,0,0
1,117,7,1276,1276,715,715,561,561,0,0
1,118,8,623,623,623,623,0,0,0,0
1,119,17,1800,1800,1800,1800,0,0,0,0
1,120,16,2771,2771,1619,1619,1152,1152,0,0
1,121,22,3602,3602,1862,1862,1740,1740,0,0
1,122,9,752,752,752,752,0,0,0,0
1,124,4,331,331,331,331,0,0,0,0
1,125,26,5060,5060,5060,5060,0,0,0,0
1,126,20,4082,4082,3937,3937,49,49,0,0
1,8,3,461,461,444,444,18,18,0,0
1,24,7,1125,1125,613,613,512,512,0,0
1,56,9,1169,1169,1169,1169,0,0,0,0
1,60,7,1938,1938,1405,1405,533,533,0,0
1,61,6,1244,1244,1244,1244,0,0,0,0
1,65,2,519,519,519,519,0,0,0,0
1,70,11,1973,1973,1230,1230,743,743,0,0
1,71,33,4882,4882,4723,4723,53,53,0,0
1,74,1,254,254,254,254,0,0,0,0
1,86,8,1157,1157,1157,1157,0,0,0,0
1,90,7,1364,1364,1364,1364,0,0,0,0
1,91,2,316,316,316,316,0,0,0,0
1,101,2,707,707,707,707,0,0,0,0
1,102,5,842,842,597,597,246,246,0,0
1,103,4,294,294,294,294,0,0,0,0
1,106,6,4234,4234,490,490,3744,3744,0,0
2,8,13,2007,2007,1358,1358,649,649,0,0
2,9,23,3958,3958,2775,2775,1185,1185,0,0
2,10,31,4285,4285,3815,3815,470,470,0,0
2,11,3,650,650,650,650,0,0,0,0
2,17,15,2065,2065,1965,1965,100,100,0,0
2,24,1,2789,2789,1866,1866,923,923,0,0
2,37,5,4662,4662,249,249,4413,4413,0,0
2,38,2,6555,6555,125,125,6430,6430,0,0
2,39,11,1298,1298,1180,1180,76,76,0,0
2,40,10,3972,3972,3972,3972,0,0,0,0
2,41,50,9397,9397,7871,7871,1526,1526,0,0
2,42,92,14424,14424,12289,12289,266,266,1337,1337
2,43,90,12584,12584,8929,8929,3656,3656,0,0
2,44,24,5612,5612,5612,5612,0,0,0,0
2,45,20,3645,3645,2727,2727,918,918,0,0
2,50,5,626,626,245,245,382,382,0,0
2,55,25,6905,6905,6073,6073,832,832,0,0
2,56,71,7449,7449,7449,7449,0,0,0,0
2,58,66,8377,8377,7957,7957,420,420,0,0
2,59,38,3683,3683,3683,3683,0,0,0,0
2,60,31,4042,4042,3963,3963,80,80,0,0
2,63,3,181,181,181,181,0,0,0,0
2,64,33,10207,10207,9786,9786,421,421,0,0
2,65,18,3814,3814,3814,3814,0,0,0,0
2,66,5,2262,2262,2262,2262,0,0,0,0
2,67,4,1499,1499,179,179,1320,1320,0,0
2,68,2,3008,3008,0,0,3008,3008,0,0
2,69,3,336,336,162,162,175,175,0,0
2,70,38,8163,8163,4484,4484,3679,3679,0,0
2,71,91,12363,12363,12111,12111,252,252,0,0
2,72,54,11689,11689,11351,11351,338,338,0,0
2,73,41,6154,6154,5890,5890,256,256,0,0
2,74,2,670,670,73,73,594,594,0,0
2,78,1,116,116,116,116,0,0,0,0
2,79,2,39,39,39,39,0,0,0,0
2,86,6,720,720,720,720,0,0,0,0
2,90,2,112,112,112,112,0,0,0,0
2,91,7,897,897,645,645,252,252,0,0
2,94,1,218,218,218,218,0,0,0,0
2,95,1,1618,1618,1618,1618,0,0,0,0
2,96,11,3133,3133,2550,2550,193,193,0,0
2,97,10,1768,1768,1054,1054,238,238,0,0
2,98,10,1028,1028,1028,1028,0,0,0,0
2,99,16,1798,1798,1580,1580,218,218,0,0
2,100,17,2598,2598,1968,1968,628,628,0,0
2,101,34,4371,4371,3738,3738,633,633,0,0
2,102,18,2431,2431,2397,2397,34,34,0,0
2,106,24,5684,5684,5620,5620,64,64,0,0
2,108,45,6598,6598,6447,6447,151,151,0,0
2,109,17,4230,4230,2585,2585,1645,1645,0,0
2,110,77,8297,8297,8297,8297,0,0,0,0
2,111,65,9849,9849,9740,9740,110,110,0,0
2,112,27,6320,6320,5006,5006,1314,1314,0,0
2,113,40,7268,7268,7268,7268,0,0,0,0
2,114,53,7158,7158,5972,5972,1185,1185,0,0
2,115,6,998,998,997,997,0,0,0,0
2,116,7,701,701,701,701,0,0,0,0
2,121,8,989,989,727,727,261,261,0,0
2,122,14,1994,1994,1843,1843,150,150,0,0
2,123,2,486,486,65,65,421,421,0,0
2,124,10,17556,17556,845,845,16711,16711,0,0
2,126,40,4267,4267,3622,3622,644,644,0,0
2,127,7,800,800,800,800,0,0,0,0
2,47,1,61,61,61,61,0,0,0,0
2,57,30,3565,3565,3565,3565,0,0,0,0
2,75,1,891,891,113,113,778,778,0,0
2,105,1,45,45,45,45,0,0,0,0
2,117,3,341,341,341,341,0,0,0,0
2,119,16,2591,2591,2591,2591,0,0,0,0
2,120,9,1711,1711,1711,1711,0,0,0,0
3,2,3,1985,1985,153,153,1833,1833,0,0
3,4,2,1426,1426,402,402,1024,1024,0,0
3,5,2,900,900,229,229,671,671,0,0
3,7,4,600,600,529,529,71,71,0,0
3,8,8,1789,1789,921,921,868,868,0,0
3,9,28,5433,5433,4375,4375,748,748,310,310
3,10,26,5323,5323,3623,3623,1556,1556,0,0
3,11,1,20,20,20,20,0,0,0,0
3,18,8,4544,4544,691,691,3853,3853,0,0
3,38,20,11309,11309,785,785,10523,10523,0,0
3,40,4,2141,2141,1805,1805,336,336,0,0
3,41,32,4600,4600,4600,4600,0,0,0,0
3,42,66,10203,10203,9099,9099,1104,1104,0,0
3,43,45,6219,6219,5501,5501,719,719,0,0
3,44,9,3112,3112,2303,2303,809,809,0,0
3,45,14,6003,6003,6003,6003,0,0,0,0
3,47,5,633,633,633,633,0,0,0,0
3,52,1,41,41,41,41,0,0,0,0
3,55,21,4514,4514,4514,4514,0,0,0,0
3,56,34,5372,5372,5349,5349,23,23,0,0
3,57,17,2212,2212,2212,2212,0,0,0,0
3,58,25,3936,3936,3099,3099,837,837,0,0
3,59,28,5135,5135,4383,4383,364,364,388,388
3,60,29,3311,3311,3311,3311,0,0,0,0
3,61,2,2297,2297,490,490,1808,1808,0,0
3,62,21,4264,4264,2548,2548,1580,1580,0,0
3,63,2,327,327,274,274,18,18,0,0
3,64,32,11539,11539,8520,8520,3019,3019,0,0
3,65,13,3911,3911,1222,1222,2689,2689,0,0
3,69,5,602,602,445,445,157,157,0,0
3,70,20,5613,5613,2569,2569,3045,3045,0,0
3,71,22,5044,5044,4693,4693,351,351,0,0
3,72,35,7230,7230,7230,7230,0,0,0,0
3,73,54,8534,8534,7316,7316,636,636,583,583
3,75,18,7693,7693,1447,1447,6245,6245,0,0
3,80,16,2819,2819,2166,2166,652,652,0,0
3,86,3,1563,1563,41,41,1522,1522,0,0
3,87,13,1155,1155,1155,1155,0,0,0,0
3,89,5,623,623,392,392,231,231,0,0
3,90,4,772,772,706,706,67,67,0,0
3,91,8,2114,2114,734,734,1380,1380,0,0
3,95,12,1382,1382,1240,1240,142,142,0,0
3,96,2,284,284,284,284,0,0,0,0
3,97,11,1420,1420,1113,1113,307,307,0,0
3,101,22,4459,4459,1604,1604,2856,2856,0,0
3,102,15,3948,3948,778,778,3170,3170,0,0
3,105,13,1375,1375,832,832,544,544,0,0
3,106,21,3377,3377,3244,3244,44,44,0,0
3,107,56,5964,5964,5515,5515,150,150,0,0
3,108,4,1068,1068,1068,1068,0,0,0,0
3,109,25,3387,3387,2334,2334,815,815,0,0
3,110,61,10864,10864,9707,9707,1157,1157,0,0
3,111,24,4940,4940,2924,2924,2015,2015,0,0
3,112,36,7128,7128,5502,5502,1445,1445,0,0
3,113,52,7872,7872,7757,7757,38,38,0,0
3,114,81,8144,8144,7220,7220,924,924,0,0
3,115,14,1320,1320,1320,1320,0,0,0,0
3,116,8,1205,1205,1166,1166,13,13,0,0
3,117,13,1336,1336,1336,1336,0,0,0,0
3,118,4,1917,1917,1917,1917,0,0,0,0
3,119,44,7653,7653,7375,7375,258,258,0,0
3,120,36,5096,5096,4682,4682,414,414,0,0
3,121,6,420,420,420,420,0,0,0,0
3,122,5,491,491,491,491,0,0,0,0
3,123,2,133,133,133,133,0,0,0,0
3,124,2,2255,2255,144,144,2112,2112,0,0
3,6,3,211,211,211,211,0,0,0,0
3,13,8,1757,1757,1062,1062,695,695,0,0
3,16,3,1483,1483,50,50,1433,1433,0,0
3,17,17,3563,3563,1447,1447,2117,2117,0,0
3,19,1,2453,2453,444,444,2008,2008,0,0
3,30,3,339,339,50,50,232,232,0,0
3,31,6,1167,1167,518,518,649,649,0,0
3,34,3,823,823,176,176,647,647,0,0
3,39,6,3142,3142,343,343,2799,2799,0,0
3,46,3,1664,1664,234,234,1430,1430,0,0
3,48,8,1334,1334,971,971,121,121,0,0
3,66,1,10,10,10,10,0,0,0,0
3,67,2,20,20,20,20,0,0,0,0
3,74,26,3666,3666,2586,2586,1079,1079,0,0
3,78,2,296,296,296,296,0,0,0,0
3,83,4,416,416,416,416,0,0,0,0
3,84,6,672,672,672,672,0,0,0,0
3,85,1,41,41,41,41,0,0,0,0
3,125,7,1509,1509,286,286,1223,1223,0,0
4,4,5,4199,4199,149,149,4050,4050,0,0
4,16,4,14085,14085,263,263,13822,13822,0,0
4,17,8,5486,5486,712,712,4773,4773,0,0
4,19,3,3411,3411,598,598,2812,2812,0,0
4,30,2,342,342,226,226,116,116,0,0
4,31,6,1366,1366,908,908,459,459,0,0
4,37,14,2383,2383,1127,1127,1257,1257,0,0
4,38,15,1929,1929,1770,1770,159,159,0,0
4,39,29,3606,3606,3606,3606,0,0,0,0
4,40,6,2033,2033,1741,1741,293,293,0,0
4,41,23,5329,5329,5329,5329,0,0,0,0
4,42,32,6305,6305,6304,6304,1,1,0,0
4,43,59,8384,8384,7999,7999,384,384,0,0
4,44,47,8809,8809,3596,3596,5213,5213,0,0
4,46,41,8200,8200,5197,5197,3002,3002,0,0
4,47,50,7033,7033,7013,7013,19,19,0,0
4,48,38,6724,6724,6724,6724,0,0,0,0
4,49,4,513,513,455,455,19,19,0,0
4,55,23,7932,7932,3311,3311,4572,4572,0,0
4,56,6,3517,3517,156,156,3361,3361,0,0
4,59,38,5137,5137,4402,4402,65,65,540,540
4,60,48,3723,3723,3723,3723,0,0,0,0
4,61,4,440,440,440,440,0,0,0,0
4,62,27,3036,3036,2753,2753,283,283,0,0
4,63,26,3511,3511,3511,3511,0,0,0,0
4,64,23,4841,4841,4109,4109,313,313,420,420
4,65,7,671,671,671,671,0,0,0,0
4,66,8,747,747,747,747,0,0,0,0
4,67,4,446,446,446,446,0,0,0,0
4,68,12,1436,1436,1436,1436,0,0,0,0
4,69,7,784,784,784,784,0,0,0,0
4,70,1,51,51,51,51,0,0,0,0
4,72,3,671,671,671,671,0,0,0,0
4,73,24,2519,2519,2519,2519,0,0,0,0
4,74,13,2340,2340,1812,1812,529,529,0,0
4,75,2,257,257,257,257,0,0,0,0
4,76,5,283,283,283,283,0,0,0,0
4,78,2,219,219,219,219,0,0,0,0
4,80,2,139,139,139,139,0,0,0,0
4,83,7,1133,1133,1133,1133,0,0,0,0
4,84,12,4270,4270,4270,4270,0,0,0,0
4,86,8,738,738,738,738,0,0,0,0
4,87,1,141,141,141,141,0,0,0,0
4,88,1,399,399,255,255,144,144,0,0
4,91,1,149,149,149,149,0,0,0,0
4,96,5,1749,1749,1749,1749,0,0,0,0
4,98,6,601,601,452,452,149,149,0,0
4,101,5,1346,1346,531,531,815,815,0,0
4,102,2,972,972,65,65,907,907,0,0
4,106,3,878,878,708,708,166,166,0,0
4,107,39,5626,5626,5590,5590,12,12,0,0
4,108,77,9801,9801,9276,9276,524,524,0,0
4,109,89,9853,9853,9853,9853,0,0,0,0
4,110,104,11504,11504,11048,11048,445,445,0,0
4,111,65,8710,8710,8710,8710,0,0,0,0
4,112,40,6927,6927,6927,6927,0,0,0,0
4,113,37,5772,5772,5478,5478,296,296,0,0
4,114,24,3619,3619,3445,3445,155,155,0,0
4,115,1,38,38,38,38,0,0,0,0
4,116,4,1403,1403,1403,1403,0,0,0,0
4,118,2,1351,1351,1351,1351,0,0,0,0
4,119,46,8268,8268,6041,6041,2013,2013,0,0
4,120,49,7151,7151,5599,5599,1552,1552,0,0
4,124,9,1042,1042,1042,1042,0,0,0,0
4,3,3,1119,1119,169,169,950,950,0,0
4,8,1,1655,1655,0,0,1655,1655,0,0
4,9,6,1428,1428,710,710,718,718,0,0
4,10,18,2378,2378,1662,1662,653,653,0,0
4,11,8,1301,1301,981,981,320,320,0,0
4,12,5,994,994,505,505,489,489,0,0
4,13,12,2024,2024,1819,1819,204,204,0,0
4,18,1,76,76,76,76,0,0,0,0
4,36,4,609,609,609,609,0,0,0,0
4,45,14,2574,2574,1099,1099,1475,1475,0,0
4,54,2,1625,1625,1311,1311,313,313,0,0
4,77,3,231,231,231,231,0,0,0,0
4,79,6,748,748,748,748,0,0,0,0
4,90,1,93,93,93,93,0,0,0,0
4,92,4,1135,1135,1116,1116,19,19,0,0
4,94,7,558,558,558,558,0,0,0,0
4,97,11,1901,1901,265,265,1635,1635,0,0
4,99,1,213,213,213,213,0,0,0,0
4,100,11,1297,1297,1297,1297,0,0,0,0
4,104,6,908,908,291,291,617,617,0,0
4,105,1,50,50,50,50,0,0,0,0
4,122,15,2276,2276,965,965,1311,1311,0,0
4,123,2,806,806,652,652,155,155,0,0
4,126,5,384,384,334,334,17,17,0,0
5,0,2,1032,1032,78,78,954,954,0,0
5,3,1,1038,1038,0,0,1038,1038,0,0
5,4,1,2151,2151,8,8,2143,2143,0,0
5,8,3,1803,1803,338,338,1465,1465,0,0
5,9,2,685,685,257,257,429,429,0,0
5,10,27,4308,4308,2742,2742,1565,1565,0,0
5,11,9,2026,2026,749,749,1172,1172,0,0
5,12,4,1057,1057,433,433,625,625,0,0
5,13,9,1860,1860,1547,1547,313,313,0,0
5,16,4,13801,13801,389,389,13411,13411,0,0
5,17,9,7883,7883,591,591,7293,7293,0,0
5,19,3,3761,3761,307,307,3454,3454,0,0
5,27,11,2215,2215,857,857,1358,1358,0,0
5,37,17,2016,2016,1951,1951,65,65,0,0
5,38,18,3077,3077,1955,1955,1121,1121,0,0
5,39,1,99,99,99,99,0,0,0,0
5,40,5,1488,1488,614,614,874,874,0,0
5,41,17,5925,5925,5805,5805,120,120,0,0
5,42,42,7758,7758,6543,6543,1215,1215,0,0
5,43,26,5113,5113,2315,2315,2162,2162,0,0
5,44,11,2026,2026,916,916,1011,1011,0,0
5,45,44,6241,6241,6241,6241,0,0,0,0
5,46,29,4323,4323,3756,3756,189,189,0,0
5,47,52,6771,6771,6658,6658,112,112,0,0
5,48,44,7627,7627,6868,6868,759,759,0,0
5,49,10,2075,2075,2075,2075,0,0,0,0
5,50,32,4059,4059,3923,3923,136,136,0,0
5,51,10,1706,1706,1560,1560,147,147,0,0
5,54,14,13764,13764,679,679,13084,13084,0,0
5,55,6,3319,3319,358,358,2961,2961,0,0
5,56,1,4020,4020,0,0,4020,4020,0,0
5,59,33,4131,4131,3492,3492,640,640,0,0
5,63,7,1834,1834,1834,1834,0,0,0,0
5,64,32,6478,6478,6478,6478,0,0,0,0
5,68,3,146,146,146,146,0,0,0,0
5,69,8,1763,1763,811,811,951,951,0,0
5,72,10,2630,2630,2630,2630,0,0,0,0
5,77,6,451,451,451,451,0,0,0,0
5,78,4,617,617,617,617,0,0,0,0
5,83,7,1013,1013,1013,1013,0,0,0,0
5,84,2,331,331,331,331,0,0,0,0
5,89,9,2091,2091,1015,1015,1076,1076,0,0
5,91,8,874,874,689,689,185,185,0,0
5,92,14,1534,1534,1208,1208,326,326,0,0
5,93,9,1369,1369,1159,1159,210,210,0,0
5,94,2,709,709,417,417,292,292,0,0
5,96,12,8115,8115,849,849,7265,7265,0,0
5,97,14,5366,5366,3216,3216,2150,2150,0,0
5,98,26,7134,7134,7134,7134,0,0,0,0
5,99,14,5917,5917,3879,3879,2037,2037,0,0
5,100,19,2864,2864,1904,1904,960,960,0,0
5,101,22,4215,4215,4215,4215,0,0,0,0
5,106,28,7205,7205,1929,1929,5275,5275,0,0
5,107,21,3304,3304,3222,3222,82,82,0,0
5,108,38,4592,4592,4202,4202,130,130,0,0
5,109,29,3926,3926,3773,3773,51,51,0,0
5,110,47,4608,4608,4608,4608,0,0,0,0
5,111,40,5984,5984,5984,5984,0,0,0,0
5,112,36,4897,4897,4897,4897,0,0,0,0
5,113,15,2823,2823,1441,1441,1383,1383,0,0
5,114,47,7139,7139,7115,7115,24,24,0,0
5,115,18,5748,5748,5748,5748,0,0,0,0
5,116,19,6885,6885,6885,6885,0,0,0,0
5,117,5,1250,1250,1022,1022,228,228,0,0
5,118,9,2930,2930,2046,2046,347,347,0,0
5,119,31,10885,10885,3631,3631,7254,7254,0,0
5,120,37,6112,6112,6027,6027,28,28,0,0
5,121,2,294,294,294,294,0,0,0,0
5,122,14,3376,3376,1378,1378,1999,1999,0,0
5,124,1,24,24,24,24,0,0,0,0
5,126,10,20796,20796,558,558,20238,20238,0,0
5,127,12,1809,1809,1809,1809,0,0,0,0
5,1,4,3042,3042,668,668,2374,2374,0,0
5,60,8,1617,1617,1107,1107,510,510,0,0
5,62,11,1573,1573,1252,1252,321,321,0,0
5,65,2,350,350,350,350,0,0,0,0
5,66,1,122,122,122,122,0,0,0,0
5,70,1,42,42,42,42,0,0,0,0
5,79,5,1416,1416,1416,1416,0,0,0,0
5,82,1,46,46,46,46,0,0,0,0
5,85,1,21,21,21,21,0,0,0,0
5,87,3,2829,2829,592,592,2238,2238,0,0
5,95,3,3179,3179,302,302,2876,2876,0,0
5,102,5,373,373,373,373,0,0,0,0
5,103,1,223,223,223,223,0,0,0,0
5,104,1,38,38,38,38,0,0,0,0
5,105,27,2464,2464,1998,1998,466,466,0,0
5,125,4,360,360,360,360,0,0,0,0
6,4,3,507,507,138,138,369,369,0,0
6,10,7,1217,1217,1217,1217,0,0,0,0
6,18,1,1896,1896,288,288,1608,1608,0,0
6,19,4,4337,4337,1126,1126,3211,3211,0,0
6,37,1,86,86,86,86,0,0,0,0
6,40,1,234,234,234,234,0,0,0,0
6,42,11,2353,2353,1320,1320,1032,1032,0,0
6,43,6,1253,1253,247,247,1005,1005,0,0
6,44,28,2352,2352,2352,2352,0,0,0,0
6,45,29,3465,3465,3465,3465,0,0,0,0
6,46,17,2104,2104,1993,1993,111,111,0,0
6,47,9,1372,1372,1233,1233,139,139,0,0
6,49,8,2064,2064,1967,1967,97,97,0,0
6,50,10,1841,1841,1841,1841,0,0,0,0
6,53,14,2740,2740,1526,1526,1214,1214,0,0
6,59,3,601,601,317,317,284,284,0,0
6,60,16,2907,2907,2265,2265,642,642,0,0
6,62,10,2011,2011,1755,1755,257,257,0,0
6,63,10,1311,1311,1311,1311,0,0,0,0
6,64,37,8668,8668,8668,8668,0,0,0,0
6,69,3,461,461,260,260,67,67,0,0
6,72,15,2728,2728,2464,2464,263,263,0,0
6,73,3,143,143,143,143,0,0,0,0
6,77,9,1129,1129,1129,1129,0,0,0,0
6,79,13,6028,6028,6028,6028,0,0,0,0
6,82,4,1098,1098,1098,1098,0,0,0,0
6,86,3,735,735,735,735,0,0,0,0
6,88,10,1465,1465,1465,1465,0,0,0,0
6,93,16,5082,5082,2278,2278,2746,2746,0,0
6,94,16,18013,18013,2150,2150,15849,15849,0,0
6,95,16,12449,12449,3170,3170,9278,9278,0,0
6,96,4,5734,5734,268,268,5466,5466,0,0
6,97,14,3193,3193,3058,3058,135,135,0,0
6,98,18,9095,9095,9095,9095,0,0,0,0
6,99,24,7047,7047,6442,6442,605,605,0,0
6,100,33,8170,8170,6084,6084,1417,1417,669,669
6,101,92,10159,10159,10159,10159,0,0,0,0
6,102,34,3841,3841,3841,3841,0,0,0,0
6,103,14,1252,1252,1252,1252,0,0,0,0
6,105,8,1216,1216,922,922,294,294,0,0
6,110,1,930,930,0,0,930,930,0,0
6,111,2,2425,2425,229,229,2197,2197,0,0
6,112,9,4677,4677,1529,1529,3148,3148,0,0
6,113,10,5923,5923,3070,3070,2853,2853,0,0
6,114,30,10750,10750,7776,7776,2974,2974,0,0
6,115,14,4781,4781,4781,4781,0,0,0,0
6,116,14,6600,6600,4037,4037,2562,2562,0,0
6,117,14,6964,6964,6964,6964,0,0,0,0
6,119,25,17725,17725,2310,2310,15416,15416,0,0
6,120,6,1080,1080,275,275,805,805,0,0
6,122,4,2040,2040,195,195,1845,1845,0,0
6,126,7,1307,1307,1307,1307,0,0,0,0
6,127,3,151,151,151,151,0,0,0,0
6,29,1,251,251,251,251,0,0,0,0
6,36,3,587,587,54,54,533,533,0,0
6,48,2,391,391,391,391,0,0,0,0
6,52,7,1147,1147,1147,1147,0,0,0,0
6,65,4,365,365,365,365,0,0,0,0
6,80,3,606,606,606,606,0,0,0,0
6,81,10,803,803,803,803,0,0,0,0
6,87,4,1030,1030,447,447,583,583,0,0
6,92,2,1706,1706,0,0,1706,1706,0,0
6,106,3,183,183,183,183,0,0,0,0
6,107,2,211,211,211,211,0,0,0,0
6,118,8,1401,1401,1401,1401,0,0,0,0
6,123,3,519,519,519,519,0,0,0,0
7,9,4,748,748,748,748,0,0,0,0
7,18,9,1399,1399,898,898,501,501,0,0
7,19,5,7868,7868,557,557,7312,7312,0,0
7,28,5,2250,2250,350,350,1900,1900,0,0
7,29,8,2350,2350,1980,1980,288,288,0,0
7,33,6,2644,2644,538,538,2105,2105,0,0
7,34,7,6890,6890,585,585,6304,6304,0,0
7,35,4,1981,1981,223,223,1758,1758,0,0
7,36,10,1367,1367,873,873,494,494,0,0
7,42,2,838,838,189,189,649,649,0,0
7,45,8,1117,1117,518,518,599,599,0,0
7,46,5,1138,1138,351,351,787,787,0,0
7,53,3,479,479,192,192,143,143,81,81
7,59,21,8951,8951,2308,2308,6642,6642,0,0
7,60,21,4631,4631,1216,1216,3415,3415,0,0
7,62,15,2627,2627,2560,2560,66,66,0,0
7,63,21,6061,6061,5894,5894,167,167,0,0
7,64,45,10391,10391,10362,10362,29,29,0,0
7,65,23,4624,4624,2708,2708,1916,1916,0,0
7,66,21,4031,4031,4031,4031,0,0,0,0
7,72,6,2231,2231,747,747,1484,1484,0,0
7,73,3,297,297,297,297,0,0,0,0
7,74,9,814,814,814,814,0,0,0,0
7,78,6,1193,1193,640,640,553,553,0,0
7,82,2,2688,2688,2688,2688,0,0,0,0
7,87,1,1492,1492,0,0,1492,1492,0,0
7,89,14,1812,1812,1774,1774,37,37,0,0
7,91,5,11275,11275,779,779,10497,10497,0,0
7,92,32,17293,17293,2364,2364,14877,14877,0,0
7,93,43,14708,14708,2061,2061,12648,12648,0,0
7,94,24,13979,13979,1683,1683,12295,12295,0,0
7,95,29,20954,20954,1152,1152,19802,19802,0,0
7,96,16,15643,15643,1231,1231,14412,14412,0,0
7,98,27,8308,8308,7084,7084,1224,1224,0,0
7,99,35,11859,11859,11859,11859,0,0,0,0
7,100,69,15392,15392,13345,13345,2046,2046,0,0
7,101,117,12791,12791,12536,12536,255,255,0,0
7,102,69,7251,7251,6540,6540,711,711,0,0
7,104,11,5336,5336,678,678,4656,4656,0,0
7,105,2,1175,1175,172,172,1003,1003,0,0
7,110,3,252,252,252,252,0,0,0,0
7,111,1,1790,1790,160,160,1630,1630,0,0
7,112,3,1261,1261,1261,1261,0,0,0,0
7,113,24,7229,7229,6436,6436,793,793,0,0
7,114,44,9351,9351,6068,6068,3283,3283,0,0
7,115,17,4911,4911,3641,3641,1270,1270,0,0
7,116,16,5976,5976,3722,3722,2254,2254,0,0
7,117,30,7607,7607,7607,7607,0,0,0,0
7,118,18,2504,2504,2504,2504,0,0,0,0
7,121,6,1985,1985,1696,1696,0,0,288,288
7,122,7,1172,1172,1030,1030,0,0,142,142
7,123,3,338,338,338,338,0,0,0,0
7,125,15,4324,4324,1193,1193,3132,3132,0,0
7,126,11,1688,1688,1279,1279,409,409,0,0
7,0,5,655,655,239,239,417,417,0,0
7,11,1,159,159,159,159,0,0,0,0
7,31,6,604,604,601,601,3,3,0,0
7,32,13,2450,2450,1135,1135,1314,1314,0,0
7,47,2,74,74,43,43,31,31,0,0
7,48,2,541,541,541,541,0,0,0,0
7,54,2,238,238,238,238,0,0,0,0
7,67,6,4216,4216,2398,2398,1818,1818,0,0
7,68,5,1594,1594,1594,1594,0,0,0,0
7,69,5,918,918,918,918,0,0,0,0
7,70,5,1007,1007,344,344,662,662,0,0
7,75,2,3166,3166,147,147,3019,3019,0,0
7,85,1,20,20,20,20,0,0,0,0
7,88,4,1228,1228,0,0,1228,1228,0,0
7,90,2,7144,7144,783,783,6361,6361,0,0
7,97,6,1332,1332,1332,1332,0,0,0,0
7,103,1,1456,1456,1456,1456,0,0,0,0
7,106,3,380,380,380,380,0,0,0,0
7,109,3,584,584,584,584,0,0,0,0
8,11,9,1709,1709,711,711,998,998,0,0
8,19,20,6284,6284,1512,1512,4771,4771,0,0
8,28,3,548,548,431,431,0,0,117,117
8,29,5,3686,3686,1473,1473,2213,2213,0,0
8,30,3,366,366,92,92,92,92,0,0
8,31,9,1460,1460,905,905,555,555,0,0
8,41,2,659,659,383,383,276,276,0,0
8,45,24,2188,2188,1997,1997,192,192,0,0
8,47,1,2680,2680,0,0,2680,2680,0,0
8,48,6,1035,1035,1035,1035,0,0,0,0
8,52,4,418,418,418,418,0,0,0,0
8,55,6,683,683,683,683,0,0,0,0
8,58,3,2209,2209,45,45,2164,2164,0,0
8,59,15,9343,9343,1753,1753,7589,7589,0,0
8,60,46,6480,6480,4301,4301,2178,2178,0,0
8,61,32,4818,4818,3313,3313,1504,1504,0,0
8,62,59,7715,7715,6933,6933,782,782,0,0
8,63,76,10665,10665,10438,10438,75,75,0,0
8,64,83,12854,12854,12458,12458,396,396,0,0
8,65,76,12056,12056,8854,8854,2242,2242,959,959
8,66,55,12108,12108,9991,9991,2116,2116,0,0
8,67,41,8950,8950,7440,7440,1511,1511,0,0
8,68,67,10686,10686,10039,10039,646,646,0,0
8,69,40,5037,5037,5037,5037,0,0,0,0
8,70,8,1686,1686,1149,1149,537,537,0,0
8,72,2,5165,5165,94,94,5071,5071,0,0
8,73,6,18365,18365,1826,1826,16540,16540,0,0
8,74,10,23875,23875,1106,1106,22769,22769,0,0
8,75,6,766,766,766,766,0,0,0,0
8,76,4,642,642,642,642,0,0,0,0
8,78,11,2485,2485,2485,2485,0,0,0,0
8,79,5,405,405,405,405,0,0,0,0
8,81,2,570,570,570,570,0,0,0,0
8,85,2,4,4,4,4,0,0,0,0
8,86,2,950,950,950,950,0,0,0,0
8,88,4,1698,1698,296,296,1402,1402,0,0
8,89,31,14273,14273,3148,3148,11127,11127,0,0
8,90,22,12096,12096,1279,1279,10816,10816,0,0
8,91,42,14232,14232,2749,2749,11483,11483,0,0
8,92,28,18912,18912,1819,1819,17095,17095,0,0
8,93,38,17764,17764,1569,1569,16195,16195,0,0
8,94,23,13835,13835,2717,2717,11092,11092,0,0
8,95,21,6212,6212,1577,1577,4635,4635,0,0
8,96,9,4146,4146,506,506,3640,3640,0,0
8,97,44,6608,6608,6109,6109,500,500,0,0
8,98,24,5677,5677,3989,3989,1688,1688,0,0
8,99,42,7235,7235,6766,6766,469,469,0,0
8,100,101,13016,13016,12887,12887,129,129,0,0
8,101,85,10915,10915,10262,10262,653,653,0,0
8,102,37,12977,12977,1974,1974,11004,11004,0,0
8,103,7,5122,5122,214,214,4908,4908,0,0
8,104,8,1099,1099,320,320,779,779,0,0
8,106,2,118,118,118,118,0,0,0,0
8,110,3,2148,2148,1821,1821,327,327,0,0
8,111,24,10144,10144,4918,4918,5226,5226,0,0
8,112,17,3094,3094,2589,2589,168,168,0,0
8,113,38,9899,9899,7185,7185,2519,2519,0,0
8,114,38,9142,9142,5635,5635,3507,3507,0,0
8,115,32,6090,6090,5631,5631,0,0,459,459
8,116,27,8979,8979,6402,6402,520,520,2056,2056
8,117,24,5139,5139,3580,3580,1559,1559,0,0
8,121,4,1370,1370,1370,1370,0,0,0,0
8,123,1,14,14,4,4,4,4,0,0
8,124,8,1718,1718,767,767,952,952,0,0
8,125,9,2942,2942,1339,1339,1604,1604,0,0
8,126,8,981,981,981,981,0,0,0,0
8,18,4,729,729,240,240,490,490,0,0
8,20,1,1996,1996,289,289,1707,1707,0,0
8,33,4,667,667,182,182,485,485,0,0
8,44,8,1236,1236,1236,1236,0,0,0,0
8,54,6,1608,1608,328,328,1280,1280,0,0
8,56,11,1621,1621,1621,1621,0,0,0,0
8,71,1,785,785,785,785,0,0,0,0
8,77,2,585,585,585,585,0,0,0,0
8,87,4,366,366,366,366,0,0,0,0
8,105,1,76,76,76,76,0,0,0,0
8,108,4,337,337,337,337,0,0,0,0
8,118,2,173,173,173,173,0,0,0,0
9,1,7,1559,1559,1106,1106,453,453,0,0
9,22,7,1716,1716,1716,1716,0,0,0,0
9,29,6,1048,1048,537,537,482,482,0,0
9,33,5,1394,1394,215,215,1179,1179,0,0
9,39,2,453,453,453,453,0,0,0,0
9,44,41,3673,3673,3326,3326,116,116,0,0
9,45,25,1627,1627,1627,1627,0,0,0,0
9,48,1,94,94,94,94,0,0,0,0
9,53,5,1910,1910,381,381,1529,1529,0,0
9,54,2,297,297,297,297,0,0,0,0
9,60,20,2895,2895,1925,1925,971,971,0,0
9,61,13,3697,3697,1540,1540,2156,2156,0,0
9,62,2,352,352,351,351,1,1,0,0
9,63,43,6129,6129,6129,6129,0,0,0,0
9,64,37,6109,6109,6109,6109,0,0,0,0
9,65,20,4245,4245,4245,4245,0,0,0,0
9,66,22,4302,4302,4112,4112,63,63,0,0
9,67,36,7517,7517,7517,7517,0,0,0,0
9,68,43,7529,7529,7233,7233,282,282,0,0
9,69,37,5392,5392,5392,5392,0,0,0,0
9,71,11,3916,3916,2658,2658,1249,1249,9,9
9,72,15,17540,17540,2947,2947,14594,14594,0,0
9,73,12,16930,16930,3478,3478,13452,13452,0,0
9,74,9,16110,16110,839,839,15272,15272,0,0
9,75,7,3109,3109,1448,1448,1661,1661,0,0
9,77,8,1564,1564,998,998,566,566,0,0
9,78,5,1108,1108,1108,1108,0,0,0,0
9,79,1,22,22,22,22,0,0,0,0
9,81,5,515,515,515,515,0,0,0,0
9,83,1,33,33,33,33,0,0,0,0
9,87,1,291,291,291,291,0,0,0,0
9,89,9,5424,5424,595,595,4830,4830,0,0
9,90,29,10697,10697,1784,1784,8912,8912,0,0
9,91,30,13550,13550,1502,1502,12048,12048,0,0
9,92,21,15396,15396,1090,1090,14305,14305,0,0
9,93,30,23606,23606,1858,1858,21747,21747,0,0
9,94,50,21248,21248,5430,5430,15818,15818,0,0
9,95,14,7985,7985,1128,1128,6855,6855,0,0
9,96,19,4725,4725,3069,3069,1656,1656,0,0
9,97,79,11684,11684,11684,11684,0,0,0,0
9,98,80,10033,10033,10033,10033,0,0,0,0
9,99,83,8386,8386,7651,7651,735,735,0,0
9,100,36,7589,7589,6376,6376,956,956,0,0
9,101,41,4853,4853,4716,4716,45,45,0,0
9,102,16,4901,4901,789,789,4112,4112,0,0
9,103,2,1289,1289,0,0,1289,1289,0,0
9,104,5,350,350,350,350,0,0,0,0
9,105,2,175,175,175,175,0,0,0,0
9,108,5,2048,2048,1865,1865,183,183,0,0
9,109,12,3178,3178,1352,1352,1095,1095,0,0
9,110,16,4740,4740,4586,4586,51,51,0,0
9,111,32,6840,6840,6297,6297,543,543,0,0
9,112,18,5948,5948,5580,5580,123,123,0,0
9,113,24,14848,14848,8284,8284,6284,6284,0,0
9,114,39,12048,12048,10562,10562,1486,1486,0,0
9,115,53,8331,8331,8331,8331,0,0,0,0
9,116,36,9459,9459,9050,9050,409,409,0,0
9,117,9,5350,5350,4142,4142,1208,1208,0,0
9,118,9,3129,3129,3100,3100,28,28,0,0
9,119,2,772,772,41,41,716,716,0,0
9,122,2,57,57,57,57,0,0,0,0
9,124,14,4167,4167,321,321,3846,3846,0,0
9,125,2,1016,1016,623,623,393,393,0,0
9,127,2,17,17,17,17,0,0,0,0
9,18,5,876,876,462,462,415,415,0,0
9,31,1,92,92,92,92,0,0,0,0
9,32,2,307,307,307,307,0,0,0,0
9,46,1,46,46,46,46,0,0,0,0
9,52,5,546,546,546,546,0,0,0,0
9,58,1,52,52,52,52,0,0,0,0
9,59,5,934,934,466,466,468,468,0,0
9,70,1,455,455,455,455,0,0,0,0
9,123,6,1121,1121,1121,1121,0,0,0,0
9,126,5,870,870,227,227,644,644,0,0
10,17,4,889,889,475,475,414,414,0,0
10,18,2,966,966,64,64,902,902,0,0
10,20,1,274,274,98,98,176,176,0,0
10,21,2,1396,1396,52,52,1344,1344,0,0
10,31,1,137,137,137,137,0,0,0,0
10,33,3,1249,1249,882,882,367,367,0,0
10,34,1,3163,3163,0,0,3163,3163,0,0
10,44,1,127,127,127,127,0,0,0,0
10,45,6,1251,1251,348,348,903,903,0,0
10,46,3,410,410,291,291,119,119,0,0
10,52,2,805,805,805,805,0,0,0,0
10,58,11,7097,7097,1993,1993,5103,5103,0,0
10,64,20,2253,2253,2161,2161,92,92,0,0
10,67,2,388,388,388,388,0,0,0,0
10,68,27,3441,3441,3441,3441,0,0,0,0
10,69,32,5646,5646,5646,5646,0,0,0,0
10,70,15,3168,3168,3168,3168,0,0,0,0
10,71,15,3780,3780,2351,2351,1367,1367,62,62
10,72,20,7179,7179,3015,3015,4164,4164,0,0
10,73,2,4752,4752,42,42,4710,4710,0,0
10,74,4,7951,7951,443,443,7508,7508,0,0
10,75,18,13516,13516,3051,3051,10418,10418,0,0
10,76,2,2886,2886,106,106,2780,2780,0,0
10,77,10,1304,1304,1304,1304,0,0,0,0
10,81,19,1937,1937,1685,1685,251,251,0,0
10,82,2,78,78,78,78,0,0,0,0
10,86,4,1084,1084,770,770,314,314,0,0
10,89,1,1118,1118,964,964,52,52,0,0
10,90,5,1377,1377,1324,1324,18,18,0,0
10,91,5,6643,6643,769,769,5875,5875,0,0
10,92,27,14586,14586,4646,4646,9940,9940,0,0
10,93,35,12721,12721,4599,4599,8122,8122,0,0
10,94,28,16910,16910,2114,2114,14796,14796,0,0
10,95,7,3843,3843,823,823,1863,1863,1157,1157
10,96,18,6750,6750,3942,3942,2808,2808,0,0
10,97,54,7626,7626,7027,7027,598,598,0,0
10,98,70,10732,10732,10732,10732,0,0,0,0
10,99,37,7387,7387,7320,7320,67,67,0,0
10,100,28,6177,6177,6177,6177,0,0,0,0
10,101,3,798,798,798,798,0,0,0,0
10,102,6,1233,1233,0,0,1233,1233,0,0
10,103,18,1245,1245,1118,1118,127,127,0,0
10,104,19,2300,2300,1621,1621,679,679,0,0
10,105,6,919,919,762,762,52,52,0,0
10,107,17,1966,1966,817,817,1149,1149,0,0
10,111,20,7895,7895,7895,7895,0,0,0,0
10,112,22,8754,8754,6448,6448,2307,2307,0,0
10,113,15,3815,3815,3264,3264,551,551,0,0
10,114,35,7427,7427,6108,6108,1319,1319,0,0
10,115,43,8932,8932,8023,8023,908,908,0,0
10,116,43,7980,7980,4962,4962,2966,2966,0,0
10,117,18,7969,7969,5712,5712,2122,2122,135,135
10,118,13,4529,4529,4452,4452,0,0,77,77
10,119,1,427,427,427,427,0,0,0,0
10,120,5,370,370,370,370,0,0,0,0
10,122,1,311,311,311,311,0,0,0,0
10,123,11,1410,1410,803,803,436,436,0,0
10,124,6,1659,1659,860,860,799,799,0,0
10,125,2,128,128,128,128,0,0,0,0
10,0,1,140,140,140,140,0,0,0,0
10,1,4,310,310,310,310,0,0,0,0
10,13,6,997,997,706,706,291,291,0,0
10,32,2,259,259,259,259,0,0,0,0
10,48,5,3514,3514,68,68,3446,3446,0,0
10,49,3,259,259,259,259,0,0,0,0
10,63,3,447,447,245,245,202,202,0,0
10,85,2,418,418,320,320,98,98,0,0
10,87,6,4635,4635,1284,1284,3351,3351,0,0
10,108,2,232,232,232,232,0,0,0,0
10,109,4,2587,2587,2587,2587,0,0,0,0
10,110,1,567,567,567,567,0,0,0,0
10,121,1,36,36,36,36,0,0,0,0
11,0,47,7781,7781,7781,7781,0,0,0,0
11,1,19,2121,2121,2121,2121,0,0,0,0
11,13,2,647,647,138,138,509,509,0,0
11,32,2,658,658,658,658,0,0,0,0
11,46,1,454,454,454,454,0,0,0,0
11,48,1,2917,2917,0,0,2917,2917,0,0
11,54,3,345,345,345,345,0,0,0,0
11,58,10,2468,2468,1249,1249,1219,1219,0,0
11,62,1,809,809,809,809,0,0,0,0
11,63,12,1247,1247,575,575,671,671,0,0
11,66,9,7940,7940,1597,1597,6344,6344,0,0
11,70,6,1459,1459,309,309,1150,1150,0,0
11,71,29,6057,6057,5790,5790,267,267,0,0
11,72,21,3908,3908,3086,3086,822,822,0,0
11,73,37,6933,6933,6400,6400,482,482,0,0
11,74,16,3329,3329,2910,2910,417,417,0,0
11,75,17,9416,9416,3374,3374,6042,6042,0,0
11,76,15,4611,4611,1494,1494,3116,3116,0,0
11,78,3,426,426,426,426,0,0,0,0
11,80,4,440,440,440,440,0,0,0,0
11,81,5,397,397,397,397,0,0,0,0
11,85,2,923,923,923,923,0,0,0,0
11,86,31,4034,4034,4034,4034,0,0,0,0
11,89,16,16678,16678,2510,2510,14169,14169,0,0
11,90,31,11682,11682,6607,6607,5076,5076,0,0
11,91,13,15534,15534,849,849,14684,14684,0,0
11,92,52,16529,16529,2464,2464,14064,14064,0,0
11,93,49,21998,21998,1888,1888,20107,20107,0,0
11,94,38,12192,12192,2462,2462,9730,9730,0,0
11,96,45,10845,10845,10845,10845,0,0,0,0
11,97,24,7770,7770,6318,6318,1452,1452,0,0
11,98,29,5508,5508,4201,4201,1307,1307,0,0
11,99,58,9203,9203,8556,8556,647,647,0,0
11,100,26,9560,9560,9156,9156,404,404,0,0
11,101,14,3861,3861,1334,1334,2527,2527,0,0
11,102,5,1452,1452,0,0,1452,1452,0,0
11,103,26,5745,5745,3939,3939,1806,1806,0,0
11,104,8,1491,1491,1121,1121,370,370,0,0
11,105,6,602,602,602,602,0,0,0,0
11,107,4,2427,2427,386,386,2043,2043,0,0
11,108,6,910,910,603,603,306,306,0,0
11,109,19,6782,6782,5981,5981,801,801,0,0
11,110,15,4075,4075,3398,3398,677,677,0,0
11,111,56,9496,9496,9007,9007,489,489,0,0
11,112,59,10470,10470,7371,7371,2872,2872,0,0
11,113,58,8652,8652,7467,7467,1185,1185,0,0
11,114,41,8319,8319,8319,8319,0,0,0,0
11,115,25,4510,4510,4510,4510,0,0,0,0
11,116,16,7785,7785,7633,7633,152,152,0,0
11,117,8,5897,5897,2442,2442,3405,3405,50,50
11,118,7,2644,2644,2310,2310,0,0,334,334
11,120,1,5,5,5,5,0,0,0,0
11,123,1,352,352,340,340,12,12,0,0
11,124,10,7087,7087,750,750,6337,6337,0,0
11,125,14,1436,1436,1393,1393,14,14,0,0
11,126,2,254,254,254,254,0,0,0,0
11,11,2,298,298,131,131,167,167,0,0
11,12,5,2397,2397,549,549,1847,1847,0,0
11,43,1,141,141,44,44,32,32,0,0
11,57,2,1899,1899,357,357,1543,1543,0,0
11,64,2,348,348,348,348,0,0,0,0
11,67,3,2399,2399,44,44,2355,2355,0,0
11,77,4,398,398,398,398,0,0,0,0
11,87,1,1380,1380,0,0,1380,1380,0,0
11,88,4,5931,5931,205,205,5726,5726,0,0
11,95,7,2399,2399,2107,2107,292,292,0,0
11,106,5,899,899,899,899,0,0,0,0
11,121,1,662,662,591,591,72,72,72,72
11,122,2,159,159,159,159,0,0,0,0
11,127,4,252,252,252,252,0,0,0,0
12,0,8,1785,1785,897,897,887,887,0,0
12,10,1,174,174,174,174,0,0,0,0
12,11,1,155,155,129,129,27,27,0,0
12,12,1,77,77,0,0,77,77,0,0
12,40,3,934,934,313,313,622,622,0,0
12,43,1,1512,1512,578,578,311,311,0,0
12,45,9,4379,4379,2638,2638,1742,1742,0,0
12,46,6,1510,1510,591,591,919,919,0,0
12,58,5,1607,1607,781,781,826,826,0,0
12,64,7,758,758,688,688,70,70,0,0
12,67,8,5795,5795,809,809,4985,4985,0,0
12,68,58,7706,7706,7706,7706,0,0,0,0
12,69,21,4327,4327,3212,3212,1114,1114,0,0
12,70,7,1218,1218,1198,1198,20,20,0,0
12,71,1,228,228,228,228,0,0,0,0
12,72,11,960,960,960,960,0,0,0,0
12,74,2,507,507,507,507,0,0,0,0
12,75,19,4533,4533,4533,4533,0,0,0,0
12,76,22,3308,3308,3308,3308,0,0,0,0
12,77,11,1200,1200,1200,1200,0,0,0,0
12,78,1,7,7,7,7,0,0,0,0
12,80,13,1541,1541,1541,1541,0,0,0,0
12,81,3,107,107,107,107,0,0,0,0
12,82,5,248,248,248,248,0,0,0,0
12,83,7,1505,1505,1505,1505,0,0,0,0
12,85,8,913,913,913,913,0,0,0,0
12,86,10,894,894,894,894,0,0,0,0
12,87,6,1602,1602,585,585,1017,1017,0,0
12,88,7,6382,6382,923,923,5458,5458,0,0
12,89,7,14771,14771,3921,3921,10849,10849,0,0
12,90,14,14822,14822,1401,1401,13420,13420,0,0
12,91,18,18976,18976,494,494,18482,18482,0,0
12,92,40,17595,17595,2161,2161,15436,15436,0,0
12,93,68,19652,19652,5336,5336,14318,14318,0,0
12,94,44,19319,19319,2941,2941,16378,16378,0,0
12,95,21,12196,12196,873,873,11324,11324,0,0
12,96,32,8868,8868,2445,2445,6423,6423,0,0
12,97,13,4767,4767,1550,1550,3217,3217,0,0
12,98,28,4789,4789,4789,4789,0,0,0,0
12,99,69,11681,11681,10479,10479,248,248,953,953
12,100,71,12593,12593,12351,12351,241,241,0,0
12,101,28,7559,7559,3516,3516,4043,4043,0,0
12,102,5,1476,1476,0,0,1476,1476,0,0
12,103,2,147,147,147,147,0,0,0,0
12,104,24,3845,3845,2489,2489,1335,1335,0,0
12,105,14,5677,5677,5677,5677,0,0,0,0
12,106,25,7277,7277,5514,5514,1764,1764,0,0
12,107,5,7896,7896,384,384,7512,7512,0,0
12,109,7,2919,2919,2919,2919,0,0,0,0
12,110,39,7455,7455,4673,4673,2783,2783,0,0
12,111,68,10798,10798,10183,10183,614,614,0,0
12,112,76,10694,10694,10694,10694,0,0,0,0
12,113,50,9337,9337,9063,9063,274,274,0,0
12,114,45,8436,8436,8436,8436,0,0,0,0
12,115,18,5518,5518,4314,4314,1204,1204,0,0
12,116,10,6834,6834,5607,5607,1227,1227,0,0
12,117,9,2092,2092,2092,2092,0,0,0,0
12,120,14,3166,3166,3166,3166,0,0,0,0
12,121,12,4785,4785,1476,1476,3310,3310,0,0
12,122,4,6454,6454,1057,1057,5397,5397,0,0
12,123,11,3109,3109,2428,2428,227,227,0,0
12,124,5,795,795,717,717,0,0,78,78
12,126,5,359,359,359,359,0,0,0,0
12,1,4,1775,1775,183,183,1592,1592,0,0
12,28,1,381,381,160,160,221,221,0,0
12,29,8,2859,2859,1099,1099,1761,1761,0,0
12,66,2,680,680,557,557,123,123,0,0
12,108,1,3261,3261,0,0,3261,3261,0,0
12,118,1,57,57,57,57,0,0,0,0
12,119,5,769,769,769,769,0,0,0,0
12,125,28,1890,1890,1803,1803,0,0,88,88
12,127,1,53,53,13,13,13,13,0,0
13,0,77,12480,12480,12234,12234,240,240,6,6
13,1,91,12529,12529,10156,10156,2373,2373,0,0
13,15,9,2250,2250,944,944,1306,1306,0,0
13,37,21,5255,5255,1076,1076,4179,4179,0,0
13,46,5,2334,2334,1039,1039,1294,1294,0,0
13,52,10,3566,3566,962,962,2605,2605,0,0
13,63,18,3504,3504,1303,1303,2200,2200,0,0
13,64,12,5777,5777,2500,2500,3278,3278,0,0
13,66,23,3313,3313,3313,3313,0,0,0,0
13,67,14,1713,1713,1713,1713,0,0,0,0
13,68,26,2650,2650,2650,2650,0,0,0,0
13,69,7,904,904,904,904,0,0,0,0
13,74,10,1391,1391,1391,1391,0,0,0,0
13,75,11,1467,1467,1467,1467,0,0,0,0
13,76,16,1384,1384,1384,1384,0,0,0,0
13,77,13,1877,1877,1877,1877,0,0,0,0
13,78,10,2010,2010,1147,1147,863,863,0,0
13,79,4,3694,3694,431,431,3262,3262,0,0
13,80,4,421,421,421,421,0,0,0,0
13,81,9,921,921,921,921,0,0,0,0
13,82,17,2679,2679,2679,2679,0,0,0,0
13,83,6,1822,1822,762,762,1060,1060,0,0
13,84,2,476,476,19,19,457,457,0,0
13,85,6,2665,2665,154,154,2511,2511,0,0
13,86,14,1226,1226,1226,1226,0,0,0,0
13,87,12,3536,3536,2149,2149,1387,1387,0,0
13,88,10,2631,2631,2501,2501,130,130,0,0
13,89,22,6759,6759,4530,4530,2229,2229,0,0
13,90,33,20369,20369,2632,2632,17738,17738,0,0
13,91,40,22194,22194,1504,1504,20690,20690,0,0
13,92,52,17242,17242,3200,3200,14042,14042,0,0
13,93,48,20714,20714,3908,3908,16808,16808,0,0
13,94,49,20414,20414,3277,3277,17136,17136,0,0
13,95,17,12374,12374,3157,3157,9218,9218,0,0
13,96,34,7526,7526,1442,1442,6084,6084,0,0
13,97,12,1510,1510,1419,1419,92,92,0,0
13,98,39,7492,7492,7121,7121,371,371,0,0
13,99,38,8455,8455,7683,7683,772,772,0,0
13,100,86,12378,12378,12378,12378,0,0,0,0
13,101,11,3164,3164,731,731,2433,2433,0,0
13,102,6,398,398,0,0,398,398,0,0
13,104,24,6153,6153,3470,3470,2684,2684,0,0
13,105,57,11106,11106,11106,11106,0,0,0,0
13,106,30,8555,8555,8262,8262,293,293,0,0
13,107,32,8777,8777,8777,8777,0,0,0,0
13,108,28,10774,10774,10676,10676,98,98,0,0
13,109,37,10476,10476,10476,10476,0,0,0,0
13,110,60,10760,10760,10234,10234,526,526,0,0
13,111,29,7320,7320,5116,5116,2203,2203,0,0
13,112,62,11964,11964,9018,9018,2946,2946,0,0
13,113,48,12491,12491,12491,12491,0,0,0,0
13,114,46,12143,12143,11331,11331,621,621,0,0
13,115,6,4067,4067,2512,2512,516,516,1038,1038
13,116,7,5559,5559,3756,3756,1693,1693,0,0
13,117,2,3024,3024,1044,1044,1979,1979,0,0
13,120,12,3349,3349,3349,3349,0,0,0,0
13,121,36,6635,6635,5377,5377,1256,1256,0,0
13,122,21,5490,5490,4631,4631,857,857,0,0
13,125,22,1718,1718,1505,1505,0,0,213,213
13,127,40,3310,3310,3310,3310,0,0,0,0
13,2,3,616,616,358,358,258,258,0,0
13,17,2,1284,1284,411,411,873,873,0,0
13,48,3,886,886,289,289,597,597,0,0
13,49,12,2488,2488,1571,1571,917,917,0,0
13,60,1,204,204,18,18,186,186,0,0
13,62,5,666,666,319,319,347,347,0,0
13,103,3,5315,5315,72,72,5243,5243,0,0
13,123,1,385,385,385,385,0,0,0,0
13,124,1,121,121,121,121,0,0,0,0
13,126,5,679,679,608,608,24,24,0,0
14,0,33,9078,9078,6124,6124,2761,2761,192,192
14,1,46,9506,9506,6784,6784,2584,2584,0,0
14,2,22,4655,4655,4468,4468,187,187,0,0
14,17,3,1619,1619,468,468,1150,1150,0,0
14,18,2,1671,1671,151,151,1520,1520,0,0
14,37,3,1785,1785,276,276,1510,1510,0,0
14,48,7,4059,4059,1298,1298,2761,2761,0,0
14,49,2,670,670,252,252,417,417,0,0
14,60,12,1873,1873,1617,1617,256,256,0,0
14,61,1,25,25,25,25,0,0,0,0
14,62,4,564,564,535,535,28,28,0,0
14,64,2,792,792,191,191,601,601,0,0
14,68,7,1707,1707,1707,1707,0,0,0,0
14,72,1,2,2,2,2,0,0,0,0
14,74,6,642,642,642,642,0,0,0,0
14,76,4,605,605,605,605,0,0,0,0
14,77,3,96,96,96,96,0,0,0,0
14,78,4,455,455,455,455,0,0,0,0
14,79,12,1446,1446,1446,1446,0,0,0,0
14,80,10,6493,6493,518,518,5975,5975,0,0
14,81,12,1754,1754,1754,1754,0,0,0,0
14,82,26,3813,3813,2931,2931,0,0,881,881
14,83,38,5351,5351,5351,5351,0,0,0,0
14,84,7,1528,1528,1528,1528,0,0,0,0
14,85,8,1247,1247,398,398,849,849,0,0
14,86,54,4999,4999,4033,4033,904,904,61,61
14,87,4,6587,6587,1001,1001,5587,5587,0,0
14,89,21,12321,12321,2072,2072,10250,10250,0,0
14,90,34,21132,21132,3606,3606,17527,17527,0,0
14,91,35,17674,17674,4799,4799,12874,12874,0,0
14,92,9,14821,14821,934,934,13886,13886,0,0
14,93,66,14620,14620,6813,6813,7806,7806,0,0
14,94,64,20767,20767,6353,6353,14415,14415,0,0
14,95,47,17108,17108,3488,3488,13619,13619,0,0
14,96,31,9654,9654,2707,2707,6947,6947,0,0
14,97,21,12264,12264,1410,1410,10855,10855,0,0
14,98,19,6526,6526,4708,4708,1819,1819,0,0
14,99,64,13000,13000,12518,12518,482,482,0,0
14,100,27,7904,7904,7904,7904,0,0,0,0
14,101,16,7555,7555,632,632,6923,6923,0,0
14,102,6,980,980,0,0,980,980,0,0
14,103,5,2184,2184,0,0,2184,2184,0,0
14,104,2,379,379,379,379,0,0,0,0
14,105,34,5338,5338,4930,4930,409,409,0,0
14,106,49,7738,7738,7738,7738,0,0,0,0
14,107,75,10760,10760,10463,10463,296,296,0,0
14,108,54,9348,9348,9211,9211,46,46,0,0
14,109,43,7445,7445,7445,7445,0,0,0,0
14,110,41,7824,7824,6780,6780,1045,1045,0,0
14,111,28,4857,4857,3669,3669,1102,1102,87,87
14,112,26,3678,3678,2969,2969,709,709,0,0
14,113,12,2104,2104,2104,2104,0,0,0,0
14,114,12,3449,3449,3249,3249,112,112,88,88
14,115,28,7812,7812,7015,7015,796,796,0,0
14,117,4,1409,1409,1409,1409,0,0,0,0
14,118,3,1976,1976,1976,1976,0,0,0,0
14,119,10,2242,2242,2242,2242,0,0,0,0
14,120,60,9312,9312,9312,9312,0,0,0,0
14,121,66,11980,11980,10934,10934,1045,1045,0,0
14,122,47,6884,6884,6811,6811,74,74,0,0
14,124,20,3566,3566,3562,3562,4,4,0,0
14,125,45,8695,8695,7070,7070,1624,1624,0,0
14,126,84,9128,9128,8843,8843,284,284,0,0
14,127,123,10210,10210,9948,9948,263,263,0,0
14,32,2,698,698,246,246,452,452,0,0
14,63,1,16,16,16,16,0,0,0,0
14,75,1,663,663,0,0,663,663,0,0
14,88,10,2231,2231,2231,2231,0,0,0,0
14,123,7,1828,1828,1828,1828,0,0,0,0
15,0,9,3640,3640,2387,2387,1252,1252,0,0
15,1,28,4688,4688,4341,4341,349,349,0,0
15,2,18,10348,10348,1847,1847,8500,8500,0,0
15,32,1,281,281,109,109,172,172,0,0
15,49,9,3393,3393,563,563,2831,2831,0,0
15,50,8,1647,1647,1373,1373,274,274,0,0
15,68,7,1173,1173,1173,1173,0,0,0,0
15,75,2,195,195,195,195,0,0,0,0
15,76,7,656,656,656,656,0,0,0,0
15,78,3,198,198,198,198,0,0,0,0
15,79,14,1174,1174,1119,1119,55,55,0,0
15,80,20,11774,11774,1322,1322,10452,10452,0,0
15,81,31,4829,4829,4541,4541,288,288,0,0
15,82,32,4744,4744,3131,3131,1613,1613,0,0
15,83,12,2847,2847,2847,2847,0,0,0,0
15,84,7,612,612,612,612,0,0,0,0
15,85,4,363,363,363,363,0,0,0,0
15,86,17,2068,2068,1948,1948,119,119,0,0
15,87,3,623,623,623,623,0,0,0,0
15,88,37,9581,9581,2721,2721,6860,6860,0,0
15,89,29,10926,10926,2227,2227,8698,8698,0,0
15,90,25,6858,6858,2004,2004,4853,4853,0,0
15,91,2,1277,1277,1097,1097,180,180,0,0
15,92,9,13228,13228,1529,1529,11699,11699,0,0
15,93,38,11750,11750,4442,4442,7308,7308,0,0
15,94,45,14761,14761,3899,3899,10861,10861,0,0
15,95,49,19680,19680,2945,2945,16735,16735,0,0
15,96,29,12068,12068,2049,2049,10020,10020,0,0
15,97,18,21720,21720,1230,1230,20490,20490,0,0
15,99,47,7828,7828,6622,6622,1205,1205,0,0
15,100,36,11088,11088,6511,6511,2500,2500,0,0
15,101,8,1665,1665,919,919,746,746,0,0
15,102,2,30,30,0,0,30,30,0,0
15,104,17,7829,7829,6965,6965,864,864,0,0
15,105,10,2313,2313,2313,2313,0,0,0,0
15,106,29,10373,10373,9621,9621,753,753,0,0
15,107,47,14632,14632,3868,3868,10764,10764,0,0
15,108,48,7135,7135,6339,6339,753,753,0,0
15,109,9,2855,2855,2607,2607,0,0,248,248
15,110,16,7389,7389,6723,6723,1,1,664,664
15,111,37,8860,8860,8214,8214,0,0,646,646
15,112,48,9135,9135,7959,7959,433,433,743,743
15,113,44,8745,8745,7732,7732,946,946,67,67
15,114,9,2885,2885,2222,2222,0,0,662,662
15,115,15,5448,5448,4887,4887,561,561,0,0
15,118,5,3561,3561,1340,1340,2221,2221,0,0
15,119,19,3837,3837,3837,3837,0,0,0,0
15,120,50,8324,8324,6288,6288,2035,2035,0,0
15,121,39,9816,9816,9816,9816,0,0,0,0
15,122,19,5226,5226,4263,4263,963,963,0,0
15,123,11,2981,2981,2981,2981,0,0,0,0
15,124,47,6293,6293,5781,5781,512,512,0,0
15,125,38,5679,5679,5373,5373,306,306,0,0
15,126,36,4413,4413,3807,3807,606,606,0,0
15,127,20,2571,2571,2571,2571,0,0,0,0
15,57,2,70,70,70,70,0,0,0,0
15,58,5,1127,1127,1127,1127,0,0,0,0
15,71,1,134,134,134,134,0,0,0,0
15,74,5,676,676,676,676,0,0,0,0
15,116,2,681,681,681,681,0,0,0,0
15,117,6,2966,2966,2966,2966,0,0,0,0
16,3,4,2641,2641,116,116,2525,2525,0,0
16,7,10,2030,2030,607,607,1423,1423,0,0
16,8,4,1467,1467,304,304,1163,1163,0,0
16,15,6,1127,1127,806,806,320,320,0,0
16,46,1,12,12,12,12,0,0,0,0
16,49,2,595,595,593,593,2,2,0,0
16,55,5,844,844,539,539,305,305,0,0
16,71,1,190,190,190,190,0,0,0,0
16,76,10,1219,1219,954,954,265,265,0,0
16,80,3,7048,7048,1359,1359,5689,5689,0,0
16,81,23,4507,4507,4507,4507,0,0,0,0
16,82,3,472,472,472,472,0,0,0,0
16,83,6,1545,1545,1545,1545,0,0,0,0
16,84,27,2286,2286,2100,2100,186,186,0,0
16,85,26,1825,1825,1379,1379,446,446,0,0
16,86,10,1814,1814,1814,1814,0,0,0,0
16,87,8,4620,4620,3603,3603,1018,1018,2606,2606
16,88,30,20048,20048,3108,3108,16940,16940,0,0
16,89,32,14343,14343,2404,2404,11939,11939,0,0
16,90,14,6930,6930,1322,1322,5608,5608,0,0
16,92,37,19394,19394,3216,3216,16179,16179,0,0
16,93,54,20343,20343,4227,4227,16115,16115,0,0
16,94,45,18575,18575,4029,4029,14547,14547,0,0
16,95,56,17596,17596,4029,4029,13565,13565,0,0
16,96,59,12382,12382,7146,7146,5237,5237,0,0
16,97,9,10271,10271,1334,1334,8936,8936,0,0
16,98,4,19467,19467,24,24,19442,19442,0,0
16,99,13,17081,17081,2573,2573,14508,14508,0,0
16,100,76,12061,12061,10695,10695,1366,1366,0,0
16,101,7,1546,1546,1456,1456,90,90,0,0
16,103,4,1008,1008,0,0,1008,1008,0,0
16,104,18,12341,12341,300,300,12041,12041,0,0
16,105,14,5943,5943,5301,5301,643,643,0,0
16,106,24,3984,3984,3984,3984,0,0,0,0
16,107,32,4373,4373,4373,4373,0,0,0,0
16,108,18,3150,3150,2147,2147,0,0,1003,1003
16,109,15,5310,5310,4236,4236,509,509,565,565
16,110,33,11854,11854,10357,10357,1495,1495,1,1
16,111,52,13000,13000,12112,12112,310,310,578,578
16,112,33,7233,7233,5139,5139,0,0,2094,2094
16,113,38,11475,11475,10993,10993,482,482,0,0
16,114,18,9588,9588,8643,8643,0,0,945,945
16,115,22,6290,6290,6290,6290,0,0,0,0
16,116,26,9226,9226,9226,9226,0,0,0,0
16,117,20,9053,9053,7928,7928,1125,1125,0,0
16,118,21,3031,3031,1545,1545,1486,1486,0,0
16,119,55,10034,10034,10034,10034,0,0,0,0
16,120,44,10690,10690,10690,10690,0,0,0,0
16,121,34,9801,9801,9801,9801,0,0,0,0
16,122,15,9426,9426,8106,8106,1320,1320,0,0
16,123,10,3395,3395,1616,1616,1779,1779,0,0
16,124,27,4408,4408,2963,2963,1445,1445,0,0
16,125,7,992,992,992,992,0,0,0,0
16,126,2,410,410,410,410,0,0,0,0
16,2,2,4216,4216,269,269,3946,3946,0,0
16,58,1,111,111,106,106,5,5,0,0
16,64,1,18,18,18,18,0,0,0,0
16,65,5,831,831,831,831,0,0,0,0
16,66,1,75,75,75,75,0,0,0,0
16,72,1,132,132,132,132,0,0,0,0
16,73,2,287,287,287,287,0,0,0,0
16,74,1,846,846,0,0,846,846,0,0
16,77,1,442,442,32,32,410,410,0,0
16,91,4,2270,2270,541,541,1728,1728,0,0
17,3,2,7183,7183,0,0,7183,7183,0,0
17,5,2,1220,1220,198,198,1022,1022,0,0
17,51,2,285,285,6,6,280,280,0,0
17,52,5,992,992,589,589,405,405,0,0
17,58,7,2363,2363,1656,1656,707,707,0,0
17,66,10,2081,2081,2081,2081,0,0,0,0
17,67,15,1671,1671,1671,1671,0,0,0,0
17,72,3,295,295,295,295,0,0,0,0
17,73,2,223,223,223,223,0,0,0,0
17,74,5,487,487,254,254,233,233,0,0
17,75,7,1226,1226,1226,1226,0,0,0,0
17,76,4,406,406,406,406,0,0,0,0
17,81,8,7910,7910,1677,1677,6234,6234,0,0
17,85,10,1122,1122,1122,1122,0,0,0,0
17,87,14,6024,6024,1574,1574,4450,4450,0,0
17,88,21,11642,11642,3392,3392,8251,8251,0,0
17,89,24,5147,5147,3448,3448,1699,1699,0,0
17,90,42,10233,10233,7128,7128,3105,3105,0,0
17,91,43,12779,12779,5401,5401,7377,7377,0,0
17,92,64,18219,18219,4174,4174,14046,14046,0,0
17,93,59,16287,16287,4381,4381,11906,11906,0,0
17,94,32,24172,24172,2337,2337,21836,21836,0,0
17,95,19,16646,16646,1716,1716,14929,14929,0,0
17,96,14,10161,10161,1598,1598,8562,8562,0,0
17,97,12,16946,16946,3129,3129,13816,13816,0,0
17,98,15,12608,12608,1826,1826,10783,10783,0,0
17,99,23,13578,13578,1720,1720,11858,11858,0,0
17,100,94,19314,19314,10547,10547,8766,8766,0,0
17,101,17,2125,2125,1825,1825,299,299,0,0
17,102,6,6371,6371,381,381,5990,5990,0,0
17,103,3,495,495,0,0,495,495,0,0
17,104,8,11608,11608,339,339,11268,11268,0,0
17,105,10,3986,3986,2356,2356,1631,1631,0,0
17,107,21,5795,5795,1076,1076,3894,3894,825,825
17,108,29,12089,12089,4951,4951,6173,6173,883,883
17,109,50,16650,16650,8426,8426,5717,5717,2509,2509
17,110,38,10366,10366,5604,5604,1597,1597,3166,3166
17,111,98,18223,18223,17714,17714,411,411,0,0
17,112,54,9843,9843,9843,9843,0,0,0,0
17,113,12,2303,2303,1873,1873,0,0,430,430
17,114,2,1330,1330,316,316,876,876,137,137
17,115,13,1866,1866,1866,1866,0,0,0,0
17,116,18,5188,5188,5188,5188,0,0,0,0
17,117,18,3727,3727,893,893,2834,2834,0,0
17,118,28,10050,10050,582,582,9468,9468,0,0
17,119,42,9542,9542,6529,6529,3013,3013,0,0
17,120,54,8534,8534,7794,7794,741,741,0,0
17,121,39,10170,10170,10170,10170,0,0,0,0
17,122,20,6301,6301,4881,4881,1422,1422,0,0
17,123,2,1313,1313,15,15,1298,1298,0,0
17,125,24,5997,5997,2067,2067,3930,3930,0,0
17,126,11,2661,2661,1121,1121,1540,1540,0,0
17,2,1,955,955,0,0,955,955,0,0
17,15,1,844,844,844,844,0,0,0,0
17,18,3,568,568,218,218,350,350,0,0
17,27,1,885,885,430,430,455,455,0,0
17,28,4,1277,1277,900,900,376,376,0,0
17,36,1,1211,1211,0,0,1211,1211,0,0
17,37,9,1919,1919,1254,1254,664,664,0,0
17,38,1,2131,2131,0,0,2131,2131,0,0
17,55,3,487,487,353,353,45,45,0,0
17,62,1,180,180,125,125,18,18,0,0
17,65,4,624,624,624,624,0,0,0,0
17,68,1,43,43,43,43,0,0,0,0
17,69,1,210,210,210,210,0,0,0,0
17,77,1,365,365,365,365,0,0,0,0
17,80,1,247,247,247,247,0,0,0,0
17,82,5,1465,1465,1465,1465,0,0,0,0
17,83,3,3616,3616,3616,3616,0,0,0,0
17,84,2,162,162,162,162,0,0,0,0
17,106,1,521,521,0,0,0,0,521,521
17,124,1,92,92,92,92,0,0,0,0
17,127,3,212,212,212,212,0,0,0,0
18,3,3,3298,3298,288,288,2433,2433,0,0
18,18,4,819,819,576,576,242,242,0,0
18,21,12,3094,3094,1128,1128,1966,1966,0,0
18,27,4,3897,3897,305,305,3593,3593,0,0
18,31,1,61,61,15,15,15,15,0,0
18,36,5,1168,1168,565,565,467,467,0,0
18,37,13,3234,3234,2996,2996,15,15,193,193
18,42,2,726,726,94,94,632,632,0,0
18,43,4,7128,7128,121,121,7007,7007,0,0
18,58,7,2500,2500,295,295,2204,2204,0,0
18,59,2,2922,2922,290,290,2632,2632,0,0
18,62,4,780,780,780,780,0,0,0,0
18,63,9,1368,1368,1368,1368,0,0,0,0
18,64,4,997,997,997,997,0,0,0,0
18,65,10,3235,3235,3133,3133,104,104,0,0
18,68,5,417,417,417,417,0,0,0,0
18,70,8,1080,1080,1080,1080,0,0,0,0
18,75,3,933,933,933,933,0,0,0,0
18,76,6,899,899,899,899,0,0,0,0
18,77,6,1789,1789,1255,1255,534,534,0,0
18,82,12,12033,12033,4265,4265,7768,7768,0,0
18,83,8,17435,17435,4910,4910,12525,12525,0,0
18,84,17,2484,2484,1491,1491,993,993,0,0
18,87,16,16767,16767,2835,2835,13932,13932,0,0
18,88,35,11342,11342,2478,2478,8864,8864,0,0
18,89,23,12534,12534,3295,3295,9239,9239,0,0
18,90,52,9510,9510,6535,6535,2974,2974,0,0
18,91,127,12316,12316,11906,11906,390,390,0,0
18,92,91,10992,10992,10986,10986,2,2,0,0
18,93,104,11231,11231,10705,10705,526,526,0,0
18,94,60,18591,18591,6909,6909,11681,11681,0,0
18,95,32,11616,11616,3801,3801,7816,7816,0,0
18,96,17,2797,2797,2464,2464,333,333,0,0
18,97,6,5361,5361,1485,1485,3876,3876,0,0
18,98,11,7663,7663,2140,2140,5523,5523,0,0
18,99,25,16781,16781,9316,9316,7462,7462,0,0
18,100,22,15560,15560,1685,1685,13875,13875,0,0
18,101,18,9427,9427,1931,1931,7495,7495,0,0
18,102,10,9549,9549,233,233,9316,9316,0,0
18,103,10,3543,3543,847,847,2696,2696,0,0
18,104,6,2797,2797,686,686,2112,2112,0,0
18,105,4,694,694,694,694,0,0,0,0
18,106,12,3195,3195,2329,2329,0,0,866,866
18,107,30,14491,14491,7500,7500,6991,6991,0,0
18,108,54,15837,15837,7951,7951,7885,7885,0,0
18,109,66,13795,13795,10992,10992,2803,2803,0,0
18,110,46,16575,16575,13272,13272,3304,3304,0,0
18,111,23,5878,5878,5878,5878,0,0,0,0
18,112,26,7751,7751,7751,7751,0,0,0,0
18,113,47,11709,11709,11709,11709,0,0,0,0
18,114,26,7766,7766,6775,6775,992,992,0,0
18,115,45,8776,8776,8776,8776,0,0,0,0
18,116,19,6649,6649,6649,6649,0,0,0,0
18,117,24,13393,13393,364,364,13029,13029,0,0
18,118,34,10400,10400,2557,2557,7842,7842,0,0
18,119,56,11496,11496,11496,11496,0,0,0,0
18,120,76,11141,11141,11141,11141,0,0,0,0
18,121,66,9652,9652,9407,9407,245,245,0,0
18,122,23,3657,3657,3557,3557,100,100,0,0
18,124,1,162,162,162,162,0,0,0,0
18,125,15,3509,3509,1572,1572,1573,1573,0,0
18,126,54,14587,14587,3776,3776,10810,10810,0,0
18,127,5,433,433,433,433,0,0,0,0
18,4,3,1756,1756,0,0,1756,1756,0,0
18,8,5,809,809,478,478,331,331,0,0
18,14,2,595,595,595,595,0,0,0,0
18,15,6,1933,1933,1933,1933,0,0,0,0
18,16,1,1292,1292,289,289,1003,1003,0,0
18,19,1,228,228,228,228,0,0,0,0
18,22,3,821,821,200,200,620,620,0,0
18,26,3,485,485,310,310,174,174,0,0
18,29,1,223,223,136,136,29,29,0,0
18,38,1,208,208,166,166,43,43,0,0
18,46,1,5,5,5,5,0,0,0,0
18,51,5,816,816,816,816,0,0,0,0
18,56,3,527,527,507,507,7,7,0,0
18,60,4,1225,1225,667,667,559,559,0,0
18,69,6,1663,1663,1082,1082,581,581,0,0
18,71,7,643,643,643,643,0,0,0,0
18,85,7,1214,1214,847,847,367,367,0,0
18,86,3,1136,1136,339,339,797,797,0,0
19,3,1,405,405,0,0,405,405,0,0
19,4,2,595,595,402,402,193,193,0,0
19,12,2,5296,5296,90,90,5206,5206,0,0
19,14,3,1106,1106,1106,1106,0,0,0,0
19,15,8,2720,2720,2720,2720,0,0,0,0
19,16,4,806,806,625,625,181,181,0,0
19,18,5,3505,3505,22,22,3483,3483,0,0
19,19,7,2076,2076,647,647,1429,1429,0,0
19,22,8,1744,1744,873,873,871,871,0,0
19,29,3,294,294,294,294,0,0,0,0
19,37,4,2367,2367,1839,1839,528,528,0,0
19,38,3,1318,1318,235,235,1082,1082,0,0
19,55,2,1214,1214,0,0,1214,1214,0,0
19,56,5,948,948,948,948,0,0,0,0
19,64,2,1188,1188,466,466,722,722,0,0
19,65,1,799,799,86,86,713,713,0,0
19,71,1,317,317,82,82,78,78,0,0
19,72,12,887,887,887,887,0,0,0,0
19,73,2,322,322,322,322,0,0,0,0
19,74,19,3268,3268,3268,3268,0,0,0,0
19,75,74,6993,6993,6993,6993,0,0,0,0
19,76,32,2987,2987,2987,2987,0,0,0,0
19,77,28,3441,3441,3441,3441,0,0,0,0
19,80,18,1468,1468,1468,1468,0,0,0,0
19,84,13,12568,12568,2614,2614,9955,9955,0,0
19,85,3,6042,6042,115,115,5927,5927,0,0
19,87,17,8655,8655,2000,2000,6655,6655,0,0
19,88,31,16824,16824,3187,3187,13639,13639,0,0
19,89,6,4812,4812,3195,3195,1617,1617,0,0
19,90,9,3276,3276,1953,1953,1323,1323,0,0
19,91,99,9920,9920,9782,9782,138,138,0,0
19,92,84,11780,11780,11292,11292,487,487,0,0
19,93,101,12118,12118,11214,11214,72,72,830,830
19,94,78,12758,12758,10097,10097,2604,2604,0,0
19,95,43,10767,10767,9927,9927,840,840,0,0
19,96,66,12386,12386,12344,12344,14,14,0,0
19,97,32,7560,7560,6396,6396,1165,1165,0,0
19,98,25,12033,12033,7077,7077,3783,3783,1173,1173
19,99,42,17067,17067,11201,11201,2820,2820,0,0
19,100,35,18421,18421,4034,4034,14388,14388,0,0
19,101,24,13820,13820,166,166,13655,13655,0,0
19,102,10,3525,3525,590,590,2935,2935,0,0
19,103,18,7639,7639,2865,2865,4776,4776,0,0
19,104,21,5903,5903,3688,3688,2214,2214,0,0
19,106,20,9947,9947,7869,7869,1825,1825,253,253
19,107,45,15601,15601,15601,15601,0,0,0,0
19,108,59,21076,21076,21076,21076,0,0,0,0
19,109,103,20124,20124,20056,20056,68,68,0,0
19,110,59,12010,12010,12010,12010,0,0,0,0
19,112,17,11913,11913,11913,11913,0,0,0,0
19,113,63,11309,11309,11309,11309,0,0,0,0
19,114,49,10868,10868,8596,8596,1681,1681,591,591
19,115,67,11272,11272,11272,11272,0,0,0,0
19,116,19,12050,12050,12050,12050,0,0,0,0
19,117,45,11442,11442,8737,8737,2704,2704,0,0
19,118,47,11540,11540,10323,10323,1217,1217,0,0
19,119,36,5302,5302,5302,5302,0,0,0,0
19,120,50,6673,6673,5770,5770,902,902,0,0
19,121,42,6653,6653,5315,5315,1338,1338,0,0
19,122,4,2214,2214,1681,1681,533,533,0,0
19,124,10,3138,3138,3138,3138,0,0,0,0
19,125,22,5133,5133,5133,5133,0,0,0,0
19,126,38,8714,8714,8267,8267,149,149,0,0
19,127,48,5357,5357,5126,5126,232,232,0,0
19,11,1,1196,1196,0,0,1196,1196,0,0
19,13,5,9514,9514,212,212,9302,9302,0,0
19,21,1,274,274,95,95,179,179,0,0
19,25,2,174,174,170,170,3,3,0,0
19,26,3,370,370,370,370,0,0,0,0
19,45,2,922,922,295,295,627,627,0,0
19,49,3,331,331,331,331,0,0,0,0
19,78,10,1742,1742,1742,1742,0,0,0,0
19,79,1,34,34,34,34,0,0,0,0
19,82,6,4460,4460,1661,1661,2798,2798,0,0
19,83,1,2017,2017,26,26,1991,1991,0,0
19,86,1,2872,2872,0,0,2872,2872,0,0
19,105,6,1007,1007,884,884,0,0,123,123
19,111,11,1642,1642,1642,1642,0,0,0,0
20,0,2,3169,3169,0,0,3169,3169,0,0
20,1,9,4034,4034,980,980,3054,3054,0,0
20,9,3,454,454,454,454,0,0,0,0
20,11,7,1351,1351,541,541,810,810,0,0
20,12,1,527,527,42,42,484,484,0,0
20,21,5,1077,1077,562,562,514,514,0,0
20,44,1,21,21,21,21,0,0,0,0
20,49,16,3374,3374,3374,3374,0,0,0,0
20,51,1,2106,2106,0,0,2106,2106,0,0
20,57,8,7390,7390,1111,1111,6279,6279,0,0
20,58,14,2095,2095,1525,1525,570,570,0,0
20,59,1,197,197,197,197,0,0,0,0
20,70,7,998,998,998,998,0,0,0,0
20,72,8,1438,1438,1438,1438,0,0,0,0
20,73,1,10,10,10,10,0,0,0,0
20,74,10,1265,1265,1265,1265,0,0,0,0
20,75,49,7166,7166,7166,7166,0,0,0,0
20,76,25,2797,2797,2465,2465,333,333,0,0
20,77,24,2741,2741,2318,2318,423,423,0,0
20,78,4,486,486,486,486,0,0,0,0
20,79,9,400,400,400,400,0,0,0,0
20,80,22,1986,1986,1986,1986,0,0,0,0
20,81,19,1200,1200,1105,1105,95,95,0,0
20,82,8,8464,8464,1083,1083,7381,7381,0,0
20,83,6,6654,6654,262,262,6392,6392,0,0
20,84,9,816,816,638,638,178,178,0,0
20,86,9,15066,15066,1418,1418,13649,13649,0,0
20,87,6,3097,3097,842,842,2255,2255,0,0
20,88,25,6676,6676,798,798,5877,5877,0,0
20,89,39,7798,7798,4417,4417,3381,3381,0,0
20,90,13,6096,6096,6096,6096,0,0,0,0
20,91,8,4355,4355,4355,4355,0,0,0,0
20,92,29,8513,8513,8066,8066,447,447,0,0
20,93,42,9465,9465,8936,8936,440,440,0,0
20,94,88,10982,10982,6850,6850,4131,4131,0,0
20,95,74,10974,10974,10135,10135,838,838,0,0
20,96,72,9989,9989,9377,9377,611,611,0,0
20,97,69,12221,12221,11087,11087,1134,1134,0,0
20,98,45,10774,10774,9434,9434,1332,1332,0,0
20,99,30,6026,6026,6026,6026,0,0,0,0
20,101,29,14445,14445,3783,3783,10661,10661,0,0
20,102,9,14556,14556,427,427,14129,14129,0,0
20,103,16,14420,14420,1712,1712,12708,12708,0,0
20,104,15,4093,4093,1117,1117,2975,2975,0,0
20,105,15,3057,3057,2076,2076,0,0,981,981
20,106,33,13237,13237,12069,12069,269,269,816,816
20,107,42,14266,14266,12902,12902,1324,1324,0,0
20,108,54,15060,15060,14958,14958,101,101,0,0
20,109,73,21764,21764,20445,20445,1320,1320,0,0
20,110,56,17627,17627,17627,17627,0,0,0,0
20,111,21,6417,6417,5183,5183,1234,1234,0,0
20,112,31,12516,12516,12168,12168,349,349,0,0
20,113,45,14403,14403,14403,14403,0,0,0,0
20,114,47,13296,13296,12754,12754,542,542,0,0
20,115,61,10156,10156,9845,9845,311,311,0,0
20,116,54,11723,11723,11723,11723,0,0,0,0
20,117,64,10303,10303,9909,9909,394,394,0,0
20,118,35,4130,4130,4130,4130,0,0,0,0
20,119,25,4064,4064,4064,4064,0,0,0,0
20,120,7,959,959,959,959,0,0,0,0
20,121,19,2499,2499,2499,2499,0,0,0,0
20,122,7,649,649,615,615,11,11,0,0
20,123,10,1176,1176,1176,1176,0,0,0,0
20,124,13,1966,1966,1966,1966,0,0,0,0
20,125,35,5127,5127,4238,4238,0,0,888,888
20,126,72,6413,6413,6128,6128,284,284,0,0
20,127,66,8357,8357,7221,7221,1136,1136,0,0
20,2,6,8210,8210,0,0,8210,8210,0,0
20,13,3,1410,1410,178,178,1232,1232,0,0
20,25,1,697,697,104,104,593,593,0,0
20,50,1,3347,3347,0,0,3347,3347,0,0
20,54,4,1188,1188,92,92,1096,1096,0,0
20,62,1,71,71,71,71,0,0,0,0
20,66,1,736,736,736,736,0,0,0,0
20,85,7,1849,1849,727,727,1121,1121,0,0
20,100,14,1665,1665,1002,1002,663,663,0,0
21,1,2,449,449,136,136,313,313,0,0
21,10,1,552,552,552,552,0,0,0,0
21,12,3,1763,1763,53,53,1711,1711,0,0
21,13,9,2498,2498,1035,1035,1463,1463,0,0
21,14,4,2253,2253,265,265,1988,1988,0,0
21,25,7,4869,4869,1221,1221,3646,3646,0,0
21,26,3,3151,3151,195,195,2956,2956,0,0
21,40,1,3466,3466,0,0,3466,3466,0,0
21,45,8,623,623,623,623,0,0,0,0
21,49,6,3666,3666,1385,1385,2281,2281,0,0
21,50,4,19734,19734,243,243,19491,19491,0,0
21,55,10,1809,1809,1315,1315,495,495,0,0
21,56,14,3232,3232,1482,1482,1750,1750,0,0
21,57,20,13859,13859,1279,1279,12579,12579,0,0
21,58,15,6133,6133,1901,1901,4234,4234,0,0
21,66,5,920,920,920,920,0,0,0,0
21,71,17,1266,1266,1266,1266,0,0,0,0
21,72,8,666,666,666,666,0,0,0,0
21,73,4,502,502,502,502,0,0,0,0
21,76,10,2555,2555,2555,2555,0,0,0,0
21,77,36,5000,5000,5000,5000,0,0,0,0
21,78,13,1363,1363,1363,1363,0,0,0,0
21,80,6,699,699,699,699,0,0,0,0
21,81,13,1325,1325,1325,1325,0,0,0,0
21,83,11,1248,1248,1248,1248,0,0,0,0
21,84,1,28,28,28,28,0,0,0,0
21,89,26,5815,5815,3694,3694,2120,2120,0,0
21,90,15,6343,6343,2452,2452,3600,3600,291,291
21,91,20,5627,5627,935,935,4692,4692,0,0
21,92,4,1855,1855,315,315,1540,1540,0,0
21,93,2,1393,1393,50,50,1343,1343,0,0
21,94,26,7211,7211,3895,3895,3317,3317,0,0
21,95,74,10420,10420,10273,10273,147,147,0,0
21,96,64,10530,10530,10060,10060,472,472,0,0
21,97,71,11704,11704,11150,11150,554,554,0,0
21,98,40,6272,6272,5664,5664,283,283,0,0
21,99,9,3252,3252,1922,1922,1329,1329,0,0
21,100,20,4378,4378,2036,2036,2342,2342,0,0
21,101,47,12857,12857,2768,2768,10089,10089,0,0
21,102,41,20617,20617,4956,4956,15660,15660,0,0
21,103,11,6364,6364,552,552,5812,5812,0,0
21,104,17,2150,2150,1705,1705,445,445,0,0
21,105,21,3066,3066,2188,2188,0,0,877,877
21,106,25,8662,8662,7309,7309,1353,1353,0,0
21,107,14,13869,13869,5751,5751,8070,8070,49,49
21,108,32,16303,16303,15677,15677,184,184,441,441
21,109,42,17013,17013,16186,16186,245,245,93,93
21,110,77,21587,21587,21587,21587,0,0,0,0
21,111,52,19052,19052,17823,17823,0,0,1229,1229
21,112,19,5727,5727,5727,5727,0,0,0,0
21,113,25,8720,8720,8720,8720,0,0,0,0
21,114,64,14344,14344,14344,14344,0,0,0,0
21,115,64,10807,10807,10807,10807,0,0,0,0
21,116,59,11130,11130,11130,11130,0,0,0,0
21,117,23,4191,4191,4191,4191,0,0,0,0
21,118,11,3675,3675,3675,3675,0,0,0,0
21,121,10,932,932,932,932,0,0,0,0
21,123,10,672,672,672,672,0,0,0,0
21,124,4,360,360,360,360,0,0,0,0
21,126,1,256,256,256,256,0,0,0,0
21,127,28,1852,1852,1852,1852,0,0,0,0
21,5,2,633,633,266,266,366,366,0,0
21,19,1,630,630,117,117,513,513,0,0
21,23,2,3038,3038,0,0,3038,3038,0,0
21,46,1,92,92,47,47,45,45,0,0
21,54,7,1641,1641,658,658,983,983,0,0
21,59,7,2485,2485,335,335,2150,2150,0,0
21,62,1,1422,1422,1422,1422,0,0,0,0
21,69,4,396,396,396,396,0,0,0,0
21,70,3,279,279,279,279,0,0,0,0
21,74,4,687,687,687,687,0,0,0,0
21,75,1,7,7,7,7,0,0,0,0
21,85,4,213,213,213,213,0,0,0,0
21,86,12,2536,2536,1649,1649,888,888,0,0
21,88,6,2341,2341,1813,1813,176,176,0,0
21,119,10,1350,1350,1350,1350,0,0,0,0
21,120,1,334,334,334,334,0,0,0,0
21,125,4,633,633,633,633,0,0,0,0
22,1,8,2055,2055,853,853,1201,1201,0,0
22,2,7,3152,3152,690,690,2371,2371,90,90
22,4,5,2814,2814,269,269,2545,2545,0,0
22,5,3,1586,1586,385,385,1201,1201,0,0
22,18,4,2476,2476,0,0,2476,2476,0,0
22,19,8,3997,3997,1933,1933,1997,1997,67,67
22,23,2,2163,2163,170,170,1993,1993,0,0
22,43,9,2783,2783,689,689,2094,2094,0,0
22,46,7,772,772,526,526,245,245,0,0
22,49,4,421,421,420,420,1,1,0,0
22,50,1,1074,1074,0,0,1074,1074,0,0
22,54,5,906,906,906,906,0,0,0,0
22,55,36,5246,5246,5246,5246,0,0,0,0
22,56,4,813,813,380,380,433,433,0,0
22,57,7,5645,5645,274,274,5372,5372,0,0
22,58,11,10666,10666,478,478,10188,10188,0,0
22,63,14,1657,1657,1657,1657,0,0,0,0
22,65,5,2305,2305,878,878,1427,1427,0,0
22,68,28,4360,4360,4256,4256,33,33,70,70
22,69,14,3322,3322,3322,3322,0,0,0,0
22,71,2,457,457,457,457,0,0,0,0
22,74,8,1181,1181,1181,1181,0,0,0,0
22,75,25,2503,2503,2503,2503,0,0,0,0
22,76,14,2339,2339,2339,2339,0,0,0,0
22,77,17,2041,2041,2041,2041,0,0,0,0
22,78,103,10428,10428,10428,10428,0,0,0,0
22,79,29,3313,3313,3313,3313,0,0,0,0
22,80,30,3948,3948,3948,3948,0,0,0,0
22,81,25,5441,5441,2834,2834,2606,2606,0,0
22,82,23,3370,3370,3370,3370,0,0,0,0
22,83,7,1552,1552,835,835,717,717,0,0
22,84,6,649,649,649,649,0,0,0,0
22,85,11,2972,2972,2972,2972,0,0,0,0
22,86,8,4173,4173,4071,4071,102,102,0,0
22,87,12,3372,3372,1877,1877,1495,1495,0,0
22,88,11,688,688,623,623,22,22,0,0
22,89,12,3536,3536,852,852,2684,2684,0,0
22,90,31,20387,20387,0,0,20387,20387,0,0
22,91,12,1911,1911,988,988,923,923,0,0
22,92,43,4665,4665,4611,4611,54,54,0,0
22,93,16,4823,4823,2862,2862,1960,1960,0,0
22,94,53,9611,9611,6352,6352,1676,1676,1583,1583
22,95,110,11453,11453,10705,10705,748,748,0,0
22,96,60,11789,11789,5982,5982,5807,5807,0,0
22,97,41,5940,5940,5940,5940,0,0,0,0
22,99,8,10815,10815,300,300,10516,10516,0,0
22,100,2,1807,1807,0,0,1807,1807,0,0
22,101,14,2074,2074,605,605,1469,1469,0,0
22,102,28,8345,8345,2764,2764,5581,5581,0,0
22,103,21,4950,4950,2780,2780,2169,2169,0,0
22,104,45,5626,5626,4630,4630,996,996,0,0
22,105,7,4227,4227,3665,3665,30,30,531,531
22,106,8,8326,8326,8326,8326,0,0,0,0
22,107,17,10775,10775,4387,4387,5291,5291,1097,1097
22,108,35,18782,18782,16765,16765,1449,1449,568,568
22,109,31,15360,15360,10872,10872,3673,3673,743,743
22,110,32,16735,16735,9359,9359,6241,6241,7360,7360
22,111,122,26715,26715,26715,26715,0,0,0,0
22,112,103,24108,24108,23416,23416,692,692,0,0
22,113,82,20250,20250,19112,19112,1138,1138,0,0
22,114,36,8574,8574,8574,8574,0,0,0,0
22,115,14,3320,3320,2555,2555,0,0,1330,1330
22,116,45,7044,7044,6726,6726,0,0,318,318
22,117,22,4033,4033,3077,3077,955,955,0,0
22,118,6,1383,1383,625,625,0,0,758,758
22,119,8,2817,2817,2739,2739,0,0,78,78
22,120,12,1691,1691,1691,1691,0,0,0,0
22,122,9,1947,1947,1947,1947,0,0,0,0
22,123,9,803,803,803,803,0,0,0,0
22,124,4,242,242,242,242,0,0,0,0
22,125,11,1514,1514,1509,1509,2,2,0,0
22,22,2,747,747,284,284,463,463,0,0
22,60,6,2574,2574,686,686,1888,1888,0,0
22,66,1,318,318,318,318,0,0,0,0
22,67,1,140,140,96,96,43,43,0,0
22,121,8,986,986,986,986,0,0,0,0
22,126,1,168,168,168,168,0,0,0,0
22,127,2,330,330,330,330,0,0,0,0
23,0,8,2588,2588,753,753,1835,1835,0,0
23,4,2,3024,3024,0,0,3024,3024,0,0
23,5,3,3256,3256,0,0,3256,3256,0,0
23,19,14,4016,4016,2634,2634,1381,1381,0,0
23,20,11,946,946,729,729,216,216,0,0
23,21,7,3189,3189,520,520,2668,2668,0,0
23,22,1,1191,1191,31,31,1160,1160,0,0
23,37,5,669,669,669,669,0,0,0,0
23,40,16,3757,3757,1446,1446,2311,2311,0,0
23,49,3,432,432,432,432,0,0,0,0
23,50,8,824,824,824,824,0,0,0,0
23,55,26,5535,5535,4692,4692,843,843,0,0
23,60,28,9948,9948,1965,1965,7981,7981,0,0
23,61,7,6491,6491,296,296,6195,6195,0,0
23,63,6,810,810,810,810,0,0,0,0
23,64,15,2150,2150,1449,1449,688,688,0,0
23,65,1,752,752,28,28,724,724,0,0
23,66,5,2295,2295,632,632,1662,1662,0,0
23,68,18,3244,3244,1913,1913,1205,1205,0,0
23,69,87,12104,12104,12104,12104,0,0,0,0
23,70,45,6371,6371,6371,6371,0,0,0,0
23,71,2,125,125,125,125,0,0,0,0
23,75,3,1278,1278,1278,1278,0,0,0,0
23,76,28,4788,4788,4788,4788,0,0,0,0
23,77,33,5933,5933,5933,5933,0,0,0,0
23,78,137,13078,13078,13078,13078,0,0,0,0
23,79,86,11535,11535,9841,9841,562,562,1132,1132
23,80,56,5726,5726,5726,5726,0,0,0,0
23,81,56,8974,8974,8332,8332,642,642,0,0
23,82,16,2864,2864,2864,2864,0,0,0,0
23,85,6,794,794,694,694,33,33,0,0
23,86,4,735,735,735,735,0,0,0,0
23,87,9,556,556,556,556,0,0,0,0
23,89,6,3723,3723,3723,3723,0,0,0,0
23,90,16,7267,7267,113,113,7154,7154,0,0
23,91,12,2742,2742,2329,2329,413,413,0,0
23,92,60,8621,8621,8621,8621,0,0,0,0
23,93,49,6848,6848,6848,6848,0,0,0,0
23,94,66,9312,9312,9312,9312,0,0,0,0
23,95,84,13676,13676,9785,9785,3805,3805,0,0
23,96,64,11656,11656,8214,8214,2978,2978,0,0
23,97,7,1536,1536,1536,1536,0,0,0,0
23,99,9,1196,1196,516,516,680,680,0,0
23,100,16,4543,4543,1137,1137,3406,3406,0,0
23,101,2,197,197,197,197,0,0,0,0
23,103,23,6208,6208,2030,2030,4179,4179,0,0
23,104,11,4173,4173,1120,1120,2934,2934,118,118
23,105,39,4829,4829,4510,4510,91,91,228,228
23,106,48,11010,11010,11010,11010,0,0,0,0
23,107,37,12318,12318,10037,10037,2281,2281,0,0
23,108,51,15463,15463,14797,14797,0,0,667,667
23,109,71,21500,21500,20108,20108,1243,1243,150,150
23,110,76,23810,23810,21838,21838,978,978,994,994
23,111,105,25417,25417,25417,25417,0,0,0,0
23,112,106,23317,23317,22708,22708,0,0,610,610
23,113,117,26711,26711,26711,26711,0,0,0,0
23,114,120,22573,22573,20338,20338,0,0,2236,2236
23,115,24,7152,7152,4716,4716,0,0,2436,2436
23,116,41,8446,8446,6052,6052,1716,1716,677,677
23,117,37,5835,5835,5243,5243,591,591,0,0
23,118,11,1300,1300,1300,1300,0,0,0,0
23,119,12,1493,1493,1493,1493,0,0,0,0
23,120,6,628,628,628,628,0,0,0,0
23,121,20,1162,1162,1162,1162,0,0,0,0
23,122,10,2932,2932,2932,2932,0,0,0,0
23,123,12,1296,1296,1296,1296,0,0,0,0
23,124,16,1919,1919,1092,1092,529,529,298,298
23,125,11,881,881,881,881,0,0,0,0
23,10,1,1039,1039,0,0,1039,1039,0,0
23,24,20,3746,3746,2413,2413,1333,1333,0,0
23,26,1,24,24,24,24,0,0,0,0
23,41,3,1357,1357,373,373,984,984,0,0
23,62,5,595,595,595,595,0,0,0,0
23,67,4,1136,1136,1136,1136,0,0,0,0
23,83,6,1088,1088,961,961,127,127,0,0
23,84,1,85,85,29,29,56,56,0,0
23,88,4,398,398,398,398,0,0,0,0
23,102,15,3342,3342,2035,2035,1307,1307,0,0
23,126,3,371,371,371,371,0,0,0,0
23,127,11,1000,1000,1000,1000,0,0,0,0
24,0,1,996,996,80,80,916,916,0,0
24,5,10,6480,6480,969,969,5511,5511,0,0
24,10,7,2655,2655,1020,1020,1580,1580,55,55
24,19,18,4117,4117,3073,3073,1043,1043,0,0
24,20,1,225,225,27,27,198,198,0,0
24,23,8,1134,1134,1134,1134,0,0,0,0
24,24,14,2246,2246,2246,2246,0,0,0,0
24,26,2,397,397,397,397,0,0,0,0
24,41,1,1404,1404,63,63,1213,1213,0,0
24,52,7,3332,3332,1092,1092,2240,2240,0,0
24,53,12,4794,4794,1528,1528,3266,3266,0,0
24,55,44,9143,9143,8498,8498,644,644,0,0
24,56,29,5915,5915,5799,5799,72,72,0,0
24,58,31,5725,5725,5683,5683,41,41,0,0
24,59,35,5525,5525,5525,5525,0,0,0,0
24,60,14,2238,2238,2238,2238,0,0,0,0
24,61,6,1565,1565,1565,1565,0,0,0,0
24,62,1,65,65,64,64,2,2,0,0
24,66,2,541,541,541,541,0,0,0,0
24,68,2,239,239,239,239,0,0,0,0
24,69,30,5190,5190,4820,4820,123,123,0,0
24,70,44,5563,5563,5350,5350,213,213,0,0
24,71,20,1467,1467,1467,1467,0,0,0,0
24,72,22,5073,5073,4505,4505,568,568,0,0
24,74,16,1947,1947,1947,1947,0,0,0,0
24,75,8,1241,1241,1241,1241,0,0,0,0
24,76,21,4491,4491,4491,4491,0,0,0,0
24,77,31,4506,4506,4506,4506,0,0,0,0
24,78,85,9456,9456,9456,9456,0,0,0,0
24,79,87,10243,10243,10243,10243,0,0,0,0
24,80,28,4484,4484,4484,4484,0,0,0,0
24,81,19,2709,2709,2709,2709,0,0,0,0
24,82,37,4551,4551,4551,4551,0,0,0,0
24,83,26,2583,2583,2360,2360,223,223,0,0
24,90,7,2474,2474,2474,2474,0,0,0,0
24,91,25,7584,7584,6695,6695,889,889,0,0
24,92,85,9398,9398,8951,8951,447,447,0,0
24,93,67,9359,9359,9359,9359,0,0,0,0
24,94,45,8793,8793,5662,5662,3131,3131,0,0
24,95,16,5413,5413,2557,2557,2856,2856,0,0
24,96,11,5466,5466,1252,1252,4215,4215,0,0
24,99,5,510,510,0,0,510,510,0,0
24,102,11,2165,2165,887,887,1278,1278,0,0
24,103,15,13345,13345,436,436,12909,12909,0,0
24,104,28,15659,15659,1153,1153,14506,14506,0,0
24,105,16,13392,13392,1300,1300,12092,12092,0,0
24,107,15,7525,7525,6932,6932,594,594,0,0
24,108,53,12940,12940,11327,11327,1243,1243,370,370
24,109,128,23250,23250,23250,23250,0,0,0,0
24,110,117,22457,22457,22457,22457,0,0,0,0
24,111,156,25214,25214,25214,25214,0,0,0,0
24,112,95,20319,20319,20319,20319,0,0,0,0
24,113,122,24844,24844,19597,19597,2020,2020,3229,3229
24,114,94,18590,18590,16054,16054,2310,2310,227,227
24,115,45,6619,6619,5524,5524,1095,1095,0,0
24,116,59,12528,12528,8188,8188,3540,3540,799,799
24,117,81,11923,11923,11923,11923,0,0,0,0
24,118,61,10029,10029,8310,8310,1718,1718,0,0
24,119,44,5144,5144,5144,5144,0,0,0,0
24,120,21,2664,2664,2664,2664,0,0,0,0
24,121,8,731,731,731,731,0,0,0,0
24,122,7,619,619,619,619,0,0,0,0
24,123,6,442,442,442,442,0,0,0,0
24,124,8,641,641,641,641,0,0,0,0
24,125,8,520,520,520,520,0,0,0,0
24,126,7,1069,1069,355,355,714,714,0,0
24,127,10,3803,3803,63,63,3740,3740,0,0
24,3,5,496,496,380,380,116,116,0,0
24,4,7,1635,1635,677,677,959,959,0,0
24,6,2,1958,1958,20,20,1938,1938,0,0
24,17,4,1416,1416,1416,1416,0,0,0,0
24,18,2,2124,2124,198,198,1552,1552,0,0
24,22,1,813,813,317,317,497,497,0,0
24,25,2,358,358,358,358,0,0,0,0
24,29,1,103,103,26,26,26,26,0,0
24,46,1,299,299,145,145,154,154,0,0
24,54,13,3132,3132,3132,3132,0,0,0,0
24,57,22,3777,3777,3296,3296,480,480,0,0
24,67,1,867,867,18,18,849,849,0,0
24,73,1,237,237,237,237,0,0,0,0
24,84,1,14,14,14,14,0,0,0,0
24,85,3,154,154,154,154,0,0,0,0
24,88,5,946,946,438,438,508,508,0,0
24,97,1,96,96,24,24,24,24,0,0
24,98,5,327,327,273,273,54,54,0,0
24,101,1,29,29,29,29,0,0,0,0
24,106,11,7484,7484,5324,5324,2160,2160,0,0
25,4,2,1846,1846,14,14,1831,1831,0,0
25,5,5,2183,2183,183,183,1999,1999,0,0
25,17,8,2101,2101,708,708,1218,1218,175,175
25,18,27,6835,6835,2528,2528,4307,4307,0,0
25,19,44,9640,9640,7213,7213,2415,2415,0,0
25,20,31,6908,6908,3968,3968,2941,2941,0,0
25,21,59,6653,6653,6164,6164,163,163,0,0
25,22,71,8523,8523,7740,7740,682,682,0,0
25,23,37,3808,3808,2937,2937,631,631,240,240
25,24,20,2655,2655,2655,2655,0,0,0,0
25,25,26,5411,5411,3908,3908,1503,1503,0,0
25,26,13,1335,1335,1194,1194,140,140,0,0
25,39,2,283,283,19,19,264,264,0,0
25,40,2,193,193,48,48,48,48,0,0
25,47,4,3999,3999,441,441,3557,3557,0,0
25,50,6,1268,1268,335,335,933,933,0,0
25,53,38,5662,5662,5425,5425,236,236,0,0
25,54,77,10221,10221,10107,10107,114,114,0,0
25,55,55,8449,8449,8197,8197,84,84,0,0
25,56,35,6771,6771,5238,5238,316,316,980,980
25,57,55,11003,11003,7572,7572,3431,3431,0,0
25,58,25,5104,5104,5104,5104,0,0,0,0
25,59,18,2815,2815,2815,2815,0,0,0,0
25,61,1,104,104,104,104,0,0,0,0
25,63,2,59,59,30,30,10,10,0,0
25,64,3,2917,2917,19,19,2898,2898,0,0
25,69,18,5005,5005,3152,3152,1426,1426,427,427
25,70,49,7918,7918,7656,7656,262,262,0,0
25,72,1,195,195,124,124,71,71,0,0
25,78,54,5285,5285,5285,5285,0,0,0,0
25,79,70,7552,7552,7552,7552,0,0,0,0
25,80,5,948,948,948,948,0,0,0,0
25,81,1,21,21,21,21,0,0,0,0
25,82,12,1465,1465,1465,1465,0,0,0,0
25,87,3,13,13,13,13,0,0,0,0
25,90,15,3501,3501,3501,3501,0,0,0,0
25,91,23,6176,6176,6176,6176,0,0,0,0
25,92,36,6351,6351,6351,6351,0,0,0,0
25,93,14,3783,3783,3783,3783,0,0,0,0
25,94,12,3739,3739,2318,2318,1421,1421,0,0
25,95,10,2542,2542,1131,1131,1411,1411,0,0
25,96,3,1339,1339,1339,1339,0,0,0,0
25,97,19,1338,1338,1338,1338,0,0,0,0
25,98,49,5145,5145,4932,4932,71,71,0,0
25,104,22,17870,17870,598,598,17273,17273,0,0
25,105,15,31882,31882,481,481,31401,31401,0,0
25,106,28,13279,13279,4483,4483,8798,8798,0,0
25,107,31,7081,7081,3233,3233,3849,3849,0,0
25,108,11,2998,2998,1165,1165,1365,1365,389,389
25,110,52,9133,9133,9133,9133,0,0,0,0
25,111,45,9853,9853,9853,9853,0,0,0,0
25,112,31,8928,8928,8928,8928,0,0,0,0
25,113,45,8454,8454,8454,8454,0,0,0,0
25,114,47,6664,6664,6664,6664,0,0,0,0
25,115,78,7814,7814,7798,7798,15,15,0,0
25,116,55,8752,8752,6601,6601,1341,1341,786,786
25,117,52,9948,9948,9336,9336,611,611,0,0
25,118,48,8233,8233,7853,7853,380,380,0,0
25,119,59,8666,8666,7585,7585,0,0,1081,1081
25,120,56,7265,7265,7265,7265,0,0,0,0
25,121,29,4202,4202,4202,4202,0,0,0,0
25,123,7,761,761,594,594,55,55,0,0
25,124,2,202,202,99,99,34,34,0,0
25,125,10,1122,1122,1122,1122,0,0,0,0
25,126,1,102,102,102,102,0,0,0,0
25,127,2,480,480,90,90,389,389,0,0
25,30,3,1668,1668,857,857,474,474,0,0
25,35,14,2650,2650,806,806,1431,1431,76,76
25,42,2,410,410,314,314,32,32,0,0
25,43,4,708,708,708,708,0,0,0,0
25,51,5,1297,1297,878,878,418,418,0,0
25,52,7,1830,1830,1830,1830,0,0,0,0
25,62,3,1117,1117,16,16,1101,1101,0,0
25,68,2,943,943,765,765,59,59,0,0
25,71,1,37,37,37,37,0,0,0,0
25,75,5,425,425,425,425,0,0,0,0
25,76,1,86,86,86,86,0,0,0,0
25,77,10,1557,1557,1557,1557,0,0,0,0
25,85,7,624,624,624,624,0,0,0,0
25,103,5,1155,1155,45,45,1110,1110,0,0
25,109,50,9299,9299,7601,7601,1698,1698,0,0
25,122,1,210,210,210,210,0,0,0,0
26,19,51,10465,10465,6218,6218,4247,4247,0,0
26,20,21,3771,3771,3664,3664,107,107,0,0
26,21,14,1940,1940,1940,1940,0,0,0,0
26,22,1,60,60,60,60,0,0,0,0
26,23,12,1241,1241,1241,1241,0,0,0,0
26,35,7,5903,5903,1351,1351,4552,4552,0,0
26,39,5,282,282,113,113,162,162,0,0
26,40,6,643,643,643,643,0,0,0,0
26,42,5,1598,1598,646,646,881,881,0,0
26,49,6,2530,2530,948,948,1582,1582,0,0
26,50,19,3514,3514,2627,2627,887,887,0,0
26,51,9,1976,1976,1527,1527,449,449,0,0
26,52,44,11683,11683,4388,4388,7295,7295,0,0
26,53,21,3115,3115,3115,3115,0,0,0,0
26,54,39,5963,5963,5509,5509,453,453,0,0
26,55,19,6159,6159,5120,5120,1040,1040,0,0
26,56,22,6639,6639,6579,6579,60,60,0,0
26,57,29,6684,6684,6684,6684,0,0,0,0
26,58,4,751,751,751,751,0,0,0,0
26,62,2,461,461,461,461,0,0,0,0
26,64,3,248,248,239,239,3,3,0,0
26,66,1,331,331,83,83,83,83,0,0
26,68,1,225,225,56,56,56,56,0,0
26,69,10,2345,2345,2064,2064,94,94,0,0
26,70,37,7597,7597,6451,6451,1146,1146,0,0
26,71,16,2377,2377,1481,1481,896,896,0,0
26,72,14,1473,1473,1456,1456,17,17,0,0
26,73,17,1888,1888,1888,1888,0,0,0,0
26,75,5,482,482,482,482,0,0,0,0
26,78,78,7408,7408,7408,7408,0,0,0,0
26,79,57,15508,15508,5663,5663,9845,9845,0,0
26,82,14,1955,1955,1586,1586,370,370,0,0
26,86,1,34,34,34,34,0,0,0,0
26,90,28,2729,2729,2125,2125,604,604,0,0
26,91,28,3886,3886,3785,3785,101,101,0,0
26,92,21,2684,2684,2427,2427,257,257,0,0
26,93,9,3107,3107,3107,3107,0,0,0,0
26,94,19,1771,1771,1386,1386,385,385,0,0
26,95,5,595,595,595,595,0,0,0,0
26,97,7,915,915,813,813,102,102,0,0
26,98,11,3605,3605,3605,3605,0,0,0,0
26,99,21,3087,3087,2254,2254,832,832,0,0
26,104,7,10165,10165,26,26,10138,10138,0,0
26,105,19,16653,16653,1812,1812,14841,14841,0,0
26,106,3,29,29,29,29,0,0,0,0
26,107,5,1068,1068,25,25,0,0,0,0
26,108,2,3511,3511,686,686,2525,2525,301,301
26,109,40,11500,11500,6855,6855,4646,4646,0,0
26,110,147,23822,23822,22302,22302,952,952,568,568
26,111,119,23402,23402,21764,21764,1637,1637,0,0
26,112,99,18549,18549,16169,16169,0,0,2379,2379
26,113,116,18755,18755,15969,15969,1746,1746,1041,1041
26,114,132,11782,11782,11782,11782,0,0,0,0
26,115,46,4669,4669,4669,4669,0,0,0,0
26,116,29,2678,2678,2030,2030,0,0,648,648
26,117,21,3030,3030,3011,3011,0,0,20,20
26,118,8,1203,1203,1203,1203,0,0,0,0
26,119,11,770,770,770,770,0,0,0,0
26,120,10,1102,1102,1102,1102,0,0,0,0
26,122,9,1132,1132,1132,1132,0,0,0,0
26,123,1,126,126,126,126,0,0,0,0
26,127,13,1507,1507,1507,1507,0,0,0,0
26,5,4,1570,1570,608,608,962,962,0,0
26,12,2,1278,1278,31,31,1247,1247,0,0
26,14,3,802,802,596,596,206,206,0,0
26,47,4,544,544,310,310,234,234,0,0
26,48,3,839,839,839,839,0,0,0,0
26,74,1,385,385,385,385,0,0,0,0
26,80,3,125,125,65,65,61,61,0,0
26,85,6,2324,2324,84,84,2240,2240,0,0
26,121,2,169,169,169,169,0,0,0,0
26,126,4,257,257,257,257,0,0,0,0
27,4,9,949,949,832,832,118,118,0,0
27,5,3,2087,2087,105,105,1982,1982,0,0
27,6,4,1629,1629,716,716,913,913,0,0
27,7,6,4345,4345,479,479,3866,3866,0,0
27,10,9,3156,3156,2199,2199,956,956,0,0
27,11,22,8495,8495,2308,2308,6187,6187,0,0
27,12,27,14163,14163,2492,2492,11671,11671,0,0
27,13,39,12190,12190,5069,5069,7121,7121,0,0
27,14,56,8805,8805,8353,8353,452,452,0,0
27,15,46,7705,7705,5386,5386,2233,2233,0,0
27,16,9,8072,8072,1061,1061,7011,7011,0,0
27,17,42,7153,7153,6945,6945,161,161,0,0
27,18,21,6241,6241,2862,2862,946,946,2433,2433
27,19,29,4149,4149,4075,4075,74,74,0,0
27,20,4,785,785,785,785,0,0,0,0
27,38,5,362,362,362,362,0,0,0,0
27,40,16,3082,3082,1697,1697,1384,1384,0,0
27,41,1,218,218,218,218,0,0,0,0
27,47,1,129,129,129,129,0,0,0,0
27,50,6,2422,2422,340,340,2082,2082,0,0
27,51,3,772,772,435,435,337,337,0,0
27,52,43,7477,7477,5536,5536,1634,1634,0,0
27,53,5,874,874,874,874,0,0,0,0
27,56,15,3147,3147,3147,3147,0,0,0,0
27,57,17,2868,2868,2476,2476,392,392,0,0
27,66,8,3464,3464,824,824,2640,2640,0,0
27,68,1,40,40,40,40,0,0,0,0
27,69,7,2778,2778,1073,1073,1705,1705,0,0
27,70,13,2552,2552,2552,2552,0,0,0,0
27,71,19,4017,4017,3879,3879,46,46,0,0
27,72,2,176,176,176,176,0,0,0,0
27,78,12,2875,2875,2875,2875,0,0,0,0
27,79,24,12862,12862,2807,2807,10056,10056,0,0
27,80,3,281,281,281,281,0,0,0,0
27,83,6,858,858,858,858,0,0,0,0
27,87,10,1297,1297,1297,1297,0,0,0,0
27,88,4,524,524,524,524,0,0,0,0
27,89,11,1361,1361,1091,1091,168,168,0,0
27,90,4,829,829,829,829,0,0,0,0
27,92,23,4678,4678,4678,4678,0,0,0,0
27,93,51,6610,6610,6610,6610,0,0,0,0
27,94,18,3128,3128,1877,1877,1251,1251,0,0
27,96,9,1058,1058,944,944,114,114,0,0
27,99,13,2363,2363,2363,2363,0,0,0,0
27,105,4,256,256,256,256,0,0,0,0
27,107,12,2980,2980,0,0,0,0,78,78
27,108,1,524,524,141,141,0,0,384,384
27,109,28,5719,5719,5719,5719,0,0,0,0
27,110,116,21361,21361,21361,21361,0,0,0,0
27,111,139,20333,20333,18824,18824,1465,1465,0,0
27,112,71,13928,13928,11488,11488,2440,2440,0,0
27,113,68,10354,10354,10354,10354,0,0,0,0
27,114,49,5670,5670,5670,5670,0,0,0,0
27,115,34,5322,5322,5322,5322,0,0,0,0
27,116,41,4472,4472,4072,4072,400,400,0,0
27,117,4,1367,1367,676,676,0,0,690,690
27,118,3,653,653,653,653,0,0,0,0
27,119,2,96,96,86,86,4,4,0,0
27,120,8,786,786,786,786,0,0,0,0
27,121,29,2205,2205,2205,2205,0,0,0,0
27,122,2,698,698,698,698,0,0,0,0
27,123,9,1262,1262,413,413,849,849,0,0
27,125,8,1172,1172,939,939,111,111,0,0
27,127,4,93,93,93,93,0,0,0,0
27,8,10,6859,6859,949,949,5910,5910,0,0
27,9,9,6697,6697,970,970,5728,5728,0,0
27,39,4,2513,2513,353,353,2159,2159,0,0
27,62,2,424,424,424,424,0,0,0,0
27,65,1,27,27,27,27,0,0,0,0
27,73,6,436,436,436,436,0,0,0,0
27,86,29,3111,3111,2459,2459,652,652,0,0
27,91,2,162,162,162,162,0,0,0,0
27,106,2,486,486,330,330,156,156,0,0
28,0,1,253,253,0,0,253,253,0,0
28,3,3,758,758,254,254,504,504,0,0
28,4,1,199,199,199,199,0,0,0,0
28,6,7,3999,3999,474,474,3526,3526,0,0
28,7,7,19242,19242,857,857,18385,18385,0,0
28,8,8,15747,15747,496,496,15251,15251,0,0
28,9,15,11829,11829,950,950,10878,10878,0,0
28,10,20,7358,7358,859,859,6499,6499,0,0
28,11,10,3669,3669,1572,1572,2096,2096,0,0
28,12,22,9432,9432,889,889,8542,8542,0,0
28,13,31,11302,11302,3564,3564,7738,7738,0,0
28,14,44,8652,8652,7326,7326,1220,1220,0,0
28,15,37,10917,10917,4052,4052,6866,6866,0,0
28,16,82,10764,10764,8988,8988,1777,1777,0,0
28,17,84,14634,14634,14634,14634,0,0,0,0
28,18,89,18381,18381,15463,15463,41,41,2879,2879
28,19,59,11326,11326,10264,10264,1062,1062,0,0
28,20,38,7516,7516,5465,5465,1819,1819,0,0
28,21,16,7756,7756,7347,7347,409,409,0,0
28,22,17,4432,4432,3669,3669,763,763,0,0
28,32,9,1470,1470,795,795,675,675,0,0
28,33,4,965,965,393,393,572,572,0,0
28,35,2,353,353,157,157,195,195,0,0
28,38,2,1316,1316,19,19,1297,1297,0,0
28,39,5,5360,5360,717,717,4642,4642,0,0
28,42,4,837,837,635,635,202,202,0,0
28,50,9,1363,1363,1019,1019,344,344,0,0
28,51,19,2752,2752,2752,2752,0,0,0,0
28,52,3,4321,4321,416,416,3823,3823,0,0
28,55,1,29,29,29,29,0,0,0,0
28,66,2,289,289,289,289,0,0,0,0
28,67,9,1473,1473,1323,1323,50,50,0,0
28,68,1,289,289,289,289,0,0,0,0
28,69,3,797,797,325,325,471,471,22,22
28,70,27,4982,4982,4509,4509,473,473,0,0
28,71,28,7596,7596,4987,4987,2608,2608,0,0
28,75,5,687,687,687,687,0,0,0,0
28,78,5,797,797,797,797,0,0,0,0
28,79,6,666,666,460,460,206,206,0,0
28,81,10,932,932,932,932,0,0,0,0
28,83,11,1421,1421,1421,1421,0,0,0,0
28,86,13,1129,1129,1026,1026,103,103,0,0
28,87,18,3459,3459,3459,3459,0,0,0,0
28,88,4,777,777,715,715,21,21,0,0
28,89,7,2057,2057,476,476,1581,1581,0,0
28,90,3,599,599,599,599,0,0,0,0
28,92,29,3830,3830,3557,3557,273,273,0,0
28,93,17,2213,2213,2014,2014,199,199,0,0
28,94,1,45,45,45,45,0,0,0,0
28,98,5,918,918,385,385,506,506,0,0
28,99,2,1932,1932,1932,1932,0,0,0,0
28,100,2,1625,1625,1625,1625,0,0,0,0
28,105,4,619,619,421,421,198,198,0,0
28,106,59,6332,6332,6121,6121,211,211,0,0
28,107,9,1328,1328,495,495,288,288,239,239
28,109,21,5913,5913,5421,5421,492,492,0,0
28,110,85,19099,19099,17512,17512,1560,1560,0,0
28,111,83,21254,21254,12926,12926,6645,6645,1683,1683
28,112,35,5092,5092,4053,4053,25,25,1013,1013
28,113,21,3889,3889,3283,3283,0,0,605,605
28,114,14,1897,1897,1309,1309,0,0,588,588
28,115,14,1211,1211,836,836,0,0,376,376
28,116,6,327,327,327,327,0,0,0,0
28,118,9,1822,1822,1822,1822,0,0,0,0
28,120,7,290,290,290,290,0,0,0,0
28,124,6,593,593,593,593,0,0,0,0
28,23,1,189,189,29,29,160,160,0,0
28,26,3,352,352,352,352,0,0,0,0
28,28,8,2049,2049,506,506,1542,1542,0,0
28,29,3,379,379,206,206,172,172,0,0
28,56,1,320,320,320,320,0,0,0,0
28,57,10,941,941,684,684,258,258,0,0
28,58,10,1499,1499,1290,1290,209,209,0,0
28,59,3,3213,3213,26,26,3187,3187,0,0
28,72,5,444,444,444,444,0,0,0,0
28,73,3,384,384,384,384,0,0,0,0
28,91,1,132,132,132,132,0,0,0,0
28,97,1,174,174,174,174,0,0,0,0
28,102,2,181,181,181,181,0,0,0,0
28,108,1,681,681,0,0,664,664,18,18
28,117,1,455,455,0,0,0,0,455,455
28,121,3,209,209,209,209,0,0,0,0
28,122,3,335,335,335,335,0,0,0,0
29,1,7,1481,1481,575,575,907,907,0,0
29,5,2,3103,3103,412,412,2691,2691,0,0
29,7,5,3604,3604,311,311,3293,3293,0,0
29,8,24,12442,12442,2441,2441,10002,10002,0,0
29,9,22,14234,14234,1864,1864,12370,12370,0,0
29,10,2,2552,2552,55,55,2497,2497,0,0
29,12,3,469,469,150,150,146,146,0,0
29,13,27,4671,4671,4671,4671,0,0,0,0
29,14,67,9943,9943,9654,9654,289,289,0,0
29,15,32,6083,6083,4779,4779,1304,1304,0,0
29,16,82,10526,10526,7978,7978,1999,1999,550,550
29,17,84,10216,10216,9624,9624,592,592,0,0
29,18,82,17664,17664,13231,13231,4433,4433,0,0
29,19,19,5771,5771,3499,3499,2272,2272,0,0
29,20,34,5527,5527,4695,4695,832,832,0,0
29,21,33,8092,8092,8092,8092,0,0,0,0
29,22,56,10901,10901,8524,8524,2338,2338,39,39
29,23,29,8754,8754,3903,3903,4809,4809,43,43
29,24,4,1261,1261,1261,1261,0,0,0,0
29,25,4,423,423,423,423,0,0,0,0
29,26,15,3419,3419,2302,2302,1066,1066,0,0
29,28,4,684,684,143,143,541,541,0,0
29,29,6,516,516,435,435,81,81,0,0
29,33,6,2256,2256,381,381,1874,1874,0,0
29,39,4,1326,1326,49,49,1277,1277,0,0
29,40,7,2082,2082,1075,1075,1008,1008,0,0
29,50,11,5213,5213,1403,1403,3810,3810,0,0
29,51,35,5909,5909,5292,5292,617,617,0,0
29,57,1,110,110,27,27,82,82,0,0
29,58,19,2763,2763,1724,1724,1040,1040,0,0
29,59,1,121,121,121,121,0,0,0,0
29,64,1,408,408,238,238,170,170,0,0
29,66,5,620,620,340,340,280,280,0,0
29,69,6,4570,4570,629,629,3941,3941,0,0
29,70,8,820,820,820,820,0,0,0,0
29,71,29,5351,5351,5351,5351,1,1,0,0
29,72,4,438,438,438,438,0,0,0,0
29,84,4,438,438,438,438,0,0,0,0
29,86,3,1737,1737,194,194,1543,1543,0,0
29,87,5,1266,1266,1266,1266,0,0,0,0
29,90,30,9489,9489,5455,5455,4035,4035,0,0
29,91,22,3258,3258,2304,2304,954,954,0,0
29,92,4,666,666,372,372,293,293,0,0
29,99,7,2762,2762,1954,1954,807,807,0,0
29,101,1,175,175,44,44,44,44,0,0
29,105,2,163,163,163,163,0,0,0,0
29,106,34,7010,7010,5833,5833,664,664,0,0
29,107,12,3454,3454,1770,1770,1685,1685,0,0
29,108,29,4985,4985,1463,1463,3318,3318,204,204
29,109,2,6698,6698,1448,1448,5250,5250,0,0
29,110,84,14345,14345,14345,14345,0,0,0,0
29,111,87,10725,10725,10541,10541,2,2,178,178
29,112,51,6300,6300,5450,5450,230,230,516,516
29,113,44,3840,3840,3571,3571,269,269,0,0
29,115,17,2027,2027,1935,1935,31,31,0,0
29,116,6,556,556,556,556,0,0,0,0
29,118,2,133,133,133,133,0,0,0,0
29,120,11,846,846,846,846,0,0,0,0
29,121,19,1320,1320,1320,1320,0,0,0,0
29,123,6,794,794,794,794,0,0,0,0
29,127,16,1419,1419,1419,1419,0,0,0,0
29,42,5,852,852,515,515,337,337,0,0
29,61,3,232,232,232,232,0,0,0,0
29,62,2,1310,1310,715,715,594,594,0,0
29,63,1,221,221,64,64,157,157,0,0
29,65,1,947,947,303,303,644,644,0,0
29,73,1,304,304,304,304,0,0,0,0
29,74,6,943,943,282,282,661,661,0,0
29,75,1,278,278,268,268,10,10,0,0
29,76,3,234,234,234,234,0,0,0,0
29,78,5,2898,2898,69,69,2829,2829,0,0
29,81,1,300,300,300,300,0,0,0,0
29,82,4,1177,1177,1177,1177,0,0,0,0
29,89,9,1347,1347,731,731,616,616,0,0
29,100,2,2775,2775,2775,2775,0,0,0,0
29,104,2,100,100,0,0,100,100,0,0
29,114,4,487,487,487,487,0,0,0,0
29,117,6,526,526,526,526,0,0,0,0
29,125,4,383,383,383,383,0,0,0,0
29,126,5,1078,1078,1078,1078,0,0,0,0
30,1,1,190,190,190,190,0,0,0,0
30,8,2,4952,4952,242,242,4710,4710,0,0
30,9,12,12853,12853,1084,1084,11769,11769,0,0
30,12,14,2996,2996,2996,2996,0,0,0,0
30,13,16,4636,4636,4636,4636,0,0,0,0
30,14,56,8942,8942,8200,8200,742,742,0,0
30,15,43,8180,8180,8180,8180,0,0,0,0
30,16,63,9987,9987,9055,9055,821,821,0,0
30,17,56,8163,8163,6572,6572,1591,1591,0,0
30,18,48,7555,7555,6380,6380,1174,1174,0,0
30,19,18,3405,3405,2647,2647,759,759,0,0
30,20,44,5066,5066,4951,4951,38,38,0,0
30,21,20,2674,2674,2674,2674,0,0,0,0
30,22,20,2669,2669,2669,2669,0,0,0,0
30,50,3,971,971,971,971,0,0,0,0
30,51,10,814,814,814,814,0,0,0,0
30,62,9,2154,2154,1837,1837,317,317,0,0
30,64,14,1439,1439,1347,1347,92,92,0,0
30,68,2,205,205,205,205,0,0,0,0
30,71,3,1002,1002,1002,1002,0,0,0,0
30,74,1,167,167,167,167,0,0,0,0
30,75,8,1753,1753,788,788,965,965,0,0
30,76,4,297,297,297,297,0,0,0,0
30,77,8,744,744,744,744,0,0,0,0
30,78,15,1677,1677,1642,1642,35,35,0,0
30,81,2,276,276,276,276,0,0,0,0
30,82,20,2215,2215,2215,2215,0,0,0,0
30,84,22,5118,5118,5118,5118,0,0,0,0
30,86,5,10062,10062,480,480,9583,9583,0,0
30,87,3,8719,8719,0,0,8719,8719,0,0
30,89,19,4384,4384,3724,3724,659,659,0,0
30,90,62,9495,9495,7736,7736,1497,1497,260,260
30,91,31,4240,4240,4143,4143,97,97,0,0
30,98,2,338,338,282,282,56,56,0,0
30,100,4,1606,1606,1478,1478,128,128,0,0
30,106,40,8052,8052,7377,7377,675,675,0,0
30,107,20,5571,5571,2905,2905,2667,2667,0,0
30,108,21,6350,6350,2005,2005,4346,4346,0,0
30,109,14,1941,1941,843,843,749,749,347,347
30,110,63,10627,10627,8911,8911,169,169,1547,1547
30,111,46,7836,7836,6338,6338,0,0,1499,1499
30,112,65,9056,9056,7517,7517,1540,1540,0,0
30,113,42,5124,5124,5085,5085,13,13,0,0
30,114,54,6510,6510,5835,5835,674,674,0,0
30,115,42,5812,5812,5812,5812,0,0,0,0
30,116,24,2160,2160,2151,2151,3,3,0,0
30,117,11,1379,1379,1379,1379,0,0,0,0
30,120,10,970,970,970,970,0,0,0,0
30,121,2,254,254,181,181,25,25,0,0
30,122,12,1295,1295,1295,1295,0,0,0,0
30,123,5,1940,1940,801,801,1138,1138,0,0
30,124,11,1480,1480,1440,1440,40,40,0,0
30,125,7,1544,1544,1544,1544,0,0,0,0
30,126,2,994,994,994,994,0,0,0,0
30,127,27,3963,3963,3963,3963,0,0,0,0
30,2,1,288,288,288,288,0,0,0,0
30,10,3,5622,5622,298,298,5324,5324,0,0
30,52,4,477,477,340,340,137,137,0,0
30,57,1,192,192,192,192,0,0,0,0
30,58,2,2293,2293,101,101,2192,2192,0,0
30,59,15,3397,3397,1250,1250,2147,2147,0,0
30,65,1,189,189,189,189,0,0,0,0
30,66,6,907,907,907,907,0,0,0,0
30,79,2,980,980,161,161,819,819,0,0
30,85,3,275,275,275,275,0,0,0,0
30,92,1,38,38,38,38,0,0,0,0
30,99,2,369,369,254,254,115,115,0,0
30,101,7,850,850,850,850,0,0,0,0
30,103,1,6,6,6,6,0,0,0,0
31,1,2,638,638,638,638,0,0,0,0
31,3,2,6293,6293,281,281,6014,6014,0,0
31,8,3,5817,5817,0,0,5817,5817,0,0
31,9,5,4020,4020,168,168,3852,3852,0,0
31,10,4,2775,2775,119,119,2656,2656,0,0
31,12,3,817,817,817,817,0,0,0,0
31,13,36,6204,6204,6204,6204,0,0,0,0
31,14,17,2134,2134,2134,2134,0,0,0,0
31,15,3,739,739,739,739,0,0,0,0
31,16,27,4227,4227,3085,3085,1142,1142,0,0
31,17,61,6700,6700,6700,6700,0,0,0,0
31,18,13,1668,1668,1510,1510,158,158,0,0
31,20,3,1038,1038,438,438,600,600,0,0
31,26,8,1320,1320,633,633,687,687,0,0
31,52,19,4664,4664,1781,1781,2882,2882,0,0
31,56,1,58,58,58,58,0,0,0,0
31,58,9,1720,1720,924,924,501,501,0,0
31,60,1,66,66,66,66,0,0,0,0
31,61,2,738,738,24,24,713,713,0,0
31,62,19,3576,3576,1607,1607,1969,1969,0,0
31,64,5,737,737,653,653,84,84,0,0
31,65,16,2012,2012,2012,2012,0,0,0,0
31,67,3,214,214,214,214,0,0,0,0
31,69,4,933,933,933,933,0,0,0,0
31,70,19,1984,1984,1984,1984,0,0,0,0
31,71,14,1931,1931,1804,1804,128,128,0,0
31,72,5,792,792,792,792,0,0,0,0
31,74,11,1216,1216,777,777,439,439,0,0
31,75,5,469,469,469,469,0,0,0,0
31,76,1,287,287,287,287,0,0,0,0
31,77,4,773,773,773,773,0,0,0,0
31,78,17,1401,1401,1401,1401,0,0,0,0
31,81,2,323,323,323,323,0,0,0,0
31,82,19,2188,2188,2080,2080,108,108,0,0
31,86,1,211,211,61,61,150,150,0,0
31,87,9,4300,4300,661,661,3639,3639,0,0
31,88,9,3467,3467,1827,1827,1639,1639,0,0
31,89,11,6673,6673,1291,1291,5381,5381,0,0
31,90,15,4116,4116,1829,1829,1845,1845,441,441
31,91,7,885,885,565,565,319,319,0,0
31,100,2,449,449,195,195,254,254,0,0
31,101,22,2928,2928,2534,2534,394,394,0,0
31,105,1,74,74,74,74,0,0,0,0
31,106,56,8037,8037,6616,6616,1421,1421,0,0
31,107,53,8413,8413,7883,7883,530,530,0,0
31,108,11,2713,2713,2536,2536,177,177,0,0
31,109,24,13190,13190,1278,1278,11913,11913,0,0
31,110,42,13588,13588,8078,8078,5511,5511,0,0
31,111,86,14217,14217,12199,12199,1832,1832,0,0
31,112,66,11143,11143,10722,10722,337,337,0,0
31,113,68,11353,11353,10746,10746,606,606,0,0
31,114,35,6912,6912,4801,4801,2111,2111,0,0
31,115,36,4959,4959,4959,4959,0,0,0,0
31,116,27,5136,5136,5136,5136,0,0,0,0
31,125,7,1382,1382,1382,1382,0,0,0,0
31,126,7,3344,3344,3344,3344,0,0,0,0
31,127,20,6742,6742,6212,6212,530,530,0,0
31,2,1,5127,5127,0,0,5127,5127,0,0
31,11,1,80,80,80,80,0,0,0,0
31,50,4,753,753,566,566,187,187,0,0
31,51,1,173,173,173,173,0,0,0,0
31,73,2,356,356,356,356,0,0,0,0
31,80,1,381,381,381,381,0,0,0,0
31,83,5,333,333,333,333,0,0,0,0
31,84,5,3460,3460,644,644,2816,2816,0,0
31,92,1,120,120,120,120,0,0,0,0
31,96,3,1903,1903,924,924,979,979,0,0
31,102,1,1381,1381,0,0,1381,1381,0,0
31,117,11,3030,3030,3030,3030,0,0,0,0
31,119,1,383,383,383,383,0,0,0,0
31,120,3,190,190,119,119,71,71,0,0
31,121,5,864,864,674,674,190,190,0,0
31,122,3,447,447,305,305,143,143,0,0
31,123,2,229,229,229,229,0,0,0,0
31,124,2,1645,1645,613,613,1032,1032,0,0
32,2,3,2850,2850,640,640,2210,2210,0,0
32,10,4,1056,1056,667,667,390,390,0,0
32,13,13,2102,2102,2102,2102,0,0,0,0
32,16,25,3478,3478,3478,3478,0,0,0,0
32,17,10,1844,1844,1105,1105,739,739,0,0
32,18,34,4067,4067,4067,4067,0,0,0,0
32,20,7,1144,1144,1144,1144,0,0,0,0
32,21,9,1134,1134,1134,1134,0,0,0,0
32,52,10,1745,1745,1566,1566,179,179,0,0
32,58,8,3873,3873,731,731,3142,3142,0,0
32,62,1,364,364,0,0,364,364,0,0
32,64,9,1299,1299,1040,1040,259,259,0,0
32,65,3,432,432,432,432,0,0,0,0
32,66,2,198,198,198,198,0,0,0,0
32,69,18,2661,2661,2661,2661,0,0,0,0
32,70,5,354,354,354,354,0,0,0,0
32,71,6,815,815,815,815,0,0,0,0
32,76,4,1259,1259,912,912,346,346,0,0
32,77,4,1033,1033,1033,1033,0,0,0,0
32,78,7,1239,1239,1030,1030,207,207,0,0
32,79,8,7142,7142,651,651,6490,6490,0,0
32,80,5,1071,1071,540,540,531,531,0,0
32,82,8,6101,6101,955,955,5146,5146,0,0
32,83,22,17740,17740,1739,1739,16001,16001,0,0
32,84,6,4328,4328,613,613,3715,3715,0,0
32,85,13,14793,14793,1212,1212,13579,13579,0,0
32,86,9,17066,17066,1173,1173,15893,15893,0,0
32,87,14,6283,6283,1604,1604,4680,4680,0,0
32,88,2,2412,2412,1,1,2411,2411,0,0
32,89,8,3945,3945,1794,1794,2150,2150,0,0
32,90,2,1065,1065,319,319,746,746,0,0
32,101,14,3035,3035,2134,2134,899,899,0,0
32,102,8,1060,1060,987,987,73,73,0,0
32,106,70,9276,9276,8240,8240,1037,1037,0,0
32,107,91,10644,10644,10644,10644,0,0,0,0
32,108,23,7053,7053,2322,2322,4731,4731,0,0
32,109,19,25837,25837,508,508,25328,25328,0,0
32,110,42,13313,13313,8112,8112,5201,5201,0,0
32,111,97,18605,18605,18564,18564,14,14,0,0
32,112,69,16046,16046,10331,10331,5715,5715,0,0
32,113,90,13352,13352,12197,12197,1153,1153,0,0
32,114,45,7401,7401,7401,7401,0,0,0,0
32,115,58,10058,10058,9939,9939,40,40,0,0
32,116,60,13467,13467,13467,13467,0,0,0,0
32,117,47,10545,10545,10545,10545,0,0,0,0
32,118,23,4545,4545,4545,4545,0,0,0,0
32,119,35,3416,3416,2655,2655,760,760,0,0
32,120,20,5708,5708,1740,1740,3967,3967,0,0
32,121,9,3496,3496,474,474,3021,3021,0,0
32,122,8,1093,1093,874,874,219,219,0,0
32,125,12,8611,8611,1354,1354,7256,7256,0,0
32,127,1,48,48,48,48,0,0,0,0
32,12,3,262,262,262,262,0,0,0,0
32,14,9,1225,1225,1225,1225,0,0,0,0
32,15,4,343,343,343,343,0,0,0,0
32,25,1,311,311,58,58,252,252,0,0
32,27,3,845,845,498,498,347,347,0,0
32,28,1,447,447,0,0,447,447,0,0
32,37,1,18,18,18,18,0,0,0,0
32,46,9,1168,1168,653,653,427,427,0,0
32,53,2,212,212,212,212,0,0,0,0
32,57,1,2828,2828,0,0,2828,2828,0,0
32,75,16,2684,2684,1237,1237,1447,1447,0,0
32,92,1,1618,1618,37,37,1581,1581,0,0
32,105,5,1091,1091,1091,1091,0,0,0,0
33,8,2,327,327,327,327,0,0,0,0
33,12,20,2343,2343,2256,2256,87,87,0,0
33,13,29,3821,3821,3726,3726,95,95,0,0
33,14,36,4318,4318,4318,4318,0,0,0,0
33,15,71,7849,7849,7849,7849,0,0,0,0
33,16,2,291,291,291,291,0,0,0,0
33,17,13,3434,3434,2248,2248,1187,1187,0,0
33,21,2,353,353,12,12,341,341,0,0
33,22,4,2957,2957,607,607,2350,2350,0,0
33,25,3,1181,1181,416,416,765,765,0,0
33,27,6,1448,1448,966,966,483,483,0,0
33,28,1,308,308,154,154,155,155,0,0
33,46,23,3067,3067,2570,2570,485,485,0,0
33,52,12,2660,2660,1327,1327,1131,1131,0,0
33,53,6,698,698,698,698,0,0,0,0
33,58,10,2045,2045,1588,1588,457,457,0,0
33,59,6,956,956,956,956,0,0,0,0
33,60,2,842,842,643,643,199,199,0,0
33,71,3,196,196,196,196,0,0,0,0
33,75,3,588,588,31,31,557,557,0,0
33,78,12,3494,3494,2549,2549,945,945,0,0
33,82,16,13756,13756,1705,1705,12052,12052,0,0
33,83,8,6124,6124,692,692,5432,5432,0,0
33,84,26,13229,13229,2230,2230,10999,10999,0,0
33,85,32,14950,14950,2818,2818,12131,12131,0,0
33,86,14,19607,19607,2523,2523,17083,17083,0,0
33,87,14,16735,16735,688,688,16047,16047,0,0
33,88,13,11504,11504,2242,2242,9261,9261,0,0
33,89,1,174,174,163,163,11,11,0,0
33,90,9,8195,8195,1610,1610,6586,6586,0,0
33,95,7,2051,2051,1872,1872,180,180,0,0
33,102,17,4436,4436,4247,4247,190,190,0,0
33,103,22,3466,3466,3249,3249,217,217,0,0
33,105,16,3073,3073,2587,2587,485,485,0,0
33,106,54,6734,6734,6351,6351,383,383,0,0
33,107,65,7404,7404,7354,7354,21,21,0,0
33,108,33,5141,5141,4742,4742,399,399,0,0
33,109,30,20675,20675,1207,1207,19467,19467,0,0
33,110,70,10880,10880,5748,5748,5005,5005,0,0
33,111,91,15015,15015,14083,14083,931,931,0,0
33,112,88,11507,11507,11323,11323,185,185,0,0
33,113,78,13066,13066,10121,10121,2945,2945,0,0
33,114,56,11632,11632,11613,11613,6,6,0,0
33,115,26,8898,8898,7822,7822,1076,1076,0,0
33,116,21,7506,7506,4530,4530,2909,2909,0,0
33,117,15,8443,8443,8443,8443,0,0,0,0
33,118,9,2557,2557,2520,2520,12,12,0,0
33,119,4,270,270,270,270,0,0,0,0
33,124,1,168,168,168,168,0,0,0,0
33,125,15,7336,7336,1675,1675,5661,5661,0,0
33,1,4,367,367,367,367,0,0,0,0
33,6,3,2392,2392,511,511,1881,1881,0,0
33,18,2,782,782,112,112,670,670,0,0
33,19,2,54,54,54,54,0,0,0,0
33,23,1,217,217,217,217,0,0,0,0
33,29,1,1023,1023,1023,1023,0,0,0,0
33,51,1,119,119,119,119,0,0,0,0
33,62,6,785,785,553,553,232,232,0,0
33,63,1,2495,2495,0,0,2495,2495,0,0
33,77,1,194,194,194,194,0,0,0,0
33,80,4,644,644,644,644,0,0,0,0
33,81,5,707,707,707,707,0,0,0,0
33,96,3,305,305,305,305,0,0,0,0
33,99,1,33,33,33,33,0,0,0,0
33,100,6,584,584,584,584,0,0,0,0
33,120,1,190,190,190,190,0,0,0,0
33,121,1,192,192,34,34,158,158,0,0
33,127,1,187,187,187,187,0,0,0,0
34,0,10,4568,4568,2041,2041,2527,2527,0,0
34,6,13,8651,8651,1972,1972,5393,5393,45,45
34,7,3,285,285,285,285,0,0,0,0
34,12,4,1538,1538,1332,1332,206,206,0,0
34,13,1,1028,1028,0,0,1028,1028,0,0
34,14,7,712,712,476,476,237,237,0,0
34,15,1,138,138,138,138,0,0,0,0
34,17,20,2477,2477,2126,2126,351,351,0,0
34,18,5,703,703,325,325,317,317,0,0
34,19,3,3114,3114,157,157,2958,2958,0,0
34,22,7,1613,1613,1171,1171,442,442,0,0
34,23,14,2336,2336,1030,1030,1306,1306,0,0
34,29,8,2994,2994,2491,2491,424,424,79,79
34,30,3,1184,1184,245,245,939,939,0,0
34,38,1,11,11,11,11,0,0,0,0
34,41,1,19,19,19,19,0,0,0,0
34,47,6,838,838,698,698,140,140,0,0
34,51,1,126,126,126,126,0,0,0,0
34,52,5,1142,1142,460,460,682,682,0,0
34,53,4,368,368,368,368,0,0,0,0
34,59,22,3238,3238,2916,2916,320,320,0,0
34,60,26,2237,2237,2237,2237,0,0,0,0
34,61,5,1268,1268,1268,1268,0,0,0,0
34,62,11,2634,2634,928,928,1705,1705,0,0
34,63,3,1069,1069,505,505,564,564,0,0
34,64,1,125,125,125,125,0,0,0,0
34,65,10,1432,1432,1159,1159,273,273,0,0
34,69,8,768,768,768,768,0,0,0,0
34,70,2,415,415,313,313,102,102,0,0
34,71,4,1012,1012,1012,1012,0,0,0,0
34,72,17,2743,2743,2346,2346,397,397,0,0
34,76,9,1581,1581,969,969,612,612,0,0
34,77,4,481,481,481,481,0,0,0,0
34,79,26,5713,5713,4953,4953,760,760,0,0
34,80,6,737,737,737,737,0,0,0,0
34,82,4,2592,2592,87,87,2505,2505,0,0
34,83,10,12636,12636,1001,1001,11636,11636,0,0
34,84,8,4072,4072,1434,1434,2638,2638,0,0
34,85,25,24397,24397,1952,1952,22444,22444,0,0
34,86,13,15488,15488,2756,2756,12731,12731,0,0
34,87,21,6402,6402,2275,2275,4127,4127,0,0
34,88,15,11991,11991,1586,1586,10406,10406,0,0
34,90,3,6523,6523,319,319,6204,6204,0,0
34,91,13,15272,15272,2438,2438,12834,12834,0,0
34,99,1,5,5,5,5,0,0,0,0
34,100,3,279,279,109,109,170,170,0,0
34,102,11,1976,1976,1976,1976,0,0,0,0
34,106,14,2182,2182,1045,1045,1137,1137,0,0
34,107,41,5901,5901,5287,5287,614,614,0,0
34,108,40,5093,5093,4858,4858,169,169,0,0
34,109,30,9967,9967,7328,7328,2640,2640,0,0
34,110,75,16246,16246,10071,10071,6159,6159,0,0
34,111,54,10214,10214,9604,9604,610,610,0,0
34,112,75,10383,10383,10378,10378,5,5,0,0
34,113,76,9735,9735,8753,8753,981,981,0,0
34,114,70,12146,12146,9578,9578,1802,1802,0,0
34,115,18,6849,6849,4836,4836,2013,2013,0,0
34,116,9,4722,4722,3209,3209,0,0,1513,1513
34,117,32,5816,5816,5552,5552,88,88,0,0
34,118,23,2777,2777,2777,2777,0,0,0,0
34,121,8,1262,1262,337,337,925,925,0,0
34,125,13,8616,8616,2708,2708,5908,5908,0,0
34,126,3,1114,1114,351,351,764,764,0,0
34,127,2,308,308,308,308,0,0,0,0
34,1,1,97,97,97,97,0,0,0,0
34,11,3,863,863,314,314,549,549,0,0
34,26,3,321,321,155,155,166,166,0,0
34,44,2,512,512,476,476,36,36,0,0
34,45,5,932,932,436,436,496,496,0,0
34,48,2,452,452,256,256,196,196,0,0
34,78,1,283,283,283,283,0,0,0,0
34,89,1,2761,2761,801,801,1960,1960,0,0
35,16,5,3176,3176,491,491,2685,2685,0,0
35,17,14,3906,3906,1868,1868,2038,2038,0,0
35,23,4,3638,3638,135,135,3503,3503,0,0
35,25,2,648,648,346,346,101,101,0,0
35,26,1,55,55,55,55,0,0,0,0
35,42,1,17,17,17,17,0,0,0,0
35,43,18,5662,5662,1303,1303,4218,4218,0,0
35,44,10,3069,3069,2253,2253,816,816,0,0
35,58,34,6671,6671,4682,4682,1989,1989,0,0
35,59,12,2626,2626,1162,1162,1434,1434,0,0
35,60,13,1286,1286,1175,1175,111,111,0,0
35,62,1,98,98,98,98,0,0,0,0
35,63,1,10,10,3,3,3,3,0,0
35,65,1,247,247,247,247,0,0,0,0
35,66,2,1029,1029,253,253,776,776,0,0
35,70,8,1055,1055,1055,1055,0,0,0,0
35,71,16,2358,2358,1969,1969,389,389,0,0
35,72,27,3162,3162,3090,3090,72,72,0,0
35,73,3,426,426,426,426,0,0,0,0
35,74,6,723,723,691,691,32,32,0,0
35,76,4,1008,1008,1008,1008,0,0,0,0
35,77,13,2524,2524,1615,1615,909,909,0,0
35,78,21,3488,3488,2379,2379,1109,1109,0,0
35,79,19,3113,3113,2153,2153,960,960,0,0
35,82,7,1425,1425,1368,1368,57,57,0,0
35,83,14,14338,14338,2344,2344,11995,11995,0,0
35,84,22,21698,21698,3135,3135,18563,18563,0,0
35,85,26,13661,13661,3082,3082,10580,10580,0,0
35,86,23,9328,9328,3398,3398,5928,5928,0,0
35,87,30,17936,17936,3327,3327,14609,14609,0,0
35,88,15,16290,16290,1502,1502,14787,14787,0,0
35,89,5,5529,5529,221,221,5308,5308,0,0
35,90,9,10433,10433,1199,1199,9234,9234,0,0
35,91,1,4183,4183,26,26,4157,4157,0,0
35,102,24,3008,3008,2933,2933,75,75,0,0
35,107,38,3836,3836,2764,2764,1071,1071,0,0
35,108,6,18287,18287,4310,4310,13977,13977,0,0
35,109,37,5202,5202,5202,5202,0,0,0,0
35,110,74,11972,11972,11709,11709,264,264,0,0
35,111,31,8570,8570,3060,3060,5509,5509,0,0
35,112,10,2634,2634,2397,2397,237,237,0,0
35,113,53,13084,13084,11540,11540,1544,1544,0,0
35,114,28,6101,6101,5490,5490,611,611,0,0
35,115,18,6019,6019,3302,3302,2718,2718,0,0
35,116,12,3933,3933,3933,3933,0,0,0,0
35,117,3,833,833,718,718,38,38,0,0
35,125,1,174,174,77,77,97,97,0,0
35,11,1,1860,1860,0,0,1860,1860,0,0
35,18,3,2179,2179,110,110,2069,2069,0,0
35,37,5,360,360,360,360,0,0,0,0
35,41,2,18,18,18,18,0,0,0,0
35,48,4,388,388,202,202,102,102,84,84
35,52,5,594,594,594,594,0,0,0,0
35,57,2,1750,1750,21,21,1729,1729,0,0
35,81,1,455,455,158,158,297,297,0,0
35,95,4,1008,1008,840,840,168,168,0,0
35,103,9,925,925,711,711,214,214,0,0
35,121,3,519,519,519,519,0,0,0,0
35,124,1,112,112,0,0,112,112,0,0
36,16,4,552,552,552,552,0,0,0,0
36,17,18,1609,1609,1609,1609,0,0,0,0
36,43,8,1385,1385,1157,1157,227,227,0,0
36,45,1,2285,2285,0,0,2285,2285,0,0
36,58,7,2092,2092,1187,1187,904,904,0,0
36,60,18,6312,6312,3158,3158,3154,3154,0,0
36,61,2,521,521,521,521,0,0,0,0
36,66,4,572,572,572,572,0,0,0,0
36,70,1,131,131,131,131,0,0,0,0
36,71,60,6664,6664,6509,6509,154,154,0,0
36,72,45,4962,4962,4962,4962,0,0,0,0
36,73,29,4174,4174,3816,3816,119,119,0,0
36,74,38,8426,8426,6232,6232,2194,2194,0,0
36,75,27,4190,4190,3325,3325,865,865,0,0
36,76,16,1725,1725,1559,1559,167,167,0,0
36,77,15,4895,4895,1962,1962,2933,2933,0,0
36,78,11,1274,1274,1269,1269,5,5,0,0
36,80,8,713,713,619,619,94,94,0,0
36,81,15,4467,4467,3891,3891,576,576,0,0
36,82,23,7446,7446,7446,7446,0,0,0,0
36,83,15,7410,7410,1658,1658,5753,5753,0,0
36,84,43,15808,15808,4509,4509,11300,11300,0,0
36,85,49,14356,14356,7887,7887,6469,6469,0,0
36,86,20,10497,10497,1956,1956,8541,8541,0,0
36,87,21,7623,7623,1124,1124,6498,6498,0,0
36,88,7,5746,5746,804,804,4942,4942,0,0
36,89,6,4222,4222,950,950,3272,3272,0,0
36,95,6,741,741,625,625,116,116,0,0
36,98,13,4651,4651,1433,1433,3217,3217,0,0
36,102,28,2931,2931,2824,2824,108,108,0,0
36,103,24,2424,2424,2225,2225,199,199,0,0
36,107,12,1021,1021,1021,1021,0,0,0,0
36,108,11,7632,7632,2014,2014,5619,5619,0,0
36,109,31,11776,11776,6200,6200,5577,5577,0,0
36,110,26,6775,6775,5832,5832,349,349,595,595
36,111,35,13843,13843,5264,5264,8578,8578,0,0
36,112,8,3549,3549,571,571,2978,2978,0,0
36,113,9,4519,4519,4519,4519,0,0,0,0
36,114,12,8249,8249,8249,8249,0,0,0,0
36,115,15,6403,6403,5610,5610,794,794,0,0
36,116,16,6040,6040,5766,5766,91,91,0,0
36,117,12,4709,4709,4261,4261,448,448,0,0
36,121,1,260,260,260,260,0,0,0,0
36,122,9,5023,5023,2025,2025,2998,2998,0,0
36,125,6,754,754,754,754,0,0,0,0
36,14,2,119,119,119,119,0,0,0,0
36,37,1,39,39,39,39,0,0,0,0
36,41,2,223,223,223,223,0,0,0,0
36,49,5,968,968,573,573,395,395,0,0
36,68,3,953,953,50,50,903,903,0,0
36,69,3,144,144,144,144,0,0,0,0
36,79,4,855,855,607,607,247,247,0,0
36,99,2,198,198,198,198,0,0,0,0
36,100,2,359,359,163,163,196,196,0,0
36,101,4,355,355,319,319,36,36,0,0
36,127,5,307,307,307,307,0,0,0,0
37,10,9,2024,2024,1250,1250,773,773,0,0
37,17,13,1281,1281,1281,1281,0,0,0,0
37,24,3,220,220,136,136,28,28,0,0
37,25,6,2146,2146,670,670,1476,1476,0,0
37,37,27,4606,4606,2346,2346,2239,2239,0,0
37,39,1,512,512,125,125,387,387,0,0
37,41,7,1426,1426,622,622,804,804,0,0
37,54,1,2813,2813,0,0,2813,2813,0,0
37,60,11,2412,2412,2060,2060,352,352,0,0
37,61,1,109,109,109,109,0,0,0,0
37,71,14,2139,2139,1940,1940,199,199,0,0
37,72,90,10068,10068,9821,9821,82,82,0,0
37,73,31,7188,7188,7188,7188,0,0,0,0
37,74,73,10953,10953,9565,9565,1389,1389,0,0
37,75,16,5293,5293,5003,5003,290,290,0,0
37,76,8,1230,1230,1060,1060,170,170,0,0
37,78,27,3089,3089,3089,3089,0,0,0,0
37,79,6,2234,2234,1009,1009,408,408,0,0
37,80,18,4627,4627,3298,3298,443,443,0,0
37,81,22,7000,7000,7000,7000,0,0,0,0
37,82,36,7930,7930,7930,7930,0,0,0,0
37,83,16,4690,4690,3129,3129,1561,1561,0,0
37,84,27,14675,14675,4055,4055,10622,10622,0,0
37,85,6,4304,4304,920,920,3384,3384,0,0
37,98,5,355,355,156,156,199,199,0,0
37,99,7,1003,1003,784,784,219,219,0,0
37,100,3,508,508,200,200,308,308,0,0
37,101,4,1068,1068,423,423,645,645,0,0
37,102,1,8,8,8,8,0,0,0,0
37,103,4,427,427,427,427,0,0,0,0
37,107,3,534,534,534,534,0,0,0,0
37,108,3,441,441,441,441,0,0,0,0
37,109,35,11384,11384,11384,11384,0,0,0,0
37,110,31,8720,8720,5771,5771,2469,2469,480,480
37,111,29,7476,7476,6312,6312,1165,1165,0,0
37,113,8,3316,3316,2051,2051,1265,1265,0,0
37,114,4,2162,2162,2162,2162,0,0,0,0
37,115,12,5684,5684,5684,5684,0,0,0,0
37,116,11,6801,6801,6801,6801,0,0,0,0
37,117,13,4135,4135,3826,3826,308,308,0,0
37,122,26,4867,4867,3869,3869,998,998,0,0
37,125,8,1862,1862,642,642,1013,1013,0,0
37,127,5,2071,2071,619,619,1452,1452,0,0
37,26,7,1027,1027,1027,1027,0,0,0,0
37,35,6,1318,1318,856,856,462,462,0,0
37,36,10,1844,1844,1240,1240,604,604,0,0
37,52,8,3292,3292,2031,2031,1261,1261,0,0
37,57,2,422,422,422,422,0,0,0,0
37,77,1,8,8,8,8,0,0,0,0
37,91,8,862,862,522,522,340,340,0,0
37,93,8,1729,1729,841,841,888,888,0,0
37,112,5,3018,3018,2933,2933,85,85,0,0
37,119,1,1013,1013,1013,1013,0,0,0,0
37,120,2,185,185,185,185,0,0,0,0
37,121,5,703,703,509,509,194,194,0,0
37,123,7,1550,1550,909,909,640,640,0,0
37,126,11,1301,1301,895,895,407,407,0,0
38,5,6,2765,2765,343,343,2422,2422,0,0
38,7,5,835,835,647,647,133,133,56,56
38,8,1,500,500,292,292,208,208,0,0
38,12,8,831,831,499,499,226,226,0,0
38,16,5,563,563,422,422,141,141,0,0
38,17,6,1307,1307,363,363,944,944,0,0
38,26,11,1588,1588,1494,1494,31,31,0,0
38,34,1,708,708,366,366,342,342,0,0
38,35,12,3628,3628,1560,1560,1849,1849,159,159
38,36,24,3329,3329,2243,2243,1086,1086,0,0
38,37,21,2514,2514,2350,2350,164,164,0,0
38,38,11,1528,1528,1074,1074,453,453,0,0
38,40,6,5106,5106,184,184,4923,4923,0,0
38,41,7,2015,2015,1196,1196,819,819,0,0
38,42,1,10,10,10,10,0,0,0,0
38,43,3,435,435,340,340,95,95,0,0
38,52,4,447,447,340,340,107,107,0,0
38,57,3,182,182,182,182,0,0,0,0
38,60,10,3339,3339,1631,1631,1708,1708,0,0
38,61,12,2274,2274,2090,2090,184,184,0,0
38,72,60,8862,8862,6578,6578,1222,1222,1063,1063
38,73,46,8214,8214,8214,8214,0,0,0,0
38,74,58,8084,8084,8084,8084,0,0,0,0
38,75,45,6452,6452,6452,6452,0,0,0,0
38,76,2,148,148,148,148,0,0,0,0
38,77,29,14198,14198,671,671,13527,13527,0,0
38,78,18,2986,2986,2986,2986,0,0,0,0
38,79,32,6739,6739,6709,6709,10,10,0,0
38,80,25,5874,5874,5208,5208,222,222,0,0
38,81,61,9473,9473,8118,8118,1355,1355,0,0
38,82,48,8134,8134,8134,8134,0,0,0,0
38,83,35,8035,8035,6667,6667,1368,1368,0,0
38,84,5,2029,2029,756,756,1273,1273,0,0
38,89,8,3092,3092,705,705,2388,2388,0,0
38,93,11,1662,1662,1283,1283,379,379,37,37
38,94,6,1166,1166,728,728,438,438,0,0
38,95,3,939,939,601,601,338,338,0,0
38,97,25,1817,1817,1706,1706,111,111,0,0
38,102,1,31,31,31,31,0,0,0,0
38,108,15,2969,2969,1123,1123,1846,1846,0,0
38,109,36,17717,17717,3165,3165,14553,14553,0,0
38,110,56,9301,9301,6140,6140,3161,3161,0,0
38,111,25,13536,13536,5558,5558,7978,7978,0,0
38,112,7,25397,25397,1471,1471,23925,23925,0,0
38,113,9,11593,11593,1957,1957,9636,9636,0,0
38,115,28,7162,7162,3984,3984,3178,3178,0,0
38,116,23,5003,5003,4441,4441,562,562,0,0
38,117,18,4402,4402,3809,3809,592,592,0,0
38,118,5,444,444,444,444,0,0,0,0
38,119,6,1212,1212,1012,1012,200,200,0,0
38,120,27,5193,5193,5193,5193,0,0,0,0
38,121,21,2756,2756,2756,2756,0,0,0,0
38,122,13,1794,1794,1794,1794,0,0,0,0
38,123,13,3237,3237,2689,2689,548,548,0,0
38,124,1,554,554,554,554,0,0,0,0
38,125,1,156,156,133,133,19,19,0,0
38,4,5,1420,1420,486,486,934,934,0,0
38,14,1,1281,1281,0,0,1281,1281,0,0
38,59,2,3206,3206,784,784,2422,2422,0,0
38,92,1,135,135,135,135,0,0,0,0
38,96,16,1884,1884,1552,1552,332,332,0,0
38,126,10,1694,1694,1440,1440,254,254,0,0
38,127,2,183,183,183,183,0,0,0,0
39,4,3,567,567,232,232,335,335,0,0
39,5,2,227,227,213,213,14,14,0,0
39,11,1,211,211,116,116,95,95,0,0
39,13,2,1463,1463,29,29,1434,1434,0,0
39,14,8,1707,1707,810,810,896,896,0,0
39,26,2,244,244,193,193,0,0,52,52
39,60,5,476,476,397,397,78,78,0,0
39,61,10,1566,1566,1458,1458,108,108,0,0
39,71,51,8314,8314,5845,5845,2415,2415,0,0
39,72,75,10763,10763,10354,10354,28,28,324,324
39,73,65,8543,8543,6630,6630,1863,1863,0,0
39,74,58,9496,9496,9496,9496,0,0,0,0
39,75,13,2422,2422,2422,2422,0,0,0,0
39,76,6,878,878,759,759,120,120,0,0
39,77,14,4890,4890,3521,3521,1369,1369,0,0
39,78,13,6843,6843,6843,6843,0,0,0,0
39,79,44,9412,9412,9412,9412,0,0,0,0
39,80,33,7765,7765,4841,4841,1158,1158,1766,1766
39,81,111,12622,12622,12455,12455,167,167,0,0
39,82,34,5610,5610,5591,5591,18,18,0,0
39,83,17,16133,16133,1554,1554,14579,14579,0,0
39,84,5,8041,8041,0,0,8041,8041,0,0
39,89,7,2365,2365,936,936,1429,1429,0,0
39,90,1,86,86,25,25,61,61,0,0
39,91,5,802,802,711,711,90,90,0,0
39,97,7,1605,1605,1451,1451,154,154,0,0
39,108,17,17173,17173,714,714,16460,16460,0,0
39,109,25,14087,14087,1376,1376,12711,12711,0,0
39,110,53,16868,16868,5419,5419,11451,11451,0,0
39,111,8,19285,19285,28,28,19257,19257,0,0
39,112,3,145,145,126,126,6,6,0,0
39,113,3,862,862,808,808,18,18,0,0
39,114,1,21,21,21,21,0,0,0,0
39,115,4,831,831,348,348,483,483,0,0
39,121,3,654,654,654,654,0,0,0,0
39,122,2,194,194,194,194,0,0,0,0
39,126,8,1207,1207,1115,1115,91,91,0,0
39,127,5,447,447,447,447,0,0,0,0
39,18,5,1313,1313,638,638,675,675,0,0
39,25,2,2435,2435,609,609,609,609,0,0
39,27,2,325,325,240,240,0,0,85,85
39,55,2,205,205,71,71,134,134,0,0
39,85,3,1375,1375,1375,1375,0,0,0,0
39,92,6,1023,1023,28,28,994,994,0,0
39,93,6,1204,1204,694,694,510,510,0,0
39,98,1,14,14,14,14,0,0,0,0
39,119,1,42,42,42,42,0,0,0,0
40,0,2,207,207,40,40,87,87,0,0
40,4,6,2428,2428,497,497,1931,1931,0,0
40,5,7,1326,1326,1326,1326,0,0,0,0
40,17,1,992,992,0,0,992,992,0,0
40,18,4,810,810,511,511,298,298,0,0
40,25,2,1952,1952,574,574,1112,1112,0,0
40,53,7,838,838,838,838,0,0,0,0
40,54,6,1383,1383,328,328,1026,1026,0,0
40,55,3,1308,1308,152,152,1156,1156,0,0
40,65,6,1170,1170,506,506,664,664,0,0
40,66,10,2396,2396,1815,1815,581,581,0,0
40,71,52,8245,8245,7625,7625,619,619,0,0
40,72,1,620,620,620,620,0,0,0,0
40,73,104,12960,12960,12888,12888,37,37,0,0
40,74,76,9737,9737,9737,9737,0,0,0,0
40,75,11,3211,3211,2570,2570,641,641,0,0
40,76,38,7335,7335,6224,6224,1110,1110,0,0
40,77,38,8583,8583,8583,8583,0,0,0,0
40,78,15,7259,7259,7259,7259,0,0,0,0
40,79,8,4477,4477,1184,1184,3293,3293,0,0
40,80,55,9441,9441,9080,9080,361,361,0,0
40,81,89,11236,11236,10382,10382,854,854,0,0
40,82,11,1677,1677,1677,1677,0,0,0,0
40,83,16,7529,7529,1196,1196,6334,6334,0,0
40,84,13,7722,7722,884,884,6402,6402,0,0
40,85,1,327,327,327,327,0,0,0,0
40,87,1,11,11,11,11,0,0,0,0
40,95,12,933,933,668,668,267,267,0,0
40,96,2,430,430,194,194,236,236,0,0
40,97,2,600,600,174,174,426,426,0,0
40,107,27,2331,2331,2324,2324,2,2,0,0
40,108,128,11279,11279,10861,10861,419,419,0,0
40,110,8,3556,3556,759,759,2797,2797,0,0
40,111,12,7680,7680,469,469,7211,7211,0,0
40,115,5,1819,1819,1562,1562,85,85,0,0
40,116,14,1679,1679,1251,1251,427,427,0,0
40,124,4,432,432,432,432,0,0,0,0
40,11,3,5124,5124,0,0,5124,5124,0,0
40,15,8,932,932,677,677,255,255,0,0
40,16,1,127,127,66,66,61,61,0,0
40,32,2,4539,4539,324,324,4215,4215,0,0
40,59,1,225,225,225,225,0,0,0,0
40,60,1,150,150,150,150,0,0,0,0
40,61,10,1366,1366,1366,1366,0,0,0,0
40,64,6,431,431,431,431,0,0,0,0
40,70,13,2535,2535,1807,1807,728,728,0,0
40,89,7,798,798,688,688,38,38,0,0
40,93,4,314,314,91,91,223,223,0,0
40,99,2,420,420,420,420,0,0,0,0
40,100,7,1326,1326,1326,1326,0,0,0,0
40,109,6,553,553,259,259,295,295,0,0
40,119,1,55,55,55,55,0,0,0,0
40,120,4,980,980,980,980,0,0,0,0
40,123,1,569,569,569,569,0,0,0,0
41,5,5,5949,5949,125,125,5822,5822,0,0
41,10,5,1132,1132,432,432,700,700,0,0
41,11,1,4752,4752,0,0,4752,4752,0,0
41,13,1,1060,1060,48,48,1012,1012,0,0
41,15,3,526,526,193,193,333,333,0,0
41,56,2,5015,5015,134,134,4880,4880,0,0
41,59,2,402,402,402,402,0,0,0,0
41,61,17,3787,3787,3787,3787,0,0,0,0
41,64,14,4011,4011,1281,1281,2732,2732,0,0
41,69,15,5852,5852,1398,1398,4455,4455,0,0
41,70,27,10178,10178,1905,1905,8274,8274,0,0
41,71,12,1667,1667,1116,1116,551,551,0,0
41,72,30,3330,3330,1881,1881,1449,1449,0,0
41,73,33,6297,6297,3075,3075,3221,3221,0,0
41,74,33,17475,17475,3941,3941,13534,13534,0,0
41,75,50,6093,6093,5666,5666,428,428,0,0
41,76,42,6899,6899,6899,6899,0,0,0,0
41,77,47,8333,8333,8333,8333,0,0,0,0
41,78,29,7723,7723,3386,3386,4337,4337,0,0
41,79,119,14979,14979,13309,13309,1390,1390,280,280
41,80,120,12531,12531,11772,11772,652,652,107,107
41,81,86,11781,11781,11781,11781,0,0,0,0
41,82,34,4760,4760,4760,4760,0,0,0,0
41,83,27,5270,5270,4449,4449,821,821,0,0
41,84,5,1558,1558,404,404,1153,1153,0,0
41,85,1,75,75,75,75,0,0,0,0
41,89,5,647,647,225,225,422,422,0,0
41,95,36,3320,3320,2327,2327,993,993,0,0
41,96,1,1247,1247,7,7,1240,1240,0,0
41,99,3,1007,1007,769,769,79,79,0,0
41,100,2,104,104,104,104,0,0,0,0
41,105,2,275,275,275,275,0,0,0,0
41,107,156,11921,11921,11529,11529,192,192,0,0
41,108,148,15596,15596,15596,15596,0,0,0,0
41,109,44,6359,6359,6359,6359,0,0,0,0
41,110,35,7527,7527,4284,4284,3243,3243,0,0
41,111,4,1976,1976,1976,1976,0,0,0,0
41,113,2,6234,6234,0,0,6234,6234,0,0
41,114,3,6828,6828,0,0,6828,6828,0,0
41,115,3,3703,3703,0,0,3703,3703,0,0
41,116,3,492,492,492,492,0,0,0,0
41,122,2,231,231,231,231,0,0,0,0
41,123,4,449,449,209,209,240,240,0,0
41,9,4,769,769,266,266,503,503,0,0
41,36,9,1240,1240,1077,1077,163,163,0,0
41,50,1,1889,1889,0,0,1889,1889,0,0
41,60,8,991,991,991,991,0,0,0,0
41,62,1,716,716,716,716,0,0,0,0
41,63,1,172,172,172,172,0,0,0,0
41,65,1,1051,1051,90,90,961,961,0,0
41,90,2,442,442,74,74,368,368,0,0
41,94,8,1450,1450,443,443,1007,1007,0,0
41,101,2,62,62,62,62,0,0,0,0
41,106,7,549,549,549,549,0,0,0,0
42,5,4,2247,2247,0,0,2247,2247,0,0
42,7,2,3634,3634,0,0,3634,3634,0,0
42,9,12,1133,1133,977,977,155,155,0,0
42,18,6,951,951,455,455,496,496,0,0
42,36,1,145,145,145,145,0,0,0,0
42,37,10,1983,1983,1277,1277,600,600,0,0
42,60,56,7889,7889,7889,7889,0,0,0,0
42,61,55,9169,9169,9169,9169,0,0,0,0
42,62,28,6253,6253,6253,6253,0,0,0,0
42,63,38,7104,7104,6411,6411,692,692,0,0
42,64,35,9706,9706,6660,6660,3047,3047,0,0
42,65,31,6827,6827,4176,4176,2595,2595,0,0
42,66,7,789,789,789,789,0,0,0,0
42,67,1,294,294,17,17,277,277,0,0
42,68,13,16465,16465,1360,1360,15106,15106,0,0
42,69,17,7624,7624,1291,1291,6333,6333,0,0
42,70,7,1252,1252,1252,1252,0,0,0,0
42,72,24,2109,2109,1537,1537,572,572,0,0
42,73,15,4040,4040,1175,1175,2865,2865,0,0
42,74,13,4437,4437,1297,1297,3139,3139,0,0
42,75,41,4444,4444,4217,4217,228,228,0,0
42,76,62,9681,9681,8769,8769,912,912,0,0
42,77,17,7123,7123,3780,3780,3344,3344,0,0
42,78,54,8283,8283,7635,7635,650,650,0,0
42,79,116,13310,13310,13310,13310,0,0,0,0
42,80,94,11368,11368,11110,11110,259,259,0,0
42,81,90,9967,9967,8292,8292,1674,1674,0,0
42,82,44,8157,8157,5731,5731,2427,2427,0,0
42,83,86,8467,8467,7906,7906,562,562,0,0
42,84,43,5560,5560,4946,4946,614,614,0,0
42,85,35,5098,5098,4635,4635,463,463,0,0
42,86,5,648,648,648,648,0,0,0,0
42,90,2,1174,1174,349,349,825,825,0,0
42,91,4,294,294,222,222,72,72,0,0
42,93,6,761,761,628,628,133,133,0,0
42,94,14,1492,1492,1073,1073,419,419,0,0
42,96,2,374,374,148,148,226,226,0,0
42,97,1,112,112,38,38,74,74,0,0
42,98,9,992,992,879,879,113,113,0,0
42,99,27,2700,2700,2172,2172,527,527,0,0
42,100,18,1925,1925,1717,1717,208,208,0,0
42,101,40,4096,4096,4096,4096,0,0,0,0
42,102,45,4122,4122,3712,3712,410,410,0,0
42,105,22,2388,2388,2388,2388,0,0,0,0
42,106,87,11772,11772,10468,10468,1304,1304,0,0
42,107,115,13241,13241,11545,11545,1696,1696,0,0
42,108,61,7587,7587,7587,7587,0,0,0,0
42,109,8,5550,5550,4246,4246,435,435,0,0
42,110,4,1568,1568,1568,1568,0,0,0,0
42,111,6,549,549,549,549,0,0,0,0
42,115,1,3547,3547,0,0,3547,3547,0,0
42,121,2,2642,2642,0,0,2642,2642,0,0
42,123,11,812,812,812,812,0,0,0,0
42,3,1,2093,2093,0,0,2093,2093,0,0
42,38,1,54,54,54,54,0,0,0,0
42,50,1,121,121,121,121,0,0,0,0
42,56,7,3777,3777,420,420,3358,3358,0,0
42,57,3,884,884,627,627,258,258,0,0
42,59,9,1163,1163,951,951,211,211,0,0
42,103,15,1219,1219,939,939,280,280,0,0
42,104,10,1346,1346,774,774,572,572,0,0
42,112,1,1637,1637,0,0,1637,1637,0,0
42,113,9,2238,2238,1454,1454,784,784,0,0
42,114,3,711,711,560,560,151,151,0,0
42,118,1,351,351,278,278,73,73,0,0
42,122,9,1438,1438,630,630,808,808,0,0
42,127,5,828,828,828,828,0,0,0,0
43,7,8,2688,2688,612,612,2075,2075,0,0
43,30,8,7864,7864,401,401,7463,7463,0,0
43,38,1,394,394,394,394,0,0,0,0
43,54,1,1741,1741,0,0,1741,1741,0,0
43,55,10,3042,3042,769,769,2272,2272,0,0
43,56,6,3064,3064,243,243,2820,2820,0,0
43,57,45,5238,5238,4903,4903,335,335,0,0
43,58,55,6683,6683,6577,6577,106,106,0,0
43,60,43,7684,7684,5424,5424,2260,2260,0,0
43,61,90,10890,10890,9689,9689,1200,1200,0,0
43,62,100,13765,13765,13407,13407,357,357,0,0
43,63,54,10072,10072,10072,10072,0,0,0,0
43,64,42,13457,13457,8370,8370,5087,5087,0,0
43,65,23,5950,5950,4645,4645,799,799,0,0
43,67,8,11219,11219,1275,1275,9943,9943,0,0
43,68,16,9207,9207,719,719,8488,8488,0,0
43,73,4,363,363,363,363,0,0,0,0
43,74,1,307,307,307,307,0,0,0,0
43,76,117,10858,10858,10452,10452,406,406,0,0
43,77,137,16865,16865,13390,13390,3475,3475,0,0
43,78,84,9628,9628,9628,9628,0,0,0,0
43,79,72,6595,6595,6595,6595,0,0,0,0
43,80,136,10398,10398,9012,9012,1386,1386,0,0
43,81,60,3993,3993,3993,3993,0,0,0,0
43,82,13,971,971,971,971,0,0,0,0
43,83,1,203,203,0,0,203,203,0,0
43,84,19,3495,3495,1944,1944,1474,1474,76,76
43,89,17,1833,1833,915,915,900,900,0,0
43,90,8,1709,1709,861,861,848,848,0,0
43,101,23,1918,1918,1918,1918,0,0,0,0
43,102,16,2874,2874,2874,2874,0,0,0,0
43,103,1,178,178,178,178,0,0,0,0
43,104,37,3683,3683,2511,2511,1171,1171,0,0
43,105,90,12225,12225,12116,12116,109,109,0,0
43,106,122,13777,13777,13442,13442,337,337,0,0
43,107,26,10190,10190,4934,4934,5256,5256,0,0
43,108,39,6761,6761,6761,6761,0,0,0,0
43,109,7,2985,2985,2985,2985,0,0,0,0
43,110,5,1678,1678,1064,1064,614,614,0,0
43,112,3,6463,6463,0,0,6463,6463,0,0
43,113,1,1841,1841,0,0,1841,1841,0,0
43,114,13,2327,2327,2279,2279,16,16,0,0
43,115,12,1587,1587,1587,1587,0,0,0,0
43,116,5,450,450,450,450,0,0,0,0
43,117,10,2147,2147,1916,1916,231,231,0,0
43,118,7,1287,1287,1102,1102,185,185,0,0
43,121,11,1217,1217,1159,1159,58,58,0,0
43,122,9,1792,1792,1032,1032,760,760,0,0
43,124,8,1774,1774,547,547,1227,1227,0,0
43,1,1,2731,2731,0,0,2731,2731,0,0
43,4,10,2865,2865,1116,1116,1750,1750,0,0
43,8,3,804,804,365,365,439,439,0,0
43,9,1,118,118,118,118,0,0,0,0
43,29,3,2035,2035,318,318,1716,1716,0,0
43,34,1,170,170,43,43,43,43,0,0
43,46,1,176,176,0,0,176,176,0,0
43,47,4,2049,2049,452,452,1597,1597,0,0
43,59,21,3961,3961,3961,3961,0,0,0,0
43,66,7,817,817,516,516,100,100,0,0
43,75,20,1846,1846,1846,1846,0,0,0,0
43,88,2,212,212,212,212,0,0,0,0
43,100,7,477,477,477,477,0,0,0,0
43,119,6,1106,1106,1106,1106,0,0,0,0
43,120,3,610,610,610,610,0,0,0,0
43,123,1,1081,1081,1081,1081,0,0,0,0
43,125,1,1155,1155,0,0,1155,1155,0,0
44,4,15,2655,2655,1324,1324,1331,1331,0,0
44,5,9,4698,4698,521,521,4178,4178,0,0
44,8,4,3384,3384,94,94,3291,3291,0,0
44,26,1,817,817,204,204,204,204,0,0
44,29,5,3593,3593,573,573,3020,3020,0,0
44,38,1,279,279,0,0,279,279,0,0
44,39,4,753,753,477,477,276,276,0,0
44,47,2,433,433,433,433,0,0,0,0
44,50,10,2289,2289,1413,1413,876,876,0,0
44,51,4,1462,1462,655,655,807,807,0,0
44,54,4,807,807,601,601,205,205,0,0
44,55,4,889,889,443,443,446,446,0,0
44,56,27,3159,3159,2648,2648,491,491,0,0
44,57,3,1020,1020,1020,1020,0,0,0,0
44,58,38,3582,3582,3296,3296,275,275,0,0
44,59,17,6052,6052,2238,2238,2217,2217,1598,1598
44,60,49,8272,8272,6407,6407,1742,1742,0,0
44,61,41,6007,6007,5918,5918,30,30,0,0
44,62,106,11488,11488,10891,10891,597,597,0,0
44,63,64,9793,9793,8053,8053,1740,1740,0,0
44,64,6,5455,5455,1255,1255,4200,4200,0,0
44,65,8,8637,8637,1947,1947,6589,6589,0,0
44,67,3,5776,5776,188,188,5587,5587,0,0
44,68,10,8218,8218,973,973,7245,7245,0,0
44,69,1,1608,1608,1,1,1607,1607,0,0
44,72,4,426,426,426,426,0,0,0,0
44,73,25,6019,6019,1675,1675,4344,4344,0,0
44,75,63,9400,9400,8595,8595,804,804,0,0
44,76,111,12895,12895,12698,12698,170,170,0,0
44,77,86,14772,14772,13862,13862,911,911,0,0
44,78,33,6305,6305,6305,6305,0,0,0,0
44,80,6,1726,1726,799,799,926,926,0,0
44,81,6,989,989,989,989,0,0,0,0
44,91,2,1218,1218,321,321,896,896,0,0
44,101,10,754,754,754,754,0,0,0,0
44,102,57,3550,3550,3550,3550,0,0,0,0
44,103,46,3756,3756,3756,3756,0,0,0,0
44,104,83,9966,9966,9966,9966,0,0,0,0
44,105,59,11073,11073,8259,8259,1287,1287,1526,1526
44,106,85,8504,8504,8311,8311,195,195,0,0
44,107,16,3517,3517,3517,3517,0,0,0,0
44,108,20,3520,3520,3154,3154,366,366,0,0
44,109,11,4497,4497,2576,2576,1921,1921,0,0
44,110,10,15420,15420,2812,2812,12608,12608,0,0
44,111,2,570,570,94,94,476,476,0,0
44,112,2,3266,3266,0,0,3266,3266,0,0
44,116,4,1255,1255,539,539,716,716,0,0
44,117,9,8784,8784,679,679,8105,8105,0,0
44,118,32,3515,3515,3515,3515,0,0,0,0
44,119,38,5090,5090,5089,5089,2,2,0,0
44,120,5,1433,1433,519,519,914,914,0,0
44,121,1,127,127,32,32,32,32,0,0
44,3,4,3277,3277,498,498,2779,2779,0,0
44,6,1,113,113,113,113,0,0,0,0
44,9,9,1341,1341,770,770,571,571,0,0
44,18,4,576,576,398,398,177,177,0,0
44,20,2,1867,1867,12,12,1855,1855,0,0
44,24,4,863,863,216,216,216,216,0,0
44,28,9,2533,2533,1498,1498,1033,1033,0,0
44,46,5,1326,1326,793,793,532,532,0,0
44,52,4,889,889,391,391,498,498,0,0
44,53,1,402,402,402,402,0,0,0,0
44,66,3,4940,4940,82,82,4857,4857,0,0
44,74,2,311,311,311,311,0,0,0,0
44,89,1,2003,2003,0,0,2003,2003,0,0
44,90,2,394,394,338,338,56,56,0,0
44,92,1,1246,1246,112,112,1134,1134,0,0
44,93,4,973,973,627,627,346,346,0,0
44,115,3,614,614,614,614,0,0,0,0
45,4,10,1632,1632,1119,1119,513,513,0,0
45,9,1,531,531,169,169,362,362,0,0
45,18,5,1039,1039,346,346,693,693,0,0
45,20,1,607,607,108,108,499,499,0,0
45,38,4,438,438,315,315,122,122,0,0
45,42,13,1967,1967,1126,1126,841,841,0,0
45,46,11,3464,3464,1144,1144,2244,2244,76,76
45,51,2,449,449,449,449,0,0,0,0
45,52,17,2466,2466,1627,1627,839,839,0,0
45,53,1,178,178,18,18,160,160,0,0
45,61,29,4486,4486,4486,4486,0,0,0,0
45,62,70,10648,10648,10231,10231,416,416,0,0
45,63,43,8788,8788,8788,8788,0,0,0,0
45,64,13,3050,3050,3050,3050,0,0,0,0
45,66,7,11908,11908,856,856,11054,11054,0,0
45,67,1,29,29,7,7,7,7,0,0
45,74,6,1073,1073,1073,1073,0,0,0,0
45,75,65,8029,8029,7758,7758,271,271,0,0
45,76,102,12481,12481,11959,11959,523,523,0,0
45,77,94,14653,14653,12608,12608,789,789,1083,1083
45,78,45,7528,7528,5013,5013,1461,1461,972,972
45,79,5,1065,1065,701,701,364,364,0,0
45,80,15,2166,2166,1385,1385,781,781,0,0
45,81,2,125,125,125,125,0,0,0,0
45,89,4,446,446,199,199,247,247,0,0
45,90,5,680,680,305,305,376,376,0,0
45,92,1,50,50,49,49,1,1,0,0
45,93,1,297,297,290,290,7,7,0,0
45,96,28,4803,4803,3269,3269,1533,1533,0,0
45,102,35,3647,3647,2970,2970,677,677,0,0
45,103,15,1808,1808,1808,1808,0,0,0,0
45,104,29,6666,6666,4615,4615,2051,2051,0,0
45,105,78,9212,9212,8460,8460,744,744,7,7
45,106,79,7843,7843,7546,7546,297,297,0,0
45,107,6,3596,3596,3596,3596,0,0,0,0
45,108,20,7051,7051,6225,6225,817,817,0,0
45,109,2,3563,3563,0,0,3563,3563,0,0
45,110,2,1992,1992,12,12,1980,1980,0,0
45,111,1,203,203,203,203,0,0,0,0
45,115,18,1797,1797,1585,1585,212,212,0,0
45,119,1,76,76,76,76,0,0,0,0
45,120,4,666,666,319,319,116,116,0,0
45,121,4,566,566,566,566,0,0,0,0
45,123,3,425,425,425,425,0,0,0,0
45,126,3,400,400,400,400,0,0,0,0
45,3,5,586,586,580,580,6,6,0,0
45,5,1,1685,1685,0,0,1685,1685,0,0
45,8,3,331,331,331,331,0,0,0,0
45,22,6,3597,3597,449,449,3116,3116,0,0
45,23,1,1308,1308,0,0,1308,1308,0,0
45,37,1,221,221,221,221,0,0,0,0
45,40,1,961,961,171,171,791,791,0,0
45,49,1,789,789,789,789,0,0,0,0
45,50,3,2622,2622,2622,2622,0,0,0,0
45,94,1,13,13,13,13,0,0,0,0
45,97,5,717,717,231,231,486,486,0,0
45,98,2,808,808,68,68,740,740,0,0
45,99,1,673,673,47,47,626,626,0,0
45,112,1,43,43,43,43,0,0,0,0
45,113,1,291,291,291,291,0,0,0,0
45,116,2,365,365,365,365,0,0,0,0
45,117,2,204,204,204,204,0,0,0,0
45,125,2,298,298,298,298,0,0,0,0
45,127,1,56,56,56,56,0,0,0,0
46,2,6,1940,1940,462,462,1479,1479,0,0
46,3,4,1640,1640,78,78,1561,1561,0,0
46,4,3,4385,4385,67,67,4318,4318,0,0
46,7,6,981,981,710,710,271,271,0,0
46,18,38,4901,4901,4235,4235,665,665,0,0
46,20,18,2947,2947,2679,2679,268,268,0,0
46,22,3,1529,1529,67,67,1463,1463,0,0
46,38,3,581,581,353,353,228,228,0,0
46,39,6,11108,11108,1097,1097,10010,10010,0,0
46,46,6,5093,5093,32,32,5061,5061,0,0
46,54,1,166,166,166,166,0,0,0,0
46,55,3,393,393,217,217,176,176,0,0
46,56,1,13,13,13,13,0,0,0,0
46,57,1,245,245,245,245,0,0,0,0
46,59,1,119,119,119,119,0,0,0,0
46,61,62,7273,7273,7273,7273,0,0,0,0
46,62,50,7208,7208,7208,7208,0,0,0,0
46,63,17,5238,5238,4852,4852,386,386,0,0
46,64,8,1794,1794,1180,1180,614,614,0,0
46,71,8,855,855,855,855,0,0,0,0
46,73,2,356,356,263,263,31,31,0,0
46,74,57,5527,5527,5527,5527,0,0,0,0
46,75,105,12354,12354,12354,12354,0,0,0,0
46,76,116,14012,14012,11948,11948,2023,2023,0,0
46,77,98,11217,11217,11101,11101,116,116,0,0
46,78,9,1786,1786,1272,1272,291,291,0,0
46,79,18,4837,4837,2507,2507,2330,2330,0,0
46,89,5,4036,4036,1052,1052,2984,2984,0,0
46,90,1,113,113,113,113,0,0,0,0
46,96,10,1305,1305,883,883,421,421,0,0
46,97,1,212,212,207,207,5,5,0,0
46,99,9,2008,2008,626,626,1382,1382,0,0
46,101,7,799,799,648,648,151,151,0,0
46,102,25,4014,4014,3816,3816,198,198,0,0
46,103,8,8350,8350,5300,5300,3050,3050,0,0
46,104,36,6764,6764,6764,6764,0,0,0,0
46,105,81,11235,11235,11171,11171,64,64,0,0
46,106,48,6698,6698,6605,6605,93,93,0,0
46,107,27,6259,6259,6259,6259,0,0,0,0
46,108,14,8195,8195,8195,8195,0,0,0,0
46,109,6,2932,2932,2932,2932,0,0,0,0
46,119,13,1425,1425,1377,1377,16,16,0,0
46,120,3,355,355,355,355,0,0,0,0
46,122,1,221,221,221,221,0,0,0,0
46,123,12,3202,3202,1489,1489,1657,1657,0,0
46,124,3,610,610,296,296,315,315,0,0
46,125,1,29,29,29,29,0,0,0,0
46,15,1,923,923,0,0,923,923,0,0
46,17,2,394,394,394,394,0,0,0,0
46,19,6,757,757,757,757,0,0,0,0
46,29,5,696,696,381,381,315,315,0,0
46,35,1,147,147,147,147,0,0,0,0
46,37,3,305,305,138,138,167,167,0,0
46,42,2,224,224,224,224,0,0,0,0
46,60,13,2065,2065,1993,1993,72,72,0,0
46,88,4,3223,3223,246,246,2978,2978,0,0
46,98,2,692,692,167,167,525,525,0,0
46,100,3,192,192,192,192,0,0,0,0
46,110,3,536,536,316,316,220,220,0,0
46,116,4,273,273,33,33,240,240,0,0
46,118,4,464,464,257,257,207,207,0,0
46,121,4,352,352,352,352,0,0,0,0
46,126,2,3717,3717,49,49,3668,3668,0,0
46,127,1,2786,2786,0,0,2786,2786,0,0
47,0,1,321,321,321,321,0,0,0,0
47,6,6,664,664,290,290,375,375,0,0
47,7,5,921,921,224,224,697,697,0,0
47,15,11,3635,3635,1058,1058,2577,2577,0,0
47,16,8,1581,1581,1578,1578,3,3,0,0
47,17,43,6882,6882,6878,6878,3,3,0,0
47,18,44,5879,5879,4688,4688,1044,1044,0,0
47,19,24,2327,2327,2191,2191,136,136,0,0
47,20,2,994,994,65,65,929,929,0,0
47,28,3,7620,7620,0,0,7620,7620,0,0
47,29,3,637,637,103,103,534,534,0,0
47,35,6,931,931,396,396,508,508,0,0
47,36,29,3246,3246,2506,2506,740,740,0,0
47,40,2,951,951,410,410,541,541,0,0
47,44,1,58,58,58,58,0,0,0,0
47,50,2,7030,7030,0,0,7030,7030,0,0
47,52,2,2451,2451,0,0,2451,2451,0,0
47,58,9,3293,3293,1200,1200,2093,2093,0,0
47,59,2,635,635,635,635,0,0,0,0
47,60,52,8250,8250,7699,7699,550,550,0,0
47,61,40,7707,7707,7707,7707,0,0,0,0
47,62,9,1628,1628,1448,1448,180,180,0,0
47,63,23,7373,7373,4027,4027,3345,3345,0,0
47,64,7,6062,6062,949,949,5112,5112,0,0
47,65,1,35,35,35,35,0,0,0,0
47,69,12,2090,2090,442,442,1648,1648,0,0
47,74,77,5902,5902,5483,5483,419,419,0,0
47,75,70,6861,6861,6861,6861,0,0,0,0
47,76,26,3475,3475,2633,2633,842,842,0,0
47,77,3,554,554,554,554,0,0,0,0
47,78,5,871,871,871,871,0,0,0,0
47,88,8,6793,6793,531,531,6262,6262,0,0
47,89,4,8925,8925,36,36,8889,8889,0,0
47,95,20,3034,3034,1408,1408,1626,1626,0,0
47,97,12,1161,1161,933,933,228,228,0,0
47,98,21,1988,1988,1735,1735,253,253,0,0
47,99,7,1047,1047,769,769,278,278,0,0
47,102,6,1471,1471,1471,1471,0,0,0,0
47,103,10,5384,5384,5384,5384,0,0,0,0
47,104,16,6750,6750,5068,5068,1682,1682,0,0
47,105,26,5408,5408,4802,4802,606,606,0,0
47,106,31,8519,8519,7110,7110,1410,1410,0,0
47,108,2,7223,7223,7207,7207,16,16,0,0
47,109,1,986,986,986,986,0,0,0,0
47,110,2,384,384,119,119,265,265,0,0
47,118,12,5425,5425,1349,1349,4076,4076,0,0
47,119,8,1184,1184,868,868,317,317,0,0
47,123,1,492,492,93,93,399,399,0,0
47,124,6,4397,4397,947,947,3450,3450,0,0
47,22,7,684,684,269,269,416,416,0,0
47,25,1,608,608,0,0,608,608,0,0
47,26,1,1556,1556,523,523,1034,1034,0,0
47,34,1,290,290,47,47,242,242,0,0
47,46,2,379,379,379,379,0,0,0,0
47,51,3,405,405,369,369,36,36,0,0
47,53,3,454,454,212,212,242,242,0,0
47,71,8,1073,1073,1073,1073,0,0,0,0
47,93,7,487,487,244,244,243,243,0,0
47,94,4,351,351,318,318,32,32,0,0
47,96,23,2131,2131,1791,1791,340,340,0,0
47,111,5,985,985,985,985,0,0,0,0
47,112,2,444,444,87,87,357,357,0,0
47,113,1,201,201,97,97,104,104,0,0
47,114,3,703,703,212,212,492,492,0,0
47,116,3,799,799,299,299,434,434,0,0
47,117,8,4659,4659,1041,1041,3618,3618,0,0
48,13,3,1411,1411,278,278,1133,1133,0,0
48,14,2,300,300,300,300,0,0,0,0
48,15,43,5443,5443,5443,5443,0,0,0,0
48,16,64,9176,9176,7269,7269,1521,1521,386,386
48,17,30,10401,10401,3557,3557,6844,6844,0,0
48,25,5,13706,13706,0,0,13706,13706,0,0
48,54,1,196,196,196,196,0,0,0,0
48,56,9,1878,1878,1821,1821,19,19,0,0
48,58,1,207,207,207,207,0,0,0,0
48,60,39,7342,7342,4500,4500,2841,2841,0,0
48,61,22,3249,3249,2772,2772,476,476,0,0
48,63,18,2523,2523,1973,1973,550,550,0,0
48,64,2,181,181,181,181,0,0,0,0
48,66,17,2602,2602,1817,1817,417,417,0,0
48,69,2,230,230,230,230,0,0,0,0
48,70,1,86,86,86,86,0,0,0,0
48,71,2,1800,1800,249,249,1551,1551,0,0
48,72,2,921,921,9,9,912,912,0,0
48,73,1,137,137,137,137,0,0,0,0
48,74,55,5297,5297,5297,5297,0,0,0,0
48,77,4,603,603,603,603,0,0,0,0
48,88,2,438,438,168,168,270,270,0,0
48,89,1,1299,1299,0,0,1299,1299,0,0
48,90,13,3533,3533,1470,1470,2064,2064,0,0
48,93,5,796,796,549,549,247,247,0,0
48,95,7,861,861,692,692,170,170,0,0
48,101,13,1307,1307,395,395,912,912,0,0
48,102,25,2662,2662,2390,2390,272,272,0,0
48,104,16,8964,8964,3986,3986,4980,4980,0,0
48,105,25,8739,8739,4066,4066,2834,2834,0,0
48,106,13,4236,4236,3888,3888,349,349,0,0
48,107,4,1786,1786,1261,1261,524,524,0,0
48,111,9,2160,2160,1999,1999,54,54,0,0
48,114,10,3410,3410,2091,2091,1319,1319,0,0
48,118,3,1490,1490,1490,1490,0,0,0,0
48,119,40,6367,6367,6321,6321,15,15,0,0
48,120,53,8811,8811,8811,8811,0,0,0,0
48,121,45,5764,5764,5764,5764,0,0,0,0
48,122,18,3518,3518,3103,3103,415,415,0,0
48,123,22,4586,4586,4586,4586,0,0,0,0
48,124,5,1168,1168,1168,1168,0,0,0,0
48,125,13,2093,2093,1250,1250,841,841,0,0
48,11,3,2352,2352,527,527,1825,1825,0,0
48,19,6,3193,3193,482,482,2711,2711,0,0
48,20,1,1951,1951,60,60,1891,1891,0,0
48,21,1,208,208,156,156,52,52,0,0
48,24,1,171,171,171,171,0,0,0,0
48,34,10,2943,2943,1374,1374,1569,1569,0,0
48,35,19,2970,2970,2699,2699,271,271,0,0
48,55,4,755,755,755,755,0,0,0,0
48,62,1,14,14,14,14,0,0,0,0
48,68,1,22,22,22,22,0,0,0,0
48,75,1,87,87,87,87,0,0,0,0
48,76,1,15,15,4,4,4,4,0,0
48,92,1,343,343,343,343,0,0,0,0
48,96,1,1332,1332,0,0,1332,1332,0,0
48,98,4,349,349,349,349,0,0,0,0
48,103,3,360,360,114,114,246,246,0,0
48,126,17,5139,5139,1681,1681,3457,3457,0,0
48,127,2,2065,2065,524,524,1542,1542,0,0
49,15,30,5757,5757,4049,4049,1708,1708,0,0
49,16,31,4938,4938,3786,3786,1153,1153,0,0
49,18,5,2156,2156,371,371,1784,1784,0,0
49,21,2,1406,1406,54,54,1353,1353,0,0
49,33,13,2149,2149,1368,1368,781,781,0,0
49,34,33,6428,6428,5291,5291,808,808,328,328
49,35,22,3387,3387,2698,2698,689,689,0,0
49,54,8,2649,2649,1293,1293,1357,1357,0,0
49,56,5,957,957,957,957,0,0,0,0
49,58,9,5155,5155,103,103,5053,5053,0,0
49,61,13,2728,2728,2668,2668,60,60,0,0
49,63,4,464,464,375,375,88,88,0,0
49,64,6,611,611,611,611,0,0,0,0
49,65,1,68,68,68,68,0,0,0,0
49,66,9,1460,1460,702,702,759,759,0,0
49,69,20,4392,4392,2331,2331,2062,2062,0,0
49,72,10,1556,1556,1071,1071,485,485,0,0
49,73,14,4594,4594,1283,1283,3311,3311,0,0
49,74,43,4744,4744,4114,4114,630,630,0,0
49,94,7,1067,1067,864,864,203,203,0,0
49,96,2,348,348,79,79,269,269,0,0
49,97,7,1063,1063,488,488,575,575,0,0
49,98,8,744,744,639,639,105,105,0,0
49,99,10,2091,2091,901,901,1189,1189,0,0
49,101,15,1726,1726,895,895,830,830,0,0
49,102,1,149,149,149,149,0,0,0,0
49,104,1,2281,2281,21,21,2259,2259,0,0
49,105,2,532,532,532,532,0,0,0,0
49,106,4,975,975,975,975,0,0,0,0
49,108,3,3354,3354,31,31,3322,3322,0,0
49,111,2,195,195,195,195,0,0,0,0
49,118,18,2234,2234,2234,2234,0,0,0,0
49,119,63,8016,8016,8016,8016,0,0,0,0
49,120,71,11376,11376,10093,10093,1283,1283,0,0
49,121,72,9088,9088,8076,8076,1012,1012,0,0
49,122,20,7989,7989,2736,2736,5253,5253,0,0
49,123,6,3234,3234,3234,3234,0,0,0,0
49,124,25,3021,3021,2760,2760,261,261,0,0
49,125,23,12337,12337,3073,3073,9263,9263,0,0
49,126,25,13196,13196,3342,3342,9855,9855,0,0
49,127,30,11401,11401,4189,4189,7211,7211,0,0
49,10,1,2788,2788,0,0,2788,2788,0,0
49,11,15,3482,3482,1301,1301,2180,2180,0,0
49,12,2,159,159,159,159,0,0,0,0
49,14,3,1657,1657,713,713,944,944,0,0
49,20,1,1437,1437,0,0,1437,1437,0,0
49,30,7,2729,2729,486,486,2243,2243,0,0
49,42,1,272,272,272,272,0,0,0,0
49,43,3,2302,2302,1035,1035,1267,1267,0,0
49,51,1,483,483,0,0,482,482,0,0
49,53,6,1066,1066,319,319,746,746,0,0
49,55,1,62,62,62,62,0,0,0,0
49,59,2,212,212,212,212,0,0,0,0
49,78,1,68,68,68,68,0,0,0,0
49,88,4,733,733,733,733,0,0,0,0
49,90,6,1338,1338,531,531,807,807,0,0
49,95,1,74,74,74,74,0,0,0,0
49,109,1,1130,1130,0,0,1130,1130,0,0
49,110,3,408,408,367,367,33,33,0,0
50,11,4,964,964,368,368,595,595,0,0
50,14,4,1925,1925,492,492,1434,1434,0,0
50,15,5,2099,2099,543,543,1556,1556,0,0
50,17,14,3443,3443,1051,1051,2392,2392,0,0
50,18,10,2794,2794,453,453,2341,2341,0,0
50,20,2,1650,1650,1,1,1648,1648,0,0
50,21,1,291,291,41,41,250,250,0,0
50,29,5,1812,1812,873,873,939,939,0,0
50,30,4,446,446,446,446,0,0,0,0
50,33,7,1156,1156,1019,1019,137,137,0,0
50,34,8,8548,8548,780,780,7768,7768,0,0
50,42,1,391,391,0,0,391,391,0,0
50,43,4,653,653,653,653,0,0,0,0
50,53,6,464,464,464,464,0,0,0,0
50,54,1,4914,4914,0,0,4914,4914,0,0
50,57,1,66,66,66,66,0,0,0,0
50,58,8,3198,3198,717,717,2482,2482,0,0
50,59,17,2056,2056,2050,2050,6,6,0,0
50,70,7,651,651,651,651,0,0,0,0
50,72,17,2008,2008,2008,2008,0,0,0,0
50,73,7,1529,1529,471,471,1058,1058,0,0
50,85,4,1178,1178,586,586,547,547,0,0
50,87,2,448,448,194,194,254,254,0,0
50,90,1,819,819,0,0,819,819,0,0
50,96,5,582,582,485,485,97,97,0,0
50,100,5,407,407,367,367,41,41,0,0
50,101,5,412,412,412,412,0,0,0,0
50,106,10,2556,2556,889,889,1667,1667,0,0
50,107,1,2583,2583,0,0,2583,2583,0,0
50,108,2,3592,3592,55,55,3537,3537,0,0
50,118,11,1344,1344,1344,1344,0,0,0,0
50,119,5,2230,2230,2230,2230,0,0,0,0
50,120,78,7414,7414,6483,6483,931,931,0,0
50,121,55,5527,5527,5393,5393,45,45,0,0
50,122,49,6617,6617,5871,5871,660,660,0,0
50,123,89,11720,11720,11183,11183,537,537,0,0
50,124,95,9989,9989,9836,9836,153,153,0,0
50,125,31,6119,6119,6119,6119,0,0,0,0
50,10,1,332,332,332,332,0,0,0,0
50,16,3,1481,1481,374,374,1107,1107,0,0
50,39,2,98,98,98,98,0,0,0,0
50,49,3,424,424,146,146,278,278,0,0
50,52,1,466,466,161,161,305,305,0,0
50,63,1,26,26,7,7,7,7,0,0
50,68,3,5130,5130,0,0,5130,5130,0,0
50,71,1,857,857,44,44,813,813,0,0
50,75,4,3068,3068,237,237,2832,2832,0,0
50,91,4,713,713,335,335,378,378,0,0
50,92,2,1026,1026,192,192,834,834,0,0
50,95,4,1389,1389,399,399,991,991,0,0
50,117,1,886,886,0,0,886,886,0,0
50,126,6,578,578,571,571,7,7,0,0
50,127,1,247,247,146,146,102,102,0,0
51,7,11,5533,5533,728,728,4805,4805,0,0
51,9,1,3085,3085,0,0,3085,3085,0,0
51,10,1,2752,2752,0,0,2752,2752,0,0
51,13,6,2372,2372,984,984,1388,1388,0,0
51,14,11,2909,2909,953,953,1956,1956,0,0
51,15,11,1940,1940,1552,1552,387,387,0,0
51,17,3,1496,1496,98,98,1398,1398,0,0
51,28,2,939,939,299,299,640,640,0,0
51,29,9,1546,1546,610,610,936,936,0,0
51,35,6,612,612,612,612,0,0,0,0
51,39,10,1949,1949,1352,1352,597,597,0,0
51,49,5,1575,1575,221,221,1155,1155,0,0
51,55,3,405,405,405,405,0,0,0,0
51,57,6,1009,1009,856,856,153,153,0,0
51,58,5,3279,3279,462,462,2817,2817,0,0
51,60,3,1275,1275,113,113,1162,1162,0,0
51,61,2,705,705,705,705,0,0,0,0
51,72,8,1304,1304,1304,1304,0,0,0,0
51,73,1,372,372,372,372,0,0,0,0
51,75,14,3730,3730,1329,1329,2401,2401,0,0
51,81,1,23,23,6,6,6,6,0,0
51,85,7,4253,4253,841,841,3412,3412,0,0
51,90,5,851,851,791,791,60,60,0,0
51,95,9,1840,1840,474,474,1366,1366,0,0
51,107,3,2575,2575,146,146,2429,2429,0,0
51,113,4,347,347,171,171,176,176,0,0
51,118,4,239,239,154,154,85,85,0,0
51,120,3,4678,4678,1,1,4677,4677,0,0
51,121,19,11772,11772,1803,1803,9967,9967,0,0
51,122,36,4508,4508,4508,4508,0,0,0,0
51,123,35,4596,4596,4596,4596,0,0,0,0
51,124,25,3894,3894,3894,3894,0,0,0,0
51,125,19,4003,4003,3887,3887,116,116,0,0
51,126,36,4881,4881,4881,4881,0,0,0,0
51,127,20,3015,3015,2491,2491,524,524,0,0
51,16,1,205,205,205,205,0,0,0,0
51,19,4,642,642,642,642,0,0,0,0
51,66,1,654,654,654,654,0,0,0,0
51,69,6,713,713,713,713,0,0,0,0
51,70,6,1128,1128,660,660,469,469,0,0
51,71,2,486,486,486,486,0,0,0,0
51,74,11,1627,1627,1331,1331,295,295,0,0
51,91,6,1839,1839,1074,1074,763,763,0,0
51,97,4,405,405,405,405,0,0,0,0
52,4,6,2395,2395,1262,1262,1133,1133,0,0
52,10,7,1743,1743,554,554,1189,1189,0,0
52,13,4,647,647,279,279,368,368,0,0
52,16,1,142,142,142,142,0,0,0,0
52,45,5,3610,3610,2712,2712,898,898,2456,2456
52,55,12,2683,2683,1396,1396,1288,1288,0,0
52,56,6,924,924,924,924,0,0,0,0
52,57,11,5819,5819,2712,2712,3106,3106,0,0
52,58,1,2911,2911,138,138,2773,2773,0,0
52,61,18,1791,1791,1791,1791,0,0,0,0
52,62,7,2655,2655,551,551,2015,2015,0,0
52,74,28,10403,10403,1581,1581,8821,8821,0,0
52,91,7,954,954,580,580,338,338,0,0
52,92,2,250,250,1,1,249,249,0,0
52,96,17,1679,1679,1154,1154,483,483,0,0
52,101,2,1055,1055,172,172,883,883,0,0
52,111,2,272,272,272,272,0,0,0,0
52,112,1,223,223,223,223,0,0,0,0
52,113,1,15,15,15,15,0,0,0,0
52,120,4,6063,6063,583,583,5480,5480,0,0
52,121,6,750,750,521,521,229,229,0,0
52,122,9,1204,1204,1204,1204,0,0,0,0
52,123,5,698,698,698,698,0,0,0,0
52,126,17,1675,1675,1675,1675,0,0,0,0
52,127,23,3021,3021,2740,2740,280,280,0,0
52,39,2,535,535,228,228,307,307,0,0
52,40,8,6104,6104,446,446,5658,5658,0,0
52,43,1,119,119,119,119,0,0,0,0
52,44,5,329,329,133,133,196,196,0,0
52,64,2,324,324,324,324,0,0,0,0
52,65,4,481,481,481,481,0,0,0,0
52,66,3,312,312,312,312,0,0,0,0
52,75,1,1062,1062,726,726,336,336,0,0
52,77,1,28,28,7,7,7,7,0,0
52,86,9,1416,1416,1416,1416,0,0,0,0
52,88,1,2202,2202,0,0,2202,2202,0,0
52,89,1,1500,1500,520,520,980,980,0,0
52,95,5,1638,1638,620,620,1018,1018,0,0
52,99,2,81,81,81,81,0,0,0,0
52,100,1,11,11,3,3,3,3,0,0
52,105,2,51,51,51,51,0,0,0,0
52,107,2,836,836,155,155,681,681,0,0
52,108,1,741,741,114,114,627,627,0,0
52,115,5,1400,1400,399,399,1002,1002,0,0
52,125,5,919,919,919,919,0,0,0,0
53,15,6,944,944,944,944,0,0,0,0
53,37,15,6090,6090,1682,1682,4409,4409,0,0
53,39,11,5554,5554,1121,1121,4433,4433,0,0
53,40,18,11078,11078,2785,2785,8284,8284,0,0
53,41,1,141,141,141,141,0,0,0,0
53,42,1,92,92,17,17,75,75,0,0
53,43,6,699,699,546,546,153,153,0,0
53,47,7,2410,2410,1324,1324,1086,1086,0,0
53,54,7,1054,1054,364,364,691,691,0,0
53,55,6,907,907,604,604,304,304,0,0
53,58,4,10674,10674,660,660,10014,10014,0,0
53,59,4,8766,8766,871,871,7894,7894,0,0
53,60,8,4954,4954,410,410,4544,4544,0,0
53,61,11,2234,2234,1748,1748,486,486,0,0
53,62,10,9442,9442,1136,1136,8307,8307,0,0
53,63,3,398,398,398,398,0,0,0,0
53,64,7,4880,4880,370,370,4510,4510,0,0
53,65,15,2560,2560,2530,2530,10,10,0,0
53,74,3,5608,5608,132,132,5476,5476,0,0
53,86,2,133,133,76,76,19,19,0,0
53,92,13,2069,2069,1103,1103,966,966,0,0
53,95,16,2645,2645,1712,1712,932,932,0,0
53,99,11,1586,1586,993,993,593,593,0,0
53,105,4,1597,1597,85,85,1512,1512,0,0
53,106,2,271,271,221,221,50,50,0,0
53,107,1,30,30,30,30,0,0,0,0
53,112,10,1764,1764,1714,1714,49,49,0,0
53,113,11,6692,6692,1142,1142,5551,5551,0,0
53,115,4,450,450,450,450,0,0,0,0
53,119,7,2367,2367,611,611,1755,1755,0,0
53,121,1,190,190,190,190,0,0,0,0
53,122,16,3029,3029,2026,2026,1003,1003,0,0
53,124,7,750,750,750,750,0,0,0,0
53,125,1,992,992,851,851,141,141,0,0
53,7,2,1166,1166,81,81,1085,1085,0,0
53,10,4,1104,1104,737,737,367,367,0,0
53,28,1,207,207,45,45,162,162,0,0
53,32,4,245,245,36,36,201,201,0,0
53,33,1,83,83,0,0,83,83,0,0
53,34,1,1310,1310,68,68,1242,1242,0,0
53,35,2,378,378,173,173,206,206,0,0
53,36,1,859,859,31,31,828,828,0,0
53,38,5,3550,3550,1082,1082,2468,2468,0,0
53,53,3,8098,8098,889,889,7209,7209,0,0
53,57,7,2035,2035,1200,1200,834,834,0,0
53,71,1,186,186,27,27,159,159,0,0
53,76,3,3077,3077,11,11,3066,3066,0,0
53,89,3,168,168,168,168,0,0,0,0
53,93,3,358,358,358,358,0,0,0,0
53,100,3,564,564,333,333,77,77,0,0
53,101,1,38,38,9,9,9,9,0,0
53,102,3,4131,4131,13,13,4112,4112,0,0
53,109,4,1320,1320,863,863,427,427,0,0
53,110,1,191,191,191,191,0,0,0,0
54,6,4,653,653,653,653,0,0,0,0
54,7,5,830,830,621,621,209,209,0,0
54,10,3,3794,3794,192,192,3603,3603,0,0
54,15,3,309,309,177,177,132,132,0,0
54,29,4,337,337,160,160,177,177,0,0
54,31,3,6147,6147,0,0,6147,6147,0,0
54,32,5,4079,4079,332,332,3747,3747,0,0
54,33,7,9146,9146,245,245,8902,8902,0,0
54,34,20,10918,10918,2015,2015,8904,8904,0,0
54,35,15,10339,10339,1238,1238,9101,9101,0,0
54,36,3,3004,3004,323,323,2681,2681,0,0
54,37,7,2178,2178,1290,1290,889,889,0,0
54,39,4,1224,1224,169,169,1054,1054,0,0
54,40,8,4588,4588,354,354,4234,4234,0,0
54,45,1,313,313,313,313,0,0,0,0
54,52,7,933,933,515,515,418,418,0,0
54,53,7,10673,10673,799,799,9875,9875,0,0
54,58,2,288,288,288,288,0,0,0,0
54,60,1,495,495,495,495,0,0,0,0
54,62,10,853,853,603,603,249,249,0,0
54,66,1,314,314,314,314,0,0,0,0
54,70,5,4738,4738,270,270,4468,4468,0,0
54,71,6,639,639,494,494,145,145,0,0
54,72,12,5286,5286,452,452,4834,4834,0,0
54,76,6,2975,2975,2048,2048,927,927,0,0
54,77,60,8680,8680,6121,6121,2557,2557,0,0
54,78,2,337,337,337,337,0,0,0,0
54,102,9,10443,10443,969,969,9472,9472,0,0
54,109,6,2428,2428,1962,1962,249,249,0,0
54,112,4,1969,1969,1969,1969,0,0,0,0
54,113,18,3374,3374,3374,3374,0,0,0,0
54,118,1,34,34,0,0,34,34,0,0
54,126,10,1295,1295,1295,1295,0,0,0,0
54,127,7,727,727,727,727,0,0,0,0
54,11,10,3089,3089,1017,1017,2071,2071,0,0
54,13,4,804,804,614,614,63,63,0,0
54,51,6,713,713,501,501,212,212,0,0
54,54,6,546,546,392,392,155,155,0,0
54,56,2,137,137,137,137,0,0,0,0
54,61,2,937,937,207,207,730,730,0,0
54,65,1,368,368,368,368,0,0,0,0
54,67,1,57,57,57,57,0,0,0,0
54,99,1,83,83,83,83,0,0,0,0
54,103,4,5408,5408,35,35,5373,5373,0,0
54,104,1,33,33,8,8,8,8,0,0
54,106,2,2586,2586,231,231,2355,2355,0,0
54,108,6,1519,1519,1519,1519,0,0,0,0
54,114,6,1546,1546,88,88,1458,1458,0,0
54,116,10,1305,1305,681,681,625,625,0,0
54,119,2,508,508,119,119,390,390,0,0
55,11,2,481,481,82,82,400,400,0,0
55,13,5,847,847,511,511,336,336,0,0
55,15,6,948,948,745,745,204,204,0,0
55,32,21,13904,13904,1629,1629,12274,12274,0,0
55,33,40,11156,11156,2840,2840,8315,8315,0,0
55,34,28,7101,7101,4060,4060,3042,3042,0,0
55,35,9,1979,1979,638,638,1340,1340,0,0
55,36,1,31,31,31,31,0,0,0,0
55,48,3,12772,12772,604,604,12168,12168,0,0
55,50,19,9619,9619,704,704,8915,8915,0,0
55,51,14,11161,11161,754,754,10407,10407,0,0
55,53,9,10359,10359,1560,1560,8799,8799,0,0
55,55,2,182,182,182,182,0,0,0,0
55,63,5,819,819,604,604,215,215,0,0
55,65,1,360,360,321,321,39,39,0,0
55,66,3,536,536,66,66,471,471,0,0
55,71,15,2219,2219,847,847,1372,1372,0,0
55,72,1,63,63,63,63,0,0,0,0
55,73,12,1380,1380,722,722,658,658,0,0
55,75,9,1600,1600,1600,1600,0,0,0,0
55,76,20,3522,3522,3522,3522,0,0,0,0
55,77,5,3403,3403,749,749,2653,2653,0,0
55,78,5,7774,7774,0,0,7774,7774,0,0
55,84,10,1895,1895,995,995,900,900,0,0
55,92,1,10,10,3,3,3,3,0,0
55,94,6,1050,1050,820,820,229,229,0,0
55,99,4,427,427,427,427,0,0,0,0
55,102,3,3248,3248,34,34,3214,3214,0,0
55,103,16,7416,7416,1856,1856,5560,5560,0,0
55,105,3,2432,2432,230,230,2201,2201,0,0
55,108,1,90,90,90,90,0,0,0,0
55,112,13,1623,1623,1623,1623,0,0,0,0
55,113,34,5653,5653,5244,5244,0,0,409,409
55,114,23,5185,5185,4763,4763,374,374,0,0
55,115,5,848,848,510,510,338,338,0,0
55,116,4,421,421,135,135,286,286,0,0
55,119,8,1376,1376,974,974,402,402,0,0
55,122,3,401,401,209,209,192,192,0,0
55,123,1,176,176,176,176,0,0,0,0
55,126,7,663,663,663,663,0,0,0,0
55,27,2,226,226,226,226,0,0,0,0
55,28,3,449,449,285,285,164,164,0,0
55,54,2,1556,1556,354,354,1201,1201,0,0
55,74,1,147,147,147,147,0,0,0,0
55,89,2,250,250,250,250,0,0,0,0
55,93,1,9,9,2,2,2,2,0,0
55,95,7,748,748,475,475,273,273,0,0
55,96,4,2405,2405,223,223,2182,2182,0,0
55,98,5,457,457,457,457,0,0,0,0
55,109,1,1646,1646,205,205,1442,1442,0,0
56,3,7,549,549,549,549,0,0,0,0
56,10,6,556,556,263,263,293,293,0,0
56,11,4,608,608,221,221,387,387,0,0
56,28,7,3799,3799,1703,1703,2096,2096,0,0
56,29,9,1012,1012,922,922,90,90,0,0
56,31,28,8972,8972,4675,4675,4296,4296,0,0
56,32,44,8558,8558,6762,6762,1795,1795,0,0
56,33,4,434,434,434,434,0,0,0,0
56,36,4,439,439,439,439,0,0,0,0
56,47,5,8536,8536,200,200,8337,8337,0,0
56,48,18,8628,8628,1514,1514,7114,7114,0,0
56,49,16,3075,3075,2030,2030,1046,1046,0,0
56,50,10,4380,4380,1619,1619,2761,2761,0,0
56,51,23,6665,6665,4586,4586,2079,2079,0,0
56,52,15,3708,3708,2726,2726,983,983,0,0
56,53,4,7023,7023,705,705,6318,6318,0,0
56,54,3,2479,2479,214,214,2265,2265,0,0
56,63,3,1137,1137,454,454,683,683,0,0
56,73,7,2971,2971,995,995,1976,1976,0,0
56,74,16,2960,2960,2960,2960,0,0,0,0
56,75,21,3192,3192,3192,3192,0,0,0,0
56,84,10,5817,5817,1293,1293,4525,4525,0,0
56,89,18,3597,3597,2382,2382,966,966,0,0
56,90,6,2295,2295,293,293,2001,2001,0,0
56,94,20,3694,3694,2753,2753,940,940,0,0
56,95,33,3677,3677,3561,3561,116,116,0,0
56,98,7,1277,1277,315,315,962,962,0,0
56,103,32,8226,8226,7993,7993,213,213,0,0
56,104,19,4938,4938,3545,3545,1394,1394,0,0
56,105,15,2499,2499,2026,2026,473,473,0,0
56,106,11,4958,4958,1352,1352,3605,3605,0,0
56,109,5,2339,2339,63,63,2275,2275,0,0
56,111,7,1947,1947,1947,1947,0,0,0,0
56,2,1,24,24,24,24,0,0,0,0
56,25,6,1508,1508,453,453,352,352,0,0
56,27,5,1138,1138,771,771,367,367,0,0
56,34,2,1111,1111,1111,1111,0,0,0,0
56,68,2,342,342,60,60,281,281,0,0
56,78,1,95,95,95,95,0,0,0,0
56,85,2,3406,3406,1294,1294,2112,2112,0,0
56,87,4,2908,2908,181,181,2726,2726,0,0
56,88,1,103,103,0,0,103,103,0,0
56,96,6,544,544,544,544,0,0,0,0
56,97,1,45,45,45,45,0,0,0,0
56,102,1,979,979,254,254,242,242,0,0
56,107,8,1203,1203,1010,1010,193,193,0,0
56,113,1,62,62,62,62,0,0,0,0
56,117,6,392,392,141,141,251,251,0,0
56,126,5,855,855,432,432,424,424,0,0
56,127,2,64,64,64,64,0,0,0,0
57,2,5,3134,3134,274,274,2861,2861,0,0
57,8,2,383,383,283,283,101,101,0,0
57,10,7,1905,1905,896,896,948,948,0,0
57,17,1,119,119,119,119,0,0,0,0
57,26,3,404,404,404,404,0,0,0,0
57,28,1,1002,1002,0,0,1002,1002,0,0
57,29,9,1114,1114,1012,1012,102,102,0,0
57,30,42,9062,9062,7442,7442,1620,1620,0,0
57,31,56,7312,7312,6980,6980,332,332,0,0
57,32,5,2620,2620,513,513,2107,2107,0,0
57,47,2,582,582,211,211,371,371,0,0
57,48,14,13000,13000,1462,1462,11538,11538,0,0
57,49,31,6543,6543,6423,6423,120,120,0,0
57,50,77,9922,9922,9922,9922,0,0,0,0
57,51,52,8182,8182,7424,7424,758,758,0,0
57,52,10,2637,2637,2243,2243,394,394,0,0
57,56,3,249,249,202,202,16,16,0,0
57,63,2,1165,1165,19,19,1147,1147,0,0
57,64,2,345,345,0,0,345,345,0,0
57,68,10,1865,1865,662,662,1203,1203,0,0
57,71,3,250,250,250,250,0,0,0,0
57,72,15,6597,6597,1585,1585,5013,5013,0,0
57,73,3,482,482,232,232,250,250,0,0
57,74,3,779,779,779,779,0,0,0,0
57,84,4,573,573,329,329,244,244,0,0
57,85,6,2197,2197,447,447,1750,1750,0,0
57,86,3,925,925,925,925,0,0,0,0
57,87,4,1800,1800,1800,1800,0,0,0,0
57,88,1,2062,2062,0,0,2062,2062,0,0
57,89,12,6242,6242,1140,1140,5103,5103,0,0
57,90,4,1870,1870,159,159,1711,1711,0,0
57,94,36,4878,4878,3063,3063,1815,1815,0,0
57,95,73,9813,9813,9813,9813,0,0,0,0
57,96,62,7395,7395,7395,7395,0,0,0,0
57,97,5,1080,1080,1023,1023,56,56,0,0
57,98,6,5132,5132,48,48,5083,5083,0,0
57,99,11,7313,7313,1471,1471,5842,5842,0,0
57,100,21,11331,11331,1316,1316,10015,10015,0,0
57,102,37,6659,6659,5895,5895,642,642,0,0
57,103,26,6782,6782,6782,6782,0,0,0,0
57,104,20,3227,3227,3184,3184,43,43,0,0
57,107,1,311,311,311,311,0,0,0,0
57,121,6,975,975,635,635,340,340,0,0
57,3,5,1330,1330,452,452,879,879,0,0
57,4,13,2719,2719,1048,1048,1671,1671,0,0
57,6,3,263,263,263,263,0,0,0,0
57,7,7,1167,1167,926,926,241,241,0,0
57,11,2,710,710,68,68,642,642,0,0
57,25,4,686,686,350,350,336,336,0,0
57,39,2,299,299,299,299,0,0,0,0
57,54,5,343,343,331,331,12,12,0,0
57,91,3,2150,2150,1996,1996,154,154,0,0
57,93,1,228,228,228,228,0,0,0,0
57,101,10,4455,4455,2929,2929,1526,1526,0,0
57,115,1,176,176,44,44,44,44,0,0
57,118,10,843,843,456,456,387,387,0,0
57,123,2,167,167,111,111,56,56,0,0
57,124,2,203,203,78,78,124,124,0,0
57,127,4,270,270,270,270,0,0,0,0
58,2,37,5482,5482,4291,4291,1190,1190,0,0
58,3,28,4141,4141,3660,3660,481,481,0,0
58,7,6,727,727,437,437,290,290,0,0
58,10,1,1488,1488,0,0,1488,1488,0,0
58,17,7,249,249,249,249,0,0,0,0
58,29,26,5538,5538,5538,5538,0,0,0,0
58,30,46,9906,9906,9011,9011,602,602,293,293
58,31,30,4702,4702,4591,4591,111,111,0,0
58,34,3,1490,1490,813,813,678,678,0,0
58,35,4,1843,1843,40,40,1803,1803,0,0
58,47,1,2502,2502,1,1,2502,2502,0,0
58,48,11,4903,4903,3362,3362,1541,1541,0,0
58,49,37,10675,10675,8484,8484,2190,2190,0,0
58,50,72,9596,9596,9508,9508,87,87,0,0
58,51,26,5244,5244,3876,3876,1368,1368,0,0
58,54,2,2115,2115,200,200,1915,1915,0,0
58,64,1,9,9,9,9,0,0,0,0
58,65,12,9432,9432,1548,1548,7884,7884,0,0
58,66,2,794,794,130,130,664,664,0,0
58,83,8,1864,1864,1405,1405,459,459,0,0
58,84,5,954,954,882,882,12,12,38,38
58,85,4,721,721,721,721,0,0,0,0
58,87,1,566,566,537,537,29,29,0,0
58,90,3,636,636,537,537,99,99,0,0
58,91,7,1222,1222,842,842,380,380,0,0
58,93,9,9255,9255,1058,1058,8199,8199,0,0
58,95,58,5981,5981,5839,5839,142,142,0,0
58,96,38,6977,6977,5657,5657,1181,1181,138,138
58,98,4,11527,11527,29,29,11499,11499,0,0
58,99,15,17297,17297,1201,1201,16096,16096,0,0
58,100,16,17546,17546,674,674,16873,16873,0,0
58,101,10,4562,4562,3006,3006,1556,1556,0,0
58,102,27,6332,6332,6301,6301,10,10,0,0
58,104,3,1025,1025,1025,1025,0,0,0,0
58,120,2,206,206,206,206,0,0,0,0
58,123,2,648,648,648,648,0,0,0,0
58,0,16,2394,2394,1728,1728,666,666,0,0
58,1,7,1695,1695,1695,1695,0,0,0,0
58,4,8,1493,1493,725,725,767,767,0,0
58,11,2,202,202,161,161,13,13,0,0
58,12,1,215,215,215,215,0,0,0,0
58,20,2,290,290,116,116,174,174,0,0
58,28,8,1313,1313,816,816,497,497,0,0
58,39,5,1380,1380,532,532,848,848,0,0
58,41,1,398,398,174,174,223,223,0,0
58,42,2,572,572,53,53,519,519,0,0
58,52,1,59,59,59,59,0,0,0,0
58,56,1,376,376,197,197,180,180,0,0
58,57,3,979,979,919,919,61,61,0,0
58,62,7,1333,1333,549,549,784,784,0,0
58,68,1,233,233,233,233,0,0,0,0
58,69,12,3006,3006,2624,2624,382,382,0,0
58,75,3,7696,7696,0,0,7696,7696,0,0
58,78,4,631,631,631,631,0,0,0,0
58,86,7,970,970,711,711,259,259,0,0
58,88,5,356,356,356,356,0,0,0,0
58,89,4,625,625,625,625,0,0,0,0
58,92,4,7043,7043,44,44,7000,7000,0,0
58,97,2,3420,3420,1507,1507,1913,1913,0,0
58,106,1,273,273,273,273,0,0,0,0
59,0,24,10378,10378,2646,2646,7731,7731,0,0
59,1,27,5640,5640,3250,3250,1488,1488,904,904
59,2,69,10552,10552,8299,8299,2253,2253,0,0
59,3,33,5239,5239,4197,4197,1041,1041,0,0
59,4,7,490,490,391,391,98,98,0,0
59,10,4,2752,2752,319,319,2433,2433,0,0
59,12,5,489,489,223,223,267,267,0,0
59,19,1,1421,1421,0,0,1421,1421,0,0
59,20,13,4855,4855,1745,1745,3110,3110,0,0
59,26,13,7725,7725,2054,2054,5672,5672,0,0
59,27,28,10364,10364,2557,2557,7808,7808,0,0
59,28,15,3328,3328,1751,1751,1577,1577,0,0
59,29,12,1476,1476,1476,1476,0,0,0,0
59,30,26,3820,3820,2889,2889,931,931,0,0
59,31,17,3033,3033,2004,2004,1029,1029,0,0
59,41,4,893,893,460,460,432,432,0,0
59,46,1,321,321,321,321,0,0,0,0
59,47,11,2536,2536,2423,2423,38,38,0,0
59,48,40,5104,5104,4890,4890,214,214,0,0
59,49,77,12161,12161,9608,9608,2355,2355,0,0
59,50,7,1352,1352,1319,1319,11,11,0,0
59,56,21,3436,3436,2335,2335,1101,1101,0,0
59,57,1,531,531,531,531,0,0,0,0
59,60,6,1217,1217,476,476,741,741,0,0
59,61,9,6064,6064,1836,1836,4227,4227,0,0
59,62,3,449,449,449,449,0,0,0,0
59,68,14,4654,4654,682,682,3971,3971,0,0
59,69,1,642,642,113,113,530,530,0,0
59,83,1,250,250,250,250,0,0,0,0
59,88,8,844,844,844,844,0,0,0,0
59,89,13,1547,1547,812,812,735,735,0,0
59,90,21,4073,4073,2881,2881,1191,1191,0,0
59,91,3,2015,2015,694,694,1249,1249,72,72
59,98,19,14574,14574,2973,2973,11602,11602,0,0
59,99,12,15111,15111,1029,1029,14082,14082,0,0
59,100,25,17951,17951,2452,2452,15500,15500,0,0
59,101,31,7815,7815,5494,5494,2251,2251,0,0
59,102,23,5598,5598,5598,5598,0,0,0,0
59,108,1,154,154,154,154,0,0,0,0
59,114,2,270,270,270,270,0,0,0,0
59,118,2,467,467,467,467,0,0,0,0
59,125,2,192,192,114,114,26,26,0,0
59,11,2,246,246,246,246,0,0,0,0
59,13,6,975,975,523,523,451,451,0,0
59,25,1,297,297,297,297,0,0,0,0
59,32,1,86,86,0,0,86,86,0,0
59,45,13,4555,4555,940,940,3615,3615,0,0
59,58,3,348,348,292,292,56,56,0,0
59,65,4,1755,1755,385,385,1370,1370,0,0
59,72,1,42,42,42,42,0,0,0,0
59,73,5,1187,1187,63,63,1124,1124,0,0
59,74,1,249,249,249,249,0,0,0,0
59,95,1,152,152,111,111,41,41,0,0
59,96,2,779,779,191,191,588,588,0,0
59,97,1,6993,6993,7,7,6987,6987,0,0
59,112,1,219,219,55,55,55,55,0,0
59,117,2,294,294,132,132,162,162,0,0
60,0,23,9722,9722,1848,1848,7875,7875,0,0
60,1,26,3028,3028,2577,2577,452,452,0,0
60,2,72,9554,9554,8290,8290,1122,1122,0,0
60,3,33,4981,4981,4568,4568,413,413,0,0
60,5,5,558,558,99,99,459,459,0,0
60,6,2,472,472,370,370,101,101,0,0
60,11,11,3210,3210,1113,1113,2098,2098,0,0
60,15,13,1391,1391,1078,1078,313,313,0,0
60,24,7,672,672,393,393,279,279,0,0
60,25,11,3043,3043,1762,1762,1231,1231,0,0
60,26,22,4494,4494,2400,2400,2059,2059,0,0
60,27,20,8509,8509,1718,1718,6792,6792,0,0
60,29,2,857,857,240,240,617,617,0,0
60,31,21,16478,16478,1161,1161,15318,15318,0,0
60,32,4,1251,1251,455,455,796,796,0,0
60,35,2,328,328,82,82,82,82,0,0
60,43,3,348,348,87,87,87,87,0,0
60,45,3,616,616,58,58,558,558,0,0
60,46,1,303,303,303,303,0,0,0,0
60,47,64,9398,9398,8555,8555,782,782,0,0
60,48,91,13121,13121,11560,11560,1285,1285,0,0
60,49,47,6075,6075,4965,4965,433,433,678,678
60,58,3,909,909,909,909,0,0,0,0
60,59,6,2333,2333,1350,1350,802,802,0,0
60,60,18,3894,3894,2036,2036,1858,1858,0,0
60,68,4,732,732,370,370,362,362,0,0
60,69,4,923,923,423,423,500,500,0,0
60,71,6,7237,7237,612,612,6625,6625,0,0
60,72,5,3598,3598,203,203,3397,3397,0,0
60,73,18,12719,12719,1223,1223,11400,11400,0,0
60,83,9,1782,1782,1473,1473,310,310,0,0
60,88,2,476,476,476,476,0,0,0,0
60,95,1,475,475,0,0,475,475,0,0
60,96,4,8153,8153,887,887,7265,7265,0,0
60,97,12,10439,10439,1523,1523,8916,8916,0,0
60,98,12,16034,16034,435,435,15600,15600,0,0
60,99,12,8134,8134,3024,3024,5041,5041,69,69
60,100,14,15339,15339,3059,3059,12278,12278,0,0
60,101,25,12308,12308,11891,11891,418,418,0,0
60,102,3,3297,3297,2956,2956,341,341,0,0
60,111,1,238,238,60,60,60,60,0,0
60,117,2,1301,1301,275,275,1026,1026,0,0
60,118,3,2107,2107,1057,1057,1050,1050,0,0
60,119,1,178,178,178,178,0,0,0,0
60,121,8,1509,1509,1222,1222,288,288,0,0
60,10,4,331,331,331,331,0,0,0,0
60,12,1,418,418,115,115,303,303,0,0
60,30,5,821,821,534,534,287,287,0,0
60,36,1,156,156,39,39,39,39,0,0
60,112,1,149,149,37,37,37,37,0,0
60,114,2,422,422,422,422,0,0,0,0
60,116,1,413,413,345,345,68,68,0,0
60,122,2,178,178,73,73,105,105,0,0
60,123,1,234,234,234,234,0,0,0,0
60,126,2,86,86,21,21,21,21,0,0
61,0,12,4644,4644,637,637,4008,4008,0,0
61,1,49,6269,6269,4749,4749,1520,1520,0,0
61,2,52,9897,9897,4785,4785,5098,5098,0,0
61,3,7,653,653,653,653,0,0,0,0
61,6,6,975,975,723,723,253,253,0,0
61,8,12,1480,1480,1480,1480,0,0,0,0
61,9,11,1587,1587,1173,1173,414,414,0,0
61,12,2,2259,2259,370,370,1888,1888,0,0
61,23,22,7065,7065,1597,1597,5470,5470,0,0
61,38,1,90,90,23,23,23,23,0,0
61,46,16,4504,4504,4504,4504,0,0,0,0
61,47,64,10537,10537,9268,9268,1104,1104,0,0
61,48,29,6710,6710,6679,6679,27,27,0,0
61,49,1,209,209,209,209,0,0,0,0
61,55,5,2730,2730,382,382,2348,2348,0,0
61,56,5,643,643,643,643,0,0,0,0
61,59,8,2141,2141,958,958,1184,1184,0,0
61,60,2,678,678,70,70,608,608,0,0
61,62,4,572,572,399,399,173,173,0,0
61,63,4,501,501,484,484,16,16,0,0
61,64,12,4233,4233,714,714,3519,3519,0,0
61,70,1,3310,3310,0,0,3310,3310,0,0
61,71,2,3240,3240,135,135,3104,3104,0,0
61,72,14,7212,7212,742,742,6469,6469,0,0
61,73,22,10511,10511,1845,1845,8666,8666,0,0
61,83,3,409,409,144,144,265,265,0,0
61,85,6,2203,2203,653,653,1550,1550,0,0
61,87,3,854,854,623,623,231,231,0,0
61,95,1,2662,2662,309,309,2353,2353,0,0
61,96,2,13899,13899,117,117,13781,13781,0,0
61,97,11,16040,16040,854,854,15184,15184,0,0
61,98,16,17985,17985,948,948,17038,17038,0,0
61,99,15,6480,6480,1291,1291,5125,5125,64,64
61,100,20,8149,8149,2218,2218,5640,5640,0,0
61,101,30,13769,13769,11110,11110,1522,1522,1138,1138
61,102,8,5579,5579,3451,3451,777,777,0,0
61,109,1,108,108,27,27,27,27,0,0
61,114,2,235,235,235,235,0,0,0,0
61,119,3,422,422,422,422,0,0,0,0
61,120,3,852,852,852,852,0,0,0,0
61,7,8,1165,1165,901,901,264,264,0,0
61,10,6,711,711,711,711,0,0,0,0
61,11,1,1180,1180,21,21,1159,1159,0,0
61,17,4,415,415,78,78,337,337,0,0
61,21,1,76,76,0,0,76,76,0,0
61,22,12,3192,3192,1772,1772,1420,1420,0,0
61,24,1,645,645,119,119,526,526,0,0
61,31,2,797,797,345,345,452,452,0,0
61,45,1,107,107,107,107,0,0,0,0
61,50,2,333,333,333,333,0,0,0,0
61,61,11,3149,3149,1523,1523,1628,1628,0,0
61,68,1,440,440,40,40,401,401,0,0
61,76,5,1728,1728,346,346,1381,1381,0,0
61,89,2,122,122,76,76,47,47,0,0
61,105,2,751,751,751,751,0,0,0,0
61,106,1,43,43,33,33,0,0,10,10
61,110,1,151,151,149,149,2,2,0,0
61,118,2,396,396,396,396,0,0,0,0
61,121,1,447,447,447,447,0,0,0,0
61,127,1,127,127,32,32,32,32,0,0
62,0,20,10198,10198,1772,1772,8427,8427,0,0
62,1,76,13941,13941,8643,8643,5297,5297,0,0
62,2,33,5708,5708,3982,3982,1727,1727,0,0
62,3,13,2975,2975,604,604,2370,2370,0,0
62,6,10,1332,1332,1241,1241,91,91,0,0
62,7,5,1105,1105,721,721,247,247,0,0
62,9,3,1068,1068,1068,1068,0,0,0,0
62,10,1,311,311,19,19,292,292,0,0
62,11,3,1041,1041,385,385,656,656,0,0
62,21,14,6148,6148,1530,1530,4618,4618,0,0
62,22,11,2472,2472,716,716,1756,1756,0,0
62,23,17,14247,14247,795,795,13452,13452,0,0
62,24,10,7120,7120,406,406,6714,6714,0,0
62,26,4,3697,3697,265,265,3432,3432,0,0
62,30,3,5782,5782,1755,1755,4026,4026,0,0
62,45,1,25,25,25,25,0,0,0,0
62,46,37,7604,7604,5195,5195,2321,2321,0,0
62,47,21,3953,3953,2771,2771,1182,1182,0,0
62,59,1,131,131,26,26,106,106,0,0
62,61,2,2063,2063,16,16,2047,2047,0,0
62,63,4,1199,1199,396,396,803,803,0,0
62,64,8,1836,1836,1299,1299,537,537,0,0
62,67,2,1234,1234,11,11,1223,1223,0,0
62,68,3,1210,1210,50,50,945,945,146,146
62,69,6,1723,1723,138,138,1585,1585,0,0
62,71,27,12044,12044,1764,1764,10280,10280,0,0
62,72,27,14531,14531,2561,2561,11971,11971,0,0
62,73,13,9903,9903,1292,1292,8610,8610,0,0
62,75,3,729,729,716,716,13,13,0,0
62,76,3,2986,2986,328,328,2658,2658,0,0
62,77,2,195,195,49,49,49,49,0,0
62,78,1,89,89,22,22,22,22,0,0
62,89,12,952,952,846,846,106,106,0,0
62,93,1,199,199,153,153,46,46,0,0
62,94,4,1571,1571,375,375,1196,1196,0,0
62,96,3,5814,5814,477,477,5338,5338,0,0
62,97,7,17593,17593,499,499,17094,17094,0,0
62,98,3,956,956,2,2,953,953,0,0
62,99,11,10263,10263,258,258,10005,10005,0,0
62,100,29,18979,18979,2925,2925,16043,16043,0,0
62,101,32,7118,7118,6584,6584,178,178,0,0
62,102,16,4075,4075,2672,2672,1379,1379,0,0
62,105,1,273,273,273,273,0,0,0,0
62,106,2,1825,1825,1825,1825,0,0,0,0
62,110,1,113,113,5,5,109,109,0,0
62,114,1,238,238,238,238,0,0,0,0
62,118,5,806,806,447,447,359,359,0,0
62,120,1,281,281,281,281,0,0,0,0
62,121,6,1579,1579,773,773,805,805,0,0
62,122,5,1794,1794,530,530,1259,1259,0,0
62,25,2,2702,2702,167,167,2535,2535,0,0
62,31,3,691,691,691,691,0,0,0,0
62,58,3,946,946,164,164,782,782,0,0
62,66,1,44,44,44,44,0,0,0,0
62,70,1,485,485,485,485,0,0,0,0
62,74,3,7407,7407,0,0,7407,7407,0,0
62,83,3,1007,1007,318,318,689,689,0,0
62,104,3,259,259,259,259,0,0,0,0
62,111,1,212,212,212,212,0,0,0,0
62,119,1,95,95,95,95,0,0,0,0
63,0,11,11768,11768,739,739,11031,11031,0,0
63,1,28,4083,4083,1939,1939,2144,2144,0,0
63,2,49,9134,9134,5127,5127,4006,4006,0,0
63,3,14,1545,1545,692,692,797,797,0,0
63,6,1,195,195,195,195,0,0,0,0
63,8,9,2082,2082,962,962,1120,1120,0,0
63,10,2,408,408,0,0,408,408,0,0
63,11,8,756,756,756,756,0,0,0,0
63,14,3,1189,1189,666,666,524,524,0,0
63,20,8,4109,4109,1196,1196,2913,2913,0,0
63,21,20,11733,11733,1078,1078,10656,10656,0,0
63,22,32,13611,13611,2061,2061,11550,11550,0,0
63,23,19,13197,13197,1863,1863,11335,11335,0,0
63,24,13,11442,11442,874,874,10567,10567,0,0
63,25,8,6321,6321,345,345,5976,5976,0,0
63,31,24,2949,2949,2092,2092,857,857,0,0
63,32,6,1644,1644,760,760,884,884,0,0
63,46,7,657,657,508,508,50,50,0,0
63,57,8,1517,1517,262,262,1255,1255,0,0
63,58,4,665,665,397,397,234,234,0,0
63,65,2,1713,1713,16,16,1697,1697,0,0
63,66,12,4097,4097,850,850,3246,3246,0,0
63,68,10,3320,3320,1650,1650,1669,1669,0,0
63,71,5,528,528,184,184,343,343,0,0
63,72,3,3965,3965,258,258,3706,3706,0,0
63,73,7,3543,3543,949,949,2594,2594,0,0
63,74,2,4325,4325,0,0,4325,4325,0,0
63,81,13,1984,1984,1133,1133,850,850,0,0
63,88,11,2376,2376,1622,1622,754,754,0,0
63,89,3,603,603,330,330,274,274,0,0
63,97,13,20794,20794,1721,1721,19073,19073,0,0
63,98,10,15788,15788,811,811,14977,14977,0,0
63,99,16,18129,18129,1342,1342,16787,16787,0,0
63,100,8,6938,6938,2951,2951,3987,3987,0,0
63,101,36,10220,10220,10220,10220,0,0,0,0
63,102,42,7446,7446,7446,7446,0,0,0,0
63,113,4,974,974,959,959,15,15,0,0
63,115,5,2150,2150,219,219,1922,1922,0,0
63,116,2,535,535,486,486,29,29,0,0
63,118,1,396,396,363,363,11,11,0,0
63,119,1,322,322,322,322,0,0,0,0
63,124,1,639,639,639,639,0,0,0,0
63,125,2,1098,1098,73,73,984,984,0,0
63,13,8,978,978,610,610,367,367,0,0
63,42,4,1600,1600,1600,1600,0,0,0,0
63,67,6,1921,1921,760,760,1161,1161,0,0
63,69,1,2736,2736,402,402,2334,2334,0,0
63,76,2,327,327,154,154,173,173,0,0
63,84,2,354,354,354,354,0,0,0,0
63,95,2,27,27,27,27,0,0,0,0
63,103,8,2623,2623,2623,2623,0,0,0,0
63,114,2,556,556,556,556,0,0,0,0
63,120,1,263,263,263,263,0,0,0,0
64,0,16,6262,6262,2160,2160,4103,4103,243,243
64,1,22,3124,3124,2613,2613,511,511,0,0
64,2,18,2105,2105,1641,1641,465,465,0,0
64,3,24,2807,2807,1877,1877,930,930,0,0
64,5,12,1059,1059,788,788,271,271,0,0
64,6,1,190,190,190,190,0,0,0,0
64,8,8,2174,2174,1920,1920,254,254,0,0
64,13,3,799,799,171,171,627,627,0,0
64,18,18,4422,4422,2047,2047,2375,2375,0,0
64,19,43,12127,12127,4710,4710,7417,7417,0,0
64,20,10,9323,9323,728,728,8595,8595,0,0
64,21,6,6817,6817,74,74,6743,6743,0,0
64,22,12,8453,8453,1267,1267,7186,7186,0,0
64,23,11,9236,9236,409,409,8827,8827,0,0
64,31,10,1364,1364,539,539,826,826,0,0
64,45,8,3815,3815,1995,1995,715,715,0,0
64,53,5,761,761,761,761,0,0,0,0
64,67,2,849,849,0,0,849,849,0,0
64,68,9,1744,1744,965,965,778,778,0,0
64,69,5,4992,4992,1150,1150,3842,3842,0,0
64,70,3,1635,1635,563,563,1072,1072,0,0
64,73,26,3367,3367,2800,2800,567,567,0,0
64,76,6,1503,1503,501,501,1001,1001,0,0
64,82,3,1673,1673,103,103,1571,1571,0,0
64,85,10,3542,3542,1620,1620,1922,1922,0,0
64,91,9,6278,6278,2261,2261,4017,4017,0,0
64,96,2,1252,1252,274,274,978,978,0,0
64,97,3,8744,8744,119,119,8626,8626,0,0
64,98,8,1253,1253,1134,1134,119,119,0,0
64,99,9,1774,1774,1400,1400,374,374,0,0
64,100,8,2128,2128,2128,2128,0,0,0,0
64,101,56,8799,8799,8799,8799,0,0,0,0
64,102,40,9646,9646,8615,8615,1031,1031,0,0
64,103,22,8400,8400,8196,8196,0,0,204,204
64,104,25,6168,6168,6168,6168,0,0,0,0
64,108,4,812,812,812,812,0,0,0,0
64,112,2,428,428,428,428,0,0,0,0
64,113,3,641,641,427,427,214,214,0,0
64,115,2,1550,1550,0,0,1550,1550,0,0
64,116,4,3485,3485,957,957,2528,2528,0,0
64,119,3,515,515,486,486,10,10,0,0
64,120,1,158,158,158,158,0,0,0,0
64,121,3,601,601,601,601,0,0,0,0
64,126,6,991,991,991,991,0,0,0,0
64,7,15,2047,2047,2047,2047,0,0,0,0
64,10,2,292,292,292,292,0,0,0,0
64,17,1,1089,1089,0,0,1089,1089,0,0
64,24,1,723,723,501,501,222,222,0,0
64,54,2,399,399,399,399,0,0,0,0
64,66,2,825,825,273,273,552,552,0,0
64,81,5,765,765,575,575,190,190,0,0
64,95,2,1551,1551,211,211,1340,1340,0,0
64,105,7,2540,2540,1704,1704,279,279,0,0
64,117,1,159,159,115,115,15,15,0,0
64,122,1,149,149,149,149,0,0,0,0
64,127,3,659,659,659,659,0,0,0,0
65,0,16,4048,4048,1524,1524,2524,2524,0,0
65,2,24,9850,9850,897,897,8952,8952,0,0
65,3,1,14,14,14,14,0,0,0,0
65,5,2,2364,2364,486,486,1878,1878,0,0
65,7,29,5828,5828,5389,5389,439,439,0,0
65,8,18,2918,2918,2605,2605,314,314,0,0
65,9,19,2586,2586,2586,2586,0,0,0,0
65,17,40,9748,9748,6624,6624,3125,3125,0,0
65,18,17,13603,13603,1198,1198,12404,12404,0,0
65,19,8,1938,1938,312,312,1626,1626,0,0
65,20,2,1692,1692,255,255,1437,1437,0,0
65,21,3,1709,1709,11,11,1698,1698,0,0
65,23,2,4769,4769,0,0,4769,4769,0,0
65,31,3,461,461,337,337,124,124,0,0
65,45,2,432,432,432,432,0,0,0,0
65,53,2,4674,4674,0,0,4674,4674,0,0
65,54,3,450,450,429,429,20,20,0,0
65,56,9,1886,1886,1129,1129,757,757,0,0
65,57,19,2695,2695,1693,1693,1002,1002,0,0
65,71,14,2672,2672,2394,2394,278,278,0,0
65,72,13,4265,4265,3644,3644,622,622,0,0
65,73,9,1590,1590,1590,1590,0,0,0,0
65,76,3,2286,2286,341,341,1945,1945,0,0
65,81,3,926,926,72,72,854,854,0,0
65,82,6,707,707,643,643,64,64,0,0
65,88,5,2308,2308,460,460,1848,1848,0,0
65,90,1,682,682,163,163,519,519,0,0
65,91,4,1734,1734,515,515,1219,1219,0,0
65,95,9,5661,5661,1193,1193,4468,4468,0,0
65,96,4,2736,2736,301,301,2434,2434,0,0
65,97,4,11230,11230,757,757,10472,10472,0,0
65,99,9,1880,1880,1100,1100,780,780,0,0
65,100,12,10247,10247,632,632,9614,9614,0,0
65,101,39,8056,8056,7551,7551,505,505,0,0
65,102,39,8554,8554,8167,8167,386,386,0,0
65,103,17,8180,8180,5387,5387,2261,2261,532,532
65,104,15,4995,4995,4995,4995,0,0,0,0
65,105,1,965,965,965,965,0,0,0,0
65,106,3,1518,1518,1149,1149,123,123,0,0
65,107,6,1558,1558,1045,1045,259,259,0,0
65,111,1,151,151,151,151,0,0,0,0
65,116,2,195,195,195,195,0,0,0,0
65,121,1,52,52,52,52,0,0,0,0
65,124,21,4096,4096,4096,4096,0,0,0,0
65,125,20,3707,3707,3707,3707,0,0,0,0
65,127,9,2204,2204,2104,2104,99,99,0,0
65,4,5,494,494,494,494,0,0,0,0
65,6,8,2143,2143,1026,1026,1117,1117,0,0
65,10,2,192,192,192,192,0,0,0,0
65,16,2,598,598,598,598,0,0,0,0
65,24,1,1071,1071,713,713,359,359,0,0
65,27,2,2537,2537,0,0,2537,2537,0,0
65,28,6,1291,1291,809,809,482,482,0,0
65,58,1,474,474,121,121,353,353,0,0
65,59,2,235,235,235,235,0,0,0,0
65,60,1,983,983,178,178,805,805,0,0
65,70,1,517,517,0,0,517,517,0,0
65,92,2,7953,7953,7035,7035,918,918,0,0
65,93,3,1896,1896,455,455,1441,1441,0,0
65,98,6,912,912,912,912,0,0,0,0
65,115,1,295,295,295,295,0,0,0,0
65,119,8,1526,1526,1392,1392,134,134,0,0
65,120,4,1182,1182,573,573,0,0,610,610
65,123,10,2074,2074,2074,2074,0,0,0,0
65,126,7,1705,1705,1705,1705,0,0,0,0
66,0,2,211,211,211,211,0,0,0,0
66,2,8,772,772,681,681,90,90,0,0
66,4,12,1526,1526,1345,1345,181,181,0,0
66,5,63,10273,10273,5314,5314,4958,4958,0,0
66,6,17,6504,6504,2588,2588,3916,3916,0,0
66,7,25,6900,6900,4489,4489,2411,2411,0,0
66,8,14,2333,2333,2005,2005,329,329,0,0
66,9,4,287,287,287,287,0,0,0,0
66,10,7,1743,1743,1335,1335,408,408,0,0
66,16,30,7583,7583,5798,5798,1785,1785,0,0
66,17,7,9310,9310,840,840,8472,8472,0,0
66,18,6,5080,5080,597,597,4483,4483,0,0
66,19,10,8153,8153,705,705,7449,7449,0,0
66,20,3,4530,4530,391,391,4140,4140,0,0
66,21,5,483,483,306,306,178,178,0,0
66,28,1,107,107,37,37,70,70,0,0
66,31,2,4662,4662,576,576,4085,4085,0,0
66,32,13,6133,6133,907,907,5227,5227,0,0
66,35,12,6864,6864,789,789,6075,6075,0,0
66,58,2,576,576,111,111,465,465,0,0
66,59,3,506,506,397,397,109,109,0,0
66,60,1,223,223,170,170,53,53,0,0
66,65,16,4073,4073,1663,1663,2410,2410,0,0
66,68,6,2746,2746,407,407,2339,2339,0,0
66,71,4,1005,1005,318,318,686,686,0,0
66,72,70,10367,10367,10013,10013,354,354,0,0
66,73,13,1129,1129,1103,1103,9,9,0,0
66,76,1,1181,1181,11,11,1170,1170,0,0
66,88,2,2168,2168,21,21,2147,2147,0,0
66,89,3,3527,3527,0,0,3527,3527,0,0
66,97,2,239,239,239,239,0,0,0,0
66,98,19,3078,3078,2435,2435,644,644,0,0
66,100,27,11789,11789,3652,3652,8137,8137,0,0
66,101,18,4024,4024,1603,1603,2402,2402,0,0
66,102,21,5577,5577,3881,3881,1698,1698,0,0
66,103,18,7517,7517,7365,7365,152,152,0,0
66,104,3,974,974,974,974,0,0,0,0
66,106,5,1338,1338,1338,1338,0,0,0,0
66,107,2,682,682,682,682,0,0,0,0
66,115,1,221,221,0,0,221,221,0,0
66,118,4,502,502,502,502,0,0,0,0
66,119,30,5533,5533,5533,5533,0,0,0,0
66,120,16,3898,3898,3898,3898,0,0,0,0
66,121,9,2117,2117,2117,2117,0,0,0,0
66,122,2,619,619,305,305,105,105,0,0
66,123,5,1228,1228,1217,1217,0,0,11,11
66,124,1,284,284,284,284,0,0,0,0
66,125,10,2184,2184,2149,2149,35,35,0,0
66,126,5,1292,1292,1166,1166,126,126,0,0
66,11,2,355,355,355,355,0,0,0,0
66,15,11,2294,2294,1775,1775,520,520,0,0
66,36,3,1653,1653,1075,1075,577,577,0,0
66,44,4,587,587,190,190,396,396,0,0
66,53,5,939,939,491,491,447,447,0,0
66,83,6,1838,1838,583,583,1255,1255,0,0
66,85,5,1920,1920,1086,1086,834,834,0,0
66,86,1,1069,1069,27,27,1043,1043,0,0
66,93,1,1730,1730,0,0,1730,1730,0,0
66,116,5,1352,1352,1076,1076,248,248,29,29
67,0,8,729,729,650,650,79,79,0,0
67,5,23,3149,3149,2574,2574,575,575,0,0
67,6,66,11741,11741,8778,8778,2962,2962,0,0
67,7,40,9856,9856,5731,5731,4125,4125,0,0
67,10,2,522,522,522,522,0,0,0,0
67,15,29,7577,7577,4999,4999,2311,2311,268,268
67,16,24,6563,6563,4542,4542,1861,1861,0,0
67,17,2,752,752,376,376,376,376,0,0
67,18,4,511,511,200,200,311,311,0,0
67,19,2,255,255,62,62,193,193,0,0
67,20,7,652,652,289,289,362,362,0,0
67,27,7,2283,2283,860,860,1422,1422,0,0
67,32,12,1132,1132,681,681,450,450,0,0
67,33,7,650,650,323,323,327,327,0,0
67,35,8,1125,1125,574,574,552,552,0,0
67,36,6,2584,2584,171,171,2387,2387,0,0
67,43,4,900,900,524,524,376,376,0,0
67,53,3,4195,4195,78,78,4117,4117,0,0
67,65,2,796,796,796,796,0,0,0,0
67,71,43,5066,5066,5066,5066,0,0,0,0
67,72,65,10503,10503,9833,9833,670,670,0,0
67,73,34,7049,7049,5956,5956,1092,1092,0,0
67,81,3,1734,1734,627,627,1107,1107,0,0
67,83,1,56,56,56,56,0,0,0,0
67,85,4,1678,1678,268,268,1411,1411,0,0
67,86,2,2485,2485,28,28,2457,2457,0,0
67,92,4,2034,2034,500,500,1535,1535,0,0
67,94,17,4496,4496,1474,1474,3023,3023,0,0
67,95,2,330,330,0,0,330,330,0,0
67,96,21,3439,3439,1309,1309,2130,2130,0,0
67,97,8,962,962,624,624,338,338,0,0
67,99,5,5453,5453,415,415,4297,4297,0,0
67,100,34,16928,16928,3545,3545,13383,13383,0,0
67,101,9,3176,3176,1548,1548,1628,1628,0,0
67,102,2,2363,2363,796,796,1567,1567,0,0
67,103,6,2695,2695,2695,2695,0,0,0,0
67,114,1,32,32,8,8,8,8,0,0
67,119,1,486,486,486,486,0,0,0,0
67,124,3,432,432,351,351,0,0,80,80
67,125,1,743,743,743,743,0,0,0,0
67,126,1,54,54,13,13,13,13,0,0
67,127,1,181,181,181,181,0,0,0,0
67,8,1,235,235,235,235,0,0,0,0
67,9,1,235,235,136,136,98,98,0,0
67,31,2,356,356,263,263,93,93,0,0
67,56,1,40,40,10,10,10,10,0,0
67,74,2,288,288,288,288,0,0,0,0
67,98,1,1366,1366,352,352,1014,1014,0,0
67,115,1,1290,1290,52,52,1238,1238,0,0
67,120,1,483,483,234,234,248,248,0,0
67,121,1,294,294,231,231,0,0,63,63
67,122,6,1126,1126,1126,1126,0,0,0,0
68,2,6,538,538,538,538,0,0,0,0
68,3,8,1137,1137,439,439,698,698,0,0
68,4,9,2913,2913,1212,1212,1700,1700,0,0
68,5,27,4441,4441,3313,3313,1128,1128,0,0
68,6,49,7326,7326,6727,6727,598,598,0,0
68,7,47,8842,8842,7533,7533,1309,1309,0,0
68,8,10,3331,3331,1075,1075,2254,2254,0,0
68,9,1,182,182,182,182,0,0,0,0
68,14,64,13614,13614,9491,9491,4124,4124,0,0
68,15,21,5069,5069,2627,2627,2443,2443,0,0
68,29,8,1347,1347,872,872,475,475,0,0
68,31,3,637,637,282,282,355,355,0,0
68,32,2,916,916,79,79,837,837,0,0
68,33,6,1502,1502,261,261,1241,1241,0,0
68,42,2,15006,15006,277,277,14730,14730,0,0
68,43,6,4323,4323,534,534,3789,3789,0,0
68,55,19,3915,3915,1858,1858,1967,1967,0,0
68,63,9,3810,3810,1790,1790,1568,1568,0,0
68,70,33,3360,3360,3360,3360,0,0,0,0
68,71,80,11684,11684,11181,11181,503,503,0,0
68,72,49,10524,10524,8263,8263,925,925,1142,1142
68,73,40,5526,5526,5326,5326,200,200,0,0
68,82,5,2122,2122,1253,1253,289,289,0,0
68,94,8,2485,2485,853,853,1634,1634,0,0
68,96,3,3602,3602,0,0,3602,3602,0,0
68,97,2,343,343,343,343,0,0,0,0
68,99,5,6102,6102,203,203,5899,5899,0,0
68,100,22,16473,16473,2062,2062,14411,14411,0,0
68,101,4,1810,1810,718,718,1092,1092,0,0
68,105,5,2676,2676,2516,2516,18,18,106,106
68,116,5,2487,2487,591,591,1897,1897,0,0
68,120,2,478,478,478,478,0,0,0,0
68,121,1,815,815,771,771,44,44,0,0
68,122,3,578,578,476,476,102,102,0,0
68,13,12,1825,1825,1825,1825,0,0,0,0
68,28,3,864,864,191,191,673,673,0,0
68,67,6,2763,2763,682,682,2082,2082,0,0
68,74,1,1521,1521,25,25,1496,1496,0,0
68,75,16,1897,1897,1314,1314,583,583,0,0
68,83,4,1921,1921,467,467,1455,1455,0,0
68,88,2,1625,1625,181,181,1445,1445,0,0
68,95,1,1815,1815,0,0,1815,1815,0,0
68,98,2,1179,1179,27,27,1152,1152,0,0
68,102,7,1268,1268,1268,1268,0,0,0,0
68,114,1,376,376,376,376,0,0,0,0
68,115,2,1969,1969,106,106,1862,1862,0,0
69,1,13,6597,6597,873,873,5726,5726,0,0
69,3,1,264,264,141,141,124,124,0,0
69,6,4,1724,1724,1724,1724,0,0,0,0
69,7,19,3030,3030,2562,2562,468,468,0,0
69,8,20,4193,4193,3207,3207,986,986,0,0
69,9,1,131,131,131,131,0,0,0,0
69,13,39,9732,9732,6067,6067,3664,3664,0,0
69,14,77,13958,13958,12240,12240,1718,1718,0,0
69,15,15,3145,3145,2405,2405,740,740,0,0
69,33,12,1614,1614,1614,1614,0,0,0,0
69,34,3,434,434,434,434,0,0,0,0
69,63,4,1227,1227,417,417,400,400,0,0
69,64,8,4472,4472,1541,1541,2932,2932,0,0
69,65,15,3577,3577,2315,2315,1262,1262,0,0
69,71,24,3836,3836,2578,2578,1258,1258,0,0
69,72,42,8697,8697,8697,8697,0,0,0,0
69,73,20,3333,3333,3333,3333,0,0,0,0
69,74,5,605,605,605,605,0,0,0,0
69,75,4,672,672,403,403,269,269,0,0
69,82,11,3234,3234,2618,2618,341,341,130,130
69,83,25,4945,4945,4756,4756,0,0,190,190
69,84,8,2577,2577,1114,1114,1463,1463,0,0
69,87,8,2119,2119,1034,1034,1085,1085,0,0
69,88,9,4327,4327,757,757,3571,3571,0,0
69,93,4,1087,1087,109,109,978,978,0,0
69,94,11,2385,2385,143,143,2242,2242,0,0
69,95,5,6090,6090,378,378,5695,5695,0,0
69,97,3,538,538,459,459,79,79,0,0
69,98,9,2746,2746,467,467,2279,2279,0,0
69,100,23,14639,14639,2315,2315,12325,12325,0,0
69,101,22,4529,4529,4247,4247,281,281,0,0
69,102,60,7340,7340,7048,7048,34,34,190,190
69,110,3,708,708,198,198,511,511,0,0
69,114,1,41,41,41,41,0,0,0,0
69,124,1,53,53,53,53,0,0,0,0
69,127,1,222,222,222,222,0,0,0,0
69,23,2,224,224,172,172,52,52,0,0
69,24,4,2077,2077,1003,1003,1074,1074,0,0
69,29,3,362,362,362,362,0,0,0,0
69,70,8,2246,2246,1098,1098,1148,1148,0,0
69,99,3,4000,4000,78,78,3922,3922,0,0
69,103,9,2783,2783,2783,2783,0,0,0,0
69,112,1,55,55,55,55,0,0,0,0
70,0,9,1327,1327,1079,1079,248,248,0,0
70,1,9,3827,3827,650,650,3177,3177,0,0
70,3,1,160,160,160,160,0,0,0,0
70,7,32,5758,5758,4574,4574,1184,1184,0,0
70,8,19,3546,3546,2281,2281,1264,1264,0,0
70,11,19,2612,2612,1646,1646,966,966,0,0
70,12,18,3643,3643,3284,3284,359,359,0,0
70,13,69,13306,13306,9575,9575,3731,3731,0,0
70,14,51,12682,12682,7588,7588,5095,5095,0,0
70,15,17,5444,5444,5087,5087,119,119,0,0
70,16,3,618,618,67,67,551,551,0,0
70,17,5,1021,1021,896,896,125,125,0,0
70,22,7,1582,1582,536,536,1047,1047,0,0
70,33,1,424,424,193,193,231,231,0,0
70,64,2,534,534,132,132,402,402,0,0
70,65,6,898,898,262,262,636,636,0,0
70,67,24,5656,5656,2058,2058,3599,3599,0,0
70,69,1,818,818,0,0,818,818,0,0
70,70,6,1287,1287,1287,1287,0,0,0,0
70,71,1,1227,1227,1227,1227,0,0,0,0
70,72,11,2862,2862,2038,2038,823,823,0,0
70,73,13,2447,2447,1683,1683,764,764,0,0
70,75,1,198,198,198,198,0,0,0,0
70,82,22,3620,3620,3500,3500,122,122,0,0
70,83,3,1249,1249,1248,1248,0,0,0,0
70,94,1,206,206,0,0,206,206,0,0
70,95,9,1495,1495,1029,1029,425,425,0,0
70,99,5,1273,1273,634,634,638,638,0,0
70,100,12,7661,7661,738,738,6906,6906,0,0
70,101,7,2110,2110,2110,2110,0,0,0,0
70,102,45,6707,6707,6707,6707,0,0,0,0
70,103,14,4633,4633,2489,2489,714,714,0,0
70,106,5,1339,1339,743,743,593,593,0,0
70,112,1,17,17,17,17,0,0,0,0
70,115,2,146,146,34,34,44,44,0,0
70,122,4,1029,1029,266,266,763,763,0,0
70,123,3,546,546,546,546,0,0,0,0
70,125,1,197,197,197,197,0,0,0,0
70,126,1,272,272,272,272,0,0,0,0
70,2,1,254,254,254,254,0,0,0,0
70,40,2,104,104,104,104,0,0,0,0
70,54,3,324,324,187,187,137,137,0,0
70,74,2,2566,2566,389,389,2177,2177,0,0
70,84,1,1766,1766,0,0,1766,1766,0,0
70,85,1,1617,1617,0,0,1617,1617,0,0
70,87,1,8,8,2,2,2,2,0,0
70,116,4,387,387,387,387,0,0,0,0
70,117,3,1117,1117,1117,1117,0,0,0,0
70,118,6,1288,1288,1288,1288,0,0,0,0
70,119,2,596,596,596,596,0,0,0,0
70,120,4,426,426,426,426,0,0,0,0
70,121,8,1465,1465,1465,1465,0,0,0,0
70,124,1,331,331,331,331,0,0,0,0
71,0,3,219,219,219,219,0,0,0,0
71,1,3,1528,1528,120,120,1408,1408,0,0
71,2,1,238,238,238,238,0,0,0,0
71,6,1,217,217,217,217,0,0,0,0
71,7,1,1225,1225,203,203,1021,1021,0,0
71,8,18,3354,3354,3039,3039,105,105,0,0
71,9,16,4349,4349,3735,3735,614,614,0,0
71,10,29,6466,6466,3977,3977,2489,2489,0,0
71,11,75,11295,11295,10385,10385,910,910,0,0
71,12,103,15525,15525,12803,12803,2724,2724,0,0
71,13,61,12315,12315,7707,7707,4561,4561,0,0
71,14,61,10507,10507,10354,10354,153,153,0,0
71,15,27,7120,7120,5850,5850,956,956,0,0
71,21,1,350,350,350,350,0,0,0,0
71,32,8,1142,1142,1142,1142,0,0,0,0
71,33,4,608,608,519,519,89,89,0,0
71,37,2,328,328,170,170,53,53,0,0
71,38,6,1436,1436,627,627,809,809,0,0
71,39,6,759,759,759,759,0,0,0,0
71,40,2,335,335,335,335,0,0,0,0
71,44,1,12,12,12,12,0,0,0,0
71,54,2,424,424,0,0,424,424,0,0
71,57,5,3729,3729,1957,1957,1772,1772,0,0
71,69,1,627,627,627,627,0,0,0,0
71,73,8,5584,5584,1384,1384,4200,4200,0,0
71,82,2,685,685,685,685,0,0,0,0
71,83,2,372,372,372,372,0,0,0,0
71,84,11,6209,6209,1492,1492,4716,4716,0,0
71,85,1,2768,2768,0,0,2768,2768,0,0
71,96,1,4,4,4,4,0,0,0,0
71,98,1,1355,1355,0,0,1355,1355,0,0
71,100,4,765,765,765,765,0,0,0,0
71,101,16,2685,2685,2685,2685,0,0,0,0
71,102,24,3149,3149,3149,3149,0,0,0,0
71,107,4,1098,1098,1098,1098,0,0,0,0
71,110,3,276,276,276,276,0,0,0,0
71,117,12,2417,2417,2283,2283,45,45,0,0
71,118,31,7765,7765,7433,7433,212,212,0,0
71,119,31,5770,5770,5770,5770,0,0,0,0
71,120,23,4729,4729,4729,4729,0,0,0,0
71,121,12,1467,1467,1467,1467,0,0,0,0
71,122,1,275,275,275,275,0,0,0,0
71,26,5,374,374,306,306,31,31,0,0
71,41,1,583,583,252,252,331,331,0,0
71,42,1,485,485,485,485,0,0,0,0
71,56,1,1884,1884,0,0,1884,1884,0,0
71,66,1,532,532,532,532,0,0,0,0
71,70,2,640,640,640,640,0,0,0,0
71,75,1,1395,1395,0,0,1395,1395,0,0
71,94,1,1112,1112,147,147,965,965,0,0
71,99,5,2192,2192,15,15,2178,2178,0,0
71,105,2,525,525,525,525,0,0,0,0
71,106,2,446,446,446,446,0,0,0,0
71,114,2,50,50,50,50,0,0,0,0
71,115,3,91,91,91,91,0,0,0,0
72,0,1,56,56,14,14,14,14,0,0
72,1,8,1078,1078,431,431,647,647,0,0
72,8,9,1602,1602,1602,1602,0,0,0,0
72,9,53,10541,10541,9701,9701,840,840,0,0
72,10,30,7513,7513,5375,5375,2137,2137,0,0
72,11,62,13644,13644,9622,9622,3987,3987,0,0
72,12,52,9528,9528,7350,7350,2177,2177,0,0
72,13,79,10494,10494,10241,10241,243,243,0,0
72,14,64,10374,10374,9177,9177,1031,1031,0,0
72,15,38,8089,8089,7441,7441,648,648,0,0
72,26,3,1532,1532,823,823,709,709,0,0
72,32,10,1343,1343,709,709,634,634,0,0
72,33,6,3339,3339,410,410,2929,2929,0,0
72,37,6,6691,6691,34,34,6657,6657,0,0
72,38,6,790,790,279,279,511,511,0,0
72,41,2,1388,1388,470,470,918,918,0,0
72,42,6,1346,1346,1006,1006,340,340,0,0
72,56,2,3613,3613,0,0,3613,3613,0,0
72,73,4,1564,1564,1564,1564,0,0,0,0
72,74,42,7885,7885,7565,7565,320,320,0,0
72,75,35,6824,6824,2939,2939,3884,3884,0,0
72,84,6,996,996,879,879,117,117,0,0
72,91,7,455,455,95,95,360,360,0,0
72,93,10,835,835,727,727,101,101,0,0
72,94,3,2273,2273,267,267,2006,2006,0,0
72,97,2,311,311,311,311,0,0,0,0
72,98,4,2490,2490,269,269,2221,2221,0,0
72,100,4,2608,2608,523,523,2086,2086,0,0
72,102,8,2238,2238,1950,1950,0,0,288,288
72,105,1,182,182,182,182,0,0,0,0
72,106,17,2818,2818,2818,2818,0,0,0,0
72,107,28,5570,5570,5570,5570,0,0,0,0
72,108,16,2805,2805,2805,2805,0,0,0,0
72,111,6,922,922,922,922,0,0,0,0
72,113,8,1417,1417,964,964,455,455,0,0
72,117,14,3472,3472,2187,2187,438,438,847,847
72,118,10,2927,2927,1475,1475,1158,1158,0,0
72,120,1,290,290,290,290,0,0,0,0
72,124,1,56,56,56,56,0,0,0,0
72,2,1,986,986,549,549,437,437,0,0
72,16,2,755,755,755,755,0,0,0,0
72,39,1,1494,1494,255,255,1239,1239,0,0
72,66,1,390,390,0,0,390,390,0,0
72,81,2,659,659,247,247,412,412,0,0
72,82,1,529,529,529,529,0,0,0,0
72,83,1,487,487,18,18,469,469,0,0
72,101,2,665,665,665,665,0,0,0,0
72,103,1,177,177,177,177,0,0,0,0
72,112,1,474,474,474,474,0,0,0,0
72,114,1,182,182,182,182,0,0,0,0
72,121,1,250,250,250,250,0,0,0,0
73,2,13,4076,4076,1102,1102,2973,2973,0,0
73,8,14,4453,4453,3915,3915,373,373,0,0
73,9,74,13444,13444,11660,11660,1784,1784,0,0
73,10,51,17723,17723,15196,15196,0,0,2526,2526
73,11,58,12568,12568,8813,8813,3752,3752,0,0
73,12,60,10285,10285,9612,9612,673,673,0,0
73,13,16,2170,2170,1912,1912,258,258,0,0
73,14,22,4203,4203,2243,2243,1960,1960,0,0
73,15,30,6848,6848,6072,6072,775,775,0,0
73,16,7,2020,2020,2020,2020,0,0,0,0
73,17,14,2227,2227,1367,1367,859,859,0,0
73,29,11,2831,2831,1529,1529,1302,1302,0,0
73,32,14,5001,5001,1463,1463,3539,3539,0,0
73,33,7,1056,1056,535,535,521,521,0,0
73,66,11,1380,1380,601,601,778,778,0,0
73,72,17,1547,1547,1547,1547,0,0,0,0
73,73,51,7671,7671,5771,5771,1901,1901,0,0
73,74,82,11025,11025,9493,9493,1532,1532,0,0
73,75,25,4259,4259,1970,1970,2290,2290,0,0
73,83,1,981,981,807,807,174,174,0,0
73,91,5,1295,1295,900,900,262,262,0,0
73,96,6,2088,2088,629,629,1459,1459,0,0
73,97,3,1961,1961,460,460,1501,1501,0,0
73,99,14,5434,5434,1452,1452,3981,3981,0,0
73,100,28,6746,6746,3929,3929,2818,2818,0,0
73,102,4,663,663,316,316,0,0,347,347
73,103,1,242,242,242,242,0,0,0,0
73,106,3,132,132,132,132,0,0,0,0
73,107,12,2051,2051,2051,2051,0,0,0,0
73,108,15,1887,1887,1887,1887,0,0,0,0
73,109,10,1916,1916,1890,1890,9,9,0,0
73,110,15,3069,3069,3069,3069,0,0,0,0
73,111,17,2225,2225,1956,1956,251,251,0,0
73,112,14,1680,1680,1680,1680,0,0,0,0
73,113,3,496,496,343,343,154,154,0,0
73,114,5,620,620,620,620,0,0,0,0
73,117,4,458,458,458,458,0,0,0,0
73,121,4,957,957,957,957,0,0,0,0
73,124,1,306,306,306,306,0,0,0,0
73,24,3,728,728,144,144,585,585,0,0
73,71,1,739,739,739,739,0,0,0,0
73,82,3,521,521,521,521,0,0,0,0
73,94,1,2868,2868,0,0,2868,2868,0,0
73,115,1,344,344,344,344,0,0,0,0
73,120,3,413,413,413,413,0,0,0,0
73,122,5,428,428,428,428,0,0,0,0
73,125,1,66,66,66,66,0,0,0,0
74,7,49,8341,8341,5787,5787,2554,2554,0,0
74,8,46,7670,7670,6442,6442,1228,1228,0,0
74,9,60,14434,14434,14139,14139,296,296,0,0
74,10,61,13628,13628,11485,11485,2143,2143,0,0
74,11,82,12438,12438,10033,10033,2035,2035,0,0
74,12,86,12833,12833,10943,10943,1890,1890,0,0
74,16,3,764,764,764,764,0,0,0,0
74,17,2,1750,1750,34,34,1717,1717,0,0
74,23,2,341,341,38,38,303,303,0,0
74,24,7,3547,3547,484,484,3063,3063,0,0
74,33,17,3054,3054,1054,1054,2000,2000,0,0
74,36,22,4587,4587,2537,2537,2049,2049,0,0
74,37,20,2363,2363,1422,1422,940,940,0,0
74,48,21,3920,3920,2530,2530,1390,1390,0,0
74,49,4,1228,1228,539,539,688,688,0,0
74,55,1,55,55,14,14,14,14,0,0
74,72,21,2466,2466,2466,2466,0,0,0,0
74,73,85,11550,11550,11310,11310,240,240,0,0
74,74,76,10390,10390,9969,9969,398,398,0,0
74,75,37,6226,6226,6226,6226,0,0,0,0
74,82,12,3895,3895,1755,1755,2140,2140,0,0
74,91,9,3112,3112,462,462,2650,2650,0,0
74,92,2,214,214,214,214,0,0,0,0
74,94,3,2550,2550,33,33,2518,2518,0,0
74,95,5,3634,3634,1806,1806,1829,1829,0,0
74,96,34,10489,10489,2653,2653,6179,6179,0,0
74,97,7,945,945,745,745,98,98,0,0
74,99,14,6504,6504,2396,2396,3852,3852,0,0
74,100,19,4853,4853,3928,3928,925,925,0,0
74,106,6,865,865,865,865,0,0,0,0
74,107,17,1919,1919,1779,1779,140,140,0,0
74,108,2,325,325,325,325,0,0,0,0
74,110,11,1366,1366,1163,1163,203,203,0,0
74,111,3,1011,1011,918,918,93,93,0,0
74,112,13,2313,2313,2313,2313,0,0,0,0
74,113,18,1950,1950,1950,1950,0,0,0,0
74,120,8,1071,1071,1071,1071,0,0,0,0
74,121,17,2901,2901,2901,2901,0,0,0,0
74,124,12,1487,1487,1305,1305,116,116,65,65
74,125,5,1435,1435,1111,1111,324,324,0,0
74,126,2,226,226,226,226,0,0,0,0
74,6,8,1084,1084,793,793,291,291,0,0
74,13,3,771,771,771,771,0,0,0,0
74,35,2,196,196,196,196,0,0,0,0
74,66,3,535,535,535,535,0,0,0,0
74,76,1,3203,3203,115,115,3088,3088,0,0
74,83,2,853,853,354,354,499,499,0,0
74,109,2,100,100,100,100,0,0,0,0
74,115,1,134,134,34,34,34,34,0,0
74,116,1,83,83,83,83,0,0,0,0
74,123,2,87,87,87,87,0,0,0,0
74,127,4,488,488,488,488,0,0,0,0
75,1,7,1612,1612,711,711,882,882,0,0
75,2,2,267,267,59,59,208,208,0,0
75,5,4,218,218,218,218,0,0,0,0
75,6,45,8551,8551,7281,7281,1270,1270,0,0
75,7,52,9410,9410,7849,7849,1561,1561,0,0
75,8,50,11906,11906,8545,8545,2391,2391,0,0
75,9,57,11513,11513,9699,9699,978,978,0,0
75,10,102,15843,15843,13512,13512,2331,2331,0,0
75,11,80,11048,11048,10499,10499,549,549,0,0
75,12,59,9507,9507,8914,8914,591,591,0,0
75,13,26,5687,5687,5419,5419,267,267,0,0
75,20,1,231,231,231,231,0,0,0,0
75,21,17,3154,3154,2597,2597,557,557,0,0
75,22,9,2476,2476,1213,1213,1264,1264,0,0
75,32,2,384,384,384,384,0,0,0,0
75,33,10,1216,1216,1112,1112,105,105,0,0
75,35,5,431,431,431,431,0,0,0,0
75,36,3,675,675,653,653,22,22,0,0
75,37,7,845,845,845,845,0,0,0,0
75,41,5,359,359,359,359,0,0,0,0
75,42,4,173,173,173,173,0,0,0,0
75,48,3,759,759,344,344,415,415,0,0
75,49,8,1074,1074,958,958,116,116,0,0
75,52,12,4836,4836,1530,1530,3054,3054,0,0
75,66,3,475,475,475,475,0,0,0,0
75,67,1,559,559,559,559,0,0,0,0
75,71,10,2164,2164,2164,2164,0,0,0,0
75,72,29,7514,7514,7376,7376,138,138,0,0
75,73,53,8932,8932,8932,8932,0,0,0,0
75,74,76,11096,11096,9856,9856,1240,1240,0,0
75,75,50,13130,13130,6774,6774,6357,6357,0,0
75,76,18,6323,6323,5904,5904,419,419,0,0
75,82,6,6834,6834,100,100,6734,6734,0,0
75,83,6,5239,5239,184,184,5055,5055,0,0
75,84,3,1759,1759,218,218,1398,1398,0,0
75,88,4,4249,4249,186,186,4062,4062,0,0
75,91,4,523,523,201,201,322,322,0,0
75,93,9,1484,1484,1357,1357,0,0,127,127
75,94,1,536,536,536,536,0,0,0,0
75,95,5,267,267,257,257,10,10,0,0
75,96,8,1710,1710,982,982,443,443,0,0
75,99,32,9164,9164,6497,6497,2668,2668,0,0
75,100,35,13540,13540,5600,5600,7939,7939,0,0
75,101,3,7728,7728,278,278,7450,7450,0,0
75,106,26,2419,2419,2419,2419,0,0,0,0
75,107,11,1400,1400,1188,1188,213,213,0,0
75,109,3,1097,1097,270,270,827,827,0,0
75,112,18,5368,5368,3899,3899,998,998,470,470
75,113,8,710,710,710,710,0,0,0,0
75,122,3,610,610,610,610,0,0,0,0
75,126,1,19,19,0,0,19,19,0,0
75,127,7,897,897,792,792,105,105,0,0
75,14,19,2501,2501,2203,2203,298,298,0,0
75,15,3,342,342,342,342,0,0,0,0
75,17,1,95,95,95,95,0,0,0,0
75,46,1,8,8,2,2,2,2,0,0
75,50,2,345,345,345,345,0,0,0,0
75,53,5,462,462,462,462,0,0,0,0
75,87,5,1343,1343,640,640,703,703,0,0
75,105,4,464,464,407,407,56,56,0,0
75,111,10,1679,1679,1679,1679,0,0,0,0
75,117,6,2434,2434,2220,2220,205,205,8,8
75,121,1,5,5,5,5,0,0,0,0
76,5,19,7043,7043,1589,1589,5454,5454,0,0
76,6,47,8956,8956,5041,5041,3914,3914,0,0
76,7,81,11625,11625,10424,10424,1201,1201,0,0
76,8,53,10433,10433,8624,8624,1794,1794,0,0
76,9,49,17944,17944,7311,7311,10495,10495,0,0
76,10,56,8505,8505,7342,7342,1133,1133,0,0
76,11,36,6649,6649,4992,4992,1655,1655,0,0
76,12,44,9911,9911,8532,8532,1380,1380,0,0
76,13,70,10741,10741,8722,8722,2020,2020,0,0
76,14,35,4806,4806,3867,3867,938,938,0,0
76,16,8,2641,2641,1328,1328,1313,1313,0,0
76,17,1,72,72,72,72,0,0,0,0
76,31,1,802,802,802,802,0,0,0,0
76,32,13,2666,2666,1169,1169,1496,1496,0,0
76,33,8,3384,3384,1158,1158,2227,2227,0,0
76,36,7,3016,3016,493,493,2522,2522,0,0
76,40,4,389,389,389,389,0,0,0,0
76,52,15,3056,3056,2400,2400,451,451,128,128
76,53,6,2005,2005,420,420,1580,1580,0,0
76,59,4,453,453,354,354,33,33,0,0
76,61,11,2912,2912,2912,2912,0,0,0,0
76,69,7,1013,1013,1013,1013,0,0,0,0
76,70,24,3767,3767,3671,3671,96,96,0,0
76,71,27,7836,7836,6894,6894,942,942,0,0
76,72,98,13657,13657,11093,11093,2548,2548,0,0
76,73,87,10803,10803,10197,10197,581,581,0,0
76,74,108,16127,16127,15495,15495,632,632,0,0
76,75,38,5101,5101,4477,4477,624,624,0,0
76,76,60,8773,8773,7848,7848,924,924,0,0
76,77,9,3040,3040,3040,3040,0,0,0,0
76,83,3,371,371,351,351,20,20,0,0
76,87,5,552,552,552,552,0,0,0,0
76,88,5,2382,2382,278,278,2105,2105,0,0
76,93,1,1433,1433,1433,1433,0,0,0,0
76,96,1,251,251,251,251,0,0,0,0
76,99,34,9889,9889,8197,8197,1693,1693,0,0
76,100,26,9382,9382,6910,6910,2473,2473,0,0
76,101,9,5007,5007,5005,5005,2,2,0,0
76,103,17,2846,2846,2846,2846,0,0,0,0
76,104,23,2140,2140,2126,2126,5,5,0,0
76,105,34,4431,4431,4431,4431,0,0,0,0
76,106,11,2172,2172,2172,2172,0,0,0,0
76,109,20,2663,2663,2663,2663,0,0,0,0
76,110,35,5212,5212,5212,5212,0,0,0,0
76,111,40,7219,7219,7207,7207,4,4,0,0
76,112,55,9085,9085,7927,7927,662,662,319,319
76,113,28,4500,4500,3831,3831,523,523,0,0
76,114,1,420,420,420,420,0,0,0,0
76,115,2,674,674,495,495,179,179,0,0
76,117,6,1005,1005,481,481,525,525,0,0
76,122,1,14,14,14,14,0,0,0,0
76,15,11,1281,1281,1281,1281,0,0,0,0
76,18,2,569,569,569,569,0,0,0,0
76,19,9,962,962,623,623,340,340,0,0
76,28,5,510,510,510,510,0,0,0,0
76,29,12,1051,1051,1051,1051,0,0,0,0
76,30,13,1428,1428,1428,1428,0,0,0,0
76,34,3,1917,1917,373,373,1544,1544,0,0
76,35,3,540,540,402,402,138,138,0,0
76,37,12,917,917,637,637,280,280,0,0
76,38,4,1916,1916,231,231,1655,1655,0,0
76,47,1,127,127,127,127,0,0,0,0
76,48,4,549,549,549,549,0,0,0,0
76,51,4,403,403,267,267,137,137,0,0
76,65,1,201,201,201,201,0,0,0,0
76,66,2,1532,1532,262,262,1270,1270,0,0
76,67,2,104,104,104,104,0,0,0,0
76,80,3,5369,5369,1014,1014,4355,4355,0,0
76,81,3,374,374,148,148,226,226,0,0
76,82,2,524,524,409,409,115,115,0,0
76,86,9,1185,1185,922,922,263,263,0,0
76,95,1,425,425,425,425,0,0,0,0
76,97,4,1129,1129,836,836,293,293,0,0
76,98,7,1696,1696,1175,1175,522,522,0,0
76,102,2,660,660,660,660,0,0,0,0
76,123,1,85,85,85,85,0,0,0,0
76,127,7,1138,1138,497,497,640,640,0,0
77,5,35,11426,11426,3287,3287,8140,8140,0,0
77,6,57,11407,11407,7942,7942,3138,3138,0,0
77,7,34,7391,7391,5382,5382,1685,1685,0,0
77,8,5,1131,1131,612,612,318,318,0,0
77,9,35,9947,9947,5484,5484,4461,4461,0,0
77,10,21,5828,5828,3991,3991,778,778,0,0
77,11,5,1611,1611,620,620,991,991,0,0
77,12,13,2928,2928,1983,1983,945,945,0,0
77,13,47,9350,9350,7017,7017,2332,2332,0,0
77,14,33,5796,5796,4208,4208,1588,1588,0,0
77,18,2,200,200,200,200,0,0,0,0
77,23,5,1136,1136,775,775,361,361,0,0
77,24,11,1777,1777,1164,1164,613,613,0,0
77,28,1,293,293,293,293,0,0,0,0
77,29,14,3957,3957,1245,1245,2712,2712,0,0
77,30,20,4580,4580,1983,1983,2597,2597,0,0
77,31,67,11178,11178,10663,10663,516,516,0,0
77,32,71,10265,10265,9714,9714,553,553,0,0
77,33,29,6390,6390,4896,4896,1496,1496,0,0
77,34,12,8746,8746,1683,1683,7062,7062,0,0
77,35,19,4954,4954,1812,1812,3142,3142,0,0
77,36,15,9972,9972,732,732,9243,9243,0,0
77,37,5,494,494,416,416,77,77,0,0
77,46,6,518,518,518,518,0,0,0,0
77,60,2,882,882,187,187,695,695,0,0
77,62,11,975,975,975,975,0,0,0,0
77,64,5,953,953,479,479,473,473,0,0
77,65,6,1430,1430,1292,1292,138,138,0,0
77,66,12,11230,11230,1636,1636,9595,9595,0,0
77,67,5,728,728,728,728,0,0,0,0
77,68,7,2020,2020,1430,1430,590,590,0,0
77,69,32,5577,5577,5129,5129,449,449,0,0
77,70,8,1663,1663,1298,1298,365,365,0,0
77,72,33,7403,7403,5680,5680,1724,1724,0,0
77,73,103,14905,14905,13538,13538,1367,1367,0,0
77,74,98,14812,14812,10976,10976,3798,3798,0,0
77,75,73,13600,13600,10236,10236,3329,3329,0,0
77,76,58,12700,12700,9478,9478,3106,3106,0,0
77,77,33,5228,5228,5228,5228,0,0,0,0
77,80,4,5035,5035,542,542,4493,4493,0,0
77,82,3,1410,1410,57,57,1353,1353,0,0
77,84,4,1156,1156,525,525,630,630,0,0
77,90,7,1917,1917,680,680,1237,1237,0,0
77,97,4,690,690,427,427,264,264,0,0
77,98,6,1785,1785,1785,1785,0,0,0,0
77,99,50,9960,9960,9454,9454,169,169,0,0
77,100,32,11897,11897,10850,10850,1046,1046,0,0
77,101,6,2437,2437,2437,2437,0,0,0,0
77,102,5,964,964,964,964,0,0,0,0
77,103,25,5686,5686,5111,5111,192,192,0,0
77,104,5,751,751,751,751,0,0,0,0
77,105,12,1565,1565,1565,1565,0,0,0,0
77,107,11,2427,2427,2160,2160,267,267,0,0
77,109,19,3841,3841,3702,3702,47,47,0,0
77,110,55,7915,7915,7915,7915,0,0,0,0
77,111,34,6846,6846,6701,6701,48,48,0,0
77,112,28,5523,5523,5340,5340,182,182,0,0
77,113,6,2102,2102,1555,1555,523,523,0,0
77,123,2,288,288,132,132,156,156,0,0
77,126,1,236,236,236,236,0,0,0,0
77,0,2,188,188,107,107,81,81,0,0
77,4,11,1471,1471,1037,1037,434,434,0,0
77,15,2,1135,1135,158,158,977,977,0,0
77,19,9,1311,1311,1311,1311,0,0,0,0
77,47,4,1604,1604,1146,1146,406,406,0,0
77,51,9,2864,2864,915,915,1950,1950,0,0
77,56,3,355,355,355,355,0,0,0,0
77,61,2,228,228,228,228,0,0,0,0
77,63,3,227,227,227,227,0,0,0,0
77,71,6,3294,3294,967,967,2327,2327,0,0
77,79,3,1139,1139,723,723,416,416,0,0
77,106,2,360,360,343,343,17,17,0,0
78,2,1,9,9,9,9,0,0,0,0
78,4,19,6168,6168,1601,1601,4566,4566,0,0
78,5,28,10507,10507,4828,4828,5678,5678,0,0
78,6,27,8942,8942,5903,5903,3039,3039,0,0
78,7,8,2922,2922,2723,2723,66,66,0,0
78,9,23,7415,7415,5294,5294,2121,2121,0,0
78,10,22,5153,5153,5153,5153,0,0,0,0
78,12,31,3829,3829,3779,3779,17,17,0,0
78,13,34,7566,7566,7353,7353,213,213,0,0
78,14,16,3016,3016,1632,1632,1384,1384,0,0
78,15,11,1558,1558,1439,1439,118,118,0,0
78,19,6,884,884,443,443,440,440,0,0
78,24,1,377,377,93,93,284,284,0,0
78,30,51,9487,9487,7604,7604,1882,1882,0,0
78,31,28,7171,7171,4995,4995,289,289,1887,1887
78,32,11,1533,1533,1533,1533,0,0,0,0
78,33,9,2049,2049,1408,1408,642,642,0,0
78,34,14,2875,2875,2875,2875,0,0,0,0
78,35,4,6387,6387,279,279,6109,6109,0,0
78,36,4,844,844,412,412,432,432,0,0
78,39,1,6,6,6,6,0,0,0,0
78,40,2,595,595,149,149,149,149,0,0
78,51,2,1191,1191,52,52,1059,1059,0,0
78,58,3,245,245,245,245,0,0,0,0
78,61,26,3173,3173,3005,3005,167,167,0,0
78,62,23,2543,2543,2316,2316,226,226,0,0
78,63,18,3506,3506,3497,3497,9,9,0,0
78,64,33,4328,4328,3798,3798,530,530,0,0
78,65,1,1496,1496,0,0,1496,1496,0,0
78,67,1,329,329,0,0,329,329,0,0
78,68,3,1081,1081,52,52,1029,1029,0,0
78,71,13,3883,3883,1285,1285,2597,2597,0,0
78,72,70,9867,9867,9213,9213,655,655,0,0
78,73,82,12550,12550,12550,12550,0,0,0,0
78,74,116,16959,16959,14920,14920,1981,1981,0,0
78,75,56,8358,8358,8358,8358,0,0,0,0
78,76,32,5977,5977,5550,5550,427,427,0,0
78,77,14,3647,3647,3647,3647,0,0,0,0
78,79,22,3537,3537,2967,2967,569,569,0,0
78,80,4,351,351,351,351,0,0,0,0
78,81,6,1119,1119,619,619,500,500,0,0
78,95,2,8446,8446,8446,8446,0,0,0,0
78,96,6,5898,5898,568,568,5330,5330,0,0
78,98,7,2403,2403,2403,2403,0,0,0,0
78,99,23,5921,5921,5467,5467,455,455,0,0
78,100,20,12249,12249,10227,10227,360,360,953,953
78,103,33,4788,4788,4788,4788,0,0,0,0
78,104,34,4640,4640,4640,4640,0,0,0,0
78,105,22,6389,6389,6389,6389,0,0,0,0
78,106,28,6781,6781,6781,6781,0,0,0,0
78,107,3,717,717,19,19,697,697,0,0
78,109,4,1008,1008,932,932,25,25,0,0
78,110,16,3516,3516,3516,3516,0,0,0,0
78,111,29,6070,6070,4385,4385,562,562,0,0
78,112,60,6518,6518,6498,6498,20,20,0,0
78,123,4,1657,1657,565,565,1081,1081,0,0
78,1,2,139,139,139,139,0,0,0,0
78,8,6,2641,2641,2518,2518,122,122,0,0
78,11,23,2713,2713,2657,2657,19,19,0,0
78,26,10,1177,1177,546,546,631,631,0,0
78,28,2,236,236,236,236,0,0,0,0
78,29,8,4806,4806,805,805,4001,4001,0,0
78,37,3,1463,1463,340,340,1123,1123,0,0
78,44,2,297,297,297,297,0,0,0,0
78,53,7,1719,1719,1719,1719,0,0,0,0
78,56,6,1512,1512,872,872,557,557,0,0
78,60,4,700,700,521,521,179,179,0,0
78,66,2,727,727,137,137,590,590,0,0
78,101,5,1499,1499,1393,1393,106,106,0,0
78,127,5,672,672,547,547,125,125,0,0
79,0,6,4048,4048,1821,1821,2227,2227,0,0
79,4,30,6757,6757,4293,4293,2432,2432,0,0
79,5,41,7472,7472,6407,6407,1065,1065,0,0
79,6,27,6112,6112,5549,5549,563,563,0,0
79,7,5,1766,1766,1766,1766,0,0,0,0
79,8,18,3661,3661,3661,3661,0,0,0,0
79,9,40,8449,8449,8449,8449,0,0,0,0
79,10,27,6732,6732,6732,6732,0,0,0,0
79,11,28,6156,6156,6127,6127,10,10,0,0
79,12,1,226,226,226,226,0,0,0,0
79,13,1,432,432,432,432,0,0,0,0
79,15,4,1429,1429,361,361,1068,1068,0,0
79,16,16,2287,2287,1805,1805,481,481,0,0
79,27,19,4106,4106,2922,2922,1183,1183,0,0
79,29,25,5396,5396,3648,3648,1748,1748,29,29
79,30,36,7129,7129,5986,5986,914,914,0,0
79,31,54,9247,9247,6952,6952,2297,2297,0,0
79,33,5,4990,4990,132,132,4858,4858,0,0
79,34,21,5678,5678,2414,2414,3249,3249,0,0
79,44,3,302,302,302,302,0,0,0,0
79,53,3,861,861,861,861,0,0,0,0
79,58,9,1621,1621,643,643,979,979,0,0
79,59,60,7445,7445,6533,6533,727,727,0,0
79,60,54,6247,6247,4348,4348,1132,1132,609,609
79,61,7,1189,1189,690,690,498,498,0,0
79,63,19,1899,1899,1477,1477,422,422,0,0
79,64,6,519,519,519,519,0,0,0,0
79,71,16,2733,2733,2733,2733,0,0,0,0
79,72,36,7607,7607,7607,7607,0,0,0,0
79,73,35,6305,6305,5796,5796,398,398,111,111
79,74,97,11761,11761,11580,11580,181,181,0,0
79,75,57,8240,8240,8240,8240,0,0,0,0
79,76,28,6482,6482,5196,5196,0,0,1286,1286
79,77,1,719,719,719,719,0,0,0,0
79,83,2,332,332,137,137,163,163,0,0
79,95,4,6958,6958,390,390,6412,6412,0,0
79,96,5,8126,8126,246,246,7879,7879,0,0
79,98,3,700,700,700,700,0,0,0,0
79,99,17,6158,6158,5173,5173,964,964,22,22
79,100,18,14014,14014,3561,3561,9917,9917,535,535
79,103,1,221,221,221,221,0,0,0,0
79,104,8,1347,1347,1231,1231,116,116,0,0
79,105,9,1826,1826,1826,1826,0,0,0,0
79,106,13,2399,2399,2399,2399,0,0,0,0
79,108,1,195,195,195,195,0,0,0,0
79,110,6,1512,1512,1308,1308,204,204,0,0
79,111,7,1025,1025,775,775,83,83,0,0
79,112,19,1645,1645,1645,1645,0,0,0,0
79,117,2,762,762,601,601,160,160,0,0
79,125,2,531,531,531,531,0,0,0,0
79,126,2,319,319,319,319,0,0,0,0
79,127,6,1483,1483,1333,1333,150,150,0,0
79,14,2,374,374,374,374,0,0,0,0
79,28,7,855,855,630,630,225,225,0,0
79,35,3,288,288,288,288,0,0,0,0
79,36,12,2010,2010,809,809,1201,1201,0,0
79,47,3,422,422,159,159,264,264,0,0
79,51,1,138,138,35,35,35,35,0,0
79,57,2,272,272,74,74,198,198,0,0
79,66,1,404,404,45,45,359,359,0,0
79,67,4,900,900,242,242,658,658,0,0
79,82,9,1304,1304,650,650,655,655,0,0
79,94,4,1042,1042,808,808,78,78,0,0
80,3,37,5459,5459,4444,4444,927,927,0,0
80,4,13,6832,6832,3430,3430,3402,3402,0,0
80,5,10,7263,7263,1578,1578,5685,5685,0,0
80,6,1,88,88,88,88,0,0,0,0
80,9,23,4753,4753,3465,3465,1288,1288,0,0
80,10,37,6508,6508,6508,6508,0,0,0,0
80,11,23,4102,4102,4052,4052,49,49,0,0
80,14,7,2069,2069,1252,1252,817,817,0,0
80,16,1,115,115,115,115,0,0,0,0
80,19,5,675,675,498,498,177,177,0,0
80,27,2,1574,1574,299,299,1275,1275,0,0
80,28,7,4916,4916,770,770,4147,4147,0,0
80,29,15,4154,4154,1354,1354,2799,2799,0,0
80,30,15,2389,2389,1857,1857,532,532,0,0
80,31,3,320,320,147,147,173,173,0,0
80,32,20,4291,4291,1526,1526,2764,2764,0,0
80,33,15,2137,2137,1926,1926,70,70,0,0
80,34,7,1678,1678,955,955,720,720,0,0
80,35,1,212,212,212,212,0,0,0,0
80,36,9,932,932,932,932,0,0,0,0
80,57,15,2827,2827,1769,1769,1057,1057,0,0
80,58,2,1264,1264,374,374,890,890,0,0
80,59,25,3772,3772,2542,2542,1230,1230,0,0
80,60,4,470,470,149,149,322,322,0,0
80,61,2,533,533,533,533,0,0,0,0
80,67,2,1232,1232,297,297,936,936,0,0
80,74,32,4471,4471,3950,3950,520,520,0,0
80,75,33,5060,5060,4160,4160,901,901,0,0
80,76,1,166,166,166,166,0,0,0,0
80,94,2,1393,1393,440,440,318,318,0,0
80,99,5,1825,1825,1806,1806,18,18,0,0
80,111,13,2227,2227,1863,1863,351,351,0,0
80,113,14,2225,2225,2225,2225,0,0,0,0
80,114,3,540,540,384,384,157,157,0,0
80,119,4,767,767,767,767,0,0,0,0
80,125,6,1095,1095,1095,1095,0,0,0,0
80,2,1,120,120,120,120,0,0,0,0
80,8,2,1785,1785,0,0,1785,1785,0,0
80,12,1,626,626,94,94,533,533,0,0
80,13,4,485,485,329,329,156,156,0,0
80,15,3,609,609,180,180,429,429,0,0
80,17,4,545,545,545,545,0,0,0,0
80,18,4,845,845,845,845,0,0,0,0
80,50,1,398,398,398,398,0,0,0,0
80,54,2,547,547,547,547,0,0,0,0
80,69,2,763,763,763,763,0,0,0,0
80,70,2,119,119,119,119,0,0,0,0
80,71,1,21,21,21,21,0,0,0,0
80,88,6,1353,1353,654,654,669,669,0,0
80,91,2,538,538,292,292,247,247,0,0
80,92,4,1421,1421,280,280,1141,1141,0,0
80,100,2,3161,3161,311,311,2849,2849,0,0
80,106,3,280,280,280,280,0,0,0,0
80,115,6,1336,1336,813,813,523,523,0,0
80,123,2,347,347,202,202,71,71,74,74
80,126,1,7,7,7,7,0,0,0,0
81,3,14,3397,3397,1952,1952,1445,1445,0,0
81,4,4,3057,3057,567,567,2490,2490,0,0
81,5,3,2950,2950,357,357,2593,2593,0,0
81,11,18,2764,2764,1572,1572,1192,1192,0,0
81,13,11,1505,1505,668,668,837,837,0,0
81,14,11,1703,1703,871,871,832,832,0,0
81,15,7,1435,1435,610,610,825,825,0,0
81,16,8,1277,1277,1193,1193,84,84,0,0
81,18,3,427,427,427,427,0,0,0,0
81,24,4,1162,1162,543,543,619,619,0,0
81,26,10,1549,1549,718,718,832,832,0,0
81,27,6,9885,9885,622,622,9264,9264,0,0
81,30,1,227,227,0,0,227,227,0,0
81,32,3,826,826,507,507,167,167,0,0
81,33,16,4495,4495,905,905,3590,3590,0,0
81,34,4,2288,2288,704,704,1584,1584,0,0
81,36,10,1485,1485,1485,1485,0,0,0,0
81,40,3,656,656,225,225,220,220,0,0
81,49,3,4595,4595,74,74,4522,4522,0,0
81,50,7,1912,1912,656,656,1256,1256,0,0
81,69,1,223,223,223,223,0,0,0,0
81,73,1,110,110,0,0,0,0,110,110
81,74,15,2644,2644,1652,1652,992,992,0,0
81,80,9,2121,2121,753,753,1367,1367,0,0
81,90,6,2900,2900,2535,2535,365,365,0,0
81,91,3,1828,1828,1445,1445,382,382,0,0
81,92,7,4317,4317,0,0,4317,4317,0,0
81,97,9,2121,2121,1415,1415,705,705,0,0
81,99,4,2293,2293,397,397,1896,1896,0,0
81,100,7,4851,4851,577,577,4274,4274,0,0
81,101,2,409,409,143,143,265,265,0,0
81,111,3,10,10,10,10,0,0,0,0
81,112,1,1181,1181,0,0,1181,1181,0,0
81,113,6,1645,1645,731,731,914,914,0,0
81,114,3,1003,1003,425,425,579,579,0,0
81,117,2,276,276,258,258,17,17,0,0
81,118,6,1556,1556,1231,1231,325,325,0,0
81,123,5,1467,1467,642,642,824,824,0,0
81,2,11,2533,2533,1119,1119,1414,1414,0,0
81,7,3,1545,1545,317,317,1227,1227,0,0
81,10,1,300,300,300,300,0,0,0,0
81,20,4,1134,1134,748,748,386,386,0,0
81,28,2,2416,2416,0,0,2416,2416,0,0
81,31,5,1694,1694,677,677,1017,1017,0,0
81,65,1,23,23,23,23,0,0,0,0
81,66,1,16,16,16,16,0,0,0,0
81,67,3,291,291,291,291,0,0,0,0
81,84,1,222,222,222,222,0,0,0,0
81,120,1,412,412,83,83,329,329,0,0
81,121,2,3362,3362,2,2,3360,3360,0,0
81,125,1,744,744,59,59,685,685,0,0
81,126,7,744,744,627,627,95,95,0,0
81,127,3,155,155,155,155,0,0,0,0
82,5,1,6,6,6,6,0,0,0,0
82,10,5,696,696,696,696,0,0,0,0
82,13,8,4569,4569,900,900,3669,3669,0,0
82,14,2,331,331,195,195,136,136,0,0
82,16,1,221,221,218,218,3,3,0,0
82,23,11,937,937,856,856,81,81,0,0
82,26,17,6113,6113,2502,2502,3613,3613,0,0
82,31,14,3417,3417,1716,1716,1657,1657,0,0
82,32,14,3301,3301,1284,1284,2017,2017,0,0
82,33,21,3391,3391,1080,1080,2310,2310,0,0
82,40,11,2292,2292,1355,1355,893,893,0,0
82,49,2,346,346,200,200,147,147,0,0
82,50,2,120,120,97,97,8,8,0,0
82,56,3,1025,1025,587,587,438,438,0,0
82,71,1,695,695,695,695,0,0,0,0
82,74,1,338,338,338,338,0,0,0,0
82,84,2,325,325,325,325,0,0,0,0
82,85,4,1208,1208,1208,1208,0,0,0,0
82,93,7,885,885,513,513,372,372,0,0
82,97,13,4464,4464,1756,1756,2582,2582,0,0
82,100,5,10799,10799,663,663,10136,10136,0,0
82,102,6,12130,12130,1575,1575,10555,10555,0,0
82,103,1,15,15,4,4,4,4,0,0
82,108,7,728,728,571,571,157,157,0,0
82,113,3,909,909,592,592,317,317,0,0
82,117,3,484,484,223,223,261,261,0,0
82,118,12,4090,4090,2049,2049,2012,2012,0,0
82,9,2,397,397,397,397,0,0,0,0
82,17,7,1662,1662,282,282,1380,1380,0,0
82,22,8,749,749,575,575,175,175,0,0
82,96,1,182,182,90,90,92,92,0,0
82,115,1,1084,1084,103,103,981,981,0,0
82,116,4,927,927,735,735,191,191,0,0
82,120,1,3272,3272,0,0,3272,3272,0,0
82,122,3,684,684,684,684,0,0,0,0
82,126,3,126,126,126,126,0,0,0,0
83,2,5,1493,1493,671,671,822,822,0,0
83,9,18,2518,2518,1754,1754,765,765,0,0
83,10,11,4407,4407,1644,1644,2763,2763,0,0
83,14,5,930,930,574,574,356,356,0,0
83,23,1,47,47,47,47,0,0,0,0
83,32,3,2477,2477,272,272,2205,2205,0,0
83,33,14,2471,2471,629,629,1841,1841,0,0
83,35,14,3517,3517,2112,2112,1404,1404,0,0
83,40,4,1280,1280,847,847,433,433,0,0
83,49,4,1051,1051,624,624,427,427,0,0
83,53,6,2634,2634,446,446,2188,2188,0,0
83,55,8,3685,3685,736,736,2875,2875,0,0
83,65,4,552,552,552,552,0,0,0,0
83,69,1,123,123,123,123,0,0,0,0
83,70,5,873,873,429,429,445,445,0,0
83,73,7,2339,2339,150,150,2188,2188,0,0
83,74,4,1258,1258,317,317,941,941,0,0
83,94,29,3806,3806,3806,3806,0,0,0,0
83,95,29,7694,7694,6766,6766,928,928,0,0
83,96,19,4855,4855,3927,3927,282,282,646,646
83,97,31,7952,7952,7500,7500,151,151,0,0
83,100,8,18099,18099,1093,1093,17006,17006,0,0
83,101,1,7091,7091,0,0,7091,7091,0,0
83,102,2,4628,4628,375,375,4253,4253,0,0
83,113,1,53,53,53,53,0,0,0,0
83,115,1,458,458,141,141,317,317,0,0
83,117,5,847,847,650,650,66,66,0,0
83,119,6,701,701,347,347,354,354,0,0
83,120,8,1430,1430,850,850,580,580,0,0
83,124,4,578,578,578,578,0,0,0,0
83,5,1,283,283,71,71,71,71,0,0
83,12,2,318,318,318,318,0,0,0,0
83,15,2,263,263,200,200,63,63,0,0
83,22,5,606,606,106,106,500,500,0,0
83,54,4,922,922,475,475,447,447,0,0
83,63,1,46,46,20,20,26,26,0,0
83,67,1,1668,1668,0,0,1668,1668,0,0
83,68,7,1524,1524,301,301,1222,1222,0,0
83,80,5,1176,1176,453,453,722,722,0,0
83,87,1,48,48,12,12,12,12,0,0
83,110,2,261,261,261,261,0,0,0,0
83,118,4,1096,1096,1096,1096,0,0,0,0
83,125,1,352,352,352,352,0,0,0,0
83,126,1,98,98,98,98,0,0,0,0
84,9,30,4078,4078,3057,3057,1023,1023,0,0
84,10,6,801,801,638,638,163,163,0,0
84,11,2,414,414,414,414,0,0,0,0
84,12,2,86,86,57,57,10,10,0,0
84,14,4,1372,1372,627,627,745,745,0,0
84,19,3,552,552,201,201,350,350,0,0
84,21,2,389,389,389,389,0,0,0,0
84,22,4,449,449,271,271,178,178,0,0
84,33,3,1206,1206,895,895,311,311,0,0
84,34,2,2503,2503,50,50,2453,2453,0,0
84,35,3,988,988,403,403,585,585,0,0
84,40,2,3986,3986,9,9,3977,3977,0,0
84,41,1,14,14,14,14,0,0,0,0
84,52,9,3486,3486,681,681,2805,2805,0,0
84,53,6,1398,1398,648,648,750,750,0,0
84,54,5,1390,1390,421,421,969,969,0,0
84,55,5,3242,3242,607,607,2636,2636,0,0
84,63,13,2133,2133,1574,1574,558,558,0,0
84,64,6,2911,2911,449,449,2462,2462,0,0
84,65,1,29,29,29,29,0,0,0,0
84,67,11,5832,5832,1039,1039,4793,4793,0,0
84,68,5,5756,5756,461,461,5295,5295,0,0
84,69,2,414,414,414,414,0,0,0,0
84,73,3,276,276,276,276,0,0,0,0
84,85,2,412,412,72,72,340,340,0,0
84,94,3,585,585,585,585,0,0,0,0
84,95,11,2122,2122,1930,1930,193,193,0,0
84,96,16,6637,6637,4879,4879,1757,1757,0,0
84,97,16,5449,5449,4986,4986,0,0,463,463
84,98,18,6272,6272,3129,3129,3060,3060,0,0
84,99,11,6216,6216,2767,2767,3447,3447,0,0
84,102,5,13391,13391,444,444,12947,12947,0,0
84,103,4,2582,2582,479,479,2104,2104,0,0
84,107,4,1360,1360,978,978,382,382,0,0
84,110,6,1279,1279,787,787,493,493,0,0
84,117,1,109,109,109,109,0,0,0,0
84,118,10,1489,1489,997,997,451,451,0,0
84,120,8,1681,1681,1645,1645,12,12,0,0
84,1,5,2328,2328,525,525,1803,1803,0,0
84,2,1,1157,1157,0,0,1157,1157,0,0
84,5,2,297,297,97,97,200,200,0,0
84,8,6,944,944,767,767,177,177,0,0
84,15,3,1146,1146,310,310,837,837,0,0
84,48,19,3285,3285,3285,3285,0,0,0,0
84,61,2,144,144,144,144,0,0,0,0
84,62,6,669,669,669,669,0,0,0,0
84,84,1,316,316,287,287,30,30,0,0
84,93,3,1460,1460,1460,1460,0,0,0,0
84,101,1,6266,6266,0,0,6266,6266,0,0
84,111,6,1170,1170,1016,1016,154,154,0,0
84,113,10,2429,2429,499,499,1930,1930,0,0
84,114,1,274,274,7,7,267,267,0,0
84,119,2,190,190,190,190,0,0,0,0
84,123,1,400,400,49,49,351,351,0,0
84,124,6,253,253,253,253,0,0,0,0
85,5,1,1091,1091,0,0,1091,1091,0,0
85,6,1,634,634,170,170,464,464,0,0
85,9,6,827,827,756,756,72,72,0,0
85,15,1,2873,2873,0,0,2873,2873,0,0
85,21,2,481,481,393,393,88,88,0,0
85,35,6,780,780,383,383,398,398,0,0
85,44,4,6093,6093,0,0,6093,6093,0,0
85,48,48,7841,7841,7398,7398,444,444,0,0
85,49,32,4196,4196,3773,3773,423,423,0,0
85,50,16,4889,4889,1459,1459,3430,3430,0,0
85,51,6,1514,1514,671,671,844,844,0,0
85,52,35,2839,2839,2587,2587,251,251,0,0
85,56,9,1535,1535,1535,1535,0,0,0,0
85,60,5,871,871,748,748,123,123,0,0
85,61,6,982,982,982,982,0,0,0,0
85,62,6,909,909,618,618,292,292,0,0
85,64,3,1729,1729,859,859,870,870,0,0
85,65,2,1774,1774,98,98,1676,1676,0,0
85,66,4,165,165,165,165,0,0,0,0
85,67,14,10072,10072,558,558,9514,9514,0,0
85,78,1,611,611,611,611,0,0,0,0
85,80,3,416,416,186,186,230,230,230,230
85,81,2,269,269,171,171,98,98,98,98
85,84,1,370,370,51,51,319,319,0,0
85,91,8,4285,4285,639,639,3646,3646,0,0
85,96,6,2627,2627,1493,1493,1135,1135,0,0
85,98,6,7535,7535,236,236,7298,7298,0,0
85,99,8,3897,3897,593,593,3304,3304,0,0
85,100,6,10767,10767,18,18,10750,10750,0,0
85,101,4,7477,7477,518,518,6959,6959,0,0
85,102,20,11067,11067,2220,2220,8846,8846,0,0
85,103,4,3618,3618,962,962,2656,2656,0,0
85,107,2,864,864,142,142,722,722,0,0
85,111,5,984,984,890,890,0,0,94,94
85,113,7,2093,2093,770,770,1324,1324,0,0
85,114,8,1133,1133,890,890,243,243,0,0
85,116,1,279,279,279,279,0,0,0,0
85,117,3,319,319,319,319,0,0,0,0
85,119,2,2307,2307,51,51,2256,2256,0,0
85,121,2,92,92,92,92,0,0,0,0
85,124,3,795,795,410,410,385,385,0,0
85,127,2,413,413,413,413,0,0,0,0
85,16,1,151,151,67,67,84,84,0,0
85,17,6,5968,5968,348,348,5619,5619,0,0
85,18,4,3570,3570,315,315,3256,3256,0,0
85,40,1,100,100,38,38,62,62,0,0
85,45,6,1735,1735,260,260,1475,1475,0,0
85,46,4,493,493,493,493,0,0,0,0
85,47,14,2141,2141,1572,1572,569,569,0,0
85,63,2,391,391,391,391,0,0,0,0
85,68,2,15825,15825,38,38,15787,15787,0,0
85,71,1,117,117,117,117,0,0,0,0
85,89,3,1033,1033,722,722,311,311,0,0
85,90,1,323,323,323,323,0,0,0,0
85,92,1,398,398,398,398,0,0,0,0
85,94,6,789,789,789,789,0,0,0,0
85,95,1,334,334,334,334,0,0,0,0
85,104,1,639,639,353,353,287,287,0,0
85,105,2,353,353,120,120,233,233,0,0
85,106,5,2458,2458,205,205,2253,2253,0,0
86,0,6,2380,2380,573,573,1807,1807,0,0
86,9,4,935,935,935,935,0,0,0,0
86,10,4,899,899,105,105,793,793,0,0
86,11,17,7834,7834,1893,1893,5943,5943,0,0
86,12,5,973,973,675,675,298,298,0,0
86,14,2,808,808,0,0,808,808,0,0
86,16,6,2750,2750,494,494,2257,2257,0,0
86,17,28,7971,7971,4100,4100,3872,3872,0,0
86,19,12,1036,1036,1036,1036,0,0,0,0
86,22,3,465,465,462,462,2,2,0,0
86,23,10,8079,8079,860,860,7219,7219,0,0
86,39,7,2054,2054,618,618,1435,1435,0,0
86,40,5,796,796,478,478,270,270,0,0
86,44,7,6445,6445,216,216,6230,6230,0,0
86,45,6,2483,2483,398,398,2086,2086,0,0
86,47,74,8790,8790,7520,7520,941,941,308,308
86,48,69,10924,10924,7322,7322,2138,2138,1465,1465
86,49,44,7049,7049,6273,6273,580,580,0,0
86,50,8,1383,1383,789,789,594,594,0,0
86,60,6,1413,1413,959,959,454,454,0,0
86,62,9,1371,1371,973,973,399,399,0,0
86,63,5,958,958,753,753,205,205,0,0
86,64,4,788,788,230,230,558,558,0,0
86,66,4,2900,2900,460,460,2441,2441,0,0
86,67,15,13715,13715,1435,1435,12281,12281,0,0
86,68,5,12424,12424,45,45,12379,12379,0,0
86,76,1,549,549,549,549,0,0,0,0
86,94,7,2460,2460,1699,1699,761,761,0,0
86,97,6,2324,2324,565,565,1759,1759,0,0
86,98,19,12704,12704,1672,1672,11032,11032,0,0
86,99,7,9860,9860,462,462,9398,9398,0,0
86,101,4,10888,10888,209,209,10679,10679,0,0
86,102,11,10190,10190,2410,2410,7780,7780,0,0
86,103,18,11132,11132,1875,1875,9258,9258,0,0
86,104,3,461,461,448,448,13,13,0,0
86,105,1,199,199,199,199,0,0,0,0
86,112,1,695,695,188,188,507,507,0,0
86,113,15,3795,3795,2914,2914,881,881,0,0
86,118,10,1377,1377,980,980,398,398,0,0
86,119,2,693,693,90,90,603,603,0,0
86,123,1,18,18,18,18,0,0,0,0
86,125,5,868,868,868,868,0,0,0,0
86,15,4,463,463,217,217,246,246,0,0
86,18,10,2957,2957,2276,2276,681,681,0,0
86,24,4,3086,3086,111,111,2976,2976,0,0
86,38,1,36,36,36,36,0,0,0,0
86,69,4,458,458,458,458,0,0,0,0
86,86,7,1380,1380,278,278,1102,1102,0,0
86,91,1,2311,2311,0,0,2311,2311,0,0
86,108,1,4,4,4,4,0,0,0,0
86,114,1,232,232,104,104,128,128,0,0
86,116,4,739,739,715,715,8,8,0,0
86,117,1,154,154,154,154,0,0,0,0
86,121,3,655,655,655,655,0,0,0,0
86,124,2,545,545,545,545,0,0,0,0
86,126,2,370,370,370,370,0,0,0,0
87,0,3,686,686,686,686,0,0,0,0
87,4,5,4717,4717,127,127,4590,4590,0,0
87,8,3,296,296,296,296,0,0,0,0
87,11,1,535,535,406,406,128,128,0,0
87,17,15,6272,6272,2449,2449,3822,3822,0,0
87,18,15,5040,5040,5040,5040,0,0,0,0
87,19,10,688,688,688,688,0,0,0,0
87,23,2,4665,4665,401,401,4264,4264,0,0
87,24,3,9090,9090,243,243,8847,8847,0,0
87,25,4,5354,5354,195,195,5159,5159,0,0
87,32,11,1599,1599,872,872,726,726,0,0
87,35,2,322,322,83,83,240,240,0,0
87,38,19,4401,4401,1580,1580,2820,2820,0,0
87,39,1,212,212,47,47,71,71,0,0
87,40,3,1575,1575,534,534,1042,1042,0,0
87,45,4,2485,2485,389,389,2096,2096,0,0
87,46,14,2971,2971,2216,2216,755,755,0,0
87,47,14,2588,2588,1774,1774,815,815,0,0
87,48,37,6318,6318,6136,6136,181,181,0,0
87,49,3,638,638,101,101,537,537,0,0
87,50,3,880,880,821,821,58,58,0,0
87,62,1,626,626,61,61,566,566,0,0
87,65,1,24,24,24,24,0,0,0,0
87,66,2,927,927,46,46,882,882,0,0
87,67,3,2356,2356,107,107,2249,2249,0,0
87,70,1,63,63,63,63,0,0,0,0
87,83,12,1448,1448,1448,1448,0,0,0,0
87,84,1,31,31,8,8,8,8,0,0
87,97,6,3450,3450,205,205,3245,3245,0,0
87,98,13,14299,14299,680,680,13619,13619,0,0
87,99,5,8281,8281,1549,1549,6731,6731,0,0
87,101,7,16911,16911,158,158,16752,16752,0,0
87,103,2,490,490,375,375,38,38,0,0
87,104,18,4179,4179,3872,3872,307,307,0,0
87,105,12,3484,3484,3413,3413,71,71,0,0
87,109,2,974,974,138,138,836,836,0,0
87,114,3,2680,2680,61,61,2618,2618,0,0
87,115,4,1153,1153,1135,1135,19,19,0,0
87,121,3,424,424,424,424,0,0,0,0
87,124,1,50,50,50,50,0,0,0,0
87,126,1,266,266,266,266,0,0,0,0
87,127,5,530,530,530,530,0,0,0,0
87,7,4,475,475,475,475,0,0,0,0
87,10,2,190,190,190,190,0,0,0,0
87,21,9,1079,1079,863,863,217,217,0,0
87,61,2,832,832,53,53,779,779,0,0
87,81,3,648,648,648,648,0,0,0,0
87,90,2,321,321,321,321,0,0,0,0
87,94,2,894,894,248,248,646,646,0,0
87,100,3,2089,2089,133,133,1956,1956,0,0
87,102,1,3787,3787,517,517,2236,2236,0,0
87,108,1,28,28,28,28,0,0,0,0
87,111,1,84,84,84,84,0,0,0,0
87,119,3,216,216,216,216,0,0,0,0
87,123,4,849,849,516,516,333,333,0,0
88,6,6,2984,2984,524,524,2459,2459,0,0
88,7,14,1771,1771,1421,1421,350,350,0,0
88,17,7,1377,1377,311,311,1066,1066,0,0
88,18,35,5436,5436,3620,3620,1815,1815,0,0
88,19,1,150,150,150,150,0,0,0,0
88,21,3,995,995,221,221,774,774,0,0
88,22,3,212,212,212,212,0,0,0,0
88,23,3,2883,2883,120,120,2764,2764,0,0
88,24,5,1562,1562,328,328,1234,1234,0,0
88,25,18,3999,3999,1619,1619,2380,2380,0,0
88,26,1,426,426,426,426,0,0,0,0
88,32,2,525,525,525,525,0,0,0,0
88,38,1,333,333,254,254,79,79,0,0
88,47,31,3367,3367,2953,2953,414,414,0,0
88,48,6,450,450,450,450,0,0,0,0
88,50,11,1041,1041,912,912,128,128,0,0
88,62,10,1911,1911,1911,1911,0,0,0,0
88,63,6,956,956,420,420,535,535,0,0
88,68,3,1243,1243,958,958,285,285,0,0
88,69,15,5280,5280,1904,1904,3374,3374,0,0
88,70,2,1263,1263,335,335,928,928,0,0
88,78,1,23,23,23,23,0,0,0,0
88,97,2,746,746,56,56,690,690,0,0
88,98,2,2085,2085,293,293,1791,1791,0,0
88,99,7,14627,14627,751,751,13876,13876,0,0
88,100,3,5630,5630,269,269,5360,5360,0,0
88,101,9,9499,9499,657,657,8843,8843,0,0
88,104,15,2391,2391,2089,2089,302,302,0,0
88,105,24,5213,5213,3913,3913,1300,1300,0,0
88,113,1,4,4,4,4,0,0,0,0
88,114,3,601,601,215,215,386,386,0,0
88,117,5,1180,1180,151,151,1030,1030,0,0
88,121,1,1497,1497,87,87,1410,1410,0,0
88,20,2,419,419,37,37,382,382,0,0
88,28,1,164,164,63,63,34,34,0,0
88,29,4,4702,4702,670,670,4032,4032,0,0
88,31,5,5604,5604,97,97,5507,5507,0,0
88,54,3,813,813,813,813,0,0,0,0
88,56,1,196,196,196,196,0,0,0,0
88,61,5,448,448,448,448,0,0,0,0
88,72,1,153,153,153,153,0,0,0,0
88,102,6,1111,1111,1111,1111,0,0,0,0
88,103,3,837,837,837,837,0,0,0,0
88,109,1,74,74,0,0,74,74,0,0
88,115,1,57,57,50,50,2,2,0,0
88,125,2,1074,1074,61,61,1013,1013,0,0
88,126,2,1335,1335,41,41,1294,1294,0,0
89,6,2,272,272,272,272,0,0,0,0
89,16,11,4707,4707,854,854,3854,3854,0,0
89,17,5,2650,2650,570,570,2080,2080,0,0
89,18,9,1139,1139,1139,1139,0,0,0,0
89,19,11,1961,1961,694,694,1267,1267,0,0
89,24,6,1334,1334,487,487,848,848,0,0
89,27,1,356,356,0,0,356,356,0,0
89,29,10,5898,5898,1947,1947,3952,3952,0,0
89,31,2,1638,1638,74,74,1565,1565,0,0
89,34,1,2408,2408,0,0,2408,2408,0,0
89,35,2,3936,3936,147,147,3789,3789,0,0
89,42,15,3387,3387,2522,2522,782,782,83,83
89,46,6,1701,1701,1701,1701,0,0,0,0
89,47,8,5755,5755,1335,1335,4420,4420,0,0
89,48,4,2438,2438,53,53,2385,2385,0,0
89,49,37,4649,4649,2747,2747,1883,1883,0,0
89,50,12,1628,1628,1255,1255,373,373,0,0
89,51,8,1831,1831,1381,1381,422,422,0,0
89,54,22,3407,3407,2849,2849,367,367,190,190
89,55,36,6453,6453,4522,4522,1931,1931,0,0
89,56,9,2215,2215,1251,1251,964,964,0,0
89,61,16,1860,1860,1186,1186,675,675,0,0
89,62,1,844,844,387,387,457,457,0,0
89,72,7,860,860,860,860,0,0,0,0
89,90,4,1570,1570,971,971,599,599,0,0
89,96,1,1028,1028,1028,1028,0,0,0,0
89,99,4,825,825,784,784,41,41,0,0
89,102,15,1826,1826,1826,1826,0,0,0,0
89,103,20,3657,3657,3657,3657,0,0,0,0
89,104,13,2646,2646,2646,2646,0,0,0,0
89,105,9,3047,3047,2812,2812,51,51,82,82
89,121,5,3597,3597,598,598,2999,2999,0,0
89,123,3,1232,1232,49,49,1183,1183,0,0
89,124,2,257,257,257,257,0,0,0,0
89,125,2,192,192,192,192,0,0,0,0
89,126,4,415,415,248,248,167,167,0,0
89,127,1,69,69,0,0,69,69,0,0
89,15,1,219,219,55,55,55,55,0,0
89,23,2,212,212,212,212,0,0,0,0
89,32,2,3369,3369,0,0,3369,3369,0,0
89,33,1,2037,2037,0,0,2037,2037,0,0
89,41,1,128,128,128,128,0,0,0,0
89,53,2,1040,1040,574,574,467,467,0,0
89,69,6,618,618,284,284,334,334,0,0
89,91,3,786,786,786,786,0,0,0,0
89,92,2,834,834,719,719,115,115,0,0
89,93,2,497,497,297,297,200,200,0,0
89,94,4,728,728,516,516,212,212,0,0
89,97,2,834,834,834,834,0,0,0,0
89,98,2,696,696,696,696,0,0,0,0
89,110,3,422,422,267,267,155,155,0,0
89,119,1,2452,2452,0,0,2452,2452,0,0
90,10,6,4118,4118,456,456,3662,3662,0,0
90,14,15,6437,6437,2572,2572,3865,3865,0,0
90,18,12,1568,1568,1135,1135,434,434,0,0
90,19,2,555,555,0,0,555,555,0,0
90,29,9,6655,6655,128,128,6527,6527,0,0
90,30,6,3603,3603,1025,1025,2579,2579,0,0
90,32,3,6968,6968,0,0,6968,6968,0,0
90,41,9,2881,2881,2323,2323,559,559,0,0
90,42,2,703,703,703,703,0,0,0,0
90,46,8,2274,2274,1374,1374,900,900,0,0
90,47,6,2960,2960,1124,1124,1836,1836,0,0
90,49,7,1511,1511,1186,1186,325,325,0,0
90,51,6,3182,3182,561,561,2621,2621,0,0
90,52,1,2389,2389,0,0,2389,2389,0,0
90,53,2,635,635,176,176,459,459,0,0
90,54,39,6571,6571,5032,5032,1539,1539,0,0
90,55,7,2188,2188,562,562,1626,1626,0,0
90,57,4,726,726,726,726,0,0,0,0
90,61,8,758,758,758,758,0,0,0,0
90,88,2,559,559,186,186,373,373,0,0
90,90,8,2783,2783,1653,1653,1130,1130,0,0
90,91,2,761,761,8,8,753,753,0,0
90,92,4,897,897,467,467,430,430,0,0
90,94,2,637,637,222,222,415,415,0,0
90,97,13,3822,3822,3822,3822,0,0,0,0
90,98,23,8642,8642,8642,8642,0,0,0,0
90,99,12,3102,3102,2574,2574,528,528,0,0
90,103,30,5375,5375,4799,4799,576,576,0,0
90,105,24,4152,4152,3602,3602,550,550,0,0
90,112,1,281,281,281,281,0,0,0,0
90,119,2,403,403,403,403,0,0,0,0
90,27,1,170,170,170,170,0,0,0,0
90,31,5,2273,2273,311,311,1961,1961,0,0
90,37,4,289,289,289,289,0,0,0,0
90,40,4,1769,1769,1006,1006,762,762,0,0
90,45,2,1189,1189,0,0,1189,1189,0,0
90,50,3,507,507,435,435,71,71,0,0
90,63,3,1009,1009,343,343,666,666,0,0
90,65,3,587,587,344,344,242,242,0,0
90,66,8,1528,1528,1293,1293,235,235,0,0
90,67,1,368,368,203,203,165,165,0,0
90,68,7,2014,2014,700,700,1314,1314,0,0
90,69,6,830,830,596,596,234,234,0,0
90,82,1,2022,2022,0,0,2022,2022,0,0
90,83,7,2374,2374,796,796,1577,1577,0,0
90,96,11,3879,3879,3879,3879,0,0,0,0
90,102,5,743,743,743,743,0,0,0,0
90,106,1,226,226,226,226,0,0,0,0
90,107,1,8,8,2,2,2,2,0,0
90,125,3,790,790,790,790,0,0,0,0
91,0,4,5679,5679,841,841,4839,4839,0,0
91,2,3,645,645,127,127,518,518,0,0
91,10,2,399,399,147,147,252,252,0,0
91,18,11,1400,1400,489,489,911,911,0,0
91,19,3,348,348,348,348,0,0,0,0
91,20,14,4329,4329,1806,1806,2523,2523,0,0
91,22,11,4996,4996,681,681,4315,4315,0,0
91,30,9,4684,4684,1046,1046,3639,3639,0,0
91,31,1,723,723,687,687,36,36,0,0
91,32,4,4014,4014,242,242,3772,3772,0,0
91,35,19,4397,4397,2224,2224,2173,2173,0,0
91,40,7,3483,3483,1589,1589,1894,1894,0,0
91,41,12,4555,4555,977,977,3578,3578,0,0
91,46,6,1273,1273,469,469,804,804,0,0
91,47,7,3280,3280,410,410,2871,2871,0,0
91,49,6,769,769,242,242,528,528,0,0
91,50,5,674,674,383,383,291,291,0,0
91,63,7,1074,1074,1074,1074,0,0,0,0
91,65,17,2882,2882,1854,1854,1027,1027,0,0
91,66,11,10217,10217,921,921,9297,9297,0,0
91,71,4,1010,1010,337,337,642,642,0,0
91,76,1,103,103,103,103,0,0,0,0
91,84,1,14,14,14,14,0,0,0,0
91,94,2,1120,1120,250,250,870,870,0,0
91,95,3,663,663,499,499,165,165,0,0
91,96,23,6011,6011,6011,6011,0,0,0,0
91,97,17,4785,4785,3384,3384,1401,1401,0,0
91,98,24,8226,8226,7628,7628,598,598,0,0
91,99,3,2594,2594,2594,2594,0,0,0,0
91,103,10,1907,1907,1712,1712,190,190,0,0
91,105,5,667,667,667,667,0,0,0,0
91,106,4,752,752,566,566,187,187,0,0
91,113,5,774,774,608,608,166,166,0,0
91,119,6,3365,3365,787,787,2578,2578,0,0
91,120,16,2979,2979,1895,1895,1013,1013,71,71
91,122,12,2165,2165,953,953,1213,1213,0,0
91,125,1,139,139,139,139,0,0,0,0
91,21,5,1107,1107,235,235,872,872,0,0
91,51,7,520,520,520,520,0,0,0,0
91,55,4,208,208,139,139,23,23,0,0
91,68,2,137,137,82,82,56,56,0,0
91,112,1,236,236,236,236,0,0,0,0
91,121,2,826,826,716,716,110,110,0,0
92,11,8,1109,1109,551,551,521,521,0,0
92,12,2,533,533,264,264,269,269,0,0
92,15,4,327,327,140,140,187,187,0,0
92,17,8,5510,5510,32,32,5477,5477,0,0
92,21,5,873,873,432,432,441,441,0,0
92,22,20,7196,7196,1030,1030,6165,6165,0,0
92,32,11,4102,4102,2120,2120,1983,1983,0,0
92,33,1,133,133,133,133,0,0,0,0
92,34,2,351,351,351,351,0,0,0,0
92,35,13,3864,3864,1502,1502,2363,2363,0,0
92,36,20,2830,2830,1986,1986,843,843,0,0
92,37,15,5061,5061,1828,1828,3233,3233,0,0
92,40,12,3298,3298,1156,1156,2143,2143,0,0
92,48,11,2502,2502,887,887,1614,1614,0,0
92,50,2,316,316,316,316,0,0,0,0
92,51,10,1764,1764,582,582,1100,1100,0,0
92,65,18,2279,2279,1915,1915,364,364,0,0
92,67,4,1161,1161,144,144,1016,1016,0,0
92,81,1,2068,2068,0,0,2068,2068,0,0
92,92,5,769,769,769,769,0,0,0,0
92,94,5,737,737,737,737,0,0,0,0
92,96,23,4177,4177,4177,4177,0,0,0,0
92,97,13,3606,3606,3298,3298,103,103,0,0
92,98,21,5918,5918,5646,5646,272,272,0,0
92,99,27,7168,7168,5058,5058,1956,1956,0,0
92,103,20,3914,3914,2760,2760,367,367,781,781
92,112,11,4211,4211,1934,1934,2277,2277,0,0
92,121,9,12232,12232,509,509,11723,11723,0,0
92,122,6,6809,6809,637,637,6172,6172,0,0
92,123,10,3598,3598,600,600,2997,2997,0,0
92,0,2,209,209,209,209,0,0,0,0
92,6,1,467,467,334,334,133,133,0,0
92,7,2,738,738,631,631,107,107,0,0
92,10,1,147,147,147,147,0,0,0,0
92,16,3,830,830,195,195,635,635,0,0
92,18,5,423,423,401,401,7,7,0,0
92,45,11,974,974,974,974,0,0,0,0
92,68,4,601,601,417,417,184,184,0,0
92,84,1,68,68,68,68,0,0,0,0
92,89,1,645,645,321,321,323,323,0,0
92,90,2,881,881,0,0,881,881,0,0
92,93,2,599,599,500,500,33,33,0,0
92,105,4,598,598,300,300,297,297,0,0
92,110,4,235,235,235,235,0,0,0,0
92,111,2,533,533,533,533,0,0,0,0
92,120,2,1104,1104,1104,1104,0,0,0,0
92,127,1,369,369,369,369,0,0,0,0
93,5,5,4285,4285,106,106,4179,4179,0,0
93,6,1,158,158,158,158,0,0,0,0
93,10,2,384,384,130,130,254,254,0,0
93,14,6,2594,2594,712,712,1883,1883,0,0
93,22,1,2064,2064,0,0,2064,2064,0,0
93,32,1,163,163,163,163,0,0,0,0
93,33,14,2782,2782,1539,1539,1243,1243,0,0
93,34,8,1774,1774,754,754,1020,1020,0,0
93,35,11,2612,2612,982,982,1629,1629,0,0
93,36,29,4515,4515,3640,3640,850,850,0,0
93,37,3,909,909,336,336,572,572,0,0
93,39,7,927,927,668,668,259,259,0,0
93,40,11,1754,1754,715,715,968,968,0,0
93,45,3,730,730,321,321,409,409,0,0
93,46,22,2034,2034,1574,1574,461,461,0,0
93,50,8,2038,2038,1661,1661,377,377,0,0
93,58,14,1487,1487,1346,1346,46,46,0,0
93,65,9,1641,1641,703,703,937,937,0,0
93,67,6,1265,1265,911,911,354,354,0,0
93,68,6,823,823,823,823,0,0,0,0
93,79,10,1447,1447,610,610,837,837,0,0
93,84,2,506,506,254,254,252,252,0,0
93,85,2,786,786,239,239,546,546,0,0
93,90,2,1126,1126,627,627,500,500,0,0
93,92,4,1164,1164,815,815,350,350,0,0
93,95,5,1580,1580,421,421,1160,1160,0,0
93,96,23,4883,4883,4883,4883,0,0,0,0
93,97,33,6007,6007,6007,6007,0,0,0,0
93,98,26,10842,10842,9720,9720,600,600,523,523
93,99,42,11643,11643,6472,6472,5171,5171,0,0
93,100,5,1424,1424,561,561,862,862,0,0
93,102,10,899,899,899,899,0,0,0,0
93,103,17,3064,3064,2999,2999,65,65,0,0
93,110,9,1813,1813,1219,1219,594,594,0,0
93,112,26,3187,3187,2855,2855,288,288,0,0
93,121,21,14531,14531,2573,2573,11960,11960,0,0
93,122,10,7460,7460,679,679,6780,6780,0,0
93,123,23,6937,6937,1815,1815,5123,5123,0,0
93,124,5,3588,3588,3422,3422,165,165,0,0
93,127,23,6053,6053,4483,4483,1570,1570,0,0
93,3,1,69,69,69,69,0,0,0,0
93,24,9,1588,1588,625,625,963,963,0,0
93,25,8,1144,1144,680,680,465,465,0,0
93,87,3,891,891,281,281,610,610,0,0
93,88,1,198,198,198,198,0,0,0,0
93,101,1,610,610,610,610,0,0,0,0
93,104,2,309,309,309,309,0,0,0,0
93,107,10,1493,1493,1105,1105,388,388,0,0
93,109,3,201,201,201,201,0,0,0,0
93,111,11,1793,1793,1361,1361,357,357,0,0
93,120,2,1334,1334,376,376,958,958,0,0
93,126,6,1302,1302,1302,1302,0,0,0,0
94,4,3,1759,1759,372,372,1387,1387,0,0
94,5,41,7921,7921,5374,5374,2332,2332,215,215
94,8,7,1470,1470,1084,1084,386,386,0,0
94,9,5,462,462,462,462,0,0,0,0
94,24,2,1094,1094,857,857,237,237,0,0
94,26,5,12580,12580,53,53,12527,12527,0,0
94,27,2,5530,5530,73,73,5457,5457,0,0
94,33,7,1579,1579,467,467,1112,1112,0,0
94,34,20,4251,4251,2967,2967,1285,1285,0,0
94,35,14,4088,4088,1282,1282,2731,2731,0,0
94,36,41,5511,5511,5358,5358,152,152,0,0
94,37,21,5223,5223,2970,2970,2199,2199,54,54
94,38,18,2392,2392,2392,2392,0,0,0,0
94,39,33,4783,4783,4623,4623,160,160,0,0
94,46,26,3263,3263,2213,2213,1003,1003,0,0
94,62,6,1256,1256,1256,1256,0,0,0,0
94,69,4,1501,1501,793,793,707,707,0,0
94,87,4,768,768,374,374,394,394,0,0
94,92,10,3364,3364,2431,2431,933,933,0,0
94,94,31,5065,5065,4440,4440,418,418,0,0
94,95,2,1156,1156,1156,1156,0,0,0,0
94,96,34,6271,6271,5974,5974,297,297,0,0
94,97,22,3478,3478,3478,3478,0,0,0,0
94,98,22,6458,6458,6170,6170,289,289,0,0
94,99,3,5471,5471,684,684,4786,4786,0,0
94,100,29,5793,5793,5603,5603,190,190,0,0
94,101,62,8124,8124,8104,8104,20,20,0,0
94,102,12,6040,6040,6040,6040,0,0,0,0
94,104,1,213,213,213,213,0,0,0,0
94,106,7,1427,1427,1287,1287,140,140,0,0
94,107,28,7429,7429,5530,5530,1836,1836,0,0
94,108,1,315,315,315,315,0,0,0,0
94,109,5,1606,1606,1606,1606,0,0,0,0
94,110,35,8501,8501,8111,8111,390,390,0,0
94,111,44,10073,10073,8356,8356,1675,1675,0,0
94,112,32,8251,8251,7709,7709,184,184,356,356
94,113,29,5904,5904,5674,5674,230,230,0,0
94,115,17,3546,3546,2828,2828,718,718,0,0
94,120,3,833,833,833,833,0,0,0,0
94,121,3,267,267,267,267,0,0,0,0
94,124,14,4697,4697,4572,4572,125,125,0,0
94,125,25,9034,9034,4872,4872,4162,4162,0,0
94,126,32,7967,7967,7656,7656,275,275,0,0
94,127,29,10114,10114,6898,6898,3215,3215,0,0
94,6,9,1158,1158,1158,1158,0,0,0,0
94,64,8,1450,1450,1044,1044,406,406,0,0
94,65,6,907,907,563,563,344,344,0,0
94,70,2,958,958,183,183,775,775,0,0
94,82,8,1809,1809,520,520,1290,1290,0,0
94,114,9,2085,2085,2008,2008,77,77,0,0
94,116,1,377,377,377,377,0,0,0,0
95,0,10,2306,2306,744,744,1562,1562,0,0
95,1,5,1129,1129,406,406,724,724,0,0
95,4,14,8123,8123,3250,3250,4026,4026,566,566
95,5,40,9280,9280,7569,7569,1664,1664,0,0
95,6,12,2538,2538,1667,1667,871,871,0,0
95,8,5,3374,3374,426,426,2948,2948,0,0
95,13,4,586,586,405,405,181,181,0,0
95,26,5,6257,6257,1761,1761,4498,4498,0,0
95,28,5,1091,1091,419,419,672,672,0,0
95,34,47,5635,5635,4513,4513,974,974,0,0
95,35,32,6607,6607,4824,4824,1783,1783,0,0
95,36,30,6396,6396,4572,4572,1826,1826,0,0
95,37,30,7522,7522,6945,6945,577,577,0,0
95,38,36,7792,7792,6463,6463,1237,1237,92,92
95,39,35,5803,5803,4737,4737,1065,1065,0,0
95,43,2,599,599,377,377,221,221,0,0
95,69,2,597,597,36,36,561,561,0,0
95,70,6,1146,1146,605,605,540,540,0,0
95,82,2,1080,1080,78,78,1002,1002,0,0
95,84,11,1963,1963,1535,1535,428,428,0,0
95,86,8,5027,5027,595,595,4431,4431,0,0
95,92,8,1860,1860,1476,1476,383,383,0,0
95,94,21,6964,6964,6230,6230,733,733,0,0
95,95,9,5045,5045,5045,5045,0,0,0,0
95,96,41,7463,7463,7463,7463,0,0,0,0
95,97,30,7243,7243,5700,5700,1544,1544,0,0
95,98,28,9090,9090,7201,7201,1755,1755,134,134
95,99,7,3588,3588,3588,3588,0,0,0,0
95,100,44,6885,6885,6885,6885,0,0,0,0
95,101,37,5071,5071,5071,5071,0,0,0,0
95,102,4,1700,1700,1700,1700,0,0,0,0
95,106,12,5774,5774,3747,3747,740,740,0,0
95,107,13,2054,2054,1981,1981,74,74,0,0
95,108,6,1600,1600,974,974,627,627,0,0
95,109,13,1999,1999,1980,1980,6,6,0,0
95,110,4,1209,1209,1209,1209,0,0,0,0
95,111,1,441,441,441,441,0,0,0,0
95,112,35,5965,5965,4982,4982,983,983,0,0
95,113,13,4063,4063,3586,3586,478,478,0,0
95,114,8,1409,1409,1409,1409,0,0,0,0
95,115,2,290,290,90,90,201,201,0,0
95,116,5,1169,1169,282,282,887,887,0,0
95,124,12,2440,2440,2440,2440,0,0,0,0
95,125,30,5052,5052,5052,5052,0,0,0,0
95,126,19,8222,8222,4942,4942,3280,3280,0,0
95,127,24,7444,7444,7204,7204,194,194,46,46
95,7,5,1037,1037,782,782,255,255,0,0
95,33,10,1061,1061,1001,1001,60,60,0,0
95,46,1,264,264,82,82,181,181,0,0
95,47,2,919,919,113,113,806,806,0,0
95,57,3,733,733,733,733,0,0,0,0
95,60,3,323,323,323,323,0,0,0,0
95,68,7,582,582,582,582,0,0,0,0
95,90,1,129,129,129,129,0,0,0,0
95,91,2,888,888,495,495,393,393,0,0
95,93,2,503,503,492,492,12,12,0,0
95,105,1,735,735,249,249,162,162,0,0
95,117,1,235,235,235,235,0,0,0,0
96,1,3,433,433,256,256,176,176,0,0
96,4,13,4438,4438,1715,1715,2263,2263,11,11
96,5,28,7663,7663,4202,4202,3460,3460,0,0
96,7,13,3832,3832,1247,1247,2585,2585,0,0
96,22,1,2516,2516,0,0,2516,2516,0,0
96,25,10,2591,2591,1166,1166,1426,1426,0,0
96,33,20,7214,7214,1687,1687,5526,5526,0,0
96,34,20,2782,2782,2148,2148,341,341,0,0
96,35,12,3729,3729,1123,1123,2108,2108,0,0
96,36,29,5116,5116,5032,5032,84,84,0,0
96,37,41,8679,8679,8489,8489,78,78,0,0
96,38,25,4196,4196,3416,3416,780,780,0,0
96,39,1,208,208,208,208,0,0,0,0
96,40,1,214,214,214,214,0,0,0,0
96,45,3,579,579,324,324,255,255,0,0
96,46,6,2299,2299,491,491,1808,1808,0,0
96,47,4,4892,4892,71,71,4820,4820,0,0
96,56,2,2887,2887,0,0,2887,2887,0,0
96,57,23,2346,2346,1932,1932,414,414,0,0
96,63,7,1305,1305,1165,1165,140,140,0,0
96,64,18,4080,4080,2429,2429,1651,1651,0,0
96,69,4,706,706,706,706,0,0,0,0
96,70,23,4109,4109,2640,2640,1470,1470,0,0
96,76,2,310,310,77,77,77,77,0,0
96,77,12,4787,4787,2453,2453,2080,2080,112,112
96,87,10,1912,1912,469,469,1444,1444,0,0
96,88,1,55,55,0,0,55,55,0,0
96,90,2,238,238,238,238,0,0,0,0
96,92,3,4992,4992,556,556,4436,4436,0,0
96,93,28,9343,9343,5015,5015,4205,4205,0,0
96,94,43,12067,12067,11345,11345,639,639,0,0
96,95,30,9122,9122,6679,6679,910,910,1534,1534
96,96,46,10220,10220,10018,10018,202,202,0,0
96,97,30,7618,7618,7469,7469,149,149,0,0
96,98,37,8789,8789,8772,8772,17,17,0,0
96,99,5,1174,1174,1174,1174,0,0,0,0
96,100,30,5777,5777,5777,5777,0,0,0,0
96,101,23,4102,4102,4102,4102,0,0,0,0
96,106,12,2575,2575,2575,2575,0,0,0,0
96,107,22,3380,3380,2932,2932,149,149,0,0
96,108,13,6058,6058,1923,1923,3882,3882,0,0
96,109,20,4195,4195,3813,3813,99,99,85,85
96,112,4,2371,2371,1385,1385,985,985,0,0
96,117,6,2881,2881,1058,1058,1823,1823,0,0
96,119,8,1559,1559,1274,1274,266,266,0,0
96,120,1,347,347,347,347,0,0,0,0
96,121,19,2686,2686,2628,2628,58,58,0,0
96,122,10,2232,2232,1814,1814,418,418,0,0
96,123,39,5478,5478,5085,5085,394,394,0,0
96,124,8,2875,2875,2875,2875,0,0,0,0
96,125,20,5931,5931,5931,5931,0,0,0,0
96,126,16,6789,6789,4769,4769,775,775,843,843
96,127,21,4418,4418,4418,4418,0,0,0,0
96,6,6,1005,1005,385,385,620,620,0,0
96,8,4,704,704,655,655,48,48,0,0
96,13,3,589,589,485,485,35,35,0,0
96,21,6,640,640,225,225,414,414,0,0
96,28,1,517,517,252,252,265,265,0,0
96,32,7,2095,2095,631,631,1232,1232,0,0
96,44,2,489,489,269,269,220,220,0,0
96,54,5,558,558,487,487,24,24,0,0
96,58,3,270,270,198,198,72,72,0,0
96,59,1,277,277,264,264,14,14,0,0
96,60,9,695,695,534,534,161,161,0,0
96,71,2,95,95,95,95,0,0,0,0
96,89,2,522,522,444,444,78,78,0,0
96,105,4,804,804,804,804,0,0,0,0
96,110,8,1618,1618,1598,1598,7,7,0,0
96,118,4,494,494,285,285,209,209,0,0
97,1,2,1148,1148,323,323,825,825,0,0
97,4,24,7904,7904,4259,4259,3643,3643,0,0
97,5,55,11111,11111,7738,7738,3373,3373,0,0
97,6,37,7328,7328,3330,3330,4000,4000,0,0
97,7,10,4768,4768,1142,1142,3626,3626,0,0
97,8,17,3360,3360,2013,2013,1348,1348,0,0
97,21,5,591,591,546,546,45,45,0,0
97,24,1,98,98,25,25,25,25,0,0
97,25,22,6346,6346,2434,2434,3912,3912,0,0
97,26,10,6801,6801,1103,1103,5699,5699,0,0
97,27,4,1248,1248,351,351,897,897,0,0
97,28,1,520,520,416,416,105,105,0,0
97,29,3,1061,1061,333,333,728,728,0,0
97,32,13,6484,6484,2278,2278,4207,4207,0,0
97,33,29,7516,7516,3055,3055,4461,4461,0,0
97,35,43,7797,7797,5924,5924,1873,1873,0,0
97,36,23,5848,5848,4147,4147,1701,1701,0,0
97,37,70,10905,10905,8371,8371,1969,1969,459,459
97,38,12,2418,2418,873,873,1518,1518,0,0
97,39,2,2584,2584,53,53,2532,2532,0,0
97,51,5,297,297,101,101,65,65,0,0
97,54,3,366,366,366,366,0,0,0,0
97,57,9,768,768,590,590,178,178,0,0
97,58,10,824,824,760,760,64,64,0,0
97,60,1,65,65,65,65,0,0,0,0
97,63,4,2871,2871,840,840,2032,2032,0,0
97,64,15,3490,3490,2100,2100,1390,1390,0,0
97,69,28,4915,4915,3260,3260,1654,1654,0,0
97,70,36,5739,5739,5461,5461,279,279,0,0
97,71,16,2725,2725,2341,2341,384,384,0,0
97,72,4,409,409,409,409,0,0,0,0
97,76,1,265,265,265,265,0,0,0,0
97,77,5,1510,1510,639,639,871,871,0,0
97,85,8,933,933,605,605,327,327,0,0
97,87,9,1349,1349,1181,1181,168,168,0,0
97,91,6,1938,1938,772,772,1166,1166,0,0
97,92,6,1487,1487,1090,1090,397,397,0,0
97,93,4,1248,1248,1019,1019,76,76,0,0
97,94,15,2458,2458,1923,1923,535,535,0,0
97,95,32,9360,9360,7222,7222,1585,1585,202,202
97,96,30,7485,7485,6656,6656,829,829,0,0
97,97,31,8383,8383,8049,8049,334,334,0,0
97,98,19,8533,8533,7311,7311,1222,1222,0,0
97,99,19,3731,3731,3342,3342,390,390,0,0
97,101,10,1353,1353,1353,1353,0,0,0,0
97,105,3,518,518,518,518,0,0,0,0
97,108,34,5028,5028,5028,5028,0,0,0,0
97,109,33,5718,5718,5648,5648,24,24,0,0
97,110,13,2083,2083,1905,1905,177,177,0,0
97,119,2,139,139,139,139,0,0,0,0
97,120,6,1422,1422,1205,1205,219,219,0,0
97,121,13,2183,2183,2014,2014,85,85,84,84
97,122,8,3491,3491,874,874,2616,2616,0,0
97,123,33,7341,7341,7177,7177,164,164,0,0
97,124,18,3645,3645,3506,3506,46,46,0,0
97,125,12,3460,3460,3374,3374,87,87,0,0
97,126,29,7854,7854,7186,7186,74,74,543,543
97,127,3,1451,1451,919,919,179,179,0,0
97,3,1,189,189,189,189,0,0,0,0
97,9,2,639,639,635,635,4,4,0,0
97,13,3,4022,4022,166,166,3856,3856,0,0
97,14,2,3655,3655,0,0,3655,3655,0,0
97,15,1,3134,3134,0,0,3134,3134,0,0
97,17,4,1376,1376,724,724,652,652,0,0
97,18,1,1049,1049,55,55,994,994,0,0
97,34,8,1555,1555,1386,1386,168,168,0,0
97,52,5,1950,1950,837,837,1111,1111,0,0
97,61,21,2173,2173,2173,2173,0,0,0,0
97,66,19,2840,2840,1696,1696,1144,1144,0,0
97,100,10,1879,1879,1822,1822,57,57,0,0
97,102,4,988,988,455,455,533,533,0,0
97,104,1,401,401,401,401,0,0,0,0
97,112,2,611,611,611,611,0,0,0,0
98,3,27,5031,5031,5031,5031,0,0,0,0
98,4,16,3085,3085,2928,2928,53,53,0,0
98,5,36,7072,7072,6804,6804,268,268,0,0
98,6,19,3491,3491,3250,3250,242,242,0,0
98,7,6,670,670,670,670,0,0,0,0
98,8,5,623,623,518,518,105,105,0,0
98,13,2,152,152,152,152,0,0,0,0
98,14,2,2275,2275,147,147,2127,2127,0,0
98,16,11,3324,3324,1483,1483,1840,1840,0,0
98,17,10,2339,2339,1142,1142,1198,1198,0,0
98,18,3,1134,1134,180,180,718,718,0,0
98,19,14,2393,2393,1452,1452,943,943,0,0
98,21,8,3045,3045,651,651,2393,2393,0,0
98,27,7,13739,13739,0,0,13739,13739,0,0
98,31,5,4058,4058,396,396,3639,3639,0,0
98,32,2,4018,4018,78,78,3940,3940,0,0
98,35,18,3729,3729,2606,2606,1122,1122,0,0
98,37,20,3055,3055,2287,2287,767,767,0,0
98,38,4,1157,1157,603,603,553,553,0,0
98,40,13,4496,4496,1024,1024,3474,3474,0,0
98,44,3,326,326,182,182,145,145,0,0
98,45,3,1555,1555,171,171,1380,1380,0,0
98,51,8,539,539,442,442,96,96,0,0
98,52,16,2397,2397,1007,1007,1299,1299,84,84
98,58,9,1243,1243,919,919,325,325,0,0
98,61,1,2054,2054,0,0,2054,2054,0,0
98,63,18,3592,3592,3592,3592,0,0,0,0
98,64,8,1831,1831,522,522,1309,1309,0,0
98,66,3,476,476,476,476,0,0,0,0
98,67,22,2412,2412,2412,2412,0,0,0,0
98,68,16,3205,3205,2632,2632,573,573,0,0
98,69,42,5849,5849,5396,5396,454,454,0,0
98,70,23,4841,4841,3952,3952,889,889,0,0
98,71,8,1732,1732,1732,1732,0,0,0,0
98,72,8,1307,1307,1307,1307,0,0,0,0
98,91,2,556,556,320,320,237,237,0,0
98,92,4,1238,1238,585,585,652,652,0,0
98,94,2,442,442,442,442,0,0,0,0
98,95,21,3648,3648,3406,3406,241,241,0,0
98,96,15,2355,2355,2355,2355,0,0,0,0
98,97,15,6905,6905,4780,4780,2125,2125,0,0
98,98,13,4764,4764,3464,3464,1300,1300,0,0
98,99,41,6770,6770,6210,6210,560,560,0,0
98,100,29,5183,5183,4861,4861,108,108,0,0
98,101,1,235,235,235,235,0,0,0,0
98,103,3,829,829,829,829,0,0,0,0
98,104,17,1734,1734,1621,1621,113,113,0,0
98,107,6,691,691,586,586,105,105,0,0
98,108,14,3160,3160,2809,2809,351,351,0,0
98,109,28,5963,5963,4552,4552,1411,1411,0,0
98,110,8,1483,1483,710,710,773,773,0,0
98,119,5,1242,1242,1030,1030,212,212,0,0
98,120,3,552,552,341,341,211,211,0,0
98,122,1,204,204,129,129,75,75,0,0
98,123,2,272,272,272,272,0,0,0,0
98,125,17,2741,2741,2625,2625,117,117,0,0
98,126,15,3071,3071,3071,3071,0,0,0,0
98,127,3,540,540,540,540,0,0,0,0
98,2,2,363,363,363,363,0,0,0,0
98,15,5,334,334,334,334,0,0,0,0
98,20,2,373,373,337,337,36,36,0,0
98,22,3,285,285,285,285,0,0,0,0
98,23,3,428,428,428,428,0,0,0,0
98,25,7,5376,5376,205,205,5171,5171,0,0
98,26,10,3960,3960,510,510,3451,3451,0,0
98,29,5,1852,1852,417,417,1435,1435,0,0
98,34,5,1013,1013,653,653,360,360,0,0
98,39,2,383,383,383,383,0,0,0,0
98,53,7,644,644,564,564,80,80,0,0
98,54,7,407,407,407,407,0,0,0,0
98,56,5,910,910,506,506,404,404,0,0
98,57,6,858,858,523,523,335,335,0,0
98,93,3,358,358,358,358,0,0,0,0
98,112,1,255,255,255,255,0,0,0,0
99,1,10,1941,1941,1726,1726,215,215,0,0
99,2,5,546,546,249,249,297,297,0,0
99,3,12,2044,2044,1866,1866,178,178,0,0
99,4,30,4261,4261,3907,3907,354,354,0,0
99,5,15,2626,2626,1804,1804,821,821,0,0
99,6,2,666,666,248,248,417,417,0,0
99,7,2,755,755,189,189,566,566,0,0
99,8,2,782,782,358,358,425,425,0,0
99,12,2,3315,3315,223,223,3091,3091,0,0
99,13,2,2898,2898,194,194,2704,2704,0,0
99,15,7,1857,1857,567,567,1291,1291,0,0
99,16,6,1371,1371,725,725,646,646,0,0
99,20,2,4955,4955,80,80,4876,4876,0,0
99,21,3,239,239,239,239,0,0,0,0
99,22,11,1027,1027,715,715,312,312,0,0
99,23,1,276,276,69,69,69,69,0,0
99,24,12,2957,2957,1103,1103,1854,1854,0,0
99,25,30,11888,11888,3201,3201,8689,8689,0,0
99,26,12,10359,10359,1116,1116,9242,9242,0,0
99,28,6,799,799,532,532,267,267,0,0
99,29,9,1373,1373,677,677,694,694,0,0
99,31,3,2242,2242,210,210,2031,2031,0,0
99,32,7,2179,2179,1028,1028,1152,1152,0,0
99,35,13,1462,1462,1462,1462,0,0,0,0
99,38,3,339,339,339,339,0,0,0,0
99,39,9,1216,1216,659,659,558,558,0,0
99,40,9,4450,4450,595,595,3807,3807,0,0
99,52,2,725,725,725,725,0,0,0,0
99,53,5,1607,1607,196,196,1411,1411,0,0
99,54,1,61,61,61,61,0,0,0,0
99,57,7,3979,3979,352,352,3627,3627,0,0
99,58,13,2554,2554,1802,1802,753,753,0,0
99,59,4,2537,2537,314,314,2222,2222,0,0
99,62,33,3702,3702,3256,3256,446,446,0,0
99,63,52,8364,8364,7349,7349,1014,1014,0,0
99,64,6,1520,1520,1113,1113,406,406,0,0
99,65,1,65,65,65,65,0,0,0,0
99,67,1,30,30,30,30,0,0,0,0
99,68,37,4147,4147,3729,3729,418,418,0,0
99,69,67,9207,9207,7273,7273,1598,1598,335,335
99,70,65,10256,10256,9821,9821,436,436,681,681
99,71,1,47,47,47,47,0,0,0,0
99,83,2,129,129,129,129,0,0,0,0
99,88,3,842,842,842,842,0,0,0,0
99,92,3,1834,1834,1552,1552,282,282,0,0
99,93,2,710,710,33,33,677,677,0,0
99,95,7,1068,1068,978,978,90,90,0,0
99,97,16,7543,7543,3043,3043,4500,4500,0,0
99,98,7,1596,1596,1496,1496,100,100,0,0
99,99,12,1580,1580,929,929,495,495,156,156
99,100,12,1073,1073,859,859,215,215,0,0
99,103,5,345,345,345,345,0,0,0,0
99,104,1,242,242,242,242,0,0,0,0
99,105,6,1000,1000,1000,1000,0,0,0,0
99,106,9,2341,2341,1197,1197,1050,1050,94,94
99,108,6,1656,1656,890,890,38,38,648,648
99,109,3,454,454,454,454,0,0,0,0
99,112,7,1736,1736,1503,1503,233,233,0,0
99,123,3,916,916,916,916,0,0,0,0
99,10,1,123,123,123,123,0,0,0,0
99,11,1,473,473,382,382,91,91,0,0
99,18,16,2946,2946,919,919,2027,2027,0,0
99,47,8,968,968,465,465,503,503,0,0
99,73,3,476,476,476,476,0,0,0,0
99,84,7,1063,1063,683,683,380,380,0,0
99,96,2,588,588,588,588,0,0,0,0
99,107,5,2858,2858,2516,2516,114,114,0,0
99,117,3,398,398,398,398,0,0,0,0
99,124,3,521,521,521,521,0,0,0,0
100,0,15,1392,1392,1297,1297,94,94,0,0
100,1,5,1312,1312,1312,1312,0,0,0,0
100,2,1,366,366,366,366,0,0,0,0
100,4,14,3021,3021,2319,2319,703,703,0,0
100,10,3,1668,1668,296,296,1372,1372,0,0
100,11,11,3165,3165,1869,1869,1297,1297,0,0
100,12,14,2440,2440,1432,1432,1006,1006,0,0
100,13,7,6295,6295,1076,1076,5219,5219,0,0
100,18,1,200,200,191,191,9,9,0,0
100,24,1,362,362,16,16,346,346,0,0
100,25,7,1644,1644,1163,1163,482,482,0,0
100,26,7,7751,7751,785,785,6966,6966,0,0
100,27,11,4738,4738,1190,1190,3548,3548,0,0
100,28,1,35,35,35,35,0,0,0,0
100,29,8,941,941,941,941,0,0,0,0
100,32,11,4707,4707,780,780,3881,3881,0,0
100,34,8,1933,1933,691,691,1243,1243,0,0
100,39,18,3204,3204,1810,1810,1363,1363,0,0
100,45,13,3784,3784,475,475,3308,3308,0,0
100,46,5,2003,2003,346,346,1657,1657,0,0
100,54,1,3835,3835,0,0,3835,3835,0,0
100,59,2,192,192,192,192,0,0,0,0
100,62,10,2175,2175,2175,2175,0,0,0,0
100,63,78,11153,11153,9379,9379,1773,1773,0,0
100,64,25,5599,5599,3775,3775,1014,1014,809,809
100,67,2,784,784,140,140,644,644,0,0
100,68,6,865,865,611,611,254,254,0,0
100,69,19,2718,2718,2131,2131,587,587,0,0
100,70,1,1060,1060,51,51,1009,1009,51,51
100,76,1,27,27,27,27,0,0,0,0
100,81,2,119,119,119,119,0,0,0,0
100,83,5,850,850,324,324,526,526,0,0
100,90,5,1887,1887,1666,1666,221,221,0,0
100,95,3,657,657,657,657,0,0,0,0
100,102,4,936,936,825,825,111,111,0,0
100,103,6,1137,1137,1137,1137,0,0,0,0
100,106,8,2409,2409,1200,1200,1209,1209,0,0
100,107,19,5185,5185,4693,4693,164,164,0,0
100,108,20,4725,4725,4144,4144,118,118,302,302
100,109,2,476,476,476,476,0,0,0,0
100,110,3,269,269,269,269,0,0,0,0
100,112,4,1620,1620,451,451,1169,1169,0,0
100,124,2,251,251,251,251,0,0,0,0
100,22,4,866,866,376,376,490,490,0,0
100,33,2,1547,1547,152,152,1395,1395,0,0
100,44,1,484,484,75,75,408,408,0,0
100,55,7,1672,1672,1672,1672,0,0,0,0
100,65,28,2877,2877,2877,2877,0,0,0,0
100,73,2,407,407,407,407,0,0,0,0
100,84,3,393,393,206,206,187,187,0,0
100,89,3,429,429,429,429,0,0,0,0
100,91,5,1924,1924,1237,1237,229,229,0,0
100,94,3,656,656,656,656,0,0,0,0
100,96,2,389,389,389,389,0,0,0,0
100,97,1,755,755,239,239,515,515,0,0
100,98,1,406,406,316,316,90,90,0,0
100,99,2,229,229,147,147,82,82,0,0
100,116,1,125,125,0,0,125,125,0,0
100,119,5,429,429,328,328,101,101,0,0
100,122,1,59,59,59,59,0,0,0,0
100,123,3,59,59,59,59,0,0,0,0
100,127,2,289,289,289,289,0,0,0,0
101,1,5,832,832,832,832,0,0,0,0
101,2,5,709,709,709,709,0,0,0,0
101,4,16,2911,2911,1942,1942,968,968,0,0
101,11,4,2429,2429,178,178,2251,2251,0,0
101,13,8,1885,1885,1238,1238,647,647,0,0
101,23,9,4665,4665,1340,1340,3325,3325,0,0
101,24,8,9410,9410,169,169,9241,9241,0,0
101,25,9,10666,10666,743,743,9922,9922,0,0
101,26,13,4192,4192,1862,1862,2331,2331,0,0
101,27,23,4272,4272,2855,2855,1417,1417,0,0
101,30,10,1498,1498,762,762,735,735,0,0
101,31,9,1083,1083,1060,1060,23,23,0,0
101,32,6,4922,4922,274,274,4648,4648,0,0
101,33,16,5028,5028,1563,1563,3464,3464,0,0
101,34,11,4503,4503,792,792,3711,3711,0,0
101,39,8,1076,1076,640,640,436,436,0,0
101,40,1,1180,1180,0,0,1180,1180,0,0
101,44,16,2366,2366,964,964,1403,1403,0,0
101,45,1,316,316,30,30,287,287,0,0
101,57,11,1553,1553,953,953,600,600,0,0
101,63,23,4316,4316,2935,2935,1381,1381,0,0
101,64,20,3152,3152,2247,2247,903,903,0,0
101,65,5,592,592,592,592,0,0,0,0
101,69,11,2366,2366,1694,1694,671,671,0,0
101,88,12,1119,1119,690,690,430,430,0,0
101,91,1,641,641,386,386,256,256,0,0
101,94,5,443,443,443,443,0,0,0,0
101,95,9,1368,1368,867,867,502,502,0,0
101,96,5,1058,1058,1058,1058,0,0,0,0
101,97,12,6029,6029,2088,2088,3942,3942,0,0
101,106,16,2415,2415,2318,2318,97,97,0,0
101,108,26,3299,3299,3262,3262,38,38,0,0
101,109,10,941,941,819,819,122,122,0,0
101,116,3,305,305,305,305,0,0,0,0
101,120,4,131,131,118,118,4,4,0,0
101,121,3,374,374,374,374,0,0,0,0
101,124,4,539,539,539,539,0,0,0,0
101,125,1,24,24,24,24,0,0,0,0
101,3,3,449,449,449,449,0,0,0,0
101,28,8,2227,2227,1173,1173,1054,1054,0,0
101,43,1,2060,2060,0,0,2060,2060,0,0
101,68,11,2396,2396,1510,1510,885,885,0,0
101,73,3,644,644,609,609,12,12,0,0
101,76,2,131,131,131,131,0,0,0,0
101,82,3,790,790,790,790,0,0,0,0
101,87,1,104,104,104,104,0,0,0,0
101,89,2,1459,1459,590,590,868,868,0,0
101,93,1,368,368,302,302,66,66,0,0
101,98,3,823,823,184,184,638,638,0,0
101,99,6,1148,1148,639,639,509,509,0,0
101,103,2,113,113,113,113,0,0,0,0
101,104,6,602,602,602,602,0,0,0,0
101,107,10,1342,1342,1342,1342,0,0,0,0
101,111,2,488,488,488,488,0,0,0,0
101,113,1,115,115,0,0,115,115,0,0
101,117,1,30,30,30,30,0,0,0,0
101,118,1,250,250,250,250,0,0,0,0
102,0,10,3067,3067,666,666,2401,2401,0,0
102,1,9,1840,1840,839,839,1004,1004,0,0
102,2,8,1231,1231,206,206,1024,1024,0,0
102,3,21,11504,11504,1765,1765,9738,9738,0,0
102,13,2,1547,1547,1079,1079,467,467,0,0
102,23,18,3579,3579,1832,1832,1745,1745,0,0
102,24,8,9000,9000,912,912,8088,8088,0,0
102,25,9,22451,22451,591,591,21861,21861,0,0
102,27,27,9225,9225,4009,4009,5216,5216,0,0
102,28,37,7927,7927,6044,6044,1853,1853,0,0
102,29,5,3031,3031,149,149,2882,2882,0,0
102,30,28,8576,8576,2456,2456,6121,6121,0,0
102,31,13,4772,4772,2292,2292,2350,2350,0,0
102,34,10,4193,4193,751,751,3443,3443,0,0
102,35,2,34,34,34,34,0,0,0,0
102,47,5,576,576,275,275,301,301,0,0
102,48,2,687,687,261,261,427,427,0,0
102,53,8,3873,3873,611,611,3262,3262,0,0
102,63,2,330,330,58,58,272,272,0,0
102,64,3,790,790,419,419,371,371,0,0
102,68,5,801,801,592,592,209,209,0,0
102,69,11,2328,2328,1547,1547,781,781,0,0
102,70,4,399,399,196,196,203,203,0,0
102,71,7,1321,1321,658,658,663,663,0,0
102,72,7,1171,1171,526,526,645,645,0,0
102,73,3,877,877,362,362,514,514,0,0
102,76,5,323,323,323,323,0,0,0,0
102,82,40,4576,4576,4576,4576,0,0,0,0
102,83,4,1371,1371,156,156,1214,1214,0,0
102,87,6,813,813,541,541,272,272,0,0
102,88,4,5331,5331,39,39,5292,5292,0,0
102,89,5,5308,5308,475,475,4833,4833,0,0
102,90,1,809,809,377,377,431,431,0,0
102,91,2,471,471,471,471,0,0,0,0
102,93,2,1004,1004,780,780,169,169,55,55
102,95,9,2288,2288,1251,1251,819,819,0,0
102,98,1,260,260,8,8,252,252,0,0
102,99,7,1300,1300,573,573,727,727,0,0
102,100,4,470,470,326,326,144,144,0,0
102,102,8,1721,1721,1369,1369,352,352,0,0
102,106,10,2544,2544,2497,2497,45,45,0,0
102,107,35,4847,4847,4467,4467,379,379,0,0
102,108,9,1134,1134,1017,1017,58,58,0,0
102,111,2,316,316,316,316,0,0,0,0
102,118,2,358,358,358,358,0,0,0,0
102,119,1,239,239,239,239,0,0,0,0
102,121,3,761,761,761,761,0,0,0,0
102,123,8,854,854,787,787,0,0,67,67
102,124,1,215,215,215,215,0,0,0,0
102,4,1,6022,6022,519,519,5503,5503,0,0
102,22,1,1055,1055,0,0,1055,1055,0,0
102,32,8,2268,2268,1149,1149,17,17,1102,1102
102,33,3,2147,2147,539,539,1608,1608,0,0
102,43,7,1614,1614,531,531,1083,1083,0,0
102,46,7,1825,1825,1030,1030,795,795,0,0
102,54,1,128,128,25,25,103,103,0,0
102,78,1,312,312,312,312,0,0,0,0
102,80,8,1710,1710,1710,1710,0,0,0,0
102,81,7,529,529,529,529,0,0,0,0
102,86,4,1288,1288,233,233,1056,1056,0,0
102,96,3,315,315,315,315,0,0,0,0
102,97,2,860,860,338,338,522,522,0,0
102,112,2,351,351,351,351,0,0,0,0
102,117,1,8,8,2,2,2,2,0,0
102,122,1,18,18,4,4,4,4,0,0
103,3,2,6500,6500,19,19,6480,6480,0,0
103,4,15,6964,6964,1661,1661,5304,5304,0,0
103,9,1,78,78,78,78,0,0,0,0
103,10,4,1318,1318,919,919,399,399,0,0
103,11,15,5186,5186,907,907,4278,4278,0,0
103,12,2,2112,2112,0,0,2112,2112,0,0
103,13,2,1569,1569,158,158,1411,1411,0,0
103,21,9,3307,3307,441,441,2867,2867,0,0
103,22,2,385,385,385,385,0,0,0,0
103,24,6,5034,5034,362,362,4671,4671,0,0
103,25,3,7773,7773,91,91,7682,7682,0,0
103,27,18,4352,4352,4352,4352,0,0,0,0
103,28,45,7703,7703,7552,7552,56,56,0,0
103,29,27,5910,5910,4869,4869,927,927,0,0
103,30,43,8646,8646,6812,6812,1832,1832,0,0
103,31,48,7806,7806,6412,6412,1316,1316,77,77
103,32,8,2155,2155,1979,1979,176,176,0,0
103,33,1,570,570,201,201,369,369,0,0
103,34,7,1186,1186,799,799,387,387,0,0
103,42,3,433,433,163,163,270,270,0,0
103,62,10,1234,1234,945,945,288,288,0,0
103,63,18,3677,3677,1916,1916,1745,1745,0,0
103,80,3,636,636,636,636,0,0,0,0
103,82,1,514,514,514,514,0,0,0,0
103,83,2,1182,1182,1182,1182,0,0,0,0
103,84,10,1176,1176,848,848,109,109,0,0
103,86,1,315,315,75,75,240,240,0,0
103,96,1,455,455,266,266,189,189,0,0
103,106,11,1432,1432,1432,1432,0,0,0,0
103,107,3,703,703,703,703,0,0,0,0
103,117,4,243,243,160,160,83,83,0,0
103,122,2,300,300,202,202,98,98,0,0
103,125,3,759,759,759,759,0,0,0,0
103,126,2,35,35,35,35,0,0,0,0
103,2,1,183,183,183,183,0,0,0,0
103,5,5,3036,3036,268,268,2768,2768,0,0
103,7,2,533,533,223,223,311,311,0,0
103,15,3,1101,1101,511,511,591,591,0,0
103,17,7,1243,1243,872,872,371,371,0,0
103,18,1,189,189,169,169,19,19,0,0
103,23,1,37,37,37,37,0,0,0,0
103,26,1,377,377,377,377,0,0,0,0
103,39,13,2942,2942,906,906,2036,2036,0,0
103,40,9,2813,2813,388,388,2425,2425,0,0
103,53,5,1181,1181,673,673,508,508,0,0
103,57,8,2869,2869,232,232,2637,2637,0,0
103,79,3,506,506,506,506,0,0,0,0
103,81,2,302,302,93,93,0,0,210,210
103,89,1,330,330,330,330,0,0,0,0
103,90,1,253,253,63,63,63,63,0,0
103,91,1,392,392,392,392,0,0,0,0
103,103,10,1770,1770,1770,1770,0,0,0,0
103,115,1,152,152,152,152,0,0,0,0
103,121,4,672,672,349,349,0,0,323,323
104,3,12,14052,14052,861,861,13191,13191,0,0
104,4,13,10048,10048,873,873,9175,9175,0,0
104,6,3,606,606,101,101,506,506,0,0
104,7,17,2324,2324,1255,1255,1069,1069,0,0
104,8,7,1164,1164,392,392,772,772,0,0
104,9,3,476,476,397,397,79,79,0,0
104,11,3,94,94,94,94,0,0,0,0
104,13,4,1110,1110,261,261,849,849,0,0
104,14,1,259,259,259,259,0,0,0,0
104,16,1,160,160,160,160,0,0,0,0
104,17,18,2506,2506,2182,2182,324,324,0,0
104,18,6,1120,1120,987,987,133,133,0,0
104,19,4,464,464,401,401,63,63,0,0
104,20,10,1586,1586,945,945,642,642,0,0
104,21,11,2428,2428,778,778,1651,1651,0,0
104,23,14,5526,5526,2196,2196,3330,3330,0,0
104,24,5,4845,4845,364,364,4481,4481,0,0
104,26,5,660,660,418,418,242,242,0,0
104,27,18,3577,3577,3431,3431,147,147,0,0
104,28,38,7032,7032,6163,6163,869,869,0,0
104,29,55,13751,13751,12034,12034,1419,1419,299,299
104,30,39,6213,6213,5014,5014,1199,1199,0,0
104,31,14,3453,3453,3175,3175,279,279,0,0
104,39,12,3151,3151,339,339,2811,2811,0,0
104,40,12,3896,3896,604,604,3292,3292,0,0
104,52,3,1049,1049,134,134,914,914,0,0
104,53,2,449,449,449,449,0,0,0,0
104,57,13,2973,2973,2076,2076,897,897,0,0
104,62,1,747,747,227,227,520,520,0,0
104,63,18,2908,2908,1757,1757,1151,1151,0,0
104,64,8,987,987,963,963,8,8,0,0
104,76,6,1261,1261,810,810,451,451,0,0
104,77,2,182,182,79,79,103,103,0,0
104,80,25,2721,2721,2721,2721,0,0,0,0
104,81,28,6309,6309,3841,3841,2468,2468,0,0
104,82,2,1916,1916,109,109,1807,1807,0,0
104,92,1,106,106,106,106,0,0,0,0
104,101,4,894,894,769,769,125,125,0,0
104,103,2,541,541,541,541,0,0,0,0
104,104,11,1920,1920,1920,1920,0,0,0,0
104,105,4,1251,1251,1251,1251,0,0,0,0
104,106,3,794,794,413,413,382,382,0,0
104,119,2,93,93,93,93,0,0,0,0
104,120,3,943,943,943,943,0,0,0,0
104,121,1,667,667,667,667,0,0,0,0
104,122,1,941,941,941,941,0,0,0,0
104,123,6,871,871,871,871,0,0,0,0
104,125,6,971,971,696,696,275,275,0,0
104,2,1,128,128,32,32,32,32,0,0
104,10,3,5002,5002,0,0,5002,5002,0,0
104,22,8,2353,2353,599,599,1754,1754,0,0
104,32,1,958,958,86,86,872,872,0,0
104,45,3,733,733,733,733,0,0,0,0
104,59,18,4553,4553,2267,2267,2287,2287,0,0
104,60,3,572,572,572,572,0,0,0,0
104,61,1,67,67,17,17,17,17,0,0
104,72,1,293,293,293,293,0,0,0,0
104,75,3,533,533,260,260,273,273,0,0
104,107,2,487,487,487,487,0,0,0,0
104,113,2,612,612,612,612,0,0,0,0
104,126,1,32,32,32,32,0,0,0,0
105,4,1,76,76,32,32,44,44,0,0
105,10,2,667,667,395,395,272,272,0,0
105,15,1,797,797,128,128,669,669,0,0
105,16,4,664,664,361,361,303,303,0,0
105,17,5,5712,5712,668,668,5044,5044,0,0
105,22,2,3156,3156,0,0,3156,3156,0,0
105,23,11,4370,4370,1041,1041,3329,3329,0,0
105,24,9,1602,1602,982,982,620,620,0,0
105,28,19,4450,4450,2968,2968,1277,1277,0,0
105,29,40,8074,8074,7346,7346,728,728,0,0
105,30,23,3811,3811,3469,3469,133,133,0,0
105,31,12,3895,3895,1788,1788,2005,2005,0,0
105,56,13,1341,1341,1286,1286,54,54,0,0
105,59,6,2585,2585,656,656,1929,1929,0,0
105,60,6,3285,3285,723,723,2562,2562,0,0
105,61,6,3553,3553,514,514,3040,3040,0,0
105,64,3,3485,3485,292,292,3193,3193,0,0
105,76,3,498,498,498,498,0,0,0,0
105,79,5,1499,1499,570,570,930,930,0,0
105,80,104,11031,11031,8779,8779,2251,2251,0,0
105,81,67,7174,7174,6167,6167,1007,1007,0,0
105,82,44,5364,5364,5364,5364,0,0,0,0
105,92,1,279,279,279,279,0,0,0,0
105,101,5,1194,1194,940,940,248,248,0,0
105,102,2,352,352,352,352,0,0,0,0
105,104,6,548,548,548,548,0,0,0,0
105,105,12,1264,1264,1236,1236,29,29,0,0
105,117,3,1015,1015,729,729,285,285,0,0
105,119,3,830,830,386,386,444,444,0,0
105,120,1,70,70,0,0,70,70,0,0
105,122,1,353,353,353,353,0,0,0,0
105,124,10,8859,8859,951,951,7908,7908,0,0
105,125,13,7240,7240,1273,1273,5967,5967,0,0
105,127,5,758,758,758,758,0,0,0,0
105,1,4,483,483,321,321,162,162,0,0
105,13,3,3785,3785,807,807,2824,2824,0,0
105,18,6,583,583,367,367,217,217,0,0
105,21,8,1444,1444,1050,1050,394,394,0,0
105,35,4,1302,1302,397,397,905,905,0,0
105,50,1,104,104,104,104,0,0,0,0
105,51,3,424,424,424,424,0,0,0,0
105,53,1,1827,1827,0,0,1827,1827,0,0
105,63,4,514,514,514,514,0,0,0,0
105,78,3,529,529,290,290,239,239,0,0
105,95,2,487,487,24,24,463,463,0,0
105,96,3,1714,1714,154,154,1561,1561,0,0
105,108,7,1105,1105,505,505,567,567,0,0
105,114,1,570,570,284,284,286,286,0,0
105,118,1,263,263,263,263,0,0,0,0
105,123,3,3547,3547,107,107,3440,3440,0,0
105,126,1,604,604,87,87,517,517,0,0
106,10,5,706,706,540,540,166,166,0,0
106,13,7,4692,4692,646,646,4045,4045,0,0
106,17,16,2477,2477,2242,2242,235,235,0,0
106,18,10,3253,3253,458,458,2795,2795,0,0
106,20,3,2626,2626,206,206,2420,2420,0,0
106,21,9,3306,3306,821,821,2484,2484,0,0
106,22,8,1128,1128,710,710,417,417,0,0
106,23,3,3637,3637,201,201,3435,3435,0,0
106,24,5,1265,1265,789,789,476,476,0,0
106,28,6,1863,1863,875,875,988,988,0,0
106,29,27,4319,4319,3250,3250,1068,1068,0,0
106,35,8,1464,1464,926,926,538,538,0,0
106,51,11,1370,1370,673,673,697,697,0,0
106,52,4,181,181,181,181,0,0,0,0
106,56,8,837,837,740,740,97,97,0,0
106,60,3,815,815,288,288,528,528,0,0
106,62,8,1575,1575,569,569,1006,1006,0,0
106,63,7,1398,1398,875,875,523,523,0,0
106,73,5,375,375,375,375,0,0,0,0
106,76,5,2886,2886,624,624,2262,2262,0,0
106,77,44,6330,6330,5287,5287,844,844,79,79
106,78,56,11411,11411,8354,8354,2807,2807,236,236
106,79,55,8191,8191,5201,5201,1991,1991,875,875
106,80,94,10268,10268,8111,8111,2158,2158,0,0
106,91,4,1292,1292,426,426,848,848,0,0
106,95,6,4430,4430,229,229,4201,4201,0,0
106,98,1,39,39,10,10,10,10,0,0
106,104,11,1992,1992,1220,1220,771,771,0,0
106,105,12,2101,2101,2045,2045,57,57,0,0
106,108,4,373,373,373,373,0,0,0,0
106,116,1,238,238,238,238,0,0,0,0
106,122,1,368,368,368,368,0,0,0,0
106,3,6,1027,1027,883,883,144,144,0,0
106,6,3,1110,1110,805,805,305,305,0,0
106,27,3,1640,1640,418,418,1223,1223,0,0
106,34,4,647,647,191,191,456,456,0,0
106,36,8,779,779,540,540,239,239,0,0
106,37,5,1212,1212,640,640,571,571,0,0
106,61,1,1375,1375,0,0,1375,1375,0,0
106,81,6,718,718,718,718,0,0,0,0
106,86,1,132,132,132,132,0,0,0,0
106,94,4,2585,2585,204,204,2381,2381,0,0
106,97,3,308,308,261,261,47,47,0,0
106,100,1,714,714,0,0,714,714,0,0
106,109,4,506,506,427,427,78,78,0,0
106,110,3,219,219,219,219,0,0,0,0
106,127,3,1038,1038,230,230,808,808,0,0
107,3,1,387,387,66,66,322,322,0,0
107,6,3,931,931,423,423,509,509,0,0
107,10,3,547,547,336,336,212,212,0,0
107,12,3,2356,2356,17,17,2339,2339,0,0
107,17,8,1933,1933,1133,1133,800,800,0,0
107,18,4,1559,1559,53,53,1507,1507,0,0
107,23,4,955,955,44,44,912,912,0,0
107,27,23,4538,4538,2340,2340,2198,2198,0,0
107,28,11,1533,1533,1117,1117,318,318,0,0
107,29,10,1434,1434,1101,1101,333,333,0,0
107,36,3,825,825,187,187,637,637,0,0
107,51,2,2407,2407,0,0,2407,2407,0,0
107,52,6,842,842,390,390,452,452,0,0
107,55,13,2035,2035,875,875,1128,1128,0,0
107,56,13,1254,1254,1193,1193,20,20,0,0
107,57,7,2175,2175,477,477,1636,1636,0,0
107,61,10,13830,13830,405,405,13424,13424,0,0
107,62,11,7624,7624,838,838,6786,6786,0,0
107,63,11,12266,12266,1363,1363,10903,10903,0,0
107,72,3,1170,1170,0,0,1170,1170,0,0
107,73,5,1429,1429,305,305,1124,1124,0,0
107,76,2,1280,1280,0,0,1280,1280,0,0
107,77,39,5991,5991,5168,5168,652,652,0,0
107,78,66,10121,10121,9151,9151,934,934,0,0
107,79,63,9881,9881,8592,8592,851,851,439,439
107,80,75,13844,13844,6630,6630,7214,7214,0,0
107,81,81,9229,9229,8938,8938,258,258,0,0
107,82,29,4121,4121,3774,3774,346,346,0,0
107,86,3,1619,1619,1205,1205,414,414,0,0
107,92,1,94,94,24,24,24,24,0,0
107,94,5,2359,2359,962,962,1397,1397,0,0
107,95,4,3803,3803,229,229,3574,3574,0,0
107,97,2,755,755,506,506,249,249,0,0
107,103,1,472,472,0,0,472,472,0,0
107,104,2,165,165,165,165,0,0,0,0
107,105,8,2040,2040,1895,1895,146,146,0,0
107,110,3,1186,1186,417,417,769,769,0,0
107,111,5,928,928,522,522,407,407,0,0
107,118,3,1610,1610,801,801,796,796,0,0
107,119,4,2121,2121,1366,1366,755,755,0,0
107,121,11,1735,1735,1139,1139,590,590,0,0
107,127,10,1454,1454,1191,1191,263,263,0,0
107,2,2,647,647,397,397,250,250,0,0
107,11,1,1571,1571,0,0,1571,1571,0,0
107,13,5,438,438,222,222,216,216,0,0
107,24,1,121,121,118,118,3,3,0,0
107,26,4,747,747,715,715,32,32,0,0
107,30,8,1371,1371,1039,1039,332,332,0,0
107,39,3,266,266,266,266,0,0,0,0
107,53,7,1080,1080,752,752,328,328,0,0
107,60,1,3002,3002,0,0,3002,3002,0,0
107,67,2,1429,1429,0,0,1429,1429,0,0
107,68,4,1338,1338,692,692,646,646,0,0
107,99,3,260,260,258,258,1,1,0,0
107,100,1,870,870,866,866,1,1,0,0
107,113,1,252,252,252,252,0,0,0,0
107,114,3,442,442,205,205,237,237,0,0
107,120,2,416,416,416,416,0,0,0,0
107,124,4,478,478,108,108,369,369,0,0
107,125,8,1052,1052,802,802,250,250,0,0
108,3,1,714,714,714,714,0,0,0,0
108,6,3,4310,4310,0,0,4310,4310,0,0
108,7,5,1116,1116,422,422,490,490,0,0
108,11,4,1469,1469,439,439,1029,1029,0,0
108,17,1,320,320,320,320,0,0,0,0
108,24,4,779,779,437,437,342,342,0,0
108,26,6,3101,3101,558,558,2542,2542,0,0
108,28,27,4345,4345,4345,4345,0,0,0,0
108,29,17,1823,1823,1823,1823,0,0,0,0
108,30,9,1382,1382,1224,1224,85,85,0,0
108,40,4,3528,3528,330,330,3198,3198,0,0
108,43,4,1452,1452,654,654,266,266,0,0
108,53,38,5132,5132,4025,4025,786,786,321,321
108,54,15,1649,1649,1649,1649,0,0,0,0
108,55,5,739,739,574,574,165,165,0,0
108,57,2,2546,2546,55,55,2492,2492,0,0
108,61,2,3658,3658,0,0,3658,3658,0,0
108,62,5,4125,4125,661,661,3464,3464,0,0
108,63,5,12211,12211,518,518,11694,11694,0,0
108,66,15,1278,1278,1039,1039,238,238,0,0
108,75,2,1233,1233,109,109,1124,1124,0,0
108,76,9,1138,1138,1072,1072,66,66,0,0
108,77,5,1859,1859,385,385,1473,1473,0,0
108,78,15,3480,3480,3480,3480,0,0,0,0
108,79,70,12034,12034,9201,9201,2834,2834,0,0
108,80,25,9315,9315,3934,3934,5382,5382,0,0
108,81,7,6204,6204,1767,1767,4437,4437,0,0
108,82,16,4333,4333,2278,2278,2055,2055,0,0
108,89,1,131,131,0,0,131,131,0,0
108,94,1,1153,1153,0,0,1153,1153,0,0
108,95,3,5349,5349,861,861,4488,4488,0,0
108,99,11,2202,2202,1628,1628,569,569,0,0
108,100,1,466,466,313,313,147,147,0,0
108,113,7,1616,1616,1182,1182,434,434,0,0
108,121,8,2140,2140,867,867,1273,1273,0,0
108,124,6,696,696,411,411,285,285,0,0
108,125,9,1466,1466,1216,1216,249,249,0,0
108,126,3,128,128,49,49,79,79,0,0
108,2,4,803,803,803,803,0,0,0,0
108,5,2,593,593,111,111,482,482,0,0
108,12,1,243,243,243,243,0,0,0,0
108,13,16,3827,3827,1865,1865,1961,1961,0,0
108,18,3,2425,2425,199,199,2226,2226,0,0
108,25,5,619,619,619,619,0,0,0,0
108,27,1,795,795,56,56,739,739,0,0
108,39,9,1956,1956,716,716,872,872,0,0
108,51,2,4450,4450,793,793,3657,3657,0,0
108,52,2,2250,2250,141,141,2109,2109,0,0
108,83,4,381,381,137,137,243,243,0,0
108,87,6,856,856,555,555,301,301,0,0
108,98,1,32,32,32,32,0,0,0,0
108,108,2,766,766,133,133,633,633,0,0
108,111,1,259,259,259,259,0,0,0,0
108,122,2,696,696,552,552,144,144,0,0
108,127,1,206,206,206,206,0,0,0,0
109,2,17,2449,2449,1818,1818,631,631,0,0
109,12,2,285,285,95,95,190,190,0,0
109,13,6,849,849,771,771,78,78,0,0
109,18,1,215,215,64,64,50,50,0,0
109,26,9,1607,1607,873,873,734,734,0,0
109,39,9,2027,2027,1003,1003,1024,1024,0,0
109,44,1,521,521,253,253,268,268,0,0
109,45,3,644,644,644,644,0,0,0,0
109,49,6,847,847,110,110,737,737,0,0
109,51,6,1106,1106,512,512,594,594,0,0
109,54,2,356,356,356,356,0,0,0,0
109,55,8,3027,3027,335,335,2692,2692,0,0
109,56,6,607,607,607,607,0,0,0,0
109,57,6,521,521,521,521,0,0,0,0
109,62,34,6957,6957,5568,5568,1390,1390,0,0
109,65,11,1389,1389,1232,1232,157,157,0,0
109,76,5,1002,1002,357,357,645,645,0,0
109,78,10,3761,3761,1029,1029,2732,2732,0,0
109,79,27,7871,7871,3548,3548,4323,4323,0,0
109,80,28,9558,9558,2601,2601,6957,6957,0,0
109,81,24,13832,13832,2167,2167,11665,11665,0,0
109,82,1,7604,7604,441,441,7163,7163,0,0
109,86,3,3804,3804,245,245,3560,3560,0,0
109,87,20,10803,10803,2313,2313,8490,8490,0,0
109,91,1,202,202,27,27,175,175,0,0
109,92,8,1635,1635,1016,1016,619,619,0,0
109,94,5,686,686,488,488,181,181,0,0
109,95,13,7879,7879,3327,3327,4552,4552,0,0
109,96,3,425,425,212,212,213,213,0,0
109,98,3,831,831,530,530,301,301,0,0
109,99,8,1728,1728,1382,1382,346,346,0,0
109,100,1,287,287,287,287,0,0,0,0
109,110,2,384,384,384,384,0,0,0,0
109,111,1,238,238,238,238,0,0,0,0
109,113,1,115,115,115,115,0,0,0,0
109,116,2,1277,1277,74,74,1203,1203,0,0
109,117,4,1841,1841,544,544,1298,1298,0,0
109,118,12,14289,14289,675,675,13614,13614,0,0
109,119,5,510,510,408,408,102,102,0,0
109,120,2,274,274,274,274,0,0,0,0
109,122,5,521,521,494,494,27,27,0,0
109,123,1,29,29,0,0,29,29,0,0
109,124,2,160,160,160,160,0,0,0,0
109,126,4,267,267,267,267,0,0,0,0
109,127,22,2205,2205,1882,1882,323,323,0,0
109,11,3,649,649,160,160,488,488,0,0
109,27,1,120,120,120,120,0,0,0,0
109,30,4,1061,1061,694,694,366,366,0,0
109,61,1,653,653,0,0,653,653,0,0
109,63,18,1442,1442,1087,1087,354,354,0,0
109,64,3,190,190,190,190,0,0,0,0
109,83,1,189,189,0,0,189,189,0,0
109,101,1,253,253,253,253,0,0,0,0
109,107,2,812,812,448,448,364,364,0,0
109,125,1,89,89,89,89,0,0,0,0
110,2,10,924,924,924,924,0,0,0,0
110,12,4,4593,4593,313,313,4280,4280,0,0
110,13,10,1128,1128,871,871,257,257,0,0
110,26,8,669,669,669,669,0,0,0,0
110,27,11,1313,1313,932,932,381,381,0,0
110,39,10,4689,4689,1765,1765,2925,2925,0,0
110,40,2,2736,2736,101,101,2634,2634,0,0
110,54,13,1439,1439,920,920,519,519,0,0
110,55,8,1141,1141,1141,1141,0,0,0,0
110,61,3,653,653,330,330,322,322,0,0
110,62,45,6952,6952,5727,5727,1224,1224,0,0
110,63,19,1430,1430,1311,1311,119,119,0,0
110,65,1,179,179,179,179,0,0,0,0
110,77,3,1139,1139,24,24,1115,1115,0,0
110,78,36,6490,6490,4428,4428,2062,2062,0,0
110,82,5,596,596,282,282,315,315,0,0
110,83,13,2263,2263,1321,1321,867,867,0,0
110,86,4,6630,6630,330,330,6299,6299,0,0
110,87,6,5658,5658,369,369,5288,5288,0,0
110,94,3,3294,3294,365,365,2929,2929,0,0
110,95,11,2843,2843,1430,1430,1413,1413,0,0
110,101,5,159,159,76,76,27,27,0,0
110,106,25,3285,3285,2998,2998,287,287,0,0
110,107,1,309,309,170,170,139,139,0,0
110,108,2,103,103,103,103,0,0,0,0
110,109,1,415,415,415,415,0,0,0,0
110,116,13,2734,2734,2033,2033,702,702,0,0
110,118,17,2221,2221,2221,2221,0,0,0,0
110,120,10,1051,1051,916,916,135,135,0,0
110,122,4,190,190,190,190,0,0,0,0
110,123,4,593,593,521,521,73,73,0,0
110,17,2,1347,1347,280,280,1068,1068,0,0
110,18,4,1201,1201,363,363,839,839,0,0
110,29,1,95,95,95,95,0,0,0,0
110,56,2,3616,3616,0,0,3616,3616,0,0
110,72,5,1367,1367,496,496,871,871,0,0
110,73,2,2483,2483,0,0,2483,2483,0,0
110,74,6,1173,1173,1135,1135,20,20,0,0
110,79,5,2293,2293,568,568,1725,1725,0,0
110,80,5,6452,6452,388,388,6064,6064,0,0
110,92,1,128,128,128,128,0,0,0,0
110,100,1,4,4,4,4,0,0,0,0
110,105,4,500,500,424,424,76,76,0,0
110,113,3,691,691,554,554,136,136,0,0
110,114,13,1732,1732,1732,1732,0,0,0,0
110,115,6,2300,2300,2300,2300,0,0,0,0
110,119,15,1233,1233,1233,1233,0,0,0,0
111,1,8,1108,1108,796,796,312,312,0,0
111,2,12,1744,1744,1208,1208,536,536,0,0
111,5,4,868,868,623,623,245,245,0,0
111,12,1,315,315,315,315,0,0,0,0
111,21,3,666,666,185,185,481,481,0,0
111,26,7,1435,1435,923,923,512,512,0,0
111,38,19,8964,8964,676,676,8239,8239,0,0
111,39,5,1549,1549,689,689,861,861,0,0
111,54,11,1561,1561,1141,1141,419,419,0,0
111,55,13,1770,1770,1068,1068,704,704,0,0
111,56,2,3441,3441,34,34,3407,3407,0,0
111,57,6,1840,1840,489,489,1352,1352,0,0
111,61,1,917,917,275,275,643,643,0,0
111,62,6,1054,1054,512,512,542,542,0,0
111,63,7,1104,1104,1104,1104,0,0,0,0
111,72,13,2531,2531,1178,1178,1354,1354,0,0
111,73,3,1036,1036,362,362,674,674,0,0
111,74,6,2777,2777,1886,1886,891,891,0,0
111,78,10,3330,3330,1052,1052,2278,2278,0,0
111,79,6,9079,9079,475,475,8604,8604,0,0
111,80,5,913,913,851,851,62,62,0,0
111,87,11,6449,6449,1635,1635,4812,4812,0,0
111,88,15,2938,2938,1566,1566,1372,1372,0,0
111,94,1,4453,4453,121,121,4332,4332,0,0
111,95,3,1632,1632,1606,1606,26,26,0,0
111,101,4,301,301,75,75,75,75,0,0
111,102,2,273,273,273,273,0,0,0,0
111,105,36,6993,6993,6146,6146,847,847,0,0
111,106,26,6126,6126,6126,6126,0,0,0,0
111,107,16,3906,3906,2211,2211,902,902,650,650
111,108,6,2053,2053,1499,1499,553,553,0,0
111,111,2,1950,1950,92,92,1857,1857,0,0
111,113,5,918,918,904,904,14,14,0,0
111,114,23,4007,4007,4007,4007,0,0,0,0
111,115,29,6836,6836,6468,6468,11,11,335,335
111,116,22,4595,4595,4397,4397,66,66,0,0
111,117,2,376,376,376,376,0,0,0,0
111,118,3,228,228,228,228,0,0,0,0
111,119,5,563,563,512,512,51,51,0,0
111,124,2,29,29,29,29,0,0,0,0
111,126,3,168,168,87,87,81,81,0,0
111,17,6,1185,1185,435,435,750,750,0,0
111,18,5,1817,1817,298,298,1519,1519,0,0
111,20,6,3555,3555,438,438,3037,3037,0,0
111,22,1,176,176,176,176,0,0,0,0
111,51,1,323,323,323,323,0,0,0,0
111,52,5,940,940,940,940,0,0,0,0
111,53,1,33,33,33,33,0,0,0,0
111,77,3,733,733,163,163,401,401,0,0
111,86,2,357,357,357,357,0,0,0,0
111,89,6,1465,1465,940,940,525,525,0,0
111,90,8,1917,1917,1036,1036,881,881,0,0
111,91,8,1053,1053,1053,1053,0,0,0,0
111,92,8,1270,1270,820,820,450,450,0,0
111,99,1,19,19,9,9,4,4,0,0
111,103,3,500,500,304,304,196,196,0,0
111,104,2,549,549,128,128,420,420,0,0
111,121,1,22,22,22,22,0,0,0,0
111,122,1,29,29,7,7,7,7,0,0
111,123,1,30,30,30,30,0,0,0,0
112,1,4,895,895,240,240,656,656,0,0
112,2,17,3349,3349,1917,1917,1432,1432,0,0
112,5,4,526,526,231,231,295,295,0,0
112,7,2,557,557,202,202,355,355,0,0
112,13,8,1683,1683,551,551,1035,1035,97,97
112,17,1,100,100,100,100,0,0,0,0
112,18,4,1246,1246,554,554,692,692,0,0
112,19,1,1358,1358,18,18,1340,1340,0,0
112,20,14,7005,7005,1110,1110,5896,5896,0,0
112,22,13,2600,2600,736,736,1864,1864,0,0
112,39,3,6075,6075,654,654,5421,5421,0,0
112,40,2,3310,3310,78,78,3232,3232,0,0
112,51,1,333,333,333,333,0,0,0,0
112,52,3,427,427,427,427,0,0,0,0
112,53,3,1250,1250,546,546,704,704,0,0
112,54,21,3982,3982,2600,2600,1383,1383,0,0
112,61,5,892,892,536,536,356,356,0,0
112,67,11,3292,3292,1995,1995,1296,1296,0,0
112,77,7,1314,1314,965,965,349,349,0,0
112,79,2,315,315,250,250,65,65,0,0
112,80,5,817,817,339,339,477,477,0,0
112,83,6,1093,1093,532,532,561,561,0,0
112,86,6,1673,1673,651,651,1021,1021,0,0
112,87,8,7476,7476,989,989,6486,6486,0,0
112,88,15,10317,10317,2691,2691,7625,7625,0,0
112,89,6,1119,1119,554,554,565,565,0,0
112,90,30,4955,4955,4068,4068,763,763,124,124
112,91,37,5702,5702,5086,5086,173,173,443,443
112,92,23,4198,4198,2727,2727,1312,1312,0,0
112,93,2,164,164,164,164,0,0,0,0
112,101,3,142,142,142,142,0,0,0,0
112,102,7,931,931,931,931,0,0,0,0
112,104,3,349,349,247,247,102,102,0,0
112,105,21,4573,4573,3801,3801,772,772,0,0
112,106,23,5041,5041,4106,4106,935,935,0,0
112,107,4,657,657,657,657,0,0,0,0
112,112,5,3227,3227,752,752,2476,2476,0,0
112,113,11,1760,1760,932,932,828,828,0,0
112,115,17,2566,2566,2402,2402,164,164,0,0
112,116,1,69,69,33,33,36,36,0,0
112,119,8,834,834,787,787,16,16,0,0
112,44,1,96,96,96,96,0,0,0,0
112,60,1,514,514,87,87,427,427,0,0
112,76,2,853,853,95,95,758,758,0,0
112,94,2,233,233,233,233,0,0,0,0
112,95,2,654,654,581,581,73,73,0,0
112,99,7,1186,1186,837,837,349,349,0,0
112,111,1,1614,1614,0,0,1614,1614,0,0
112,114,3,256,256,143,143,114,114,0,0
112,121,1,17,17,17,17,0,0,0,0
112,122,1,41,41,34,34,2,2,0,0
112,127,2,149,149,149,149,0,0,0,0
113,2,23,4144,4144,3649,3649,186,186,0,0
113,3,10,2973,2973,463,463,2510,2510,0,0
113,13,2,396,396,396,396,0,0,0,0
113,19,17,7057,7057,1297,1297,5761,5761,0,0
113,22,6,2015,2015,849,849,957,957,0,0
113,23,2,286,286,286,286,0,0,0,0
113,39,11,4963,4963,993,993,3970,3970,0,0
113,40,3,1397,1397,161,161,1235,1235,0,0
113,52,3,336,336,336,336,0,0,0,0
113,54,6,3112,3112,683,683,2429,2429,0,0
113,57,1,206,206,206,206,0,0,0,0
113,59,9,4957,4957,700,700,4256,4256,0,0
113,60,13,2062,2062,1796,1796,267,267,0,0
113,65,6,913,913,577,577,336,336,0,0
113,76,5,2411,2411,1893,1893,456,456,0,0
113,87,1,526,526,298,298,228,228,0,0
113,90,7,1091,1091,1091,1091,0,0,0,0
113,91,3,215,215,215,215,0,0,0,0
113,92,4,349,349,349,349,0,0,0,0
113,93,10,1201,1201,919,919,269,269,0,0
113,94,13,8632,8632,1438,1438,7196,7196,0,0
113,95,6,9425,9425,735,735,8689,8689,0,0
113,96,1,703,703,12,12,691,691,0,0
113,98,1,17,17,4,4,4,4,0,0
113,99,4,420,420,420,420,0,0,0,0
113,103,1,31,31,31,31,0,0,0,0
113,105,1,185,185,185,185,0,0,0,0
113,106,1,948,948,948,948,0,0,0,0
113,112,6,609,609,465,465,144,144,0,0
113,113,4,630,630,510,510,120,120,0,0
113,115,9,1435,1435,1299,1299,136,136,0,0
113,116,2,172,172,172,172,0,0,0,0
113,122,2,113,113,113,113,0,0,0,0
113,127,2,207,207,207,207,0,0,0,0
113,1,2,375,375,375,375,0,0,0,0
113,7,1,7226,7226,0,0,7226,7226,0,0
113,30,1,70,70,54,54,16,16,0,0
113,31,3,2048,2048,0,0,2048,2048,0,0
113,53,1,5562,5562,129,129,5433,5433,0,0
113,64,2,245,245,245,245,0,0,0,0
113,71,3,463,463,463,463,0,0,0,0
113,75,5,625,625,321,321,304,304,0,0
113,84,1,38,38,38,38,0,0,0,0
113,101,2,44,44,44,44,0,0,0,0
113,114,1,35,35,35,35,0,0,0,0
113,124,1,16,16,16,16,0,0,0,0
114,1,11,2633,2633,2633,2633,0,0,0,0
114,2,45,7667,7667,6334,6334,1335,1335,0,0
114,3,43,7477,7477,6456,6456,1020,1020,0,0
114,6,7,2900,2900,507,507,2393,2393,0,0
114,7,4,8203,8203,742,742,7460,7460,0,0
114,13,14,4540,4540,1042,1042,3499,3499,0,0
114,17,2,7697,7697,89,89,7501,7501,0,0
114,19,8,2997,2997,1687,1687,1310,1310,0,0
114,30,10,2337,2337,741,741,1596,1596,0,0
114,53,2,11696,11696,189,189,11507,11507,0,0
114,54,2,6428,6428,696,696,5731,5731,0,0
114,56,1,105,105,105,105,0,0,0,0
114,59,17,2268,2268,1304,1304,965,965,0,0
114,60,1,160,160,160,160,0,0,0,0
114,72,4,872,872,872,872,0,0,0,0
114,74,5,683,683,400,400,282,282,0,0
114,76,6,3572,3572,2069,2069,501,501,0,0
114,80,8,1328,1328,496,496,832,832,0,0
114,82,1,12,12,12,12,0,0,0,0
114,93,10,2942,2942,1143,1143,1799,1799,0,0
114,94,11,7204,7204,2120,2120,5084,5084,0,0
114,95,10,19738,19738,550,550,19188,19188,0,0
114,96,9,3990,3990,295,295,3694,3694,0,0
114,115,2,488,488,488,488,0,0,0,0
114,120,1,30,30,30,30,0,0,0,0
114,121,3,659,659,80,80,579,579,0,0
114,0,1,267,267,0,0,267,267,0,0
114,12,1,1063,1063,158,158,905,905,0,0
114,14,2,212,212,212,212,0,0,0,0
114,18,5,1491,1491,408,408,1083,1083,0,0
114,38,2,1051,1051,0,0,1051,1051,0,0
114,39,13,2626,2626,950,950,1676,1676,0,0
114,40,1,1105,1105,0,0,1105,1105,0,0
114,58,4,490,490,490,490,0,0,0,0
114,61,1,131,131,131,131,0,0,0,0
114,90,1,304,304,11,11,293,293,0,0
114,91,4,974,974,394,394,580,580,0,0
114,97,1,949,949,4,4,945,945,0,0
114,109,1,316,316,277,277,39,39,0,0
114,112,4,1421,1421,1108,1108,310,310,0,0
114,116,1,37,37,37,37,0,0,0,0
114,119,2,555,555,314,314,241,241,0,0
115,1,13,3249,3249,3249,3249,0,0,0,0
115,2,17,5687,5687,3733,3733,1828,1828,126,126
115,3,17,4007,4007,2984,2984,1024,1024,0,0
115,6,14,1482,1482,1454,1454,28,28,0,0
115,13,19,2217,2217,1449,1449,767,767,0,0
115,16,2,3477,3477,45,45,3432,3432,0,0
115,19,15,4141,4141,1060,1060,3081,3081,0,0
115,35,1,29,29,7,7,7,7,0,0
115,46,1,286,286,286,286,0,0,0,0
115,52,3,1985,1985,104,104,1881,1881,0,0
115,54,10,1041,1041,1041,1041,0,0,0,0
115,55,7,1131,1131,1131,1131,0,0,0,0
115,56,25,2832,2832,1797,1797,975,975,0,0
115,57,22,3008,3008,2290,2290,718,718,0,0
115,58,32,3112,3112,3112,3112,0,0,0,0
115,59,12,1162,1162,1162,1162,0,0,0,0
115,61,4,759,759,759,759,0,0,0,0
115,69,7,1453,1453,561,561,891,891,0,0
115,80,3,748,748,343,343,405,405,0,0
115,85,2,211,211,211,211,0,0,0,0
115,90,3,620,620,620,620,0,0,0,0
115,91,6,4749,4749,757,757,3992,3992,0,0
115,92,1,1018,1018,33,33,919,919,0,0
115,94,9,7529,7529,1720,1720,5809,5809,0,0
115,95,9,11416,11416,1126,1126,10290,10290,0,0
115,96,7,1169,1169,1169,1169,0,0,0,0
115,114,3,1001,1001,646,646,356,356,0,0
115,117,2,347,347,347,347,0,0,0,0
115,121,3,681,681,152,152,314,314,0,0
115,0,7,1838,1838,960,960,878,878,0,0
115,4,2,357,357,357,357,0,0,0,0
115,5,2,145,145,141,141,4,4,0,0
115,11,3,997,997,157,157,840,840,0,0
115,12,4,696,696,570,570,126,126,0,0
115,14,3,501,501,270,270,231,231,0,0
115,17,1,1605,1605,0,0,1605,1605,0,0
115,18,5,1863,1863,197,197,1666,1666,0,0
115,20,1,1055,1055,0,0,1055,1055,0,0
115,22,2,314,314,107,107,207,207,0,0
115,37,8,1824,1824,960,960,863,863,0,0
115,38,2,487,487,309,309,178,178,0,0
115,51,9,1682,1682,528,528,1154,1154,0,0
115,53,6,2990,2990,188,188,2802,2802,0,0
115,68,1,356,356,89,89,89,89,0,0
115,71,4,784,784,151,151,633,633,0,0
115,93,5,1355,1355,661,661,695,695,0,0
115,98,1,192,192,192,192,0,0,0,0
115,99,2,40,40,40,40,0,0,0,0
115,109,1,277,277,277,277,0,0,0,0
115,113,1,92,92,92,92,0,0,0,0
115,119,1,9,9,2,2,2,2,0,0
115,120,6,547,547,547,547,0,0,0,0
116,1,14,3779,3779,3030,3030,749,749,0,0
116,2,43,7736,7736,5797,5797,1245,1245,693,693
116,3,68,12599,12599,9897,9897,2701,2701,0,0
116,4,40,6490,6490,5114,5114,1377,1377,0,0
116,5,15,1989,1989,1649,1649,340,340,0,0
116,6,4,1213,1213,1213,1213,0,0,0,0
116,10,2,4318,4318,0,0,4318,4318,0,0
116,13,4,526,526,384,384,142,142,0,0
116,14,3,387,387,286,286,101,101,0,0
116,37,1,219,219,219,219,0,0,0,0
116,39,3,433,433,250,250,183,183,0,0
116,40,16,4376,4376,1070,1070,3306,3306,0,0
116,53,9,1375,1375,1100,1100,275,275,0,0
116,54,3,429,429,429,429,0,0,0,0
116,55,24,2578,2578,2578,2578,0,0,0,0
116,56,33,5667,5667,5170,5170,497,497,0,0
116,57,10,2477,2477,1188,1188,1289,1289,0,0
116,61,4,287,287,250,250,12,12,0,0
116,68,4,422,422,422,422,0,0,0,0
116,69,5,1578,1578,124,124,1454,1454,0,0
116,80,4,863,863,225,225,638,638,0,0
116,81,7,1823,1823,427,427,1396,1396,0,0
116,83,4,477,477,477,477,0,0,0,0
116,87,2,2298,2298,74,74,2090,2090,0,0
116,88,11,6384,6384,726,726,5657,5657,0,0
116,89,1,32,32,32,32,0,0,0,0
116,93,2,5469,5469,300,300,5169,5169,0,0
116,94,6,7410,7410,1688,1688,5724,5724,0,0
116,95,3,2875,2875,983,983,1892,1892,0,0
116,96,4,2217,2217,2217,2217,0,0,0,0
116,99,5,1061,1061,687,687,375,375,0,0
116,101,5,965,965,559,559,251,251,0,0
116,104,1,23,23,23,23,0,0,0,0
116,112,4,967,967,967,967,0,0,0,0
116,113,1,415,415,415,415,0,0,0,0
116,120,11,589,589,589,589,0,0,0,0
116,121,1,77,77,77,77,0,0,0,0
116,125,4,897,897,596,596,300,300,0,0
116,9,1,762,762,156,156,606,606,0,0
116,16,5,717,717,315,315,402,402,0,0
116,17,3,285,285,285,285,0,0,0,0
116,41,3,444,444,444,444,0,0,0,0
116,42,7,3467,3467,1025,1025,2317,2317,125,125
116,67,2,433,433,263,263,170,170,0,0
116,70,1,1388,1388,936,936,452,452,0,0
116,90,1,12,12,12,12,0,0,0,0
116,91,1,276,276,276,276,0,0,0,0
116,98,1,1199,1199,0,0,1199,1199,0,0
116,111,3,285,285,195,195,90,90,0,0
116,114,1,308,308,308,308,0,0,0,0
116,119,17,1171,1171,1154,1154,6,6,0,0
116,122,4,152,152,152,152,0,0,0,0
116,124,1,4,4,4,4,0,0,0,0
117,3,6,2752,2752,1155,1155,1597,1597,0,0
117,4,37,6336,6336,5414,5414,922,922,0,0
117,5,7,3462,3462,2572,2572,890,890,0,0
117,6,8,1620,1620,940,940,680,680,0,0
117,9,5,941,941,860,860,81,81,0,0
117,13,5,3239,3239,435,435,2804,2804,0,0
117,36,1,193,193,87,87,35,35,0,0
117,37,15,3147,3147,1302,1302,1845,1845,0,0
117,55,58,6541,6541,6482,6482,19,19,0,0
117,56,29,3968,3968,3968,3968,0,0,0,0
117,57,7,3664,3664,1481,1481,2183,2183,0,0
117,61,4,418,418,418,418,0,0,0,0
117,62,32,2930,2930,2930,2930,0,0,0,0
117,69,2,613,613,613,613,0,0,0,0
117,70,2,1186,1186,677,677,509,509,0,0
117,81,7,890,890,328,328,562,562,0,0
117,93,6,11183,11183,185,185,10998,10998,0,0
117,94,8,7826,7826,1513,1513,6312,6312,0,0
117,95,10,11208,11208,547,547,10662,10662,0,0
117,96,2,363,363,363,363,0,0,0,0
117,98,12,2378,2378,1892,1892,486,486,0,0
117,99,2,518,518,355,355,163,163,0,0
117,103,1,247,247,0,0,247,247,0,0
117,107,5,1690,1690,1573,1573,117,117,0,0
117,114,2,599,599,299,299,299,299,0,0
117,118,5,622,622,622,622,0,0,0,0
117,119,5,188,188,188,188,0,0,0,0
117,125,9,2024,2024,2024,2024,0,0,0,0
117,7,5,757,757,757,757,0,0,0,0
117,8,1,64,64,64,64,0,0,0,0
117,14,11,1940,1940,1545,1545,396,396,0,0
117,17,8,1285,1285,817,817,468,468,0,0
117,18,3,257,257,226,226,10,10,0,0
117,20,3,697,697,35,35,662,662,0,0
117,22,1,4460,4460,0,0,4460,4460,0,0
117,35,3,91,91,79,79,4,4,0,0
117,51,11,3930,3930,1749,1749,2024,2024,0,0
117,52,6,637,637,273,273,364,364,0,0
117,54,19,1949,1949,1949,1949,0,0,0,0
117,67,4,883,883,154,154,729,729,0,0
117,77,1,327,327,0,0,327,327,0,0
117,80,2,275,275,275,275,0,0,0,0
117,83,5,1754,1754,1242,1242,512,512,0,0
117,92,1,15,15,15,15,0,0,0,0
117,113,6,1026,1026,516,516,509,509,0,0
117,117,5,1513,1513,1353,1353,53,53,0,0
117,122,1,44,44,44,44,0,0,0,0
118,4,2,490,490,490,490,0,0,0,0
118,5,19,4492,4492,1768,1768,2725,2725,1077,1077
118,6,1,326,326,150,150,176,176,0,0
118,9,19,3799,3799,1292,1292,2508,2508,0,0
118,14,25,5602,5602,2599,2599,3003,3003,0,0
118,17,1,370,370,272,272,98,98,0,0
118,33,4,782,782,696,696,86,86,0,0
118,34,6,4165,4165,510,510,3654,3654,0,0
118,50,1,2906,2906,0,0,2906,2906,0,0
118,51,16,8569,8569,1034,1034,7535,7535,0,0
118,53,5,1041,1041,541,541,460,460,0,0
118,54,56,7322,7322,7322,7322,0,0,0,0
118,55,67,8619,8619,7246,7246,1373,1373,0,0
118,56,38,5409,5409,5409,5409,0,0,0,0
118,61,18,1953,1953,1953,1953,0,0,0,0
118,62,1,138,138,138,138,0,0,0,0
118,64,1,50,50,50,50,0,0,0,0
118,77,8,2542,2542,1104,1104,1438,1438,0,0
118,81,6,1036,1036,445,445,591,591,0,0
118,83,3,640,640,633,633,2,2,0,0
118,85,3,1379,1379,276,276,1103,1103,0,0
118,93,8,10569,10569,983,983,9587,9587,0,0
118,94,7,8338,8338,1413,1413,6926,6926,0,0
118,98,15,2560,2560,2356,2356,204,204,0,0
118,99,18,3474,3474,2852,2852,623,623,0,0
118,112,1,352,352,352,352,0,0,0,0
118,113,1,5,5,5,5,0,0,0,0
118,118,2,848,848,490,490,358,358,0,0
118,123,14,2634,2634,2568,2568,67,67,0,0
118,124,17,3800,3800,3237,3237,0,0,563,563
118,125,2,829,829,829,829,0,0,0,0
118,0,2,435,435,435,435,0,0,0,0
118,3,4,415,415,415,415,0,0,0,0
118,7,4,886,886,886,886,0,0,0,0
118,10,1,225,225,225,225,0,0,0,0
118,11,5,327,327,327,327,0,0,0,0
118,12,1,94,94,94,94,0,0,0,0
118,37,1,197,197,197,197,0,0,0,0
118,40,4,662,662,269,269,393,393,0,0
118,47,3,120,120,120,120,0,0,0,0
118,60,1,29,29,29,29,0,0,0,0
118,66,11,1503,1503,509,509,994,994,0,0
118,84,2,348,348,187,187,161,161,0,0
118,90,2,485,485,165,165,321,321,0,0
118,104,2,359,359,359,359,0,0,0,0
118,105,1,269,269,0,0,269,269,0,0
118,117,1,89,89,89,89,0,0,0,0
118,119,2,369,369,239,239,116,116,0,0
118,120,5,584,584,522,522,21,21,0,0
119,4,7,1143,1143,1143,1143,0,0,0,0
119,9,21,3979,3979,1923,1923,2058,2058,0,0
119,10,10,2455,2455,1450,1450,1006,1006,0,0
119,11,6,1139,1139,1139,1139,0,0,0,0
119,12,10,1182,1182,924,924,259,259,0,0
119,13,4,575,575,320,320,165,165,0,0
119,14,9,1235,1235,899,899,336,336,0,0
119,16,3,3448,3448,257,257,3191,3191,0,0
119,17,5,3829,3829,189,189,3640,3640,0,0
119,19,2,757,757,157,157,599,599,0,0
119,21,2,288,288,91,91,197,197,0,0
119,22,10,4741,4741,894,894,3848,3848,0,0
119,27,5,421,421,421,421,0,0,0,0
119,33,2,1001,1001,399,399,501,501,0,0
119,36,5,852,852,466,466,386,386,0,0
119,37,9,1811,1811,1454,1454,357,357,0,0
119,38,9,1201,1201,834,834,367,367,0,0
119,39,6,1115,1115,578,578,536,536,0,0
119,40,7,711,711,711,711,0,0,0,0
119,49,1,27,27,27,27,0,0,0,0
119,50,1,61,61,61,61,0,0,0,0
119,51,3,1350,1350,748,748,603,603,0,0
119,52,2,261,261,261,261,0,0,0,0
119,53,10,1466,1466,1401,1401,22,22,0,0
119,54,68,9259,9259,9259,9259,0,0,0,0
119,55,78,10831,10831,10225,10225,606,606,0,0
119,56,28,6181,6181,3044,3044,3001,3001,0,0
119,60,41,5368,5368,5368,5368,0,0,0,0
119,61,1,646,646,277,277,370,370,0,0
119,76,1,994,994,99,99,895,895,0,0
119,77,2,850,850,332,332,518,518,0,0
119,81,4,1002,1002,388,388,613,613,0,0
119,84,1,134,134,134,134,0,0,0,0
119,85,2,535,535,36,36,499,499,0,0
119,90,34,4780,4780,4780,4780,0,0,0,0
119,93,8,13339,13339,249,249,13090,13090,0,0
119,94,2,1506,1506,62,62,1443,1443,0,0
119,95,4,5455,5455,341,341,5113,5113,0,0
119,98,11,2991,2991,2991,2991,0,0,0,0
119,99,8,4648,4648,3813,3813,835,835,0,0
119,100,8,2137,2137,1969,1969,167,167,0,0
119,104,26,4304,4304,3021,3021,1283,1283,0,0
119,112,3,652,652,483,483,168,168,0,0
119,113,4,1536,1536,846,846,689,689,0,0
119,114,1,73,73,73,73,0,0,0,0
119,116,1,28,28,28,28,0,0,0,0
119,119,1,102,102,102,102,0,0,0,0
119,121,1,10,10,3,3,3,3,0,0
119,123,15,3019,3019,3007,3007,4,4,0,0
119,126,1,71,71,18,18,18,18,0,0
119,127,1,31,31,31,31,0,0,0,0
119,0,1,7014,7014,143,143,6871,6871,0,0
119,1,2,7441,7441,13,13,7429,7429,0,0
119,2,1,2302,2302,35,35,2267,2267,0,0
119,5,7,788,788,739,739,49,49,0,0
119,42,7,5314,5314,480,480,4834,4834,0,0
119,57,16,2306,2306,2030,2030,276,276,0,0
119,58,15,1649,1649,1546,1546,103,103,0,0
119,59,9,1615,1615,1615,1615,0,0,0,0
119,65,2,1218,1218,403,403,815,815,0,0
119,66,3,1026,1026,495,495,531,531,0,0
119,89,4,1039,1039,1039,1039,0,0,0,0
119,92,1,1644,1644,201,201,1443,1443,0,0
119,96,5,828,828,828,828,0,0,0,0
119,97,13,2782,2782,2782,2782,0,0,0,0
119,101,14,2168,2168,2168,2168,0,0,0,0
119,102,8,959,959,959,959,0,0,0,0
119,103,17,3406,3406,3406,3406,0,0,0,0
119,105,15,3503,3503,3503,3503,0,0,0,0
119,109,1,27,27,7,7,7,7,0,0
120,2,6,6725,6725,697,697,6029,6029,0,0
120,3,14,2530,2530,1507,1507,1023,1023,0,0
120,4,13,5875,5875,1966,1966,3909,3909,0,0
120,5,5,1174,1174,1086,1086,88,88,0,0
120,9,3,352,352,352,352,0,0,0,0
120,10,2,149,149,149,149,0,0,0,0
120,11,3,2694,2694,411,411,2283,2283,0,0
120,12,7,1422,1422,1422,1422,0,0,0,0
120,13,10,1672,1672,765,765,907,907,0,0
120,14,8,1907,1907,1278,1278,629,629,0,0
120,19,9,1309,1309,1309,1309,0,0,0,0
120,22,16,2502,2502,1634,1634,868,868,0,0
120,26,2,358,358,100,100,258,258,0,0
120,27,1,83,83,83,83,0,0,0,0
120,36,3,176,176,176,176,0,0,0,0
120,37,3,241,241,241,241,0,0,0,0
120,40,1,58,58,58,58,0,0,0,0
120,42,1,1666,1666,695,695,971,971,0,0
120,51,9,8473,8473,522,522,7950,7950,0,0
120,52,39,4110,4110,3757,3757,354,354,0,0
120,53,30,3684,3684,3245,3245,159,159,0,0
120,54,36,6987,6987,4935,4935,2053,2053,0,0
120,55,41,8450,8450,5757,5757,2521,2521,0,0
120,56,40,6082,6082,4922,4922,792,792,0,0
120,57,17,1928,1928,1928,1928,0,0,0,0
120,58,9,924,924,888,888,36,36,0,0
120,59,12,2268,2268,2268,2268,0,0,0,0
120,60,53,6406,6406,6391,6391,0,0,15,15
120,61,42,4908,4908,4402,4402,506,506,0,0
120,81,3,378,378,378,378,0,0,0,0
120,88,10,1312,1312,1011,1011,301,301,0,0
120,89,20,4977,4977,4110,4110,713,713,88,88
120,90,34,5852,5852,5852,5852,0,0,0,0
120,91,19,2919,2919,1357,1357,1562,1562,0,0
120,92,3,7422,7422,79,79,7343,7343,0,0
120,93,10,7873,7873,1929,1929,5943,5943,0,0
120,94,4,2149,2149,329,329,1820,1820,0,0
120,96,21,3040,3040,2972,2972,68,68,0,0
120,97,37,7073,7073,6556,6556,517,517,0,0
120,98,29,4852,4852,4852,4852,0,0,0,0
120,99,35,6762,6762,6672,6672,30,30,0,0
120,100,36,8820,8820,8769,8769,0,0,51,51
120,101,32,7469,7469,7233,7233,236,236,0,0
120,102,24,9332,9332,9118,9118,0,0,214,214
120,103,40,7060,7060,6947,6947,113,113,0,0
120,104,48,7275,7275,7275,7275,0,0,0,0
120,105,36,6237,6237,5528,5528,698,698,0,0
120,115,7,1321,1321,1180,1180,47,47,0,0
120,119,9,918,918,634,634,284,284,0,0
120,122,1,191,191,48,48,48,48,0,0
120,127,1,20,20,20,20,0,0,0,0
120,1,1,1069,1069,0,0,1069,1069,0,0
120,8,3,278,278,198,198,81,81,0,0
120,16,2,1500,1500,902,902,598,598,0,0
120,17,1,250,250,250,250,0,0,0,0
120,38,1,292,292,292,292,0,0,0,0
120,39,1,61,61,61,61,0,0,0,0
120,41,2,568,568,0,0,568,568,0,0
120,74,1,108,108,108,108,0,0,0,0
120,84,2,516,516,140,140,376,376,0,0
120,87,4,478,478,478,478,0,0,0,0
120,106,2,33,33,33,33,0,0,0,0
120,109,1,153,153,153,153,0,0,0,0
120,110,3,507,507,354,354,153,153,0,0
120,111,1,20,20,20,20,0,0,0,0
121,3,6,1764,1764,857,857,906,906,0,0
121,4,5,499,499,499,499,0,0,0,0
121,5,13,1758,1758,1758,1758,0,0,0,0
121,6,5,5243,5243,274,274,4969,4969,0,0
121,7,2,3461,3461,0,0,3461,3461,0,0
121,10,1,2636,2636,0,0,2636,2636,0,0
121,13,5,661,661,595,595,66,66,0,0
121,14,13,2210,2210,1883,1883,327,327,0,0
121,16,12,3582,3582,1711,1711,1872,1872,0,0
121,19,6,911,911,560,560,351,351,0,0
121,22,9,1445,1445,865,865,581,581,0,0
121,26,4,1574,1574,462,462,923,923,0,0
121,38,6,664,664,664,664,0,0,0,0
121,41,1,328,328,220,220,108,108,0,0
121,50,1,389,389,5,5,384,384,0,0
121,51,6,3374,3374,892,892,2482,2482,0,0
121,52,1,390,390,17,17,373,373,0,0
121,53,30,6706,6706,3676,3676,3030,3030,0,0
121,54,77,11812,11812,10308,10308,1208,1208,0,0
121,55,52,8650,8650,7651,7651,999,999,0,0
121,61,4,1007,1007,1007,1007,0,0,0,0
121,66,3,2860,2860,1025,1025,1835,1835,0,0
121,89,1,37,37,37,37,0,0,0,0
121,90,13,2099,2099,1555,1555,544,544,0,0
121,91,2,559,559,559,559,0,0,0,0
121,92,5,2961,2961,1927,1927,1034,1034,0,0
121,93,5,7485,7485,4591,4591,2895,2895,0,0
121,97,10,9711,9711,2986,2986,6725,6725,0,0
121,98,49,12612,12612,9173,9173,3439,3439,0,0
121,99,63,9962,9962,9894,9894,67,67,0,0
121,100,40,13967,13967,12676,12676,1291,1291,0,0
121,101,31,9623,9623,9505,9505,39,39,1174,1174
121,102,45,12986,12986,12986,12986,0,0,1061,1061
121,103,52,10505,10505,10086,10086,151,151,1340,1340
121,104,48,9934,9934,9799,9799,45,45,0,0
121,105,14,2502,2502,2502,2502,0,0,0,0
121,106,1,15,15,15,15,0,0,0,0
121,107,10,1572,1572,981,981,591,591,0,0
121,108,13,2368,2368,1335,1335,1033,1033,0,0
121,109,7,898,898,643,643,209,209,0,0
121,114,1,16,16,4,4,4,4,0,0
121,115,3,348,348,212,212,45,45,0,0
121,117,1,71,71,18,18,18,18,0,0
121,124,1,23,23,23,23,0,0,0,0
121,127,4,484,484,484,484,0,0,0,0
121,15,12,2430,2430,1840,1840,592,592,0,0
121,17,11,1845,1845,1845,1845,0,0,0,0
121,18,10,2429,2429,2429,2429,0,0,0,0
121,39,4,328,328,328,328,0,0,0,0
121,75,10,1404,1404,672,672,732,732,0,0
121,84,3,2476,2476,412,412,2064,2064,0,0
121,86,1,322,322,322,322,0,0,0,0
121,87,1,455,455,455,455,0,0,0,0
121,94,1,258,258,258,258,0,0,0,0
121,96,9,4680,4680,1296,1296,3384,3384,0,0
121,110,1,5,5,5,5,0,0,0,0
121,111,1,396,396,35,35,361,361,0,0
121,120,2,320,320,320,320,0,0,0,0
121,121,2,60,60,60,60,0,0,0,0
121,126,3,675,675,383,383,292,292,0,0
122,4,15,3145,3145,2127,2127,1018,1018,0,0
122,5,11,1147,1147,1147,1147,0,0,0,0
122,11,11,4648,4648,869,869,3779,3779,0,0
122,13,1,963,963,24,24,939,939,0,0
122,14,26,6021,6021,3321,3321,2668,2668,0,0
122,15,32,5895,5895,5058,5058,838,838,0,0
122,16,55,7967,7967,5713,5713,2254,2254,0,0
122,17,27,6490,6490,6232,6232,239,239,19,19
122,18,43,8599,8599,7785,7785,710,710,0,0
122,19,19,3310,3310,3136,3136,174,174,0,0
122,20,45,3228,3228,3169,3169,58,58,0,0
122,22,12,2559,2559,1322,1322,1237,1237,0,0
122,23,1,503,503,503,503,0,0,0,0
122,40,5,924,924,482,482,442,442,0,0
122,51,1,545,545,273,273,272,272,0,0
122,54,52,10638,10638,7416,7416,1389,1389,1833,1833
122,55,31,4191,4191,4043,4043,148,148,0,0
122,75,4,1244,1244,1244,1244,0,0,0,0
122,85,10,1228,1228,969,969,259,259,0,0
122,87,3,1113,1113,1113,1113,0,0,0,0
122,92,5,4286,4286,50,50,4236,4236,0,0
122,93,12,2954,2954,916,916,2039,2039,0,0
122,94,2,147,147,147,147,0,0,0,0
122,95,1,92,92,92,92,0,0,0,0
122,96,13,5893,5893,1623,1623,4270,4270,0,0
122,97,27,6436,6436,5484,5484,952,952,0,0
122,98,13,4561,4561,2172,2172,2390,2390,0,0
122,99,13,3226,3226,1689,1689,1538,1538,0,0
122,100,31,10339,10339,9914,9914,414,414,0,0
122,101,25,17373,17373,17373,17373,0,0,1673,1673
122,102,34,13629,13629,12129,12129,139,139,1525,1525
122,103,28,5901,5901,3892,3892,1670,1670,817,817
122,104,46,10519,10519,8829,8829,1299,1299,392,392
122,105,5,1021,1021,1021,1021,0,0,0,0
122,106,5,1909,1909,1384,1384,525,525,0,0
122,116,2,212,212,212,212,0,0,0,0
122,120,2,468,468,468,468,0,0,0,0
122,126,3,1477,1477,1290,1290,187,187,0,0
122,127,3,552,552,552,552,0,0,0,0
122,3,5,557,557,200,200,357,357,0,0
122,10,3,1506,1506,140,140,1366,1366,0,0
122,12,2,426,426,82,82,344,344,0,0
122,21,5,669,669,505,505,164,164,0,0
122,36,1,139,139,139,139,0,0,0,0
122,86,3,490,490,98,98,392,392,0,0
122,90,3,179,179,179,179,0,0,0,0
122,113,1,193,193,193,193,0,0,0,0
122,115,1,74,74,74,74,0,0,0,0
123,3,11,2098,2098,1190,1190,908,908,0,0
123,4,12,2185,2185,1485,1485,700,700,0,0
123,5,1,319,319,319,319,0,0,0,0
123,10,12,10461,10461,977,977,9484,9484,0,0
123,11,1,283,283,283,283,0,0,0,0
123,15,45,4376,4376,4376,4376,0,0,0,0
123,18,49,7438,7438,6432,6432,1006,1006,0,0
123,19,64,11374,11374,7693,7693,2375,2375,1306,1306
123,20,14,913,913,900,900,13,13,0,0
123,36,6,1341,1341,1341,1341,0,0,0,0
123,40,7,2445,2445,544,544,1901,1901,0,0
123,53,9,1746,1746,1746,1746,0,0,0,0
123,54,21,2294,2294,1900,1900,394,394,0,0
123,60,2,310,310,310,310,0,0,0,0
123,72,3,869,869,309,309,560,560,0,0
123,74,3,1351,1351,245,245,1106,1106,0,0
123,81,7,3788,3788,680,680,3055,3055,0,0
123,86,2,161,161,135,135,26,26,0,0
123,90,5,678,678,592,592,85,85,0,0
123,91,7,4645,4645,488,488,4157,4157,0,0
123,92,7,3036,3036,581,581,2441,2441,0,0
123,93,9,3330,3330,2433,2433,790,790,0,0
123,99,19,1943,1943,1943,1943,0,0,0,0
123,100,22,4261,4261,4014,4014,94,94,153,153
123,101,21,10839,10839,3493,3493,7341,7341,201,201
123,102,17,3156,3156,3156,3156,0,0,2081,2081
123,103,12,1745,1745,1745,1745,0,0,1415,1415
123,105,7,1322,1322,1242,1242,80,80,0,0
123,108,2,64,64,14,14,50,50,0,0
123,109,1,39,39,39,39,0,0,0,0
123,111,2,77,77,77,77,0,0,0,0
123,113,1,17,17,17,17,0,0,0,0
123,119,14,4307,4307,3549,3549,693,693,65,65
123,120,6,1649,1649,1428,1428,7,7,214,214
123,122,3,349,349,349,349,0,0,0,0
123,126,13,2653,2653,2206,2206,447,447,0,0
123,127,4,470,470,439,439,31,31,0,0
123,7,10,2601,2601,1066,1066,1535,1535,0,0
123,9,2,2995,2995,224,224,2772,2772,0,0
123,14,2,81,81,38,38,43,43,0,0
123,16,1,140,140,140,140,0,0,0,0
123,17,1,16,16,16,16,0,0,0,0
123,22,4,256,256,256,256,0,0,0,0
123,39,1,1876,1876,0,0,1876,1876,0,0
123,56,1,296,296,296,296,0,0,0,0
123,61,2,190,190,190,190,0,0,0,0
123,62,2,141,141,141,141,0,0,0,0
123,65,2,395,395,109,109,286,286,0,0
123,69,2,661,661,157,157,504,504,0,0
123,83,4,486,486,486,486,0,0,0,0
123,94,1,8,8,8,8,0,0,0,0
123,104,1,272,272,272,272,0,0,0,0
123,117,1,23,23,23,23,0,0,0,0
124,3,2,1319,1319,42,42,1277,1277,0,0
124,4,2,2152,2152,581,581,1572,1572,0,0
124,7,1,812,812,0,0,812,812,0,0
124,8,5,819,819,597,597,222,222,0,0
124,9,12,3920,3920,749,749,3171,3171,0,0
124,14,9,881,881,686,686,165,165,0,0
124,19,47,4557,4557,4178,4178,379,379,0,0
124,24,4,1402,1402,322,322,1080,1080,0,0
124,40,43,10271,10271,4392,4392,5881,5881,0,0
124,52,37,4780,4780,4124,4124,657,657,0,0
124,53,18,1728,1728,1567,1567,161,161,0,0
124,56,1,120,120,120,120,0,0,0,0
124,61,4,640,640,640,640,0,0,0,0
124,65,2,215,215,114,114,101,101,0,0
124,66,1,219,219,77,77,142,142,0,0
124,72,3,2605,2605,0,0,2605,2605,0,0
124,83,4,1053,1053,1053,1053,0,0,0,0
124,92,5,730,730,607,607,41,41,0,0
124,99,41,6469,6469,5019,5019,483,483,0,0
124,100,15,1398,1398,1398,1398,0,0,0,0
124,105,2,255,255,255,255,0,0,0,0
124,111,1,68,68,68,68,0,0,0,0
124,112,2,27,27,27,27,0,0,0,0
124,115,1,25,25,25,25,0,0,0,0
124,119,18,4569,4569,4569,4569,0,0,0,0
124,120,6,756,756,639,639,107,107,0,0
124,127,9,1667,1667,746,746,922,922,0,0
124,20,8,785,785,667,667,118,118,0,0
124,30,7,1822,1822,462,462,1200,1200,0,0
124,32,1,104,104,104,104,0,0,0,0
124,41,5,924,924,623,623,100,100,0,0
124,86,1,254,254,63,63,63,63,0,0
124,96,6,545,545,540,540,2,2,0,0
124,97,10,1513,1513,1404,1404,36,36,0,0
124,98,9,1731,1731,1731,1731,0,0,0,0
124,106,1,21,21,21,21,0,0,0,0
124,109,2,346,346,346,346,0,0,0,0
124,124,3,394,394,258,258,137,137,0,0
125,4,13,8074,8074,261,261,7813,7813,0,0
125,6,2,236,236,160,160,76,76,0,0
125,9,10,3437,3437,953,953,2485,2485,0,0
125,10,1,295,295,295,295,0,0,0,0
125,14,2,699,699,409,409,289,289,0,0
125,30,11,4491,4491,886,886,3568,3568,0,0
125,31,5,682,682,296,296,254,254,0,0
125,34,1,46,46,46,46,0,0,0,0
125,35,9,1225,1225,480,480,745,745,0,0
125,40,29,5413,5413,3990,3990,1095,1095,328,328
125,41,32,4923,4923,4307,4307,419,419,197,197
125,50,4,845,845,695,695,149,149,0,0
125,51,2,648,648,275,275,373,373,0,0
125,52,11,1678,1678,1678,1678,0,0,0,0
125,69,1,322,322,322,322,0,0,0,0
125,89,6,1237,1237,709,709,528,528,0,0
125,92,1,1203,1203,0,0,1203,1203,0,0
125,96,4,400,400,400,400,0,0,0,0
125,97,11,1029,1029,945,945,28,28,0,0
125,103,2,53,53,9,9,44,44,0,0
125,107,1,16,16,16,16,0,0,0,0
125,108,1,36,36,36,36,0,0,0,0
125,3,1,4219,4219,256,256,3963,3963,0,0
125,24,3,304,304,304,304,0,0,0,0
125,29,1,893,893,17,17,876,876,0,0
125,42,1,2655,2655,0,0,2655,2655,0,0
125,47,2,337,337,337,337,0,0,0,0
125,49,1,1651,1651,119,119,1532,1532,0,0
125,57,2,800,800,196,196,603,603,0,0
125,85,1,700,700,19,19,681,681,0,0
125,86,3,1430,1430,621,621,809,809,0,0
125,100,1,24,24,24,24,0,0,0,0
125,104,1,29,29,0,0,29,29,0,0
125,111,1,52,52,52,52,0,0,0,0
125,113,1,32,32,32,32,0,0,0,0
125,115,1,10,10,10,10,0,0,0,0
125,119,1,298,298,298,298,0,0,0,0
125,124,5,506,506,364,364,142,142,0,0
125,125,6,1001,1001,626,626,375,375,0,0
125,126,5,607,607,572,572,36,36,0,0
126,5,11,1800,1800,835,835,965,965,0,0
126,9,16,5056,5056,1916,1916,3140,3140,0,0
126,12,16,4812,4812,1455,1455,3357,3357,0,0
126,13,7,11675,11675,1146,1146,10529,10529,0,0
126,14,9,2115,2115,1364,1364,751,751,0,0
126,23,2,199,199,60,60,70,70,0,0
126,24,5,1006,1006,1006,1006,0,0,0,0
126,29,14,2152,2152,1390,1390,762,762,0,0
126,30,6,2573,2573,698,698,1875,1875,0,0
126,32,2,409,409,378,378,32,32,0,0
126,35,1,1303,1303,0,0,1303,1303,0,0
126,40,24,3404,3404,3217,3217,85,85,103,103
126,41,26,5391,5391,5391,5391,0,0,0,0
126,42,21,5269,5269,2882,2882,2314,2314,0,0
126,43,19,2533,2533,2533,2533,0,0,0,0
126,46,6,1814,1814,750,750,1064,1064,0,0
126,47,2,472,472,472,472,0,0,0,0
126,49,13,4239,4239,1661,1661,2578,2578,0,0
126,50,1,353,353,352,352,2,2,0,0
126,51,3,6722,6722,0,0,6722,6722,0,0
126,57,2,775,775,597,597,178,178,0,0
126,78,1,108,108,27,27,27,27,0,0
126,79,2,296,296,296,296,0,0,0,0
126,85,3,823,823,67,67,677,677,0,0
126,86,22,2997,2997,1314,1314,1665,1665,0,0
126,87,1,852,852,387,387,465,465,0,0
126,88,5,3308,3308,191,191,3019,3019,0,0
126,90,6,890,890,774,774,39,39,0,0
126,95,9,2034,2034,1135,1135,898,898,0,0
126,96,7,2802,2802,642,642,2159,2159,0,0
126,97,1,2,2,2,2,0,0,0,0
126,106,1,107,107,27,27,27,27,0,0
126,112,1,29,29,29,29,0,0,0,0
126,121,1,43,43,43,43,0,0,0,0
126,127,13,2314,2314,1381,1381,933,933,0,0
126,6,6,2668,2668,247,247,2421,2421,0,0
126,8,3,935,935,552,552,385,385,0,0
126,10,8,1831,1831,1178,1178,653,653,0,0
126,39,1,412,412,77,77,335,335,0,0
126,44,3,430,430,430,430,0,0,0,0
126,84,2,214,214,4,4,210,210,0,0
126,89,1,71,71,50,50,20,20,0,0
126,91,4,3774,3774,592,592,3183,3183,0,0
126,94,2,166,166,166,166,0,0,0,0
126,99,1,23,23,23,23,0,0,0,0
126,100,1,26,26,26,26,0,0,0,0
126,103,3,58,58,58,58,0,0,0,0
126,122,1,196,196,196,196,0,0,0,0
126,123,2,466,466,328,328,138,138,0,0
126,126,1,158,158,9,9,149,149,0,0
127,4,12,2759,2759,1123,1123,1636,1636,0,0
127,6,5,716,716,505,505,211,211,0,0
127,8,1,151,151,151,151,0,0,0,0
127,10,27,4386,4386,2208,2208,2178,2178,0,0
127,34,10,3344,3344,1113,1113,2231,2231,0,0
127,37,3,1035,1035,500,500,535,535,0,0
127,38,2,2523,2523,293,293,2231,2231,0,0
127,39,10,2079,2079,1275,1275,804,804,0,0
127,43,7,940,940,940,940,0,0,0,0
127,44,6,1844,1844,1606,1606,238,238,0,0
127,48,2,836,836,0,0,836,836,0,0
127,49,2,336,336,336,336,0,0,0,0
127,50,1,615,615,153,153,462,462,0,0
127,51,4,600,600,600,600,0,0,0,0
127,84,6,1458,1458,601,601,857,857,0,0
127,85,2,329,329,329,329,0,0,0,0
127,86,13,1988,1988,1519,1519,468,468,0,0
127,89,45,5790,5790,5704,5704,86,86,0,0
127,90,30,7608,7608,7608,7608,0,0,0,0
127,91,30,8937,8937,5998,5998,2940,2940,0,0
127,92,5,9422,9422,1626,1626,4758,4758,0,0
127,93,4,14960,14960,381,381,14580,14580,0,0
127,94,9,1713,1713,1713,1713,0,0,0,0
127,97,1,27,27,7,7,7,7,0,0
127,99,1,27,27,27,27,0,0,0,0
127,102,2,30,30,7,7,7,7,0,0
127,103,3,42,42,42,42,0,0,0,0
127,106,1,9,9,9,9,0,0,0,0
127,113,1,31,31,31,31,0,0,0,0
127,116,1,35,35,35,35,0,0,0,0
127,121,5,826,826,745,745,82,82,0,0
127,122,2,658,658,507,507,151,151,0,0
127,123,1,122,122,87,87,35,35,0,0
127,124,3,492,492,20,20,471,471,0,0
127,11,7,1704,1704,841,841,862,862,0,0
127,13,1,15,15,15,15,0,0,0,0
127,28,3,376,376,336,336,41,41,0,0
127,35,6,1048,1048,1029,1029,6,6,0,0
127,36,7,1915,1915,1077,1077,838,838,0,0
127,45,12,1052,1052,985,985,67,67,0,0
127,47,1,80,80,80,80,0,0,0,0
127,53,3,1670,1670,0,0,1670,1670,0,0
127,61,3,1195,1195,648,648,506,506,0,0
127,66,2,76,76,76,76,0,0,0,0
127,88,7,453,453,453,453,0,0,0,0
127,117,4,443,443,306,306,137,137,0,0
127,127,3,476,476,476,476,0,0,0,0
