x,y,number,ground_area,floor_area,residential_ground_area,residential_floor_area,economic_activity_ground_area,economic_activity_floor_area,cultural_ground_area,cultural_floor_area
0,4,46.99,2926,5070,1906,3182,308,597,0,0
0,6,36.74,2205,3343,608,885,687,1165,0,0
0,8,159.97,4868,8563,1217,2141,1217,2141,0,0
0,10,36.4,1209,2209,302,552,302,552,0,0
0,16,1,61,61,15,15,15,15,0,0
0,18,3,276,550,183,365,31,62,0,0
0,26,20.32,1390,2009,1089,1571,60,92,0,0
0,28,26.63,3348,6025,1321,2270,895,1472,0,0
0,0,6.85,337,635,283,559,16,23,0,0
2,0,68.75,4532,6913,3689,5861,185,231,0,0
2,2,43.45,3004,4833,2363,4097,150,174,0,0
2,4,60.22,3346,4740,2190,3278,282,352,0,0
2,6,72.88,5347,12586,2951,7525,542,1082,0,0
2,8,16.27,1260,2518,316,630,316,630,0,0
2,10,2.64,112,223,28,56,28,56,0,0
2,26,64.15,4532,7114,3677,5749,193,338,0,0
2,28,72.19,5130,7252,3752,5466,420,595,0,0
2,30,34.88,2502,3341,2069,2753,127,178,65,196
2,34,2.26,190,190,47,47,47,47,190,190
2,16,1,29,57,7,14,7,14,0,0
2,24,2.66,384,824,167,349,72,158,0,0
2,36,0.74,87,87,22,22,22,22,87,87
4,0,74.25,5522,7805,4529,6550,154,215,0,0
4,2,90.08,6219,9042,4341,6608,934,1120,0,0
4,4,63.78,3075,4470,1817,3049,408,454,0,0
4,6,35.81,1439,1858,361,465,361,465,0,0
4,8,4.49,380,528,95,132,95,132,0,0
4,24,17.39,1449,2522,849,1460,183,327,0,0
4,26,71.92,5423,9228,4018,6420,464,925,0,0
4,28,56.71,4336,7682,3851,6960,124,187,0,0
4,30,80.41,5679,9500,4452,7561,331,544,0,0
4,32,48.23,5848,10871,3736,6900,650,1269,0,0
4,34,5.75,537,1032,315,607,30,56,0,0
4,36,6.73,607,1196,88,172,343,681,283,567
4,38,1,71,71,18,18,18,18,71,71
6,0,108.04,6468,9443,5351,7887,306,452,0,0
6,2,83.97,4706,7126,3772,5932,268,350,0,0
6,4,41.47,2170,3409,1842,2958,102,142,0,0
6,26,31.69,2144,3520,1712,2895,103,161,0,0
6,28,57.48,4954,10008,4538,9498,131,159,0,0
6,30,49.8,5404,10714,3812,7756,489,919,0,0
6,32,15.42,6429,21267,5817,19548,267,698,0,0
6,34,45.37,4249,9984,2896,6088,671,2742,0,0
6,36,10.81,822,1618,646,1274,15,27,0,0
6,40,0.1,65,130,16,33,16,33,0,0
8,0,24.39,1932,3634,848,1674,362,653,0,0
8,2,82.03,5694,9861,4909,8742,209,313,0,0
8,4,63.46,3930,6814,3280,5742,198,326,0,0
8,6,63.15,4740,9286,3655,7336,288,524,0,0
8,26,20.02,821,1197,249,343,191,285,0,0
8,28,60.97,4602,7645,3430,5963,348,517,0,0
8,30,69.5,5752,9906,3976,6837,460,819,0,0
8,32,35.94,5545,14348,4891,13250,237,384,0,0
8,34,71.9,4459,7668,3325,5593,279,511,0,0
8,36,78.26,5267,8937,3674,6593,535,771,0,0
8,38,36.74,2926,5020,1977,3422,405,887,0,0
8,40,15.25,5092,12963,1492,3901,3474,9843,0,0
8,8,6.46,354,759,319,722,11,12,0,0
8,10,1.52,916,2792,156,625,447,916,0,0
10,0,76.27,4077,6840,2503,4066,564,1041,0,0
10,2,94.49,5578,7611,4781,6667,208,257,0,0
10,4,20.58,1353,2234,1161,2013,58,68,0,0
10,6,4.04,171,345,135,271,12,25,0,0
10,8,2,30,47,7,12,7,12,0,0
10,10,0.48,569,2277,142,569,142,569,0,0
10,26,91.93,3053,4211,764,1053,764,1053,0,0
10,28,104.29,3915,6011,1261,2012,866,1309,0,0
10,30,87.93,5054,8409,2814,4839,1411,2294,0,0
10,32,62.63,3066,5326,2146,3976,246,376,0,0
10,34,75.21,4642,7108,3431,5104,309,523,0,0
10,36,80.26,4657,7354,3700,5955,249,372,0,0
10,38,2.87,248,346,129,139,10,10,0,0
10,42,1,207,414,0,0,0,0,207,414
12,0,29.32,2419,4591,1580,3151,270,514,0,0
12,2,6.25,228,428,68,130,53,99,0,0
12,24,28.02,1047,1417,817,1157,56,67,0,0
12,26,101.43,3655,5282,2333,3295,415,628,0,0
12,28,44.58,1849,2944,456,724,573,959,0,0
12,30,22.88,2904,4968,439,745,1840,3240,0,0
12,32,50.12,2991,4692,1392,2360,656,913,0,0
12,34,91.87,5337,7849,4083,5950,274,428,0,0
12,36,22.73,1375,2511,971,1845,131,239,0,0
12,8,2,74,74,4,4,4,4,0,0
14,0,20.43,1275,2791,1139,2502,35,75,0,0
14,2,29.91,3991,8743,2865,6172,343,809,0,0
14,4,6.14,981,2469,893,2293,29,59,0,0
14,24,16.34,684,832,545,644,32,48,0,0
14,26,80.93,4219,7122,3016,5293,357,538,0,0
14,28,51.01,2791,4392,1176,1747,593,990,0,0
14,30,48.6,3403,6972,793,1629,1021,2084,0,0
14,32,50.03,4914,11061,1229,2765,1229,2765,0,0
14,34,80.24,3314,5087,1454,2034,620,1017,0,0
14,36,16.1,918,1133,729,880,64,84,0,0
16,0,131.49,6651,12429,5606,10790,281,440,0,0
16,2,101.45,6815,13034,4883,9599,799,1510,0,0
16,4,50.89,5604,12029,5001,10695,196,434,0,0
16,6,8.89,986,1957,518,1034,156,307,0,0
16,26,24.44,1063,1369,439,516,208,285,0,0
16,28,13.23,414,713,67,105,211,392,3,5
16,30,31.86,1487,2493,319,532,429,752,101,141
16,32,9.02,1255,2465,314,617,314,617,0,0
16,34,10.06,533,898,261,482,90,139,0,0
16,36,40.62,1533,2545,383,636,383,636,0,0
16,38,7.19,397,736,99,184,99,184,0,0
18,0,42.69,3355,6128,2721,4852,139,265,0,0
18,2,33.24,2336,3882,1958,3132,118,242,0,0
18,4,2.21,103,180,49,72,18,36,0,0
18,6,2.02,196,388,1,1,193,384,0,0
18,22,3.71,178,178,80,80,33,33,0,0
18,28,9,289,329,67,77,67,77,18,18
18,30,1.69,114,165,0,0,0,0,114,165
18,36,24.82,1390,2593,380,714,387,727,0,0
18,38,36.8,1864,3260,466,814,466,814,0,0
18,42,1,78,78,78,78,0,0,0,0
18,40,1,41,0,10,0,10,0,0,0
20,0,5.2,254,402,60,103,38,74,0,0
20,6,1,23,23,6,6,6,6,0,0
20,22,8.3,511,823,128,206,128,206,0,0
20,36,1,46,46,12,12,12,12,0,0
20,38,11.59,1054,1570,347,485,382,671,0,0
20,40,2.41,110,134,7,13,6,12,0,0
20,20,0.9,1341,4022,335,1006,335,1006,0,0
22,20,19.87,6053,11785,1583,3087,1291,2501,0,0
22,22,6,383,766,281,562,34,68,0,0
22,38,4,344,513,318,484,1,2,0,0
22,18,5.62,778,1807,307,676,157,377,0,0
22,36,3,150,266,29,58,62,92,0,0
24,18,1.36,584,1752,146,438,146,438,0,0
24,20,0.25,60,120,15,30,15,30,0,0
24,36,1,155,310,39,77,39,77,0,0
24,4,4.3,448,874,377,766,24,36,0,0
24,6,3.84,294,537,157,302,46,79,0,0
24,8,0.89,28,28,7,7,7,7,0,0
24,38,3,239,477,180,361,19,39,0,0
24,62,1.26,258,610,24,71,187,397,0,0
24,64,0.74,264,793,66,198,66,198,0,0
26,2,0.25,27,53,7,13,7,13,0,0
26,4,2.6,757,1513,215,431,577,1154,0,0
26,8,2.95,4803,14024,1201,3506,1201,3506,0,0
26,0,2.95,333,449,292,366,6,12,0,0
26,20,1.05,611,1222,153,305,153,305,0,0
26,64,1,78,156,20,39,20,39,0,0
26,66,1.6,100,200,25,50,25,50,0,0
28,0,13.06,989,2010,718,1240,77,233,0,0
28,6,10.41,1843,4627,255,694,1603,3946,0,0
28,8,17.28,10306,23774,385,812,9491,21679,0,0
28,20,10.14,8599,19865,2149,4967,2149,4967,0,0
28,40,2,182,319,148,285,11,11,0,0
28,54,1,18,0,4,0,4,0,0,0
28,64,2.13,199,199,49,49,49,49,0,0
28,66,8.28,1645,2991,411,748,411,748,0,0
28,10,1,132,264,132,264,0,0,0,0
28,22,1.62,733,1459,183,365,183,365,0,0
28,26,1.33,248,497,248,497,0,0,0,0
28,30,0.01,1,2,1,2,0,0,0,0
28,36,3.72,265,297,159,167,35,43,0,0
28,38,4.29,308,540,114,172,65,123,0,0
28,68,3.71,310,387,77,97,77,97,0,0
28,70,1.26,100,110,25,28,25,28,0,0
30,6,2,418,1022,0,0,418,1022,0,0
30,8,5.64,3912,6453,110,155,3735,6140,0,0
30,10,16.07,3301,6246,831,1542,2210,4255,0,0
30,20,0.08,19,38,5,10,5,10,0,0
30,22,6.1,651,1547,495,1168,41,115,0,0
30,24,34.03,3004,5671,2526,4873,115,202,0,0
30,26,62.1,4639,9033,3628,6875,313,685,0,0
30,28,61.39,5617,13476,4648,10571,302,925,0,0
30,30,69.06,4941,10920,4115,9315,251,486,0,0
30,36,35.19,2434,4711,2079,4228,94,137,0,0
30,38,17.29,890,1341,647,1062,54,66,0,0
30,64,4,302,605,132,264,57,114,0,0
30,66,9,685,1249,172,313,172,313,0,0
30,68,11.01,1552,3314,489,1030,355,762,0,0
30,70,82.56,7110,17515,6084,15407,318,677,0,0
30,72,29.62,2047,5228,1200,3370,283,619,0,0
30,80,4.4,573,1146,144,287,144,287,573,1146
30,32,14.57,876,1732,824,1648,9,18,0,0
30,54,5.76,456,859,114,215,114,215,0,0
30,56,4,387,606,197,252,63,118,0,0
30,76,1.94,363,363,363,363,0,0,0,0
30,78,2.07,162,174,44,55,32,32,129,129
30,82,2.72,356,854,89,213,89,213,356,854
32,10,8.97,776,1321,554,1098,39,39,0,0
32,12,18.28,1415,2190,506,952,481,590,0,0
32,18,19,1505,2838,1396,2642,36,65,0,0
32,22,38.39,4310,8335,2265,4575,676,1242,0,0
32,24,99.84,6251,11423,5192,9579,226,418,0,0
32,26,98.11,5279,9254,4368,7746,249,413,0,0
32,28,102.87,6854,13781,5780,11843,374,641,0,0
32,30,72.3,6536,14099,5481,11858,334,730,0,0
32,32,45.57,3325,7027,3014,6434,84,165,0,0
32,36,92.52,5273,9506,4434,8132,168,270,0,0
32,38,38.19,2403,3947,1929,3268,100,167,0,0
32,54,21.08,1620,2700,761,1397,311,498,0,0
32,56,29.1,2373,4169,1165,2030,794,1568,0,0
32,60,1,56,56,14,14,14,14,0,0
32,64,1,83,166,21,42,21,42,0,0
32,66,1,240,479,60,120,60,120,0,0
32,68,40.72,2201,4541,1889,3932,74,141,0,0
32,70,79.88,4759,9299,4270,8308,146,309,0,0
32,72,28.11,4216,7333,1367,2678,949,1553,0,0
32,74,22.44,3156,4334,1113,1798,681,846,0,0
32,76,95.86,5407,10079,4641,8659,242,449,0,0
32,78,40.64,2650,4587,2408,4248,76,103,0,0
32,80,1.73,124,309,77,215,16,32,63,126
32,82,1.88,315,771,79,193,79,193,315,771
32,20,15.08,961,2031,827,1796,38,66,0,0
32,34,10.71,611,1082,543,949,18,30,0,0
32,52,1,25,0,6,0,6,0,0,0
32,58,18.08,1247,2352,686,1387,125,196,0,0
32,86,12.45,3795,14765,866,3519,1197,4208,0,0
32,88,0.22,291,1453,0,0,291,1453,0,0
34,10,8,506,777,231,291,63,123,0,0
34,12,18.26,3801,9007,2364,5500,755,2025,0,0
34,14,32.7,3604,7622,2441,5195,295,630,0,0
34,16,14.96,5459,17903,3658,12446,600,1819,0,0
34,18,78.3,5184,8104,4339,6719,241,450,0,0
34,20,91.18,5317,8873,4579,7821,216,352,0,0
34,22,62.42,5942,11108,4244,8160,480,825,0,0
34,24,93.24,5614,9936,4655,8495,278,481,0,0
34,26,107.45,5257,9489,4497,8270,201,329,0,0
34,28,59.44,5503,12210,4672,10751,312,593,0,0
34,30,73.89,5948,12220,5078,10345,585,1584,0,0
34,32,55.99,3628,5974,3216,5420,96,144,0,0
34,34,63.85,4271,7730,3204,5676,267,514,0,0
34,36,65.97,4881,9028,4063,7827,213,320,0,0
34,38,35.02,3472,6828,1487,3126,623,1197,0,0
34,40,8.62,1043,1509,664,1011,111,151,0,0
34,54,4.13,477,954,237,474,80,160,0,0
34,56,12.11,1201,2715,693,1443,139,365,0,0
34,58,1.74,184,184,145,145,13,13,0,0
34,60,1,117,233,29,58,29,58,0,0
34,68,35.76,3061,5727,2611,4713,128,300,0,0
34,70,118.71,7824,14064,6319,10406,501,1219,0,0
34,72,69.34,5458,10699,4626,9232,259,455,0,0
34,74,82.31,4856,10670,3103,7185,544,1089,0,0
34,76,89.41,5977,11876,4740,9499,291,586,0,0
34,78,41.97,3348,6547,2852,5684,128,243,0,0
34,80,74.74,4240,7978,3705,7044,148,262,0,0
34,82,119.41,3528,6858,3144,6221,108,180,0,0
34,84,146.07,4774,10028,3916,8369,221,450,0,0
34,86,48.37,4972,13096,2892,7275,699,2416,0,0
34,88,106.6,9608,27127,7245,19122,1353,5942,0,0
34,90,80.77,10084,31350,6157,17609,1276,5091,0,0
34,92,41.07,8358,32997,2797,12922,4952,15659,0,0
34,50,1.3,78,142,19,35,19,35,0,0
34,66,1,18,73,5,18,5,18,0,0
34,94,9.11,3434,9863,3129,9316,102,182,0,0
34,96,1.21,326,652,81,163,81,163,0,0
36,12,7.25,3064,7235,1389,3264,1524,3547,0,0
36,14,29.97,6048,14508,4149,10588,646,1360,0,0
36,16,36.3,5806,13064,2222,4554,2763,6005,0,0
36,18,63.53,8161,17298,3928,8913,3957,8452,0,0
36,20,71.36,7551,14987,6432,12702,396,828,0,0
36,22,81.59,5900,10709,4407,8182,338,555,0,0
36,24,89.15,6607,15611,4999,12560,484,959,0,0
36,26,60.76,5837,11792,5373,11113,155,226,0,0
36,28,91.09,6370,13139,5250,11058,294,575,0,0
36,30,37.37,2691,5033,2361,4417,110,206,0,0
36,32,93.44,5679,10796,4482,8778,290,498,0,0
36,34,62.71,4161,7155,2670,4345,451,883,0,0
36,36,2.59,429,979,264,651,55,110,0,0
36,42,14.96,468,824,122,216,115,202,0,0
36,50,1.7,220,370,55,92,55,92,0,0
36,56,2,157,314,39,79,39,79,0,0
36,58,4,765,1514,319,635,402,800,0,0
36,68,60.28,3415,6544,2876,5719,127,222,0,0
36,70,112.25,5399,7877,3910,5889,391,485,0,0
36,72,69.65,5353,10302,4790,9474,133,214,0,0
36,74,86.59,4955,9853,3756,7386,458,966,0,0
36,76,86.49,5988,11758,4540,8972,856,1856,0,0
36,78,101.82,6524,12523,5402,10542,265,475,0,0
36,80,95.34,6410,13571,5174,11092,399,806,0,0
36,82,78.44,5700,11708,5058,10682,158,272,0,0
36,84,129.66,6852,15322,5753,13052,229,491,0,0
36,86,68.85,6103,12521,5062,9786,729,2198,0,0
36,88,119.35,8539,19324,7112,16542,471,936,397,795
36,90,141.27,8941,19947,6965,16044,796,1623,0,0
36,92,56.13,7362,25352,3333,10403,2328,7721,0,0
36,94,31.23,7533,22827,7215,22187,102,209,0,0
36,96,55.41,6223,13347,4662,10191,681,1413,0,0
36,98,17.36,3206,10341,3182,10289,7,17,0,0
36,100,13.84,2841,12179,2488,11355,271,936,0,0
36,102,0.05,13,53,4,16,13,53,0,0
38,2,3.65,345,705,199,402,14,32,0,0
38,4,4,380,759,217,434,54,108,0,0
38,8,8.09,1467,3786,216,461,752,2181,0,0
38,10,13,1043,1635,407,703,185,258,0,0
38,12,11,713,1053,438,703,61,86,0,0
38,14,34.41,6097,12442,2157,4616,1298,2595,0,0
38,16,54.79,5064,9728,2902,5044,658,1485,0,0
38,18,35.54,6261,16280,1214,1965,4726,13870,0,0
38,20,48.75,7957,20517,5170,14322,1447,3234,0,0
38,22,66.21,7445,14445,4606,9051,1385,2581,0,0
38,24,80.17,6057,11314,4637,8887,321,604,0,0
38,26,29.23,4017,9637,962,1630,307,630,0,0
38,28,77.54,6051,10918,4496,8473,501,805,0,0
38,30,53.82,3599,7695,2781,6107,189,389,0,0
38,32,61.87,4202,7189,3584,6221,197,314,0,0
38,42,9.04,930,1089,317,441,205,216,0,0
38,52,1,200,601,200,601,0,0,0,0
38,68,147.32,5676,10236,4386,7774,308,575,0,0
38,70,81.53,5770,12078,4954,10594,175,369,0,0
38,72,87.52,6397,12604,4688,8993,476,1027,0,0
38,74,98.82,5894,11670,4548,8942,323,671,0,0
38,76,86.48,5873,12414,4757,9972,317,703,0,0
38,78,91.64,5657,11632,4465,9230,242,537,0,0
38,80,121.75,7616,14890,6301,12433,289,548,0,0
38,82,92.39,5941,14329,4212,9378,508,1550,0,0
38,84,75.6,6021,14205,4372,10704,457,1024,0,0
38,86,74.56,6050,14022,4762,10828,406,1018,0,0
38,88,114.21,7528,15825,6663,14208,245,477,0,0
38,90,69.12,6824,20019,6151,18293,482,1421,0,0
38,92,28.98,4132,14265,1918,7453,1474,4335,0,0
38,94,39.76,4158,12394,2406,7393,908,2276,0,0
38,96,41.39,5103,10960,4512,10006,132,255,0,0
38,98,39.84,6883,21254,6703,20951,66,119,0,0
38,100,62.05,7128,19575,5139,14521,1811,4887,0,0
38,102,53,6733,23781,4552,17091,1397,4345,257,1030
38,0,3.16,354,708,240,479,38,76,0,0
38,6,1.82,163,325,116,232,16,31,0,0
38,54,0.41,85,170,21,42,21,42,0,0
38,56,1.59,348,696,87,174,87,174,0,0
38,60,54.84,2464,5065,1377,2901,691,1379,0,0
38,62,17.16,2079,4510,1929,4196,50,104,0,0
38,64,3.17,811,1151,203,288,203,288,0,0
38,66,20.39,1007,1916,667,1259,270,531,0,0
38,104,9.4,967,2812,898,2709,23,34,0,0
38,106,0.02,2,3,2,3,0,0,0,0
108,6,2,250,629,202,437,16,64,0,0
108,8,5.96,443,853,380,752,21,34,0,0
108,10,9.7,985,1930,550,1088,145,281,0,0
108,14,11.24,1151,2161,900,1841,43,66,0,0
108,26,7.97,1124,2109,318,601,269,502,0,0
108,28,17.02,2361,4435,1008,1943,436,799,0,0
108,64,14,1908,4131,462,1020,1220,2761,0,0
108,68,19.04,1890,3943,983,2152,302,597,0,0
108,70,21.3,2756,6094,1230,2612,419,990,0,0
108,72,7.68,1551,3075,515,1023,571,1135,0,0
108,74,2.27,162,324,96,192,22,44,0,0
108,80,4,373,627,304,578,23,17,0,0
108,82,6,649,1053,569,944,3,6,0,0
108,84,4,1228,2740,236,473,520,1323,0,0
108,86,15.36,988,1968,910,1818,2,2,0,0
108,88,5.28,289,577,199,399,30,60,0,0
108,90,6,843,1512,233,467,101,202,0,0
108,92,1,130,259,130,259,0,0,0,0
108,102,21.53,2679,4568,2250,3738,142,277,0,0
108,104,10.02,1003,1242,644,803,167,227,0,0
108,112,4.93,625,1235,540,1077,4,4,0,0
108,114,16.72,1107,1758,656,1072,118,198,0,0
108,116,11.77,1105,1696,866,1326,79,123,0,0
108,118,52.92,4379,6018,3672,4864,224,365,0,0
108,120,51.51,4576,8780,3005,5265,541,1230,0,0
108,122,24.93,1043,1640,910,1448,124,222,0,0
108,76,4,379,473,0,0,379,473,0,0
108,106,10.63,489,608,89,111,286,337,0,0
110,6,1,82,164,21,41,21,41,0,0
110,8,7.78,787,1436,329,626,148,264,0,0
110,10,11.57,1009,1911,463,917,138,267,0,0
110,14,1,312,624,312,624,0,0,0,0
110,18,4.9,607,1182,427,853,50,99,0,0
110,26,13.1,1776,3956,818,1906,320,683,0,0
110,30,2,310,619,285,570,8,17,0,0
110,64,8,482,941,313,621,56,106,0,0
110,66,5.52,749,1455,595,1178,11,11,0,0
110,68,1,4,8,1,2,1,2,0,0
110,70,6.03,308,583,69,138,69,138,0,0
110,72,30.29,3363,6073,2289,4369,280,479,0,0
110,82,5.02,524,929,373,716,50,71,0,0
110,84,5.98,1091,2087,966,1909,218,411,0,0
110,88,4,339,531,207,398,15,15,0,0
110,92,3.19,266,284,220,225,14,19,0,0
110,94,15.85,1950,3722,1206,2262,248,486,0,0
110,100,21.02,1334,1900,1192,1711,38,54,0,0
110,102,59.98,5626,9417,4901,8308,212,323,0,0
110,104,57.88,4561,8137,3836,6660,215,449,0,0
110,106,98.59,5417,7939,4014,5463,481,848,0,0
110,114,12.38,1400,2385,902,1564,128,197,0,0
110,116,19.88,2039,3719,1251,2305,296,562,0,0
110,118,38.05,2689,4535,2304,3973,99,154,0,0
110,120,83.4,6355,9541,5743,8574,206,341,0,0
110,122,11.47,985,1788,414,706,190,360,0,0
110,32,1.2,90,180,83,167,2,5,0,0
110,74,2.04,263,527,185,369,26,53,0,0
110,76,4,386,771,239,479,49,98,0,0
110,86,6,489,953,221,436,62,118,0,0
110,96,12.07,817,1342,544,1023,79,95,0,0
110,98,8.53,565,873,469,748,32,41,0,0
110,124,4.83,251,476,208,416,6,12,0,0
112,4,1.58,63,126,16,32,16,32,0,0
112,6,2.42,565,1131,279,558,95,191,0,0
112,8,2.84,263,417,119,146,124,244,0,0
112,10,36.9,3644,8020,2436,5446,748,1548,0,0
112,18,6.68,822,1638,498,994,108,215,0,0
112,20,8.71,914,2277,219,550,219,550,0,0
112,22,12.29,1547,3552,1044,2187,149,397,0,0
112,24,16.87,1620,3081,1244,2462,106,187,0,0
112,26,38.94,2388,4657,1803,3620,147,265,0,0
112,28,8.16,714,1267,600,1038,29,57,0,0
112,32,5.8,319,547,209,391,32,38,0,0
112,62,1,57,114,57,114,0,0,0,0
112,66,16.6,2649,6303,1254,3063,653,1497,0,0
112,72,6.74,644,1157,503,973,47,61,0,0
112,74,0.79,62,124,42,84,7,13,0,0
112,76,7.89,806,1176,275,516,376,419,0,0
112,78,3,407,815,312,625,8,16,0,0
112,84,13,1636,2671,915,1699,170,209,0,0
112,92,9.01,1591,3094,558,935,344,720,0,0
112,94,55.98,7050,13733,2770,4806,1427,2976,0,0
112,96,86.42,6173,9781,5384,8491,236,382,0,0
112,98,79.39,5886,10326,4854,8505,421,774,0,0
112,100,77.44,5152,8083,3909,6150,682,1127,0,0
112,102,51.53,4437,6664,4059,6080,101,152,0,0
112,104,28.2,2266,4264,1256,2238,336,676,0,0
112,106,30.7,5505,11593,1376,2898,1376,2898,0,0
112,108,0.02,4,7,1,2,1,2,0,0
112,116,20.83,5672,12745,379,805,4871,11096,0,0
112,118,42.56,5190,11072,2863,5871,1460,3554,0,0
112,120,27.06,3199,5155,3075,5001,26,37,0,0
112,122,1,40,80,10,20,10,20,0,0
112,124,3.17,224,339,205,305,5,9,0,0
112,12,2.72,141,245,35,61,35,61,0,0
112,30,7,779,1520,195,380,195,380,0,0
112,56,1,2158,6475,540,1619,540,1619,0,0
112,64,1.88,89,89,33,33,19,19,0,0
112,114,0.22,83,165,0,0,83,165,0,0
114,10,32.4,3312,6828,1488,3209,1069,2141,0,0
114,12,5,315,315,239,239,25,25,0,0
114,16,1,302,605,76,151,76,151,0,0
114,18,0.42,46,92,46,92,0,0,0,0
114,26,34.5,3022,5610,2164,4253,222,366,0,0
114,28,2.85,507,1016,309,618,43,86,0,0
114,32,22.87,1570,2947,1059,2071,124,198,0,0
114,34,6,506,782,213,369,65,72,0,0
114,36,1,26,26,7,7,7,7,0,0
114,58,1,328,657,328,657,0,0,0,0
114,64,7,290,419,215,275,11,20,0,0
114,66,14,1208,1668,690,894,71,71,0,0
114,70,7.21,628,1184,458,898,57,95,0,0
114,72,7.72,792,1503,354,677,140,248,0,0
114,74,10,698,949,460,577,79,124,0,0
114,76,4.11,211,422,160,321,17,34,0,0
114,78,5.21,284,437,189,346,31,30,0,0
114,82,3,274,506,207,404,22,34,0,0
114,94,19.13,1906,4166,1199,2497,215,528,0,0
114,96,61.55,4837,6373,4223,5590,175,225,0,0
114,98,48.59,4520,9205,2479,4670,803,1522,390,1560
114,100,89.51,6725,12376,5402,9640,423,864,0,0
114,102,62.5,4618,8696,3953,7546,164,271,0,0
114,108,9,1266,2531,195,390,682,1362,0,0
114,116,28.95,6727,15443,909,2106,4907,10931,0,0
114,118,12.38,2980,6147,1664,3515,1657,3315,0,0
114,120,5,1026,2233,1026,2233,0,0,0,0
114,8,0.07,15,29,0,0,15,29,0,0
114,22,2.43,504,1008,14,28,462,924,0,0
114,24,2,126,252,119,237,3,5,0,0
114,68,2,127,127,112,112,0,0,0,0
114,84,3.87,463,886,406,803,19,28,0,0
114,86,1.13,67,128,17,32,17,32,0,0
114,88,0.86,288,577,72,144,72,144,0,0
114,104,8.65,883,1670,624,1223,86,149,0,0
114,110,1,444,1332,444,1332,0,0,0,0
116,8,6.07,618,1186,103,194,308,605,0,0
116,10,5,1637,3603,413,908,841,1765,0,0
116,18,3,575,1150,403,807,57,114,0,0
116,22,16.58,2825,5933,1141,2698,1409,2694,0,0
116,24,10.99,2272,4541,1026,2053,1291,2580,0,0
116,26,15.72,1881,3655,939,1866,211,408,0,0
116,28,16.12,1509,3329,1179,2698,69,128,0,0
116,30,6.94,677,1329,398,790,93,179,0,0
116,32,11.13,1322,2430,680,1306,135,216,0,0
116,78,0.79,73,144,72,142,1,1,0,0
116,82,1,223,445,56,111,56,111,0,0
116,84,8,485,834,245,458,80,125,0,0
116,88,0.14,47,93,12,23,12,23,0,0
116,90,8,516,1017,335,667,50,96,0,0
116,96,21.82,2660,4809,2183,3872,126,247,0,0
116,98,39.21,4295,9532,2154,4243,617,1569,0,0
116,100,46.98,4432,8030,2803,4960,543,1024,0,0
116,102,76.54,5225,8157,4361,6867,193,290,0,0
116,104,0.75,118,237,30,59,30,59,0,0
116,108,1.49,212,287,109,184,34,34,0,0
116,110,2.51,401,707,306,613,0,0,0,0
116,116,14.54,5381,14517,382,937,4233,11705,0,0
116,118,12.3,3055,6565,524,1021,1919,4370,0,0
116,36,2,105,209,26,52,26,52,0,0
116,68,1,77,155,77,155,0,0,0,0
116,80,5.12,365,707,280,555,22,39,0,0
116,126,1,30,30,8,8,8,8,0,0
118,10,3,258,490,217,433,5,10,0,0
118,12,5,1588,3178,397,794,397,794,0,0
118,24,12.43,991,1667,584,913,135,251,0,0
118,26,0.82,44,44,11,11,11,11,0,0
118,28,6,462,981,188,365,59,107,0,0
118,80,16.32,3170,6990,264,514,2360,5412,0,0
118,82,11.59,3300,5970,416,528,2688,5210,0,0
118,94,2.2,315,591,78,148,78,148,0,0
118,96,2.79,701,1592,323,840,126,251,0,0
118,98,7.31,612,1036,506,853,19,29,0,0
118,100,6.81,854,1489,544,1127,80,98,102,306
118,102,7.46,829,1746,679,1575,12,18,0,0
118,118,2.69,706,1412,177,353,177,353,0,0
118,4,0.8,68,68,17,17,17,17,0,0
118,6,0.2,17,17,4,4,4,4,0,0
118,34,1,29,0,7,0,7,0,0,0
118,68,4,133,266,52,104,27,54,0,0
118,84,3.19,468,724,262,326,69,133,0,0
118,86,2,941,1692,48,48,798,1549,0,0
118,104,0.09,31,31,31,31,0,0,0,0
118,106,6.91,638,664,440,499,66,55,0,0
118,120,2.54,379,617,170,247,54,108,0,0
118,126,4,434,868,374,748,3,5,0,0
120,0,1.84,41,0,10,0,10,0,0,0
120,18,8,1113,2317,423,869,230,483,0,0
120,24,0.57,124,249,31,62,31,62,0,0
120,30,9,940,1841,572,1135,122,236,0,0
120,34,5.07,572,1286,506,1199,7,14,0,0
120,36,0.93,19,39,15,31,1,3,0,0
120,68,3,354,708,194,387,54,107,0,0
120,80,11.01,5824,16489,533,1046,5358,15615,0,0
120,82,29.79,8015,18897,535,1022,7117,16886,0,0
120,84,12.1,2007,3841,474,928,1186,2223,0,0
120,86,2.13,368,735,293,587,25,49,0,0
120,88,1,57,57,14,14,14,14,0,0
120,90,4,447,1033,112,258,112,258,0,0
120,96,3,362,628,211,399,50,77,0,0
120,98,4.98,644,1256,302,596,114,220,0,0
120,100,18.53,1870,3752,1548,3363,98,120,474,1423
120,106,14,1881,3197,1213,2083,171,321,0,0
120,116,20.22,1403,2483,1286,2325,101,114,0,0
120,118,41.79,4911,9433,4359,8372,183,353,0,0
120,120,26.47,4248,7667,3655,6394,198,424,0,0
120,10,4.67,716,1935,272,760,264,737,0,0
120,16,2.96,267,535,221,443,15,31,0,0
120,20,1.9,524,1047,400,799,41,83,0,0
120,26,0.81,25,46,0,0,21,42,0,0
120,28,0.07,1,1,0,0,0,0,0,0
120,40,0.64,88,0,22,0,22,0,0,0
120,42,0.36,49,0,12,0,12,0,0,0
120,92,0.86,350,699,87,175,87,175,0,0
120,102,8.68,623,990,478,789,48,68,0,0
120,104,7,454,811,250,477,68,111,0,0
120,110,1,35,70,9,18,9,18,0,0
120,124,4,305,422,262,357,14,22,0,0
122,10,8.63,2936,7464,447,1171,1912,4900,0,0
122,16,0.04,8,16,8,16,0,0,0,0
122,18,2,192,385,146,292,0,0,0,0
122,20,3.1,425,811,396,782,10,10,0,0
122,22,5.73,424,1042,185,541,40,105,0,0
122,26,10.91,1016,1573,743,1196,34,64,0,0
122,28,17.86,1770,3377,1214,2411,140,263,0,0
122,42,1,84,84,21,21,21,21,0,0
122,68,1.02,254,509,254,509,0,0,0,0
122,70,20.98,1498,2975,1027,2141,98,174,0,0
122,72,2,1255,2509,204,408,1050,2101,0,0
122,80,1.61,400,1146,0,0,400,1146,0,0
122,82,19.7,13956,40975,527,1562,12374,36292,0,0
122,84,4.48,1765,4079,223,584,1095,2326,0,0
122,88,3.33,476,751,156,262,107,163,0,0
122,92,3.14,358,815,287,673,24,47,0,0
122,96,16.31,1344,1925,742,1130,120,220,0,0
122,98,9.87,1118,2428,534,1114,167,381,0,0
122,100,3.18,799,2126,404,939,132,396,0,0
122,102,16.17,1561,2928,995,1836,189,364,0,0
122,104,8.71,1216,2405,929,1855,96,183,0,0
122,106,3.99,299,549,230,448,23,34,0,0
122,108,21.11,1362,2610,801,1745,158,228,0,0
122,110,13.24,1898,3991,795,1640,357,770,0,0
122,112,14.34,2126,3435,1431,2221,193,366,0,0
122,114,39.73,2814,5132,2200,3910,169,355,0,0
122,116,69.67,5187,10108,4467,8714,167,329,0,0
122,118,52.87,3589,6650,2998,5573,277,551,0,0
122,120,33.68,2740,5635,2272,4585,79,198,0,0
122,124,2,65,65,16,16,16,16,0,0
122,126,2,161,224,138,154,8,23,0,0
122,34,5,605,1401,233,658,241,482,0,0
122,36,3,534,1315,504,1315,10,0,0,0
122,48,1,70,70,18,18,18,18,0,0
122,86,6,508,686,323,367,62,106,0,0
122,90,0.67,81,153,74,146,2,2,0,0
124,10,2.7,826,1320,0,0,826,1320,0,0
124,20,1,225,450,56,112,56,112,0,0
124,22,7.53,1150,2816,456,1041,231,592,0,0
124,26,15.76,1202,1938,720,1097,144,264,0,0
124,28,30.57,2708,5406,1368,2632,374,791,0,0
124,30,1,10,0,2,0,2,0,0,0
124,64,1,15,15,4,4,4,4,0,0
124,70,4,513,783,258,487,43,56,0,0
124,82,0.97,1125,3374,168,505,620,1859,0,0
124,86,3,308,617,249,496,20,40,0,0
124,92,7,464,434,194,187,90,82,0,0
124,96,15.84,2134,3744,973,1607,312,637,0,0
124,98,4,748,1986,187,496,187,496,0,0
124,102,7,818,1561,419,817,134,248,0,0
124,104,0.95,59,59,15,15,15,15,0,0
124,108,8.97,1224,2743,615,1427,189,411,0,0
124,110,52.88,5986,11194,3164,6036,969,1782,0,0
124,112,48.11,4064,7342,2863,4977,535,1043,0,0
124,114,68.65,4494,7682,3367,5649,256,506,0,0
124,116,79.83,5018,6527,4312,5429,193,311,0,0
124,118,98.14,5880,10113,4642,7681,365,749,0,0
124,120,49.23,3528,6625,3036,5898,113,191,0,0
124,122,1.72,211,408,201,399,3,3,0,0
124,124,2,183,366,157,315,9,17,0,0
124,126,3,410,410,155,155,85,85,0,0
124,24,3.35,349,699,87,175,87,175,0,0
124,32,1.23,64,95,39,69,8,8,0,0
124,90,4,556,796,318,558,79,79,0,0
124,106,0.02,1,2,0,1,0,1,0,0
126,22,21.05,1817,3980,605,1298,400,887,0,0
126,24,79.37,6204,10823,3482,6028,975,1779,0,0
126,26,30.06,2362,3789,1425,2345,189,284,0,0
126,30,1.55,203,755,189,740,5,5,0,0
126,32,4.22,486,1289,300,917,40,80,0,0
126,70,13.36,1111,1385,961,1172,24,24,0,0
126,94,13.7,1423,2544,903,1637,158,288,0,0
126,96,4.99,345,453,263,306,28,49,0,0
126,102,2,160,320,151,303,3,6,0,0
126,106,3.98,343,619,131,364,21,36,0,0
126,110,16.58,1683,3601,1045,2099,186,440,0,0
126,112,44.16,4728,7412,3099,4586,428,787,0,0
126,114,43.99,3527,5675,2604,3864,414,797,0,0
126,116,78.23,5581,9597,4162,7413,486,797,0,0
126,118,72.66,4912,7368,4264,6455,212,329,0,0
126,120,8.19,739,1477,645,1289,32,62,0,0
126,4,0.4,102,204,0,0,102,204,0,0
126,72,4.61,445,672,428,640,6,11,0,0
126,76,1,144,288,36,72,36,72,0,0
126,90,0.19,66,132,66,132,0,0,0,0
126,100,4,223,295,134,152,30,48,0,0
126,108,2,168,294,42,73,42,73,0,0
126,126,3,203,355,165,317,13,13,0,0
40,0,1.45,106,308,28,79,27,76,0,0
40,8,0.1,17,34,4,9,4,9,0,0
40,12,4,277,296,207,212,6,11,0,0
40,14,21.86,2690,4826,1669,2971,367,671,0,0
40,16,23.28,1275,1763,972,1413,93,102,0,0
40,18,65.56,4534,8165,2872,5364,701,1288,0,0
40,20,53.44,6089,12551,3955,8682,1280,2439,0,0
40,22,94.43,8389,17344,5136,11141,1224,2398,0,0
40,24,73.99,8306,19488,4280,9002,1745,4644,0,0
40,26,56.6,6365,14087,2680,5589,1542,3226,376,1505
40,28,91.96,6364,12630,4297,8723,973,2061,0,0
40,30,99.32,6322,11522,5224,9723,305,517,0,0
40,32,19.91,1454,2438,1338,2259,77,138,0,0
40,56,3,260,292,230,292,54,44,0,0
40,60,62.66,3121,7296,2358,5839,318,618,0,0
40,62,81.37,6745,16443,5285,13250,361,818,0,0
40,64,31.05,3208,7657,1591,3537,533,1361,0,0
40,66,56.08,5849,12942,4122,9316,490,1071,0,0
40,68,85.38,5957,11305,4952,8920,312,748,0,0
40,70,96.64,7064,14685,5946,12255,330,734,0,0
40,72,86.65,6081,12822,5278,11443,178,339,0,0
40,74,82.71,5565,12261,5028,11348,106,189,0,0
40,76,80.37,5866,12810,4968,10906,311,713,0,0
40,78,56.05,5179,11953,4324,9988,187,449,0,0
40,80,90.48,7427,16786,6061,13816,575,1431,0,0
40,82,83.51,7325,17369,4471,10705,1530,3694,0,0
40,84,90.89,5778,13363,3984,9360,866,2149,0,0
40,86,58.32,3845,11342,2890,8617,533,1904,0,0
40,88,52.69,4646,13435,3869,11279,145,517,0,0
40,90,10.51,836,3186,791,3040,15,49,0,0
40,92,7.94,1877,4893,953,2572,499,1156,0,0
40,94,8.19,1173,2994,804,2259,108,219,0,0
40,96,43.61,4989,12073,4299,9507,485,2701,0,0
40,98,44.85,4403,8925,3929,8212,81,114,0,0
40,100,55.01,5569,11676,4744,9852,235,569,0,0
40,102,40.99,5010,10591,4697,9992,85,164,0,0
40,104,63.95,5557,12342,4852,10982,148,296,0,0
40,106,28.06,2892,6488,2751,6318,34,44,0,0
40,110,1,62,62,16,16,16,16,0,0
40,6,2,132,244,117,229,5,5,0,0
40,108,4,516,1006,496,986,7,7,0,0
42,0,0.72,230,689,57,172,57,172,0,0
42,4,3.32,276,347,174,180,67,123,0,0
42,6,2.68,161,298,14,22,120,233,0,0
42,16,9.77,1198,2249,671,1303,170,310,0,0
42,18,54.52,5909,10604,4997,9064,290,500,0,0
42,20,59.21,3656,6896,2875,5655,184,318,0,0
42,22,72.33,4943,8274,3704,6221,287,471,0,0
42,24,67.36,5350,8469,4239,6786,430,693,0,0
42,26,34.43,3702,10632,1661,4052,881,2602,0,0
42,28,136.02,6919,10067,5037,7758,376,484,0,0
42,30,64.99,4592,7266,3370,5147,342,603,0,0
42,60,0.01,1,4,1,4,0,0,0,0
42,62,115.22,6195,14704,5613,13493,189,394,0,0
42,64,84.85,6442,13255,5386,10894,282,646,0,0
42,66,87.56,5081,10688,3433,6906,813,1893,0,0
42,68,74.64,5490,12271,4277,9519,448,1018,0,0
42,70,38.33,3785,8677,3304,7637,97,222,0,0
42,72,56.47,4658,9863,3624,7674,288,744,0,0
42,74,71.79,5831,14309,4256,9696,1135,3195,149,893
42,76,109.62,12321,35257,7092,19903,4745,14144,0,0
42,78,117.9,11857,33324,7861,22532,4094,11621,0,0
42,80,76.01,7109,19103,4105,11289,2971,8246,0,0
42,82,72.49,5445,12089,3773,8610,923,2218,0,0
42,84,65.66,7758,21010,3721,8849,1242,3893,0,0
42,86,84.17,6588,22094,5180,16074,481,1950,0,0
42,88,35.12,7518,22270,5787,17303,577,1655,0,0
42,90,8.89,1275,3483,570,1617,373,776,0,0
42,92,48.42,5410,14677,3486,9010,390,1038,0,0
42,94,18.07,1958,4690,1835,4523,14,25,0,0
42,96,15.38,4925,19327,1493,4673,1250,5676,0,0
42,98,32.79,4735,11977,3069,6872,1659,4955,0,0
42,100,45.3,4609,9655,4217,9079,158,325,0,0
42,102,33.33,4277,9924,3454,7766,197,581,0,0
42,104,62.59,5602,10795,5098,9862,64,161,0,0
42,106,55.89,5929,11496,5591,10921,36,68,0,0
42,108,41,4744,9704,4082,7855,246,676,0,0
42,110,30.88,4451,9470,3691,7747,273,614,0,0
42,112,21.6,2031,4544,1598,3524,131,328,0,0
42,10,4.74,257,488,137,341,40,49,0,0
42,14,2,339,635,85,159,85,159,0,0
42,32,8.28,652,833,344,464,103,123,0,0
42,114,9.87,912,1956,820,1771,16,33,0,0
44,10,0.26,18,18,5,5,5,5,0,0
44,14,6,1064,2642,266,661,266,661,0,0
44,18,2.48,163,279,123,239,8,8,0,0
44,22,4.79,250,259,74,76,86,88,0,0
44,24,12.78,936,1604,739,1260,66,115,0,0
44,28,39.28,2813,5171,2156,4182,171,267,0,0
44,30,25.82,1911,5276,1129,2965,169,597,0,0
44,32,0.71,77,77,77,77,0,0,0,0
44,62,47.33,4311,10867,3236,8099,489,1189,0,0
44,64,96.68,5919,13486,4818,11420,338,668,67,134
44,66,70.46,4404,9380,1946,4393,1638,3274,0,0
44,68,59.21,4828,11178,3637,8150,305,765,0,0
44,70,41.39,4679,13726,3744,10889,259,834,0,0
44,72,70.92,5055,10533,3343,6820,991,2166,0,0
44,74,98.07,8789,22558,5550,12668,2040,5425,511,3064
44,76,122.62,13397,34676,8899,22680,3406,9749,114,343
44,78,70.99,11035,32740,5373,14586,2182,7302,0,0
44,80,100.51,7521,19288,5131,12406,919,2786,0,0
44,82,116.72,7524,16066,5478,11875,825,1924,0,0
44,84,72.19,5849,13168,3401,6946,646,1633,0,0
44,86,141.21,6457,17423,4131,10714,962,2870,0,0
44,88,166.87,9634,25455,7542,19618,716,1998,0,0
44,90,9.53,2733,9632,1562,5910,1171,3722,0,0
44,92,41.39,4358,10700,3735,9170,159,413,0,0
44,94,52.52,4880,9528,4069,7979,114,220,0,0
44,96,13.82,1556,3937,1113,2759,49,205,0,0
44,98,24.88,3470,13478,1465,5261,1131,5089,0,0
44,100,41.47,4388,11924,3985,10712,272,1013,0,0
44,102,40.08,4800,13514,3931,10309,223,963,0,0
44,104,52.4,4827,9622,4248,8532,57,113,0,0
44,106,37.81,4742,10916,4319,10145,48,96,0,0
44,108,55.55,5021,10497,4657,9704,64,162,0,0
44,110,34.79,4150,9607,3490,8135,162,378,0,0
44,112,35.81,3986,8815,3147,7085,244,521,0,0
44,114,33.67,3812,9089,2873,6555,186,529,0,0
44,116,29.79,3577,6353,3241,5721,49,83,0,0
44,118,31.47,3766,7344,3544,6918,45,87,0,0
44,120,15.71,2024,3433,1837,3098,45,77,0,0
44,124,33.41,3407,7369,2511,5331,223,579,0,0
44,126,32.02,3442,8077,1966,4014,671,1917,0,0
44,26,5.79,224,368,119,125,11,17,0,0
44,44,1,27,54,7,13,7,13,0,0
44,122,3,390,560,379,550,4,4,0,0
46,14,13,1009,1903,740,1450,181,332,0,0
46,28,27.88,1670,3031,1344,2463,128,225,0,0
46,30,17.52,1683,3566,668,1260,380,760,0,0
46,62,20.97,3523,10757,1609,4442,638,2105,0,0
46,64,34.02,1986,4548,1281,3083,244,521,130,260
46,66,38.56,5369,12400,2295,3620,303,547,0,0
46,68,45.81,4183,7626,3247,5677,662,1350,0,0
46,70,70.53,3853,7504,3019,5678,219,496,0,0
46,72,41.09,4731,9268,1718,3340,2711,5602,0,0
46,74,73.73,8290,19319,5418,13322,2067,4395,0,0
46,76,100.63,9923,23386,5948,13714,2122,5649,0,0
46,78,102.73,7357,15026,5654,11976,598,1238,0,0
46,80,68.27,5978,12671,4308,9306,1056,1981,0,0
46,82,56.58,5811,12295,3721,7832,1771,3890,0,0
46,84,6.66,2465,7206,88,210,113,259,0,0
46,86,26.66,5121,14940,4098,12305,212,433,0,0
46,88,43.17,5210,11810,3966,9527,386,783,0,0
46,90,26.74,4107,8874,3373,7221,380,997,0,0
46,92,41.97,6838,21777,5565,19010,788,1693,0,0
46,94,48.37,5309,12774,4786,11505,114,324,0,0
46,96,56.17,6699,20960,4340,15118,1882,4628,33,163
46,98,11.91,1908,6512,749,1936,852,3763,54,272
46,100,16.04,1864,4729,1488,3868,81,147,0,0
46,102,18.39,2021,5950,1693,5053,93,256,0,0
46,104,24.55,3355,8395,2939,7321,112,316,0,0
46,106,35.33,4032,10350,2880,7585,286,760,0,0
46,108,31.59,3917,7759,3558,7095,87,158,0,0
46,110,26.1,3324,8107,2538,5918,235,668,0,0
46,112,33.98,3760,10030,3452,9323,78,184,0,0
46,114,34.26,3886,8584,3590,7809,106,282,0,0
46,116,45.91,3927,8816,3251,7506,202,408,0,0
46,118,27.89,4101,10342,3629,9172,128,316,0,0
46,120,37.41,4757,10780,4099,8906,204,606,0,0
46,122,40.96,3632,7134,3135,6090,138,309,0,0
46,124,78.28,5192,7159,4083,5637,302,413,0,0
46,126,64.45,4855,8143,3604,5545,492,1183,0,0
46,40,0.36,41,82,41,82,0,0,0,0
48,18,2,177,532,44,133,44,133,177,532
48,28,7,577,771,280,474,86,86,0,0
48,38,0.6,24,49,18,35,2,5,0,0
48,40,3.05,182,363,163,327,3,6,0,0
48,62,0.3,64,190,16,47,16,47,0,0
48,64,27.98,2531,4869,1191,2316,346,651,0,0
48,66,76.57,5204,9623,4511,8393,217,394,0,0
48,68,92.28,5508,8981,4788,7764,205,347,0,0
48,70,82.08,5556,9692,4781,8396,214,365,0,0
48,72,90.05,6601,13064,4405,8720,977,1995,0,0
48,74,57.78,8064,18579,4409,11254,4373,9204,0,0
48,76,102.69,7356,14099,4032,8268,1802,3056,0,0
48,78,95.71,6420,13310,4552,9669,765,1856,0,0
48,80,38.86,7508,19524,1460,3125,4917,14239,0,0
48,82,131.79,5385,10535,4180,8424,321,555,0,0
48,84,83.03,4199,9118,2907,5431,494,1419,0,0
48,86,60.77,3494,7561,1104,2353,1042,2230,0,0
48,88,143.39,3231,6014,1233,2400,802,1341,0,0
48,90,51.29,4567,11989,4140,11058,132,296,0,0
48,92,54.98,4964,10732,3945,8623,354,773,0,0
48,94,72.74,12002,35255,5855,18583,5862,15966,0,0
48,96,67.75,14115,44728,7799,25634,6856,20360,429,2145
48,98,18.75,2057,5426,1373,3534,233,677,101,506
48,106,1.57,423,1269,423,1269,0,0,0,0
48,108,3.39,366,879,357,861,3,6,0,0
48,110,3.65,615,1749,615,1749,0,0,0,0
48,112,21.01,2079,5388,1894,4977,46,118,0,0
48,114,9.81,1503,4133,917,2386,410,1227,0,0
48,116,5.81,1398,3052,907,2069,164,328,0,0
48,118,33.18,4426,12149,3096,8651,372,948,0,0
48,120,23.58,2434,5517,2270,5096,104,239,0,0
48,122,46.25,4474,9540,3885,8246,120,239,0,0
48,124,70.3,5239,8537,4445,7327,184,292,0,0
48,126,45,4493,7564,2145,3822,747,1185,0,0
48,20,4.6,568,966,189,302,81,84,0,0
50,14,15.95,1209,2544,853,1968,111,185,0,0
50,16,4,358,610,203,380,51,76,0,0
50,20,3.14,5066,19807,38,38,4951,19692,0,0
50,22,6.13,23389,92617,71,201,23176,92013,0,0
50,24,2.14,4215,16670,0,0,4215,16670,0,0
50,26,3,176,314,147,285,10,10,0,0
50,34,2,216,339,122,245,0,0,0,0
50,40,1,57,0,14,0,14,0,0,0
50,64,7.15,437,815,379,709,19,36,0,0
50,66,55.42,3936,7690,3044,5925,274,558,0,0
50,68,77.64,4885,8855,4316,7766,166,334,0,0
50,70,66.23,5976,11133,4207,8070,449,860,0,0
50,72,94.77,6585,13105,5117,10451,266,545,0,0
50,74,102.26,6915,13152,5954,11624,133,215,0,0
50,76,117.04,6735,11957,5176,9576,263,399,0,0
50,78,150.6,8463,16259,6727,13354,336,579,0,0
50,80,78.09,8914,21054,3928,7475,4315,12726,0,0
50,82,103.33,5446,10468,4785,9366,203,345,0,0
50,84,115.66,5629,10421,4803,8868,263,490,0,0
50,86,49.51,9366,20792,3029,6570,2110,4734,0,0
50,88,72.82,6026,12180,4759,9076,403,1015,0,0
50,90,128.87,6408,13927,5391,11737,290,611,0,0
50,92,74.08,5244,11211,4271,9070,278,620,0,0
50,94,41.82,5296,14056,2642,6454,1797,5295,0,0
50,96,36.46,6101,18442,3785,11131,1390,4275,0,0
50,98,51.34,7274,22565,4340,12173,2587,10213,0,0
50,100,46.11,6440,18797,3958,10096,1461,5575,0,0
50,102,31.14,3666,8532,2410,6017,798,1597,0,0
50,118,2.46,304,614,207,415,32,66,0,0
50,122,34.41,2771,5855,2223,4779,173,342,0,0
50,124,75.11,5393,10509,4089,8048,692,1401,0,0
50,126,64.65,6591,14190,2718,5943,1292,2749,0,0
50,18,3,134,255,124,246,3,3,0,0
50,28,1,25,50,6,13,6,13,0,0
50,36,2,172,344,156,311,5,11,0,0
50,104,16.04,1545,3771,1011,2308,344,1014,0,0
50,106,18.81,2487,5762,1629,3457,701,2053,0,0
52,14,0.06,2,5,2,5,0,0,0,0
52,16,6,928,2191,387,1121,463,923,0,0
52,20,1.02,496,1201,98,196,203,614,0,0
52,22,4.97,3938,15295,62,132,3754,14901,0,0
52,66,0.31,46,61,46,61,0,0,0,0
52,68,16.82,1122,2420,1054,2302,22,40,0,0
52,70,36.46,2931,5358,2506,4632,58,106,0,0
52,72,31.9,2476,5707,2226,5341,63,101,0,0
52,74,16.86,1477,3221,1199,2676,73,145,0,0
52,76,35.53,2627,5776,2120,4760,73,147,0,0
52,78,35.62,4272,11901,3208,7898,336,1314,0,0
52,80,107.49,6562,10036,6114,9255,135,235,0,0
52,82,94.5,6485,11280,5856,10238,152,247,0,0
52,84,71.27,4383,8550,3188,6289,394,748,0,0
52,86,81.77,6488,12231,4101,7634,780,1515,0,0
52,88,57.71,4702,8699,3831,7057,291,547,0,0
52,90,58.39,4468,8807,3449,6851,320,627,0,0
52,92,29.97,2949,6186,2470,5318,158,288,0,0
52,94,6.75,768,1684,614,1267,51,139,0,0
52,96,28.25,2618,5398,2111,4460,169,313,0,0
52,98,66.37,5922,10825,4259,7684,551,1105,0,0
52,100,87.61,6504,11888,5530,10293,176,270,0,0
52,102,59.3,5527,11684,5127,10837,149,364,0,0
52,104,56.66,5143,10809,3825,8333,402,1044,0,0
52,106,68.45,6713,12709,4786,8977,423,921,0,0
52,108,55.26,5133,11823,3898,8781,609,1419,0,0
52,110,20.9,2376,5985,2186,5531,20,57,0,0
52,114,10.59,991,2212,743,1655,82,186,0,0
52,122,29.1,2991,6834,991,1918,1261,3402,0,0
52,124,21.46,2254,4947,1124,2397,555,1410,0,0
52,126,33.34,4383,11541,2865,8105,495,1127,0,0
52,24,1,564,1128,141,282,141,282,0,0
52,112,13,1780,5021,1408,4143,61,175,0,0
52,116,10.39,1103,2428,1000,2184,56,103,0,0
52,118,11.89,1343,3100,909,2126,141,336,0,0
52,120,10.07,1924,6100,503,1360,1501,5132,0,0
54,8,1,15,29,15,29,0,0,0,0
54,16,1,194,582,49,146,49,146,0,0
54,18,2,323,646,81,162,81,162,0,0
54,78,1,245,490,61,123,61,123,0,0
54,80,85.28,5168,11154,4084,8334,338,908,0,0
54,82,39.91,2017,4111,1622,3319,86,181,0,0
54,84,68.73,4064,8375,3524,7327,168,347,0,0
54,86,73.26,5137,10286,4263,8548,234,487,0,0
54,88,72.88,3825,6971,3274,5979,127,226,0,0
54,90,66.49,4791,8805,4152,7531,188,384,0,0
54,92,21.03,2350,5435,2125,5046,40,64,0,0
54,98,38.47,3817,7496,2563,5338,240,473,439,602
54,100,74.66,6511,11626,5630,10410,117,183,0,0
54,102,41.29,4875,10695,4711,10393,33,75,0,0
54,104,25.64,4648,9727,3881,8240,221,426,0,0
54,106,44.91,5246,10450,4376,8631,361,765,0,0
54,108,47.11,4825,10244,3934,8280,226,558,0,0
54,110,47.04,4264,9523,3694,8394,119,279,0,0
54,112,25.21,2188,4402,1165,2236,553,1152,0,0
54,114,11.78,767,1261,409,861,189,255,0,0
54,116,33.41,2896,7264,2463,6096,116,318,0,0
54,118,33.49,4339,12464,3705,10761,187,517,0,0
54,120,35.79,4492,10905,2640,5829,611,1681,0,0
54,122,1.03,69,139,1,2,1,2,0,0
54,96,0.4,56,111,56,111,0,0,0,0
56,36,3,365,608,213,396,51,71,0,0
56,38,6.8,658,1241,413,759,82,161,0,0
56,40,11.81,3998,8710,532,1112,2500,5471,0,0
56,78,2.94,2536,9171,634,2293,634,2293,0,0
56,80,81,4548,9594,3628,7562,275,629,0,0
56,82,53.18,2613,5143,2107,4102,152,302,0,0
56,84,38.1,2151,4218,1600,3181,180,342,0,0
56,86,81.46,4150,6964,3476,5794,188,346,0,0
56,88,94.42,5286,9528,4650,8447,190,333,0,0
56,90,81.93,5405,10298,4688,9140,213,348,0,0
56,92,19.28,2619,5436,1990,4064,170,383,0,0
56,96,9.8,1422,2829,649,1294,547,1090,0,0
56,98,16.48,3185,8346,1015,2204,669,1885,0,0
56,100,42.57,3971,9565,3516,8621,110,257,0,0
56,102,38.33,4053,8947,3474,7727,193,407,0,0
56,104,29.83,3657,7398,2852,5852,249,476,0,0
56,106,34.95,5040,10348,4169,8400,286,636,0,0
56,108,13.94,3276,9940,1263,3610,672,2110,0,0
56,110,7.77,1072,2848,520,1260,174,521,0,0
56,112,7.61,600,831,384,540,28,52,0,0
56,114,5,369,419,92,104,92,104,0,0
56,118,8.93,942,1742,923,1700,6,14,0,0
56,120,25.84,2484,5270,1799,3819,294,599,0,0
56,44,11.35,584,936,526,865,19,24,0,0
56,46,6.96,499,919,425,771,25,49,0,0
56,126,1.52,128,202,114,188,5,5,0,0
58,34,1.86,451,1353,301,903,50,149,0,0
58,36,4.14,423,505,145,226,52,52,0,0
58,40,11.01,3958,9766,324,646,2989,7827,0,0
58,42,2.98,1321,2643,32,64,1225,2451,0,0
58,44,13.92,994,1615,620,1068,125,183,0,0
58,46,1.78,184,368,184,368,0,0,0,0
58,78,3.25,2759,10530,690,2633,690,2633,0,0
58,80,4.42,3168,11528,622,2487,1079,3401,0,0
58,82,94.43,4979,9354,4098,7715,292,544,0,0
58,84,207.3,8226,16677,5541,11798,827,1552,0,0
58,86,66.19,3367,7247,2990,6478,117,240,0,0
58,88,93.18,5424,9895,4796,8857,196,324,0,0
58,90,49.05,3553,6555,3175,5875,122,219,0,0
58,92,8.57,1845,3756,1800,3756,0,0,0,0
58,98,19.6,2129,4466,1995,4205,13,26,0,0
58,100,26.22,3128,7388,2705,6257,112,319,0,0
58,102,18.25,2282,4731,2232,4669,12,17,0,0
58,104,28.35,3436,6302,3142,5901,88,112,0,0
58,106,28.14,3292,7505,2792,6130,124,344,0,0
58,108,19.9,2441,5249,1836,3847,233,560,0,0
58,126,25.04,1949,4288,1536,3292,102,262,0,0
58,96,0.89,204,408,204,408,0,0,0,0
58,110,2.32,379,528,206,355,58,58,0,0
60,36,8,863,1832,323,673,180,386,0,0
60,40,4.66,6080,23604,33,57,5982,23432,0,0
60,44,3,308,505,282,427,9,26,0,0
60,78,1,31,31,8,8,8,8,0,0
60,80,8.82,1102,2316,615,1258,163,352,0,0
60,82,18.39,7199,16000,45,114,7066,15660,0,0
60,84,12.72,6122,17706,505,1070,4707,14696,0,0
60,86,40.86,2012,3783,1728,3293,62,113,0,0
60,88,106.4,6303,12585,5479,10793,269,597,0,0
60,90,32.15,3354,6005,2752,5190,176,241,0,0
60,92,17.99,2886,5886,2796,5668,4,11,0,0
60,96,15.39,2078,4241,1914,3928,51,101,0,0
60,98,37.63,4407,8865,2968,5864,600,1241,0,0
60,100,26.71,3946,8373,3886,8269,19,35,0,0
60,102,38.47,3771,7551,3538,7189,53,86,0,0
60,104,37.64,3579,7209,2944,6042,187,363,0,0
60,106,10.24,1233,2327,983,1806,84,174,0,0
60,108,2.46,837,2990,753,2740,28,83,0,0
60,126,17.08,1419,3833,1006,2753,71,160,0,0
60,2,1,43,43,11,11,11,11,0,0
60,12,1,26,52,6,13,6,13,26,52
60,38,0.05,1160,4641,0,0,1160,4641,0,0
60,42,2,122,122,94,94,0,0,0,0
60,94,5.74,1209,2556,1148,2312,0,0,0,0
62,4,1,68,136,17,34,17,34,0,0
62,38,0.01,266,1064,0,0,266,1064,0,0
62,40,4.88,21244,90226,0,0,21244,90226,0,0
62,42,3.84,5037,17475,506,1072,4689,16601,0,0
62,72,6,529,869,164,229,38,44,0,0
62,82,23.25,8078,17405,29,51,7991,17252,0,0
62,84,24.15,8071,19706,135,394,8030,19617,0,0
62,86,11.86,6430,22552,2248,6920,1394,5212,0,0
62,88,52.74,5029,8670,4453,7682,173,310,0,0
62,90,30.31,3609,7036,2902,5439,213,494,0,0
62,92,23.53,2615,5428,2344,5040,52,103,0,0
62,94,43.4,4075,8660,3523,7492,60,146,0,0
62,96,43.52,4312,10212,3731,8909,159,363,0,0
62,98,38.84,3619,7766,2954,6431,141,275,0,0
62,100,38.89,4059,8361,3750,7860,70,134,0,0
62,102,25.75,2671,6011,2444,5464,53,117,0,0
62,104,12.24,1190,2648,1011,2282,55,106,0,0
62,110,5,278,446,18,10,223,418,0,0
62,112,9.31,360,645,231,365,43,93,0,0
62,44,2.46,1436,2872,15,29,1392,2783,0,0
62,58,0.76,923,3692,231,923,231,923,0,0
62,60,1.24,394,1373,98,343,98,343,0,0
64,18,1,27,53,7,13,7,13,27,53
64,40,0.65,211,508,0,0,211,508,0,0
64,42,3.29,3561,11587,344,861,2531,9004,0,0
64,44,6.54,5070,10057,1167,2252,2003,4008,0,0
64,54,2.94,2668,10223,98,279,2375,9389,0,0
64,58,1.4,2910,11049,0,0,2910,11049,0,0
64,60,5.57,1916,5555,170,692,1407,3479,0,0
64,82,29.12,9231,20019,378,1019,8326,17423,0,0
64,84,14.8,5198,13218,324,670,4763,12283,0,0
64,86,45.01,6524,15648,2838,6388,1186,3045,0,0
64,88,38.46,4322,8978,2684,4959,477,1227,0,0
64,90,20.06,2733,5945,2469,5323,65,163,0,0
64,92,13.94,1676,3362,1582,3246,14,33,0,0
64,94,60.18,4872,10100,3661,7551,285,616,0,0
64,96,55.86,5051,10270,4047,8514,237,447,0,0
64,98,46.21,4295,8553,3700,7460,294,448,0,0
64,100,21.19,2538,4762,2480,4681,7,2,0,0
64,112,3.69,55,125,14,31,14,31,0,0
64,48,4,365,468,308,411,19,19,0,0
64,56,2,185,185,180,180,2,2,0,0
64,62,0.08,352,4932,88,1233,88,1233,0,0
66,2,3,636,1271,159,318,159,318,0,0
66,48,1,143,287,36,72,36,72,0,0
66,54,0.34,205,705,0,0,205,705,0,0
66,56,4.3,1642,4261,3,3,1634,4253,0,0
66,58,10.26,14909,40785,0,0,14909,40785,0,0
66,60,14.81,4862,13030,633,1981,3172,7512,0,0
66,62,2.9,4032,56113,1002,14017,1024,14061,0,0
66,76,12,853,1849,673,1382,60,156,0,0
66,80,1.14,170,337,28,55,85,170,0,0
66,82,21.73,7697,17373,472,1085,7025,16061,0,0
66,84,12.92,2345,5390,982,2101,964,2227,0,0
66,86,46.87,6489,14703,3513,8276,1022,2261,0,0
66,88,11.28,1540,3606,1112,2707,133,290,0,0
66,90,22.05,2497,5364,2023,4363,103,278,0,0
66,92,25.4,3623,8410,3300,7801,191,456,0,0
66,94,39.17,4731,9237,4084,7991,183,358,0,0
66,96,45.51,4833,9118,4317,8197,122,229,0,0
66,98,26.3,2877,6743,2668,6342,106,170,0,0
66,100,13.87,1133,2628,1012,2365,40,87,0,0
66,126,20.95,1048,2102,862,1757,54,99,0,0
66,4,4.24,276,526,158,316,31,62,0,0
66,6,2.05,180,328,124,219,51,102,0,0
66,40,1,18,35,4,9,4,9,0,0
66,42,2,332,620,83,155,83,155,0,0
66,44,2,1774,6572,444,1643,444,1643,0,0
66,78,1.89,227,346,120,239,107,107,0,0
68,2,4.06,450,899,298,597,50,101,0,0
68,4,4.72,857,1774,387,788,157,328,0,0
68,6,1.53,97,149,87,140,3,3,0,0
68,8,2,325,650,81,163,81,163,0,0
68,40,2,47,73,12,19,12,19,0,0
68,44,3.38,1437,4290,358,1072,358,1072,0,0
68,50,12,506,859,226,352,36,65,0,0
68,54,2,637,1274,637,1274,0,0,0,0
68,58,5.92,1475,4125,78,312,1475,4125,0,0
68,60,16.49,5517,11778,568,1231,3812,8087,0,0
68,62,2.57,460,1281,26,52,384,1126,0,0
68,76,2,91,182,23,46,23,46,0,0
68,78,6.11,478,833,194,356,95,159,0,0
68,82,3.01,274,522,129,249,52,104,0,0
68,84,2,111,111,94,94,6,6,0,0
68,86,5.6,522,835,131,208,131,208,0,0
68,88,1,52,52,13,13,13,13,0,0
68,90,39.96,3080,6058,2672,5337,69,131,0,0
68,92,36.93,4550,11027,3495,8198,320,845,0,0
68,94,34.23,3780,8039,3494,7510,67,133,0,0
68,96,45.91,5168,10239,4694,9447,131,209,0,0
68,98,21.92,2026,4670,1974,4562,17,36,0,0
68,126,25.24,1446,3439,1040,2474,117,304,0,0
68,0,1,41,82,10,21,10,21,0,0
68,38,1,17,17,4,4,4,4,0,0
68,42,0.62,16,16,4,4,4,4,0,0
68,46,7,477,951,119,238,119,238,0,0
68,64,0.34,352,1316,0,0,352,1316,0,0
68,72,6.27,460,1341,334,853,42,163,0,0
68,100,2,376,751,1,1,374,747,0,0
70,4,25.79,5026,7542,1211,2402,3452,4454,0,0
70,6,18.87,1587,3139,923,1814,199,398,0,0
70,38,1,19,19,5,5,5,5,0,0
70,40,1,12,12,3,3,3,3,0,0
70,44,7.45,471,792,313,519,41,80,0,0
70,46,10,1037,1846,707,1198,62,119,0,0
70,52,16.16,1132,1645,379,679,115,153,0,0
70,54,6.44,556,1100,294,584,168,332,0,0
70,58,0.36,425,1276,0,0,425,1276,0,0
70,60,4.6,2194,5065,56,111,2027,4730,0,0
70,62,2.43,2350,8813,39,78,2233,8578,0,0
70,64,3.59,4051,14354,369,1300,2946,10454,0,0
70,66,1,245,734,61,183,61,183,0,0
70,72,19.95,1794,4382,1152,2522,189,595,0,0
70,74,7.41,3262,6523,264,529,2636,5270,0,0
70,76,1,224,224,0,0,224,224,0,0
70,84,4,290,580,241,481,8,16,0,0
70,90,29.37,1971,3755,1696,3310,68,127,0,0
70,92,34.55,3707,7846,3297,7058,99,188,0,0
70,94,29.36,4295,9890,3279,7468,328,793,0,0
70,96,30.84,3162,6009,3065,5868,9,10,0,0
70,98,47.17,4568,7899,3413,5286,257,618,187,374
70,100,13.34,2098,5036,1871,4721,63,92,0,0
70,8,1,389,1557,389,1557,0,0,389,1557
70,50,0.78,50,99,46,92,1,2,0,0
70,78,1,42,125,10,31,10,31,0,0
70,88,1.06,13,13,3,3,3,3,0,0
72,4,6.76,1625,3168,397,773,1160,2300,0,0
72,8,3,731,1461,586,1173,20,40,0,0
72,20,2,371,557,371,557,0,0,0,0
72,22,0.98,312,623,78,156,78,156,0,0
72,24,0.02,5,10,1,2,1,2,0,0
72,30,2,256,485,236,465,7,7,0,0
72,44,2.55,252,496,211,420,14,25,0,0
72,46,12.68,808,1287,238,425,367,447,0,0
72,48,1.32,213,427,194,388,0,0,0,0
72,50,13.24,931,1782,342,624,307,719,0,0
72,52,1.37,146,252,116,223,10,10,0,0
72,54,0.04,8,16,8,16,0,0,0,0
72,58,3.94,5073,13482,0,0,5073,13482,0,0
72,60,0.06,19,37,0,0,19,37,0,0
72,64,3.65,10160,56367,2524,14065,2524,14065,0,0
72,66,0.43,6187,37121,1547,9280,1547,9280,0,0
72,72,13.37,1419,2687,1300,2473,39,71,0,0
72,76,12.97,724,854,362,394,69,102,0,0
72,78,0.03,1,1,0,0,0,0,0,0
72,82,1,35,69,9,17,9,17,0,0
72,88,3.53,112,112,28,28,28,28,0,0
72,90,1.41,31,31,8,8,8,8,0,0
72,92,13.92,1078,2285,864,1911,86,154,0,0
72,94,36.47,3230,6479,2663,5573,158,241,0,0
72,96,50.5,5404,11472,4142,9080,265,508,0,0
72,98,54.65,5498,10052,4320,8029,527,1018,0,0
72,100,45.61,3661,7861,1524,3081,660,1524,0,0
72,18,2,426,853,390,779,12,24,0,0
72,28,0.7,67,18,30,18,12,0,0,0
72,56,1,535,535,0,0,535,535,0,0
72,62,1,569,2278,0,0,569,2278,0,0
72,70,2,67,141,62,126,2,5,0,0
72,84,1,58,58,14,14,14,14,0,0
74,24,1,145,145,36,36,36,36,0,0
74,28,3.3,614,566,573,566,7,0,0,0
74,30,2,352,573,254,475,33,33,0,0
74,46,3,377,377,317,317,20,20,0,0
74,50,3.98,581,1123,462,914,40,70,0,0
74,58,1.93,462,462,5,5,447,447,0,0
74,68,1,112,225,28,56,28,56,0,0
74,70,3.86,1062,1918,214,427,214,427,0,0
74,72,7.14,1173,2346,424,847,250,500,0,0
74,76,4.7,294,538,73,135,73,135,0,0
74,78,13.29,1015,1533,357,695,163,222,0,0
74,80,2.22,191,226,70,144,41,28,0,0
74,92,4,110,189,27,47,27,47,0,0
74,96,45.38,5188,8988,4286,7404,361,670,0,0
74,98,61.25,5207,9107,3729,6421,784,1727,0,0
74,100,32.29,3720,7607,3227,6581,154,331,0,0
74,26,11,1137,1934,611,1023,163,292,0,0
74,48,4,340,490,201,239,46,84,0,0
74,82,0.41,55,219,55,219,0,0,0,0
74,94,1.82,136,271,133,265,1,2,0,0
76,0,3,240,707,60,177,60,177,0,0
76,2,4,374,612,93,153,93,153,0,0
76,20,8,496,993,347,694,41,83,0,0
76,24,1.14,158,296,139,278,0,0,0,0
76,26,1.86,387,1047,343,1003,0,0,0,0
76,28,3,173,346,147,294,9,17,0,0
76,44,12,1073,2027,742,1470,154,229,0,0
76,56,2,334,835,165,496,169,339,0,0
76,58,3.07,311,734,123,359,171,341,0,0
76,68,10.17,745,922,277,413,155,168,0,0
76,80,24,1781,3042,913,1677,248,390,0,0
76,82,11.37,1976,5026,795,1801,344,976,0,0
76,94,26.3,2260,4241,1916,3638,107,192,0,0
76,96,36.5,6001,16010,2402,5736,1676,4051,323,1617
76,98,54.82,6505,13702,4607,8969,739,1648,0,0
76,100,20.83,4118,10295,2947,6991,1030,3019,0,0
76,18,5,335,627,265,531,9,18,0,0
76,32,1.88,365,643,91,161,91,161,0,0
76,48,2,193,386,143,286,0,0,0,0
76,50,2.11,137,234,107,205,10,10,0,0
76,52,4.15,219,242,40,50,105,105,0,0
76,54,5.09,2366,4732,441,883,1043,2086,0,0
76,92,1.92,861,1940,708,1634,51,102,0,0
76,102,1.47,5562,16685,0,0,5562,16685,0,0
78,4,1.08,47,95,23,46,8,16,0,0
78,6,0.92,167,335,167,335,0,0,0,0
78,18,4.94,287,574,194,387,31,62,0,0
78,20,9.07,876,1240,377,640,145,178,0,0
78,32,7.01,821,1424,440,846,45,54,0,0
78,34,1.11,46,76,13,22,4,4,0,0
78,48,4.06,540,943,119,222,117,218,0,0
78,50,21.3,1777,3492,1018,2021,338,662,0,0
78,52,15.07,1106,2246,442,899,71,157,0,0
78,54,42.18,5179,10499,1553,3035,2025,4331,0,0
78,56,19.53,1849,4021,1323,2997,165,321,0,0
78,64,1,40,40,10,10,10,10,0,0
78,68,4,806,1452,273,518,161,294,0,0
78,80,5.03,413,826,259,518,51,103,0,0
78,82,14.97,1941,3300,852,1475,363,608,0,0
78,84,2,595,1190,149,298,149,298,0,0
78,90,1,57,115,14,29,14,29,0,0
78,92,31.94,4576,9594,3027,6154,437,1044,0,0
78,94,64.83,7308,13665,6547,12288,226,431,0,0
78,96,83.97,6962,13463,5362,10124,544,1152,0,0
78,98,57.37,4798,9234,4385,8627,107,165,0,0
78,100,46.61,3775,9571,2629,6478,469,1291,0,0
78,102,37.26,2376,6749,1289,3773,865,2500,0,0
78,58,0.43,16,16,4,4,4,4,0,0
78,66,0.84,185,194,46,48,46,48,0,0
78,88,1,25,51,6,13,6,13,0,0
80,20,14.87,1383,2700,1202,2436,60,88,0,0
80,22,9,709,1411,571,1140,46,90,0,0
80,32,2,176,176,163,163,5,5,0,0
80,48,6,1265,2513,271,537,945,1884,0,0
80,50,8,370,647,136,272,48,95,0,0
80,52,7.08,730,1461,508,1018,74,147,0,0
80,54,22.5,1757,3250,626,1185,347,636,0,0
80,56,7.93,924,1565,785,1384,47,61,0,0
80,64,13.21,1264,2397,689,1345,192,350,0,0
80,66,2.1,91,165,23,41,23,41,0,0
80,68,6,449,894,334,667,38,76,0,0
80,74,1,65,65,16,16,16,16,0,0
80,80,6.68,626,920,380,674,83,83,0,0
80,82,8.86,772,1239,338,518,120,216,0,0
80,92,15.21,1404,2563,1005,1953,125,193,0,0
80,94,36.36,3691,8028,2448,5941,276,511,0,0
80,96,30.82,2511,4546,1823,3287,307,592,0,0
80,98,56.76,3481,6938,2931,6073,117,197,0,0
80,100,55.72,4090,7769,3322,6496,293,479,0,0
80,102,28.28,6301,15986,2134,4559,3760,10363,0,0
80,104,21.46,5924,13591,171,345,5842,13421,0,0
80,24,3,503,1006,307,613,66,131,0,0
80,26,0.01,2,4,2,3,0,0,0,0
80,28,5.71,257,514,212,423,15,30,0,0
80,60,1,32,32,8,8,8,8,0,0
80,76,1,46,91,11,23,11,23,0,0
80,90,1.98,115,115,29,29,29,29,0,0
80,106,1.09,712,1452,0,0,712,1452,0,0
82,20,22.63,3328,5468,2348,4009,308,448,0,0
82,26,28.73,3545,7368,2532,5196,334,719,0,0
82,28,11.72,1236,2396,443,811,437,875,0,0
82,46,4.51,413,658,286,483,42,58,0,0
82,50,3,372,372,356,356,3,3,0,0
82,54,5.61,430,782,314,603,39,60,0,0
82,56,9.66,867,1541,493,865,124,225,0,0
82,62,4,467,897,229,449,79,149,0,0
82,64,6.69,1029,1614,719,1059,103,184,0,0
82,80,18.98,1153,1963,644,1107,169,286,0,0
82,82,8.12,623,1499,431,993,23,50,0,0
82,84,11.92,1703,4472,513,1236,992,2835,0,0
82,92,3,368,737,11,23,334,668,0,0
82,94,23.46,2907,4864,2016,3296,323,631,0,0
82,96,12.05,1690,2674,470,636,277,442,0,0
82,98,0.19,9,12,2,3,2,3,0,0
82,100,6.93,5848,16677,418,834,5252,15489,0,0
82,102,26.52,7921,17308,2439,4275,5169,12576,0,0
82,104,33.08,8296,17466,1191,2037,7196,15629,0,0
82,106,13.77,5991,14812,709,1255,5271,13643,0,0
82,18,4.92,372,846,293,689,9,17,0,0
82,22,1.5,190,190,48,48,48,48,0,0
82,30,0.12,36,72,36,72,0,0,0,0
82,32,1.03,76,81,23,28,18,18,0,0
82,48,0.33,41,82,10,20,10,20,0,0
82,72,1,168,337,168,337,0,0,0,0
82,74,1,60,60,15,15,15,15,0,0
82,86,2,44,44,11,11,11,11,0,0
84,10,3,435,869,108,218,108,218,0,0
84,18,13.72,1425,2411,728,1074,450,886,0,0
84,20,0.22,93,186,0,0,93,186,0,0
84,26,40.4,3576,6153,2421,4373,324,512,0,0
84,28,0.52,97,158,88,139,3,6,0,0
84,30,7.94,872,1517,634,1091,74,142,0,0
84,32,12.97,1102,1837,849,1538,72,86,0,0
84,46,1.72,352,705,279,558,24,49,0,0
84,48,29.44,2528,4781,1703,3212,249,498,0,0
84,50,10,864,1537,533,1019,110,173,0,0
84,52,5,354,678,277,553,16,31,0,0
84,54,12.81,782,1482,555,1086,54,88,0,0
84,56,5.33,423,792,293,543,29,55,0,0
84,58,11.93,747,1481,310,617,146,288,0,0
84,60,0.02,1,2,0,1,0,1,0,0
84,62,1.98,70,140,17,35,17,35,0,0
84,66,1,45,91,11,23,11,23,0,0
84,72,7,984,1743,359,700,157,296,0,0
84,80,19.91,1793,3196,1231,2170,230,431,0,0
84,82,1.61,100,200,25,50,25,50,0,0
84,84,2.39,272,544,218,434,19,37,0,0
84,86,6,793,1316,427,825,72,113,0,0
84,94,17.01,2007,3803,1092,2132,732,1410,0,0
84,100,11.42,3518,8900,537,1057,2859,7621,0,0
84,102,25.05,6284,12929,1035,1890,4686,9996,0,0
84,104,22.75,7246,15635,2334,4811,5059,11063,0,0
84,106,27.72,10889,30897,1772,4439,8441,22965,0,0
84,108,5.57,3012,8798,30,30,2923,8709,0,0
84,116,12.06,1187,1468,1113,1386,24,27,0,0
84,14,3,282,497,201,386,27,37,0,0
84,24,4.05,743,1297,743,1297,0,0,0,0
84,34,2.11,97,194,81,162,5,11,0,0
84,68,0.01,261,523,0,0,261,523,0,0
84,78,4.38,273,765,222,652,17,38,0,0
84,96,2.97,684,1357,3,3,558,1113,0,0
84,114,24.38,2005,3466,1591,2761,120,217,0,0
86,18,4.14,330,485,191,244,47,80,0,0
86,22,9.49,440,835,384,757,19,25,0,0
86,24,36.82,4738,8871,3459,6385,388,773,0,0
86,26,39.86,4793,9734,3122,6476,724,1131,238,716
86,28,17.46,1717,3149,1203,2336,172,271,0,0
86,30,13.44,1854,2859,1187,1843,223,339,0,0
86,32,15.65,1508,2517,1020,1756,137,213,0,0
86,34,3.23,238,520,138,287,16,44,0,0
86,48,18.99,1270,2504,701,1392,154,300,0,0
86,52,4.21,445,962,293,610,43,109,0,0
86,54,33.53,2517,4770,1628,3235,206,357,0,0
86,56,15.25,1300,2336,639,1212,211,357,0,0
86,58,10.28,1467,2409,690,1153,240,399,0,0
86,68,3.46,26017,53014,0,0,26017,53014,0,0
86,70,2.7,10163,25341,0,0,10163,25341,0,0
86,78,23.12,1906,3886,1304,2679,171,341,0,0
86,80,28.93,3190,7220,1294,2951,633,1423,0,0
86,84,6.9,508,1059,458,960,17,33,0,0
86,86,4,1086,2106,476,938,202,389,0,0
86,94,9.08,1192,2242,316,597,568,1101,0,0
86,96,1.92,238,477,60,119,60,119,0,0
86,100,15.98,8115,18141,990,2078,6838,15292,0,0
86,102,28.69,6044,15350,1175,2339,4578,12570,0,0
86,104,27.06,4384,9107,1126,2112,2626,5735,0,0
86,106,9.96,7639,25692,192,540,7322,24592,0,0
86,112,8.52,416,679,348,574,23,35,0,0
86,114,57.19,3958,7251,3526,6462,124,224,0,0
86,116,48.91,3418,6251,3023,5572,105,178,0,0
86,20,1.77,283,566,223,447,20,40,0,0
86,44,1.52,57,114,25,50,11,21,0,0
86,46,9.93,670,1486,345,704,91,198,0,0
86,82,3.42,782,1557,246,493,176,351,0,0
86,88,0.14,19,38,5,9,5,9,0,0
88,16,3.08,282,419,174,311,32,28,0,0
88,18,8.92,3944,7802,557,1095,2750,5479,0,0
88,26,19.37,1635,3206,1311,2664,95,169,0,0
88,28,1.87,356,799,312,625,0,0,0,0
88,30,5.37,527,686,417,568,31,33,0,0
88,32,16.43,1616,3445,1151,2433,169,363,0,0
88,46,40.15,3771,7409,2576,5256,327,576,0,0
88,48,8.35,1266,2663,866,1921,133,247,0,0
88,52,3.61,712,1806,291,678,140,376,0,0
88,54,33.07,5491,10953,2191,4806,1889,3619,0,0
88,56,45.76,8027,17808,5144,11442,1241,2689,0,0
88,58,36.88,5289,11736,3950,8986,438,909,0,0
88,68,8.72,19925,41862,588,1480,18577,38252,0,0
88,70,5.58,4010,7928,170,316,3727,7433,0,0
88,80,52.52,5481,12132,2449,5183,971,2269,0,0
88,82,68.73,5331,9888,3814,7231,400,712,0,0
88,84,101.17,6594,10595,5326,8681,325,493,0,0
88,86,26.15,2136,3655,1607,2696,205,347,0,0
88,88,25.72,2244,4473,1282,2572,265,537,0,0
88,96,3.17,562,1165,235,480,109,228,0,0
88,98,5.83,695,1192,362,682,102,161,0,0
88,100,4.28,3593,7988,148,445,3148,6652,0,0
88,102,8.06,1251,2929,194,490,897,1914,0,0
88,104,4.69,1547,4345,387,1086,387,1086,0,0
88,106,2.31,1144,3019,205,511,530,1487,0,0
88,112,21.24,1739,2950,1509,2577,77,125,0,0
88,114,55.53,3969,7366,2925,5472,339,619,0,0
88,116,36.14,2563,5420,2158,4673,64,121,0,0
88,24,0.03,1,1,0,0,0,0,0,0
88,34,0.62,62,62,16,16,16,16,0,0
88,50,1.98,208,416,172,344,12,24,0,0
88,60,3.49,565,1130,141,282,141,282,0,0
88,62,0.75,39,39,10,10,10,10,0,0
88,90,1.71,116,231,93,186,8,15,0,0
90,18,6.27,827,1696,365,718,126,240,0,0
90,20,3,419,841,351,701,23,46,0,0
90,24,7.71,886,1746,674,1341,70,135,0,0
90,26,19.35,2358,4317,1431,2666,308,550,0,0
90,28,6.01,1121,2099,967,1793,52,102,0,0
90,30,2.49,738,1324,542,931,66,131,0,0
90,32,17,1551,2652,838,1425,218,370,0,0
90,46,7.05,814,1514,500,972,95,161,0,0
90,50,8.01,512,901,318,605,65,99,0,0
90,52,17.84,1673,3166,883,1526,230,482,0,0
90,54,16.26,2582,6144,530,1180,1151,2908,0,0
90,56,62.07,7621,15378,5444,10913,862,1781,0,0
90,58,44.52,5460,13597,2059,4964,1098,2805,0,0
90,60,46.35,4285,7923,3426,6412,170,288,0,0
90,62,25.41,3487,6366,2045,3785,474,851,0,0
90,68,0.39,1915,3829,0,0,1915,3829,0,0
90,70,3.15,740,1474,480,958,259,516,0,0
90,74,2,110,186,27,46,27,46,0,0
90,80,26.7,1951,3904,1527,2893,139,335,0,0
90,82,81.89,6335,10574,5254,8724,282,495,0,0
90,84,58.19,5499,9469,4487,7658,291,551,0,0
90,86,44.42,5046,10434,2328,4427,875,1940,0,0
90,88,99.37,7829,15802,5992,12391,512,938,0,0
90,90,43.31,2692,5534,2302,4840,93,161,0,0
90,98,10,941,1447,215,321,380,651,0,0
90,100,3.03,103,143,56,96,16,16,0,0
90,102,2.97,224,443,157,312,11,21,0,0
90,112,7.94,586,1014,526,882,14,27,0,0
90,114,51.46,3621,6845,2855,5494,160,306,0,0
90,116,61.91,4061,8201,3262,6693,204,389,0,0
90,8,0.68,197,394,47,94,56,113,0,0
90,10,0.05,33,66,0,0,33,66,0,0
90,36,4,228,392,167,317,21,25,0,0
90,48,1.98,145,289,145,289,0,0,0,0
90,96,0.58,195,195,195,195,0,0,0,0
90,118,4.44,275,549,247,494,9,18,0,0
92,4,3,228,0,57,0,57,0,0,0
92,8,2.54,362,659,58,99,188,360,0,0
92,10,0.73,474,947,0,0,474,947,0,0
92,18,4.72,283,624,188,391,32,78,0,0
92,26,5.67,250,451,126,240,41,70,0,0
92,28,1.08,45,68,11,34,0,0,0,0
92,32,5.29,1421,2847,367,735,805,1612,0,0
92,34,5.65,655,1053,358,558,99,165,0,0
92,38,7,1044,1835,699,1335,115,167,0,0
92,46,0.01,0,0,0,0,0,0,0,0
92,48,3.02,103,106,64,67,13,13,0,0
92,52,17.17,2364,3899,623,1202,1352,2006,0,0
92,54,9.19,868,1632,483,909,214,496,0,0
92,56,67.07,5933,12890,3043,6665,1279,2728,0,0
92,58,57.93,5896,11552,5108,10113,209,426,0,0
92,60,67.09,4851,9148,3720,7224,352,549,0,0
92,62,34.31,2319,4633,1893,3864,108,201,0,0
92,64,40.82,3158,6436,2665,5511,117,213,0,0
92,66,42.92,2291,4391,1598,3155,149,257,0,0
92,68,24.84,2865,5356,2139,4160,176,296,0,0
92,80,2.81,936,2808,711,2134,75,224,0,0
92,82,58.46,6193,11664,5733,10632,196,441,0,0
92,84,59.57,4497,7664,3805,6542,181,310,0,0
92,86,65.18,6139,12305,4024,6931,615,1269,299,1791
92,88,71.53,7084,14504,5002,10359,989,1987,0,0
92,90,72.53,5772,11301,3784,7601,468,897,0,0
92,92,36.27,2533,5094,1441,3104,537,1043,0,0
92,96,0.42,142,142,142,142,0,0,0,0
92,102,1,63,125,15,31,15,31,0,0
92,114,19.48,2750,5834,1573,3139,760,1982,0,0
92,116,63.84,5037,9274,3724,6881,221,394,0,0
92,118,86.44,6434,13819,3816,7878,834,1913,0,0
92,120,17.16,1758,3921,1156,2528,200,465,0,0
92,126,23.74,1652,3368,1372,2845,93,174,0,0
92,50,4,508,965,153,293,329,646,0,0
92,94,1.1,133,266,133,266,0,0,0,0
92,122,7.85,401,755,218,424,61,111,0,0
92,124,6.46,399,798,370,740,10,20,0,0
94,26,1,148,296,148,296,0,0,0,0
94,28,4.61,514,1117,295,778,73,113,0,0
94,30,6.39,672,1487,275,693,132,265,0,0
94,32,8.72,1501,2669,498,925,459,846,0,0
94,34,25.34,1697,2961,1227,2166,97,169,0,0
94,36,7,1255,2480,370,732,854,1700,0,0
94,50,5.54,3047,7900,189,378,2813,7432,0,0
94,52,1.31,154,315,36,72,45,98,0,0
94,54,8.32,757,1223,506,826,98,197,0,0
94,56,22.55,2415,4880,1548,3185,258,510,0,0
94,58,56.8,6991,17331,3280,7525,1089,3034,0,0
94,60,61.84,4042,8609,3123,6654,204,447,0,0
94,62,25.8,3549,11953,1106,2208,194,400,0,0
94,64,87.94,5997,11138,5263,9949,218,365,0,0
94,66,81.39,6933,13205,5332,10429,453,835,0,0
94,68,21.57,2117,4059,2003,3879,35,57,0,0
94,72,3,394,777,230,457,55,106,0,0
94,78,1,14,14,3,3,3,3,0,0
94,82,17.84,2388,5117,2171,4560,112,266,0,0
94,84,48.83,5648,10754,4749,8924,244,527,0,0
94,86,82.44,5412,8646,4645,7493,183,304,0,0
94,88,54.96,6752,14836,3337,6967,2006,4376,0,0
94,90,54.06,4434,9405,3638,7771,179,363,0,0
94,92,19.94,2128,4144,1220,2350,643,1278,0,0
94,94,9.58,1069,2218,397,814,224,469,0,0
94,98,1,72,72,18,18,18,18,0,0
94,114,40.98,2758,5992,1853,3966,327,754,0,0
94,116,49.81,5957,13641,3244,6754,857,2202,0,0
94,118,88.92,6414,12937,4696,8951,542,1273,0,0
94,120,40.86,3670,7726,2926,6199,285,585,0,0
94,122,36.38,3426,7978,2794,6586,205,446,19,56
94,124,50.26,4048,10433,3221,8404,102,228,357,1072
94,126,22.52,1593,3264,1303,2766,114,222,0,0
94,76,3,253,449,190,381,2,3,0,0
94,112,5.42,259,457,126,236,44,74,0,0
96,28,3,450,900,338,676,37,75,0,0
96,32,4,566,828,475,676,31,50,0,0
96,34,5.99,1336,2644,269,531,1052,2097,0,0
96,40,13,1135,1996,898,1727,76,83,0,0
96,50,14.52,7161,20063,167,351,6659,19007,0,0
96,52,5.63,1026,2454,445,917,449,1223,0,0
96,54,3.2,390,609,298,518,30,30,0,0
96,56,5.21,225,321,63,102,43,62,0,0
96,58,72.59,7235,16906,4675,10876,763,1893,0,0
96,60,48.72,6030,14903,4209,10505,514,1309,0,0
96,62,47.53,4695,11197,3006,7333,331,706,0,0
96,64,58.43,3930,6746,3072,5417,229,338,0,0
96,66,41.78,3387,6914,3038,6316,88,158,0,0
96,68,9.21,652,1103,579,972,17,29,0,0
96,70,2,288,805,244,718,15,29,0,0
96,84,1.74,121,309,19,54,19,54,0,0
96,86,55.33,4155,6254,2668,3797,852,1549,0,0
96,88,78.05,5390,9677,3721,6432,1221,2528,0,0
96,90,53.24,5142,9940,3991,7914,340,632,0,0
96,94,11.09,1728,3384,761,1503,305,594,0,0
96,98,1,21,42,5,11,5,11,0,0
96,110,3,227,227,170,170,5,5,0,0
96,112,19.12,2134,4420,1815,3764,95,207,0,0
96,114,62.32,5741,10198,3402,5661,743,1476,0,0
96,116,80.71,5970,12065,4203,8668,527,1013,0,0
96,118,58.84,6236,15675,3954,8935,665,2086,0,0
96,120,60.49,7788,21436,4848,12366,1507,4324,0,0
96,122,51.12,6466,15524,3023,7199,2225,5337,0,0
96,124,50.08,6143,14122,2786,5416,1023,2283,0,0
96,126,5.1,3782,9067,209,414,209,414,0,0
96,42,6,398,773,314,623,28,50,0,0
96,92,7.32,484,1125,356,857,43,89,0,0
96,100,3.77,352,704,137,275,39,77,0,0
96,102,0.23,30,60,30,60,0,0,0,0
96,106,1.73,148,186,37,46,37,46,0,0
96,108,5.33,287,535,170,301,28,56,0,0
98,0,4,403,787,367,729,12,19,0,0
98,30,1,190,381,190,381,0,0,0,0
98,32,6,454,826,300,580,51,82,0,0
98,38,2,317,635,301,603,5,11,0,0
98,40,3,215,430,82,164,44,89,0,0
98,50,0.97,190,380,48,95,48,95,0,0
98,52,3.04,346,598,192,360,52,80,0,0
98,56,3,354,607,278,531,25,25,0,0
98,58,43.61,5823,13858,2550,5113,2713,6577,0,0
98,60,58.82,6880,17242,3080,6908,1826,4479,444,1333
98,62,59.92,7276,15986,4186,9217,985,2187,0,0
98,64,41.31,3164,6201,2585,5212,180,316,0,0
98,70,7,622,1552,403,976,63,182,0,0
98,80,1,38,76,9,19,9,19,0,0
98,84,6.17,719,1480,322,666,161,301,0,0
98,86,33.45,2683,5168,1737,3440,221,410,0,0
98,88,96.5,6504,13253,5486,11385,240,446,0,0
98,90,33.22,3908,8102,1969,3906,573,1260,0,0
98,92,9.37,1200,2496,579,1321,177,341,0,0
98,102,0.47,29,58,0,0,0,0,0,0
98,104,13.51,1606,2806,1087,1713,162,342,0,0
98,106,22.24,1604,3078,1165,2296,124,217,0,0
98,108,3.67,188,303,180,287,3,5,0,0
98,112,56.46,4695,7110,4074,6206,196,291,0,0
98,114,68.91,6190,12387,4637,9052,498,1073,0,0
98,116,71.68,4758,8727,3836,7012,207,388,0,0
98,118,76.17,4521,8551,3892,7451,158,288,0,0
98,120,78.88,5393,9607,4776,8504,236,436,0,0
98,122,70.7,5592,10989,3079,6090,1180,2483,0,0
98,124,59.79,4351,7670,3128,5444,444,848,0,0
98,126,4.18,499,973,125,243,125,243,0,0
98,12,0.37,62,124,62,124,0,0,0,0
98,14,2.63,182,365,108,216,4,8,0,0
98,26,2.42,120,196,60,109,20,29,0,0
98,66,8.75,863,1685,821,1632,14,17,0,0
98,68,8,619,1114,502,987,20,23,0,0
100,12,12.53,1710,3337,1002,1985,199,379,0,0
100,26,1.58,61,115,16,29,15,29,0,0
100,34,5.02,556,986,536,943,7,14,0,0
100,38,21.68,2032,3324,1679,2737,56,78,0,0
100,40,1.75,292,584,235,471,19,38,0,0
100,50,6,1073,2051,510,995,188,352,0,0
100,60,56.2,3906,7359,2954,5831,211,349,0,0
100,62,79.45,5109,8668,4118,7249,183,299,0,0
100,64,97.15,5974,8947,4477,6832,416,653,0,0
100,66,82.77,5187,8022,4300,6687,237,370,0,0
100,68,6.35,497,830,408,653,27,53,0,0
100,70,6.3,674,849,613,772,20,26,0,0
100,72,9,972,2879,761,2451,52,102,0,0
100,74,9,778,1598,523,1044,71,140,0,0
100,86,37.81,7316,13843,2625,5009,3820,7354,0,0
100,88,55.12,12427,24530,3231,7628,8106,14496,0,0
100,90,13.57,757,1498,550,1161,69,112,0,0
100,104,19.92,1446,2664,924,1661,117,222,0,0
100,106,4.12,241,223,181,177,19,13,0,0
100,110,2.8,356,821,173,289,61,177,0,0
100,112,40.63,2526,3836,2056,3053,158,261,0,0
100,114,99.15,6683,11835,5681,10086,312,549,0,0
100,116,94.08,4914,8532,3664,6395,294,498,0,0
100,118,79.6,5033,9386,3675,6637,427,891,0,0
100,120,77.71,6161,10276,4907,8070,360,654,0,0
100,122,58.49,4330,8449,3755,7473,212,384,0,0
100,124,26.8,2096,4050,1952,3778,49,91,0,0
100,18,1,250,750,250,750,0,0,0,0
100,36,14.17,1571,3059,1394,2774,35,54,0,0
100,84,4,617,955,311,366,63,118,0,0
100,108,3,523,1046,446,891,26,51,0,0
102,0,9,854,1557,744,1400,37,53,0,0
102,10,0.55,91,183,91,183,0,0,0,0
102,12,24.92,2325,3870,1716,2960,165,248,0,0
102,18,5,741,1360,257,412,162,317,0,0
102,26,8.25,664,1209,486,876,59,111,0,0
102,28,2.73,307,550,208,400,16,16,0,0
102,36,10.81,676,1319,476,944,67,125,0,0
102,38,20.59,2708,5902,1090,2159,933,2456,0,0
102,40,10.07,2172,4818,458,986,1107,2481,0,0
102,50,4,385,745,270,533,39,71,0,0
102,60,20.08,1316,2299,1070,1958,41,58,0,0
102,62,58.55,4499,7610,3703,6427,336,603,0,0
102,64,81.69,5054,9467,3827,7279,423,822,0,0
102,66,37.59,2237,3987,1604,2930,191,332,0,0
102,68,0.01,1,1,0,0,0,0,0,0
102,70,0.71,207,207,207,207,0,0,0,0
102,84,12,694,1290,360,707,84,153,0,0
102,86,12.3,1707,3060,581,1027,808,1543,0,0
102,88,9.02,6617,17302,644,1364,5529,14983,0,0
102,92,4.98,230,521,58,130,58,130,0,0
102,106,1.05,28,55,10,21,6,12,0,0
102,108,1.95,119,210,98,188,7,7,0,0
102,110,28.54,3451,6683,1804,3554,585,1112,0,0
102,114,45.18,2871,5421,2405,4732,146,219,0,0
102,116,70.38,5275,9686,4703,8719,170,294,0,0
102,118,75.01,6150,10682,4499,7743,499,944,0,0
102,120,69.39,5627,9835,4746,8270,235,457,0,0
102,122,47.07,6922,14969,3215,6359,1192,2807,0,0
102,126,4.81,436,873,138,276,40,78,0,0
102,34,1,87,87,22,22,22,22,0,0
102,42,3,211,345,153,287,19,19,0,0
104,10,6.41,351,444,87,111,87,111,0,0
104,26,2.09,107,212,24,48,15,30,0,0
104,28,3.93,288,420,243,360,15,20,0,0
104,38,0.63,426,1277,0,0,426,1277,0,0
104,40,6.29,1920,4453,324,702,951,2347,0,0
104,44,6,748,1417,483,947,76,132,0,0
104,60,13.81,2697,5272,308,585,2256,4481,0,0
104,62,34.16,7140,14504,1683,3392,4634,9273,0,0
104,64,59.75,3903,7664,3185,6301,175,334,0,0
104,86,27.17,2174,5748,839,1782,665,1767,0,0
104,88,8.03,4314,21801,1117,5526,1067,5426,0,0
104,90,2.14,68,81,17,21,17,21,0,0
104,92,7.47,474,727,130,205,114,173,0,0
104,110,14.18,1883,4101,695,1473,696,1474,0,0
104,112,13.14,2553,4559,314,579,1609,2825,0,0
104,114,4.31,234,319,140,167,31,50,0,0
104,116,42.06,3239,4545,2598,3712,178,242,0,0
104,118,71.79,5707,8380,4836,7052,258,406,0,0
104,120,43.39,3210,4870,2772,4243,89,111,0,0
104,122,15.06,1585,2545,1275,2064,93,95,0,0
104,18,5,245,245,181,181,21,21,0,0
104,56,1.09,51,51,25,25,9,9,0,0
104,66,3.93,348,696,317,633,10,21,0,0
104,72,2.79,184,300,118,219,22,27,0,0
104,106,1,62,123,15,31,15,31,0,0
106,10,0.59,136,272,34,68,34,68,0,0
106,12,1,1013,1013,0,0,1013,1013,0,0
106,40,1,63,63,16,16,16,16,0,0
106,42,1,20,20,5,5,5,5,0,0
106,44,2,603,1206,326,651,93,185,0,0
106,56,0.91,162,162,162,162,0,0,0,0
106,60,0.1,23,47,0,0,23,47,0,0
106,62,16.24,2948,6342,507,1018,2256,4773,0,0
106,64,75.48,5587,10061,4523,8348,450,820,0,0
106,66,15.08,997,2030,733,1465,24,45,0,0
106,72,8.59,1083,2283,129,257,742,1600,0,0
106,84,5,415,747,294,567,117,212,0,0
106,86,9.07,3624,17897,1143,4950,784,4231,0,0
106,88,21.64,2764,5615,1286,2425,455,1009,0,0
106,90,4.23,464,464,116,116,116,116,0,0
106,110,9.42,2779,6430,557,1336,1606,3415,0,0
106,112,29.73,8995,22449,1421,3234,6972,17450,0,0
106,116,24.68,2346,3488,2067,2965,54,116,0,0
106,118,75.58,5313,7554,4670,6587,183,285,0,0
106,120,68.82,5065,10802,2793,4698,729,2006,0,0
106,122,78.14,3537,5034,2429,3434,321,464,0,0
106,124,8.99,393,965,263,674,42,97,0,0
106,126,1.01,121,241,120,240,0,0,0,0
106,8,3,433,856,382,762,3,3,0,0
106,14,2.76,416,921,192,474,74,149,0,0
106,68,4.4,527,1011,355,700,15,19,0,0
106,70,1.37,138,392,127,381,0,0,0,0
106,74,2.73,273,533,217,431,19,34,0,0
106,92,2,78,136,63,121,5,5,0,0
106,114,2.96,283,566,86,172,66,131,0,0
