x,y,number,ground_area,floor_area,residential_floor_area,economic_activity_ground_area,economic_activity_floor_area,cultural_ground_area,cultural_floor_area
1,14,1.86,242,887,0,242,887,0,0
2,11,3,117,248,218,0,0,0,0
2,12,5.03,432,445,406,14,27,0,0
2,14,1.14,25,51,12,13,39,0,0
3,11,9.78,477,1244,1118,0,0,0,0
3,12,31.55,1353,3161,2163,365,731,0,0
3,13,1.37,65,152,152,0,0,0,0
3,14,0.32,4,4,4,0,0,0,0
3,15,0.03,11,32,0,11,32,0,0
4,0,0.13,90,271,27,9,27,0,0
4,11,17,464,935,734,0,0,0,0
4,12,24.07,734,1767,1288,59,259,0,0
4,13,8.13,5803,32099,1669,5236,30429,0,0
4,14,7.28,3332,14421,589,3038,13674,0,0
4,15,5.23,2123,6819,14,2109,6805,0,0
4,17,0.84,845,1690,0,845,1690,0,0
4,18,0.16,156,312,0,156,312,0,0
5,0,1,23,23,0,0,0,0,0
5,12,5.71,2916,11448,276,2793,11172,0,0
5,13,5.96,2871,16702,41,2830,16661,0,0
5,14,13.36,3368,12595,2058,2729,10537,0,0
5,15,3.23,627,1206,612,198,594,0,0
5,16,8.91,846,2207,821,421,1264,0,0
5,17,7.36,263,676,473,0,0,0,0
5,18,1,22,22,22,0,0,0,0
5,43,3,838,1871,1085,393,786,0,0
5,46,0.1,2,2,2,0,0,0,0
5,86,0.9,73,145,145,0,0,0,0
5,87,0.03,13,38,0,13,38,0,0
5,89,2.07,231,461,43,22,43,0,0
5,90,3.39,423,1021,809,0,0,0,0
6,11,0.36,773,4633,0,773,4633,0,0
6,12,0.99,5998,33680,0,5998,33680,0,0
6,13,1.23,1801,10005,401,1601,9604,0,0
6,14,5.69,1054,2582,1618,325,649,0,0
6,15,0.22,41,115,18,32,96,0,0
6,16,2.46,294,912,34,211,632,0,0
6,17,4,545,901,901,0,0,0,0
6,35,1,44,88,88,0,0,0,0
6,41,1.42,86,86,80,0,0,0,0
6,42,10.07,495,807,755,1,1,0,0
6,44,0.37,63,125,0,0,0,0,0
6,45,12.26,767,1235,951,0,0,0,0
6,46,7.73,402,589,565,0,0,0,0
6,86,0.1,8,16,16,0,0,0,0
6,87,3.97,1160,2806,246,1033,2557,0,0
6,89,1.83,524,1048,271,43,86,0,0
6,90,7.57,890,1780,1522,1,3,0,0
6,93,0.5,149,298,298,0,0,0,0
6,94,0.01,3,7,7,0,0,0,0
7,10,1.29,915,4179,0,915,4179,0,0
7,11,3.31,4560,23768,0,4560,23768,0,0
7,12,0.11,392,2352,0,392,2352,0,0
7,13,0.81,732,2197,0,732,2197,0,0
7,14,5.19,969,2707,173,845,2534,0,0
7,15,1,214,642,642,0,0,0,0
7,17,2,109,109,109,0,0,0,0
7,20,2,173,346,346,0,0,0,0
7,40,0.04,7,13,13,0,0,0,0
7,41,18.3,1249,1952,1904,0,0,0,0
7,42,26.51,1381,1885,1577,0,0,0,0
7,43,21.15,968,2050,1216,21,62,0,0
7,44,12.53,1675,3200,1925,59,118,0,0
7,45,32.2,1392,2433,1989,0,0,0,0
7,46,0.65,14,16,12,0,0,0,0
7,47,1.22,411,1234,0,411,1234,0,0
7,48,0.01,2,6,0,2,6,0,0
7,88,3.29,197,358,210,9,13,0,0
7,89,7.93,967,1915,832,59,118,0,0
7,90,17.7,1471,3199,2114,24,49,0,0
7,93,5.59,779,1853,1853,0,0,0,0
7,94,6.74,628,1257,1257,0,0,0,0
8,13,15.28,1081,3561,2546,253,1011,0,0
8,14,11.67,2382,7385,161,2268,7223,0,0
8,15,2.05,83,214,45,12,23,49,146
8,38,2,103,163,119,0,0,0,0
8,39,3.45,301,590,578,0,0,0,0
8,40,11.99,1140,2047,1945,0,0,0,0
8,41,14.36,1092,2137,2106,0,0,0,0
8,42,13.5,983,1701,1496,0,0,0,0
8,43,39.48,1621,3235,2629,30,119,0,0
8,44,14.21,784,1539,1533,0,0,0,0
8,45,18.76,1133,2275,2094,0,0,0,0
8,46,9,453,780,647,0,0,0,0
8,47,10.97,1707,4198,1300,986,2698,0,0
8,48,1.81,568,1160,466,347,694,0,0
8,88,0.75,42,84,0,0,0,0,0
8,89,2.49,168,335,321,1,2,0,0
8,90,16.99,2239,5199,3090,47,94,0,0
8,91,12.43,1982,5018,2861,92,239,0,0
8,92,1.18,131,175,11,91,95,0,0
8,93,2.77,254,559,559,0,0,0,0
8,94,20.12,1361,3370,2641,80,181,0,0
8,95,2.22,146,383,320,0,0,0,0
8,97,0.62,362,723,0,362,723,0,0
8,98,0,1,3,0,1,3,0,0
8,125,1,8,8,1,1,1,0,0
8,126,1.03,107,359,299,3,7,0,0
8,127,9.22,2100,5498,1491,819,1708,0,0
9,14,28.84,896,1879,1812,0,0,0,0
9,37,1,99,99,99,0,0,0,0
9,38,17.77,1041,1637,1637,0,0,0,0
9,39,20.22,1188,2222,2100,0,0,0,0
9,40,17.01,1057,1863,1719,2,2,0,0
9,41,9.26,760,1588,1552,0,0,0,0
9,42,6.24,458,700,456,0,0,0,0
9,43,24.29,1686,3746,3192,0,0,0,0
9,44,18.73,857,1404,1221,0,0,0,0
9,45,13.14,837,1674,1440,0,0,0,0
9,46,23.66,1356,2569,1970,0,0,0,0
9,47,12.43,1007,2142,1413,0,0,0,0
9,48,3.21,326,844,596,0,0,0,0
9,90,11.94,1014,2685,2331,16,38,0,0
9,91,16.01,1116,2559,1367,48,129,0,0
9,92,17.51,2785,6961,3195,134,400,0,0
9,93,7.84,564,1322,999,20,47,0,0
9,94,16.09,1562,3314,664,425,870,0,0
9,95,17.83,1491,3360,2802,10,18,0,0
9,96,6.78,578,1365,305,193,383,0,0
9,97,1.29,669,1837,0,669,1837,0,0
9,98,0.09,51,102,0,51,102,0,0
9,125,9,550,1094,879,3,6,5,5
9,126,10.59,2282,5661,943,1502,3834,0,0
9,127,8.41,2617,7074,636,520,1344,0,0
10,14,0.16,13,39,39,0,0,0,0
10,36,0.79,9,9,9,0,0,0,0
10,37,4.26,663,1574,1574,0,0,0,0
10,38,14.72,858,1558,1503,0,0,0,0
10,39,12.51,626,1081,763,0,0,0,0
10,40,15.54,882,1818,1818,0,0,0,0
10,41,41.56,1811,3294,3072,0,0,0,0
10,42,18.58,1080,1978,1905,0,0,0,0
10,43,12.66,698,1375,1029,0,0,0,0
10,44,23.16,1552,3134,1833,538,1076,0,0
10,45,15.29,1484,3919,3594,0,0,0,0
10,46,11.48,1159,2968,2968,0,0,0,0
10,47,0,0,0,0,0,0,0,0
10,48,1.37,175,349,241,0,0,0,0
10,90,1.45,298,542,487,0,0,0,0
10,91,10.07,1256,2957,1814,96,274,0,0
10,92,8.54,1085,2310,1507,30,67,0,0
10,93,18.69,1591,3695,2703,78,154,0,0
10,94,20.72,2266,5023,2645,91,188,0,0
10,95,23.4,1824,3749,1700,102,215,0,0
10,96,19.21,2838,7134,2082,1260,3371,0,0
10,97,1.26,600,1801,0,600,1801,0,0
10,125,5.15,438,866,293,12,23,0,0
10,126,6.44,557,1087,1053,3,3,0,0
10,127,0.1,12,24,2,1,2,0,0
11,32,2.67,194,442,429,0,0,0,0
11,33,14.07,580,938,800,0,0,0,0
11,34,0.93,40,40,0,0,0,0,0
11,35,0,0,0,0,0,0,0,0
11,36,14.45,541,1041,1041,0,0,0,0
11,37,13.28,775,1495,1431,0,0,0,0
11,38,38.1,1563,2885,2683,0,0,0,0
11,39,32.55,2051,3800,3318,1,3,0,0
11,40,34.01,2234,4488,4240,0,0,0,0
11,41,20.6,977,1852,1613,0,0,0,0
11,42,5.97,816,1633,1373,40,81,0,0
11,43,16.85,1742,3576,3000,0,0,0,0
11,44,20,2133,4180,2577,154,307,0,0
11,45,7.92,1419,3728,3637,17,34,0,0
11,46,1.08,303,634,138,28,55,0,0
11,91,8.35,1157,2951,1078,40,108,0,0
11,92,20.15,2194,4914,2228,587,1154,0,0
11,93,7.28,692,1703,1030,23,46,0,0
11,94,23.64,1976,4898,2984,205,741,0,0
11,95,13.69,1918,4849,2345,132,342,0,0
11,96,18.48,1330,2709,1330,415,825,0,0
11,97,13.2,1664,3898,1339,90,237,0,0
11,98,17.02,1201,2435,2156,14,28,0,0
11,99,0.42,60,181,181,0,0,0,0
11,125,1,56,112,11,6,11,0,0
11,126,12.67,1352,2988,1753,17,48,0,0
11,127,3.64,479,957,532,14,28,0,0
12,32,0.4,301,301,301,90,90,0,0
12,33,3.86,766,955,844,148,148,0,0
12,34,10.79,1261,2609,2020,289,578,0,0
12,35,16,1721,3917,2259,106,319,0,0
12,36,11.03,1627,3719,1915,461,1366,0,0
12,37,13.06,1056,2497,1130,17,17,0,0
12,38,33.04,1311,2786,2166,0,0,0,0
12,39,30.08,1575,3228,2966,16,41,0,0
12,40,17.7,1805,4632,2637,647,1806,0,0
12,41,22.51,2054,4188,3159,194,388,0,0
12,42,27.16,2010,3967,3044,67,133,0,0
12,43,17.91,3365,6773,4702,91,181,0,0
12,44,2.16,1047,2093,295,594,1188,0,0
12,45,0.29,259,519,0,259,519,0,0
12,50,1.69,95,238,238,0,0,0,0
12,51,1.31,63,85,85,0,0,0,0
12,91,11.93,1249,2511,1342,45,91,0,0
12,92,24.28,1858,4760,3807,40,87,14,54
12,93,21.88,2434,7120,3467,104,287,558,2315
12,94,17.45,3007,8596,2274,980,3686,0,0
12,95,12.81,2668,6591,1955,446,1216,0,0
12,96,24.92,2598,5546,1642,229,487,0,0
12,97,22.86,1484,2944,2346,13,26,0,0
12,98,14.9,925,1799,1365,12,24,0,0
12,99,10.59,836,1784,1134,14,28,0,0
12,125,2.99,348,791,791,0,0,0,0
12,126,1.01,132,264,264,0,0,0,0
13,33,1,27,27,27,0,0,0,0
13,34,2.6,93,180,180,0,0,0,0
13,35,23.01,861,1577,1433,0,0,0,0
13,36,35.8,1802,3727,3242,0,0,0,0
13,37,11.04,699,1330,1163,0,0,0,0
13,38,23.57,1263,2603,1802,78,173,0,0
13,39,39.83,2203,5293,3372,138,366,0,0
13,40,19.69,2013,4121,3150,423,1167,0,0
13,41,19.92,1300,2692,2202,146,292,0,0
13,42,9.05,1332,3229,603,604,1278,0,0
13,43,0.15,75,152,4,74,148,0,0
13,90,1,20,20,2,2,2,0,0
13,91,28.89,2033,4369,3564,20,34,0,0
13,92,20.83,2138,5206,3618,173,500,0,0
13,93,14.51,2918,7584,1524,225,627,0,0
13,94,18.91,2440,6491,3431,441,1186,0,0
13,95,15.37,1849,5392,2846,719,1887,12,35
13,96,16.06,2491,6663,2539,186,497,9,9
13,97,16.23,1338,2692,2078,20,36,0,0
13,98,26.31,1626,3163,2095,42,75,0,0
13,99,15.51,1108,2181,1767,27,57,0,0
13,100,3.07,1089,3211,12,1083,3199,0,0
13,125,1.99,271,541,262,0,0,0,0
13,126,0.01,1,2,0,0,0,0,0
14,35,4.01,506,994,994,0,0,0,0
14,36,25.71,1662,3366,2873,0,0,0,0
14,37,20.85,1956,4301,3799,148,443,0,0
14,38,22.03,2053,5854,3267,95,215,558,2232
14,39,14.49,2433,6943,1142,1879,5584,0,0
14,40,6.6,654,1449,715,224,667,0,0
14,41,13.2,1094,2731,1968,37,73,0,0
14,42,5.15,1417,3798,495,1168,3304,0,0
14,90,8.06,712,1420,915,1,2,0,0
14,91,18.49,1706,3823,1906,64,178,0,0
14,92,17.46,1326,2809,1614,42,108,0,0
14,93,2.47,398,1046,309,25,75,0,0
14,94,7.6,1413,4233,3102,680,1698,0,0
14,95,29.9,2167,5361,3210,457,1312,0,0
14,96,18.53,2302,5521,2681,145,337,0,0
14,97,19.34,1902,4642,2416,143,343,0,0
14,98,18.82,1987,4433,1625,127,306,0,0
14,99,21.21,2303,4728,1741,1082,2164,0,0
14,100,12.39,959,2244,1530,180,408,0,0
14,101,4.55,303,606,595,1,1,0,0
14,125,1,122,244,244,0,0,0,0
15,33,0.02,13,26,3,1,3,0,0
15,34,7.11,1363,2608,537,99,187,0,0
15,35,7.39,444,837,739,0,0,0,0
15,36,12.66,556,1097,943,0,0,0,0
15,37,20.67,1421,2791,2512,0,0,0,0
15,38,18.26,1430,3408,3237,12,37,0,0
15,39,17.97,1245,3002,2801,0,0,0,0
15,40,3.12,262,519,25,247,494,0,0
15,41,0.03,6,12,0,5,10,0,0
15,42,0.02,4,8,0,4,8,0,0
15,61,0.51,607,1822,0,607,1822,0,0
15,62,2.37,230,499,234,16,29,0,0
15,63,1.92,510,1155,480,37,75,0,0
15,90,6,415,829,712,2,5,0,0
15,91,3,250,724,674,0,0,0,0
15,94,0.02,12,24,0,12,24,0,0
15,95,17.4,1936,4842,2228,94,226,0,0
15,96,13.24,1080,2480,1405,173,474,0,0
15,97,9.76,1408,3899,578,304,1067,0,0
15,98,18.33,2037,4863,2465,75,217,0,0
15,99,11.75,2056,5332,1486,135,393,10,10
15,100,3.08,2726,10634,77,2291,9627,0,0
15,101,0.35,749,3741,0,749,3741,0,0
16,34,1.75,74,205,133,4,8,0,0
16,35,11.73,942,2078,2016,0,0,0,0
16,36,0.34,31,62,62,0,0,0,0
16,37,0.74,4,4,4,0,0,0,0
16,38,5.75,2218,5669,501,1956,5161,0,0
16,39,2.33,96,190,190,0,0,0,0
16,41,2.92,1563,3107,298,1405,2809,0,0
16,42,0.9,638,1276,0,638,1276,0,0
16,61,0.39,473,1420,0,473,1420,0,0
16,62,1.61,1927,3972,132,1333,2784,0,0
16,63,1.2,377,754,75,38,75,0,0
16,91,5,477,946,939,1,1,0,0
16,92,1.11,135,270,270,0,0,0,0
16,93,0.67,73,145,145,0,0,0,0
16,94,3.46,416,805,805,0,0,0,0
16,95,5.98,1512,3410,1667,855,2097,0,0
16,96,19.97,2044,4891,2526,244,708,0,0
16,97,9.05,1533,3605,1175,590,1456,0,0
16,98,1.65,292,584,266,139,277,0,0
16,99,21.02,1183,2336,1801,9,14,0,0
16,100,3.62,1596,6729,513,1331,6200,0,0
17,33,4.79,237,424,400,0,0,0,0
17,39,0.67,38,76,76,0,0,0,0
17,40,2.33,32,60,60,0,0,0,0
17,41,4.17,374,530,530,38,76,0,0
17,90,0.72,29,47,37,0,0,0,0
17,91,2.28,60,95,72,1,1,0,0
17,92,9.71,1157,2008,1373,43,71,0,0
17,93,6.38,808,1616,1611,3,5,0,0
17,94,9.11,1112,2090,1787,151,302,0,0
17,95,5.53,501,1002,911,0,0,0,0
17,96,27.62,1562,3419,2626,118,332,0,0
17,97,4.73,1500,5092,4513,588,1804,0,0
17,98,12.97,1051,2069,1964,4,6,0,0
17,99,16.38,1170,2456,2356,3,6,0,0
17,100,1,115,229,229,0,0,0,0
17,119,1.72,313,814,814,0,0,0,0
17,120,1.96,359,718,537,0,0,0,0
18,33,0.21,29,57,57,0,0,0,0
18,93,0.68,94,188,188,0,0,0,0
18,94,5.08,643,1286,1286,0,0,0,0
18,95,1.23,586,1523,62,555,1461,0,0
18,96,9.08,1969,4068,480,1737,3481,0,0
18,97,7.99,936,2498,2102,119,242,0,0
18,98,13.01,975,1785,1697,2,4,0,0
18,99,15.03,1013,1829,1222,336,526,0,0
18,120,8.32,1024,2450,515,46,133,0,0
18,122,12.55,727,1394,921,18,31,0,0
18,123,1.34,50,85,71,0,0,0,0
19,32,2,808,2373,25,783,2348,0,0
19,88,1.78,531,1062,106,53,106,0,0
19,95,0.15,61,184,0,61,184,0,0
19,96,5.86,501,986,538,20,41,0,0
19,97,11.11,865,1695,1636,1,2,0,0
19,98,5.64,483,949,932,0,0,0,0
19,99,1,19,19,0,0,0,0,0
19,120,4.44,1514,4217,870,111,328,0,0
19,121,0.37,52,104,104,0,0,0,0
19,122,2.11,144,281,274,1,1,0,0
20,88,1.22,71,141,14,7,14,0,0
20,96,1.64,115,231,224,0,1,0,0
20,97,14.12,1009,1988,1519,20,39,0,0
20,98,4.52,2625,7127,0,2625,7127,0,0
20,120,8.01,572,1248,803,23,46,0,0
20,121,6.18,419,957,909,2,4,0,0
21,0,0.35,1641,6565,0,1641,6565,0,0
21,96,5.88,580,1148,1137,0,0,0,0
21,97,7.52,671,1322,1053,0,0,0,0
21,98,4.62,791,1211,324,623,875,0,0
21,99,3.18,2432,6024,0,2431,6023,0,0
21,100,1,19,38,0,19,38,0,0
21,116,0.08,179,358,0,179,358,0,0
21,117,1.09,250,554,0,250,554,0,0
21,119,3.14,918,2252,422,86,203,0,0
21,120,9.19,1634,4488,1921,63,168,0,0
21,121,0.1,17,52,52,0,0,0,0
21,122,2.57,598,1714,0,596,1711,0,0
21,123,2.9,488,1295,956,0,0,0,0
21,125,0.84,92,183,183,0,0,0,0
22,0,0.01,38,151,0,38,151,0,0
22,96,8.77,943,1834,1783,0,0,0,0
22,97,6,652,1258,720,0,0,0,0
22,98,16.88,1196,2424,1570,0,0,0,0
22,99,2.26,781,1559,0,777,1555,0,0
22,100,2.96,1455,3276,0,1455,3276,0,0
22,116,2.96,1559,3181,19,1501,3008,0,0
22,117,6.86,1620,3890,864,1128,2283,0,0
22,118,1.28,594,1535,154,59,154,0,0
22,119,11.22,1207,2884,990,114,271,0,0
22,120,9.21,1525,4311,1648,210,769,0,0
22,121,15.04,1600,4096,1154,423,887,0,0
22,122,13.7,1937,4985,2449,647,1929,0,0
22,123,7.8,919,2011,1239,40,104,0,0
22,124,4.4,286,622,395,10,25,0,0
22,125,7.16,659,1321,1073,2,5,0,0
23,31,9.04,1284,3326,537,947,2733,0,0
23,32,2.1,584,1160,8,576,1152,0,0
23,33,1.37,441,881,0,441,881,0,0
23,95,0.13,15,15,15,0,0,0,0
23,96,1.94,193,284,284,0,0,0,0
23,97,0.14,13,25,3,1,3,0,0
23,98,5.86,1250,2430,235,1001,2002,0,0
23,99,1.54,1101,2202,302,1101,2202,0,0
23,100,0.29,173,238,0,173,238,0,0
23,101,3.25,2092,7034,0,2092,7034,0,0
23,102,0.12,191,331,0,191,331,0,0
23,116,2,1167,3386,23,1063,3177,0,0
23,117,5,352,1049,800,8,15,0,0
23,118,8.11,1219,2598,1186,57,130,0,0
23,119,16.22,1641,3677,2640,49,96,0,0
23,120,7.62,1211,3089,1631,60,137,0,0
23,121,23.13,2347,6281,3230,181,386,341,1362
23,122,11.29,2819,8750,525,2373,7882,0,0
23,123,1.26,1582,4843,0,1582,4843,0,0
24,31,2.8,2164,5934,0,2164,5934,0,0
24,32,6.4,1514,3269,691,1129,2543,43,43
24,33,5.3,1454,3829,700,1274,3119,1,1
24,99,1.03,612,1814,0,612,1814,0,0
24,100,1.47,8763,25075,0,8763,25075,0,0
24,101,1.66,1810,3163,0,1810,3163,0,0
24,102,1.66,1294,2686,0,1294,2686,0,0
24,115,0.86,925,1850,0,925,1850,0,0
24,116,3.14,1079,2158,0,1079,2158,0,0
24,117,4.31,310,619,404,3,6,0,0
24,118,12.79,813,1965,1410,21,39,0,0
24,119,5.27,299,590,471,3,5,0,0
24,120,4.75,385,753,492,15,29,0,0
24,121,17.74,2224,4997,1628,172,368,0,0
24,122,1.01,457,1738,25,416,1657,0,0
24,123,0.08,116,466,0,116,466,0,0
25,33,0.98,221,443,44,22,44,0,0
25,100,0.33,6693,20078,0,6693,20078,0,0
25,101,0.08,1541,4622,0,1541,4622,0,0
25,102,0.18,467,467,0,467,467,0,0
25,103,0.3,804,804,0,804,804,0,0
25,113,1,6,6,1,1,1,0,0
25,117,0.69,49,97,0,0,0,0,0
25,118,0.1,19,57,57,0,0,0,0
25,119,0.03,5,15,15,0,0,0,0
25,120,1.87,180,360,214,0,0,0,0
25,121,2.78,292,560,518,4,5,0,0
25,122,1.42,86,168,162,1,1,0,0
26,6,0.4,344,1029,0,344,1029,0,0
26,7,7.79,1767,4272,657,1530,3615,0,0
26,66,1,29,29,3,3,3,29,29
26,100,0.14,2731,8192,0,2731,8192,0,0
26,101,0.01,140,419,0,140,419,0,0
26,102,0.12,308,308,0,308,308,0,0
26,103,0.4,1064,1064,0,1064,1064,0,0
26,113,1,16,16,2,2,2,0,0
26,123,2,91,158,134,0,0,0,0
27,7,0.81,374,749,0,374,749,0,0
27,8,4,112,172,172,0,0,0,0
27,10,3.2,122,243,243,0,0,0,0
27,11,0.99,56,56,56,0,0,0,0
27,115,1,37,73,0,37,73,0,0
28,9,22.09,913,1853,1017,16,33,0,0
28,10,4.71,289,486,274,0,0,0,0
28,11,0.01,0,0,0,0,0,0,0
28,74,0.35,83,167,17,8,17,0,0
28,75,0.65,151,303,30,15,30,0,0
28,76,1.01,266,533,533,0,0,0,0
28,77,0.02,4,7,7,0,0,0,0
29,8,2.83,261,620,316,0,0,0,0
29,9,19.52,1529,3176,2829,1,2,0,0
29,10,20.57,1313,3126,2433,0,0,0,0
29,11,2.65,65,121,9,0,0,0,0
29,12,1.33,19,19,19,0,0,0,0
29,68,2,108,216,159,3,6,0,0
29,76,13.53,1274,2454,1934,25,43,0,0
29,77,0.43,65,129,129,0,0,0,0
29,95,2,33,53,4,15,17,0,0
29,96,0,0,0,0,0,0,0,0
30,8,16.48,888,1917,1783,0,0,0,0
30,9,6.75,451,843,813,0,0,0,0
30,10,15.89,882,1774,1377,0,0,0,0
30,11,32.79,1707,3330,2918,0,0,0,0
30,12,11.96,637,1172,629,0,0,0,0
30,13,2,164,798,798,0,0,0,0
30,69,1.01,74,148,134,1,2,0,0
30,70,5.17,1289,2578,1029,81,161,0,0
30,71,1.8,361,723,497,8,16,0,0
30,72,0.99,75,150,150,0,0,0,0
30,75,1,34,34,3,3,3,0,0
30,76,12.35,785,1706,1146,8,19,0,0
30,77,1.89,252,482,461,2,2,0,0
30,95,18.57,623,1269,865,12,19,0,0
30,96,0.43,32,66,66,0,0,0,0
30,126,1.45,142,284,28,14,28,0,0
30,127,0.55,86,173,17,9,17,0,0
31,7,3.59,198,489,415,0,0,0,0
31,8,3.81,381,1048,1048,0,0,0,0
31,9,3,297,532,470,0,0,0,0
31,10,24.26,1230,2385,1801,0,0,0,0
31,11,30.41,2887,4998,4560,653,282,14,55
31,12,23.49,1851,4343,3272,41,101,142,566
31,13,23.36,2173,5460,3187,503,1149,0,0
31,14,1.94,322,645,557,44,87,0,0
31,19,5.05,96,148,84,0,0,0,0
31,20,13.83,856,1739,1074,2,6,0,0
31,21,2,510,1020,474,71,142,0,0
31,70,7.57,592,1302,838,3,5,0,0
31,71,24.53,2273,5001,2884,217,630,0,0
31,72,8.53,947,2150,1704,25,45,0,0
31,73,11.06,792,1751,892,39,75,0,0
31,74,25.08,1323,2706,1646,37,71,0,0
31,75,10.25,1513,3596,1842,48,140,0,0
31,76,18.82,2032,5080,3496,38,90,0,0
31,77,4.84,616,1333,987,17,30,0,0
31,78,9.51,1588,4337,1266,64,175,0,0
31,80,0.02,38,113,0,38,113,0,0
31,95,9.95,641,1286,997,0,0,0,0
31,96,0.05,5,10,10,0,0,0,0
32,7,0.34,131,391,391,0,0,0,0
32,8,2.25,291,834,834,0,0,0,0
32,9,16.15,690,1420,1194,0,0,0,0
32,10,20.16,1196,2580,1531,0,0,0,0
32,11,24.82,1658,3015,2183,301,2,94,375
32,12,4.9,409,1284,612,0,0,149,595
32,13,26.03,1900,4795,1804,969,2815,0,0
32,14,16.81,1443,3037,1417,385,1014,0,0
32,18,5.82,201,336,304,0,0,0,0
32,19,17.69,979,2179,1977,0,0,0,0
32,20,15.72,1973,4521,1464,137,302,0,0
32,71,2.4,146,304,161,10,16,0,0
32,72,19.91,1828,4146,1950,82,204,0,0
32,73,13.32,2158,4427,451,1321,2620,0,0
32,74,15.29,1871,4199,1243,130,316,0,0
32,75,11.34,1790,3798,1594,48,95,0,0
32,76,11.73,1022,2141,1672,22,44,0,0
32,77,13.34,1940,4930,886,611,1318,0,0
32,78,9.66,1976,4856,1567,419,891,0,0
32,79,0.61,494,1034,0,494,1034,0,0
32,80,2.85,5067,14993,0,5067,14993,0,0
32,81,1.1,1077,3943,0,1077,3943,0,0
32,93,1.05,141,302,302,0,0,0,0
32,94,7.2,899,2574,1358,49,135,0,0
32,95,5.61,747,1728,685,17,46,0,0
32,96,9.47,1664,2790,1186,783,1011,0,0
32,97,2.06,180,456,443,4,13,0,0
33,9,15.31,564,1045,884,0,0,0,0
33,10,13.26,1083,2111,1718,0,0,0,0
33,11,7.12,433,959,863,0,0,0,0
33,12,2.61,641,1349,11,630,1338,0,0
33,13,3.82,9175,22912,46,9129,22866,0,0
33,14,20.34,2419,6152,2188,1133,3400,0,0
33,15,8.22,384,749,725,0,0,0,0
33,17,0.95,7,7,7,0,0,0,0
33,18,19.82,1074,2385,1859,0,0,0,0
33,19,25.21,1704,3662,2846,0,0,0,0
33,20,0.02,1,3,0,0,0,0,0
33,71,3,66,98,10,7,10,0,0
33,72,13.54,1329,2694,1610,50,96,0,0
33,73,15.88,2547,7237,2046,854,2528,0,0
33,74,37.93,2624,6044,2725,214,501,0,0
33,75,6.98,2246,6264,929,503,1482,0,0
33,76,18.77,1803,3991,2271,85,164,0,0
33,77,13.69,1361,3043,1425,346,709,0,0
33,78,10.71,921,1864,962,86,213,0,0
33,79,3.23,215,520,371,7,13,0,0
33,80,4.77,1453,3887,1199,883,2645,0,0
33,94,7.51,1232,3300,742,94,259,0,0
33,95,12.65,1125,2754,1909,28,68,0,0
33,96,17.34,3270,7146,2210,1799,4039,0,0
33,97,12.4,1816,4006,1771,787,1791,0,0
33,98,4.47,1221,3008,129,639,1853,0,0
33,99,1,12,12,1,1,1,0,0
33,100,0.8,575,1726,0,575,1726,0,0
33,101,2,27,27,3,3,3,0,0
34,9,4.31,147,189,178,0,0,0,0
34,10,18.43,883,1725,1176,0,0,0,0
34,11,12.92,770,1532,1267,0,0,0,0
34,12,1.22,204,603,116,204,603,0,0
34,13,1.76,7877,23619,1,7877,23619,0,0
34,14,6.61,2771,7964,603,2448,7343,0,0
34,15,28.85,2242,4930,3918,74,147,0,0
34,16,17.35,1191,2210,2044,0,0,0,0
34,17,14.16,886,1852,1130,0,0,0,0
34,18,8.87,571,1124,862,0,0,0,0
34,19,2.54,152,309,309,0,0,0,0
34,72,6.62,468,936,790,8,16,0,0
34,73,0.85,193,486,49,19,49,0,0
34,74,18.44,2359,6201,2246,77,191,0,0
34,75,24.92,2654,6624,3152,874,2232,0,0
34,76,18.6,1667,4031,1810,567,1494,0,0
34,77,26.11,2458,7368,3247,50,137,494,2057
34,78,26.9,1814,3633,2518,122,237,0,0
34,79,21.91,1917,4186,1787,267,550,0,0
34,80,5.71,565,1134,658,39,82,0,0
34,81,7.58,659,1312,1016,17,33,0,0
34,92,1.76,478,1543,110,147,552,0,0
34,93,2.67,447,1249,404,34,94,0,0
34,94,9.55,846,2060,1826,1,1,0,0
34,95,17.62,1903,5141,1938,450,1627,118,444
34,96,11.4,1408,3249,1984,44,112,166,501
34,97,1.95,247,486,478,1,1,0,0
34,98,10.53,1242,2786,1604,391,1105,0,0
34,100,0.2,147,440,0,147,440,0,0
35,9,5.41,517,1020,1020,0,0,0,0
35,10,6.26,546,1498,611,327,887,0,0
35,11,20.35,2149,5486,2357,1044,3107,0,0
35,12,5.38,236,451,344,25,75,0,0
35,13,1.37,2042,5991,0,1908,5723,0,0
35,14,0.61,3073,9218,0,3073,9218,0,0
35,15,7.3,1957,5457,403,1627,4881,0,0
35,16,27.93,1186,2095,1870,0,0,0,0
35,17,27.59,1684,3861,3120,37,112,0,0
35,18,15.45,880,1855,1473,164,297,0,0
35,19,2.25,191,514,514,0,0,0,0
35,73,1.6,113,226,23,11,23,0,0
35,74,13.32,1143,2727,1619,1,2,0,0
35,75,28.42,2259,5292,2613,120,289,0,0
35,76,29.09,1967,4069,2389,60,117,0,0
35,77,13.14,1235,3042,1933,27,70,0,0
35,78,10.73,951,1959,414,61,125,0,0
35,79,1.67,144,308,180,6,14,0,0
35,80,0.09,2131,6394,0,2131,6394,0,0
35,81,0.36,8325,24975,0,8325,24975,0,0
35,82,0.22,5006,15018,0,5006,15018,0,0
35,83,0.02,554,1661,0,554,1661,0,0
35,94,2.04,195,555,75,0,0,0,0
35,95,21.34,1515,3497,2734,29,58,0,0
35,96,17.34,2154,4932,2741,681,1568,0,0
35,97,19.3,2029,4323,1881,476,1057,0,0
35,98,15.23,1180,2331,1983,1,1,6,12
35,99,1,109,217,217,0,0,0,0
36,11,1.64,112,222,206,0,0,0,0
36,12,5.44,369,734,617,0,0,0,0
36,13,0.6,3086,9259,0,3086,9259,0,0
36,14,0.01,63,189,0,63,189,0,0
36,15,8.91,323,602,591,0,0,0,0
36,16,19.09,1437,3018,2871,1,1,0,0
36,17,7.73,469,1112,917,0,0,0,0
36,18,4.42,736,1593,121,681,1457,0,0
36,19,7.75,1723,4918,440,862,2575,0,0
36,20,1,10,10,1,1,1,0,0
36,73,0.16,9,18,2,1,2,0,0
36,74,7.2,450,897,256,28,58,0,0
36,75,17.55,1325,2774,1010,261,714,0,0
36,76,20.81,1626,3604,2405,45,103,0,0
36,77,20.54,1617,3512,2235,17,41,0,0
36,78,19.12,1756,3516,2006,65,143,0,0
36,79,3.12,514,1097,163,32,79,0,0
36,80,1.3,254,709,70,28,79,0,0
36,81,0.08,1814,5443,0,1814,5443,0,0
36,82,0.22,5046,15138,0,5046,15138,0,0
36,83,0.01,280,839,0,280,839,0,0
36,95,17.25,1326,2706,1959,29,54,0,0
36,96,12.41,1757,4094,1247,357,773,0,0
36,98,2.94,199,396,395,0,0,0,0
36,99,8.03,368,724,708,2,2,0,0
37,12,5.07,332,655,655,0,0,0,0
37,13,13.63,1051,2051,2051,0,0,0,0
37,14,9.39,414,692,659,0,0,0,0
37,15,25.08,1234,2422,1923,0,0,0,0
37,16,0.51,9,9,1,1,1,0,0
37,19,5.69,501,1138,829,1,1,107,213
37,75,2.51,844,1837,29,712,1573,0,0
37,76,12.85,783,1686,1501,3,3,0,0
37,77,15.14,1444,3120,1857,7,12,0,0
37,78,8.27,595,1352,536,35,79,0,0
37,79,23.46,1653,3564,1981,117,188,0,0
37,80,0.39,298,894,89,30,89,0,0
37,95,14.75,1314,3214,634,112,274,0,0
37,96,14.61,1395,2702,1658,37,66,0,0
37,97,10.52,918,1924,951,45,98,13,26
37,98,2,153,304,302,0,0,0,0
37,99,3,271,542,542,0,0,0,0
38,7,1,5,5,0,0,0,0,0
38,8,1,47,94,9,5,9,0,0
38,12,3.71,205,384,359,0,0,0,0
38,13,8.91,572,1125,1080,0,0,0,0
38,14,5.71,322,704,704,0,0,0,0
38,15,8.57,709,1476,802,0,0,0,0
38,19,4.98,717,1663,1022,36,71,0,0
38,20,15.27,829,1652,1126,2,3,0,0
38,21,2,31,31,31,0,0,0,0
38,79,0.51,54,108,107,0,0,0,0
38,80,1.08,217,435,417,1,2,0,0
38,81,1.6,828,909,28,754,762,0,0
38,82,0.32,345,345,0,345,345,0,0
38,96,5.79,301,713,642,3,3,0,0
38,127,1,25,50,5,3,5,0,0
39,13,8.16,495,1004,807,0,0,0,0
39,14,5.86,435,869,583,0,0,0,0
39,15,1.99,34,37,31,0,0,0,0
39,20,7.27,513,1105,624,4,4,0,0
39,21,2.71,222,670,111,135,529,0,0
39,23,4.32,291,600,311,8,8,0,0
39,24,0.68,24,49,3,0,0,0,0
39,96,0.21,6,6,0,0,0,0,0
40,12,2.89,220,598,598,0,0,0,0
40,13,0.98,141,283,283,0,0,0,0
40,14,1.98,122,122,122,0,0,0,0
40,20,8.58,1088,2678,841,438,990,0,0
40,21,20.7,1479,3223,1641,114,255,0,0
40,22,9.05,1442,2560,932,604,1022,0,0
40,23,3.6,542,1301,143,249,714,0,0
40,111,1,120,361,361,0,0,0,0
40,112,0.6,44,87,0,0,0,0,0
40,113,0.4,29,59,0,0,0,0,0
41,12,5.14,285,550,512,0,0,0,0
41,20,4.52,499,1239,220,389,1020,0,0
41,21,17.85,1384,3486,1182,469,1285,0,0
41,22,7.15,470,1060,753,81,199,0,0
41,106,2,488,976,239,13,27,0,0
41,111,3.02,160,299,234,2,5,0,0
41,112,5.54,2068,4500,1405,304,607,0,0
41,113,2.52,390,765,12,369,739,0,0
41,114,0.98,265,531,0,265,531,0,0
41,115,0.02,5,9,0,5,9,0,0
42,21,0.7,91,180,177,0,0,0,0
42,22,16.71,1153,2356,1900,13,27,0,0
42,23,1,41,41,0,0,0,0,0
42,111,8.19,1725,3815,1329,1029,2441,0,0
42,112,1.52,970,2796,225,857,2570,0,0
42,113,14.22,2157,5443,896,1111,2741,0,0
42,114,4.86,656,1705,1018,24,72,0,0
42,115,5.38,439,675,644,3,3,0,0
42,116,0.24,28,56,56,0,0,0,0
43,22,3.93,237,552,470,2,4,0,0
43,23,7.28,938,1738,674,53,106,0,0
43,110,1,49,99,0,0,0,0,0
43,111,3.06,92,176,97,5,9,0,0
43,112,14.84,1494,3474,1648,448,1201,0,0
43,113,10.79,1099,2827,1102,174,508,0,0
43,114,12,2464,6901,2215,732,1983,0,0
43,115,12.86,1922,5437,3361,36,85,328,1312
43,116,3.57,313,688,645,2,5,0,0
44,23,4,172,341,327,1,2,0,0
44,112,1,8,8,1,1,1,0,0
44,113,6.46,622,1233,267,52,103,0,0
44,114,8.89,1228,3139,879,112,288,4,4
44,115,7.86,1418,2929,1545,77,154,0,0
44,116,5.2,1102,2209,309,941,1883,0,0
45,115,2.34,58,98,81,1,1,0,0
45,116,1.66,90,166,154,1,1,0,0
46,39,0.74,960,2880,0,960,2880,0,0
46,40,2,631,1832,12,576,1722,0,0
47,39,2.26,634,1793,600,344,1022,0,0
49,59,1,154,461,461,0,0,0,0
49,106,1.28,316,884,13,258,769,0,0
49,107,2.72,248,495,50,25,50,0,0
50,124,1,32,32,32,0,0,0,0
51,27,0.14,34,68,68,0,0,0,0
51,28,2.63,305,759,349,15,46,0,0
52,27,0.49,138,276,124,8,17,0,0
52,28,2.74,859,2185,81,506,1480,0,0
53,39,1,44,88,9,4,9,0,0
55,58,0,2,6,0,2,6,0,0
55,59,0.27,3210,12842,0,3210,12842,0,0
55,60,0.12,1460,5841,0,1460,5841,0,0
55,110,3.26,564,1470,409,428,961,0,0
55,111,1.78,483,1462,182,97,290,0,0
56,59,0.53,7370,27531,0,7370,27531,0,0
56,60,0.29,5293,17741,0,5293,17741,0,0
56,101,1,18,37,4,2,4,0,0
56,110,3.81,672,1467,0,672,1467,0,0
56,111,0.15,13,39,0,13,39,0,0
57,59,0.17,4142,12427,0,4142,12427,0,0
57,60,0.37,9156,27469,0,9156,27469,0,0
57,61,0.01,192,575,0,192,575,0,0
58,59,0.03,694,2081,0,694,2081,0,0
58,60,0.19,4740,14219,0,4740,14219,0,0
58,61,0.01,348,1043,0,348,1043,0,0
58,66,4.6,324,921,603,10,28,0,0
58,67,1.12,619,1856,186,62,186,0,0
58,72,1,18,36,0,0,0,0,0
58,111,1,46,46,5,5,5,46,46
59,49,0.7,945,1890,0,945,1890,0,0
59,50,0.3,398,796,0,398,796,0,0
59,64,0.16,23,47,47,0,0,0,0
59,65,9.68,642,1129,982,11,11,0,0
59,66,8.72,736,1488,622,42,85,0,0
59,67,5.12,812,1997,741,47,131,0,0
60,50,7.22,1488,4168,552,997,2971,0,0
60,63,0.44,33,66,7,3,7,0,0
60,64,2.91,320,640,465,0,0,0,0
60,65,1.22,173,347,56,16,32,0,0
60,66,10.43,714,1481,1412,3,4,0,0
60,67,6.18,482,1120,1068,0,0,0,0
60,68,1.56,343,687,284,0,0,0,0
60,72,0.46,364,727,73,36,73,0,0
61,17,3.17,1744,4423,0,1744,4423,0,0
61,18,8.51,915,2591,53,717,2118,0,0
61,49,0.47,44,131,131,0,0,0,0
61,50,7.26,825,2784,747,63,226,0,0
61,51,1.71,260,521,507,1,1,0,0
61,52,1,51,152,0,0,0,51,152
61,54,1.44,80,100,10,8,10,0,0
61,55,3.56,196,332,287,3,5,0,0
61,56,0.96,288,575,575,0,0,0,0
61,58,3.89,555,1110,340,21,42,0,0
61,61,7.87,1122,3130,313,112,313,0,0
61,62,4.83,1032,2704,338,81,226,0,0
61,63,5.94,1309,2631,788,102,201,0,0
61,64,0.09,14,28,28,0,0,0,0
61,65,7.01,697,1437,577,45,94,0,0
61,66,7.22,695,1358,1025,9,14,0,0
61,67,5.39,948,2120,1377,21,58,0,0
61,68,9.12,977,2253,1696,37,93,0,0
61,69,0.01,4,8,8,0,0,0,0
61,71,3.48,402,818,179,31,63,0,0
61,72,8.65,1529,3525,1283,717,1434,0,0
61,73,4.42,730,2151,489,63,185,0,0
61,74,0.55,123,369,369,0,0,0,0
62,17,0.33,127,382,0,127,382,0,0
62,18,1.99,361,988,99,36,99,0,0
62,36,1,114,229,229,0,0,0,0
62,49,0.57,40,114,28,3,10,0,0
62,50,2.48,219,536,275,10,29,0,0
62,51,10.06,2851,10379,1106,2449,8958,0,0
62,52,0.23,17,49,5,2,5,0,0
62,56,0.04,11,22,22,0,0,0,0
62,58,0.11,19,38,38,0,0,0,0
62,59,1,37,74,0,0,0,0,0
62,60,2.02,83,237,232,1,1,0,0
62,61,3.91,553,1503,939,22,63,0,0
62,62,0,0,0,0,0,0,0,0
62,66,3,228,453,450,0,0,0,0
62,67,1,178,355,355,0,0,0,0
62,68,11.48,836,1794,1252,63,118,0,0
62,69,11.29,911,1820,1113,11,23,0,0
62,70,12.57,1006,2308,1572,59,155,0,0
62,71,23.03,2025,4548,2606,62,161,0,0
62,72,14.21,1220,2695,2222,46,92,0,0
62,73,13.61,1278,2734,1295,64,134,0,0
62,74,2.94,296,548,312,15,26,0,0
62,75,0,1,1,0,0,0,0,0
62,85,1,56,56,6,6,6,0,0
62,86,0,0,0,0,0,0,0,0
63,37,4,466,933,933,0,0,0,0
63,51,5.95,750,1916,1047,27,59,0,0
63,52,2,90,179,8,4,8,0,0
63,54,4,474,1560,714,24,86,0,0
63,57,3,309,840,730,5,10,0,0
63,59,0.25,24,47,5,2,5,0,0
63,60,3.75,180,357,36,18,36,0,0
63,65,1.03,39,83,20,4,7,0,0
63,66,1.97,243,729,729,0,0,0,0
63,68,1.66,167,334,177,71,142,0,0
63,69,14.9,1044,2418,1035,21,48,0,0
63,70,22.89,2090,4629,2893,82,180,0,0
63,71,4.03,815,1653,203,643,1288,0,0
63,72,10.31,1108,2516,1809,263,627,0,0
63,73,6.56,543,780,693,2,2,0,0
63,74,1.28,175,241,182,3,7,0,0
63,75,0.9,315,629,63,31,63,0,0
63,92,3,141,364,258,6,12,0,0
63,94,0.09,1,2,0,0,0,1,2
63,95,0.91,10,20,0,0,0,10,20
63,102,1,128,385,385,0,0,0,0
64,37,8.76,683,1479,1423,2,4,0,0
64,38,3.9,466,1350,1289,4,7,0,0
64,40,1,79,237,237,0,0,0,0
64,51,1.05,140,313,21,11,21,0,0
64,63,2.34,146,306,120,10,21,0,0
64,64,3.77,393,1071,701,3,9,0,0
64,65,12.54,1462,3690,2777,12,27,0,0
64,66,0.19,49,98,98,0,0,0,0
64,68,0.73,25,50,5,2,5,0,0
64,69,2.68,367,897,196,196,578,0,0
64,70,14.97,1523,3628,2554,196,555,0,0
64,71,11.07,952,1978,1474,102,203,0,0
64,72,11.63,3093,7696,5446,848,2184,0,0
64,73,5.42,2342,6852,197,2173,6513,0,0
64,74,0.21,289,866,0,289,866,0,0
64,83,2,78,156,16,8,16,0,0
64,84,0.1,15,46,0,0,0,0,0
64,94,1.26,230,460,460,0,0,0,0
64,95,8.53,2191,7054,1005,1652,4779,0,0
64,96,0.16,1,4,0,0,0,0,0
64,99,6.2,544,1078,1018,4,7,0,0
64,100,2.11,604,1765,2,583,1745,0,0
64,101,1.32,2532,5330,0,2532,5330,0,0
65,37,0.11,20,40,0,20,40,0,0
65,38,10.96,1655,4301,1612,1006,2558,0,0
65,39,3.18,376,841,805,2,4,0,0
65,40,1.1,130,510,510,0,0,0,0
65,64,3,365,930,846,0,0,0,0
65,65,4.98,524,1333,798,17,49,0,0
65,66,5.26,650,1531,828,34,72,0,0
65,68,2.03,589,1207,0,589,1207,0,0
65,69,9.81,979,2670,912,515,1535,0,0
65,70,18.99,2459,5006,2171,1246,2556,31,125
65,71,22.07,2349,6578,1997,862,2528,313,1253
65,72,28.01,2621,5441,2960,230,454,0,0
65,73,10.61,2465,6254,1105,1744,4384,0,0
65,74,1.05,193,455,246,70,210,0,0
65,75,1.3,62,123,74,0,0,0,0
65,76,1,55,55,6,6,6,0,0
65,84,4.9,476,1236,685,1,4,0,0
65,93,5.05,314,763,481,14,27,0,0
65,94,1.05,202,519,512,0,1,0,0
65,95,1.31,67,211,22,7,21,0,0
65,96,10.96,598,1365,964,17,35,0,0
65,97,21.04,1185,2635,1521,31,80,0,0
65,98,3.05,230,384,154,9,17,0,0
65,99,27.25,1562,3367,1611,26,49,0,0
65,100,5.57,773,1685,701,55,109,0,0
65,101,3,267,716,546,0,0,0,0
66,37,1.88,260,435,305,36,63,0,0
66,38,9.95,1459,3878,761,869,2486,0,0
66,39,8.56,622,1450,1160,13,26,0,0
66,40,1.38,75,114,11,8,11,0,0
66,53,0.13,20,41,4,2,4,0,0
66,65,3.25,131,258,169,0,0,0,0
66,66,7.83,919,2349,756,62,176,0,0
66,70,2.56,214,555,80,10,20,66,266
66,71,16.42,1571,3438,792,383,1007,90,360
66,72,0.88,435,870,869,0,0,0,0
66,73,9.83,763,1942,1180,26,73,0,0
66,74,22.31,1233,2594,2226,24,41,0,0
66,75,6.84,890,2156,1323,29,85,0,0
66,76,0.69,33,66,66,0,0,0,0
66,93,4.18,346,663,562,7,11,0,0
66,94,8.34,780,1776,1300,18,27,0,0
66,95,12.03,843,1683,831,38,71,0,0
66,96,26.02,2228,5326,3030,165,388,0,0
66,97,35.38,3110,7003,2451,1420,3709,0,0
66,98,17.05,1172,2508,572,96,207,0,0
66,99,13.16,924,1837,1520,13,25,0,0
66,100,9.28,3616,7236,278,2467,4934,0,0
66,101,7.12,844,1687,1637,3,6,0,0
66,102,8.22,677,1346,1338,1,1,0,0
66,103,1.84,361,721,491,162,325,0,0
66,118,8.22,692,1507,214,335,678,0,0
67,37,4.24,209,400,157,5,9,0,0
67,38,10.33,682,1582,783,14,27,0,0
67,39,13.97,1154,2618,2130,6,11,0,0
67,40,1.85,134,268,15,8,15,0,0
67,41,1.84,271,476,47,27,47,0,0
67,53,0.87,137,274,27,14,27,0,0
67,65,2.91,140,265,187,5,9,0,0
67,66,3.07,334,663,598,0,0,0,0
67,67,6.81,428,793,571,8,13,0,0
67,68,2.24,145,263,240,3,3,0,0
67,70,0.01,1,2,0,0,0,0,0
67,71,2.21,130,192,19,13,19,0,0
67,72,1.77,685,2054,848,45,134,0,0
67,73,12.19,1040,2400,1541,26,70,0,0
67,74,0.11,81,244,26,8,24,0,0
67,75,14.54,1598,3920,972,128,319,0,0
67,76,2.23,1358,3997,43,1287,3856,0,0
67,94,17.61,1202,2431,1845,21,41,0,0
67,95,22.59,1879,4834,1388,144,369,546,1637
67,96,28.02,1983,4147,2484,212,417,0,0
67,97,23.55,1790,4281,1938,59,149,0,0
67,98,23.22,1593,3433,1984,66,154,0,0
67,99,17.87,1507,3248,795,414,833,0,0
67,100,1.82,183,536,54,18,54,0,0
67,101,0.38,6,6,1,1,1,0,0
67,102,0.55,12,15,7,1,1,0,0
67,103,0.89,312,625,545,122,243,0,0
67,116,1,6,6,0,6,6,0,0
67,118,0.78,154,308,31,15,31,0,0
68,36,1,82,163,16,8,16,0,0
68,37,15.33,1226,2305,1486,44,82,0,0
68,38,13.6,854,1449,1128,9,13,0,0
68,39,5.13,538,1064,93,31,63,0,0
68,40,16.6,1816,3991,2320,12,28,371,743
68,41,4.55,263,528,364,3,3,0,0
68,42,1.86,545,998,9,462,915,0,0
68,66,1,155,465,465,0,0,0,0
68,67,3.05,281,557,412,8,16,0,0
68,68,1.4,172,344,344,0,0,0,0
68,69,13.16,1188,2566,1315,60,139,0,0
68,70,14.02,1231,2735,2296,24,49,0,0
68,71,8.93,574,1201,1084,8,13,0,0
68,72,4.64,405,809,609,4,9,0,0
68,73,6.21,483,1112,472,25,60,0,0
68,75,4.88,378,770,706,4,7,0,0
68,76,3.17,235,470,387,5,9,0,0
68,94,0.52,73,146,15,7,15,0,0
68,95,8.5,1021,2756,554,261,593,0,0
68,96,6.06,425,838,270,33,64,0,0
68,97,9.91,1007,2344,729,52,134,0,0
68,98,8.16,360,670,312,21,38,0,0
68,99,6.5,1046,2202,591,617,1244,0,0
68,104,0.31,233,931,0,233,931,0,0
68,116,7.43,1839,5517,725,177,532,0,0
68,117,6.2,1237,3989,2834,42,128,0,0
69,11,0,0,0,0,0,0,0,0
69,12,4,388,777,78,39,78,0,0
69,37,10.41,1188,2527,1283,51,110,0,0
69,38,12.96,1523,3419,1617,128,294,0,0
69,39,16.36,950,1900,1523,20,37,0,0
69,40,21.03,1645,3717,2534,142,284,0,0
69,41,10.22,687,1524,594,163,320,0,0
69,42,6.03,1081,2003,450,341,432,0,0
69,66,1,63,63,6,6,6,0,0
69,68,4,326,640,599,3,5,0,0
69,69,6.73,697,2303,902,38,145,0,0
69,70,0.44,74,221,221,0,0,0,0
69,71,0.42,59,177,177,0,0,0,0
69,73,1.41,223,633,569,4,7,0,0
69,75,2.9,135,271,219,1,2,0,0
69,76,10.2,1215,2872,970,65,175,0,0
69,77,3.2,306,599,338,17,29,0,0
69,92,0.44,56,112,112,0,0,0,0
69,93,2.38,218,530,426,0,0,0,0
69,95,3.52,164,403,318,5,9,0,0
69,96,2.91,268,593,533,0,0,0,0
69,97,2.89,136,272,103,3,7,0,0
69,98,1,65,131,131,0,0,0,0
69,99,7.86,1090,2866,447,100,269,0,0
69,100,8.09,398,856,754,4,7,0,0
69,101,0.91,28,28,0,0,0,0,0
69,103,0.79,1479,5916,0,1479,5916,0,0
69,104,9.32,2634,8044,509,2357,7482,0,0
69,105,0.3,24,49,0,23,47,0,0
69,116,2.28,840,2519,252,84,252,0,0
69,117,1.09,105,290,29,10,29,0,0
69,118,5,627,1824,876,288,858,0,0
70,11,3,176,529,53,18,53,0,0
70,13,1,72,144,14,7,14,0,0
70,37,5.13,623,1691,488,327,978,0,0
70,38,7.05,352,677,440,3,6,0,0
70,39,14.02,1459,3059,1654,174,362,0,0
70,40,24.35,1955,4586,2286,533,1083,0,0
70,41,22.69,1287,3068,1768,95,216,0,0
70,42,13.94,1706,4639,758,1248,3757,0,0
70,43,10.1,1774,6802,0,1774,6802,0,0
70,45,0.39,19,39,4,2,4,0,0
70,46,0.41,21,43,7,2,4,0,0
70,72,0.23,521,1564,0,521,1564,0,0
70,73,3.07,2438,6398,183,1613,4748,0,0
70,74,1,73,145,145,0,0,0,0
70,77,5.7,826,1964,1547,0,0,0,0
70,91,4.98,536,1271,624,0,0,0,0
70,92,4.61,223,424,388,1,2,0,0
70,93,8.64,762,1534,1175,129,305,0,0
70,94,8.3,393,761,502,13,26,0,0
70,95,0.25,182,545,55,18,54,0,0
70,96,8.78,1634,4327,519,662,1795,0,0
70,97,12.54,1193,2482,1720,41,79,0,0
70,98,9.94,748,1434,1124,15,27,0,0
70,99,0.15,34,67,67,0,0,0,0
70,100,2.02,36,73,11,3,7,0,0
70,103,0.09,165,659,0,165,659,0,0
70,104,3.02,1851,5865,154,1504,4479,0,0
70,105,4.18,720,1477,46,458,1061,0,0
70,124,2.72,922,2558,214,71,214,0,0
70,125,5.07,2466,5142,347,1418,2014,0,0
70,126,0.4,438,438,0,438,438,0,0
71,38,0.34,20,39,39,0,0,0,0
71,39,10.21,622,1412,863,11,26,0,0
71,40,11.79,1544,4388,1351,683,2152,0,0
71,41,10.34,1358,3373,2066,29,55,0,0
71,42,11.78,2019,5472,1244,1524,4196,0,0
71,43,4.5,2256,13884,0,2180,13808,0,0
71,45,0.01,0,1,0,0,0,0,0
71,46,7.66,546,1237,1107,10,14,0,0
71,73,0.08,177,530,0,177,530,0,0
71,92,9.77,523,1025,567,44,87,0,0
71,93,23.92,3413,9724,4208,1538,4537,0,0
71,94,21.7,2055,5544,2708,377,1133,0,0
71,95,14.99,1190,2638,2082,16,51,0,0
71,96,22.73,1829,4029,1731,655,1437,0,0
71,97,3.68,332,792,343,19,50,0,0
71,98,12.29,948,2334,1873,19,35,0,0
71,99,11.75,1413,2879,2179,10,21,0,0
71,100,3.98,164,263,203,7,7,0,0
71,112,0.23,15,31,31,0,0,0,0
71,113,0.77,51,102,102,0,0,0,0
71,124,0.02,9,25,2,1,2,0,0
71,125,0.53,594,673,12,559,567,0,0
71,126,0.26,295,295,0,295,295,0,0
72,11,1,86,0,0,9,0,86,0
72,38,1.1,237,667,579,102,262,0,0
72,39,5.36,937,1728,796,538,930,0,0
72,40,0.26,139,555,0,139,555,0,0
72,41,1.84,343,1215,1186,15,29,0,0
72,42,1.73,284,553,539,2,2,0,0
72,43,0.2,20,20,0,0,0,0,0
72,44,0.03,3,5,5,0,0,0,0
72,45,6.23,637,1443,1014,0,0,0,0
72,46,7.51,382,856,294,7,8,0,0
72,93,8.35,257,477,333,7,11,0,0
72,94,15.93,1026,2618,1295,30,92,0,0
72,95,32.37,2653,6602,4772,40,79,0,0
72,96,24.87,1443,3179,1914,30,59,0,0
72,97,2.29,236,472,436,2,4,0,0
72,98,33.84,2614,6109,2796,134,341,0,0
72,99,7.14,687,1573,488,48,114,0,0
72,109,0.09,372,1861,0,372,1861,0,0
72,110,2.21,1059,7111,0,1059,7111,0,0
73,38,3,1704,3370,24,1670,3336,0,0
73,41,14.16,2062,5963,883,1667,4843,0,0
73,42,9.52,1857,4986,398,696,1870,0,0
73,43,7.83,740,1669,1349,12,34,0,0
73,44,8.56,726,1545,1093,18,48,0,0
73,45,5.04,603,1189,806,22,43,0,0
73,46,6.76,508,765,319,30,42,0,0
73,95,19.38,1442,3407,1238,91,215,0,0
73,96,19.46,2063,5855,1953,74,217,396,1584
73,97,23.9,2618,6435,2327,260,614,0,0
73,98,8.86,1080,2304,822,650,1349,0,0
73,107,6.06,295,607,269,16,32,0,0
73,108,5.94,395,923,567,20,39,0,0
73,109,1.34,1410,6779,18,1329,6615,0,0
73,110,7.36,3654,19437,0,3654,19437,0,0
73,111,0,0,0,0,0,0,0,0
74,13,0.02,5,9,3,0,0,0,0
74,39,0.17,513,1026,0,513,1026,0,0
74,40,3.63,1952,4045,293,1699,3412,0,0
74,41,19.67,1764,4429,3380,493,1324,0,0
74,42,12.96,1736,4960,1241,918,3267,0,0
74,43,8.92,1080,2824,1499,268,801,0,0
74,44,6.52,606,1287,765,149,447,0,0
74,95,22.02,1073,1936,1334,14,19,0,0
74,96,9.07,1622,3956,258,1354,3461,0,0
74,97,3.99,218,422,188,10,18,0,0
74,98,4.02,471,1012,755,84,248,0,0
74,99,4.17,532,1284,1284,0,0,0,0
75,12,0.2,16,16,2,2,2,0,0
75,13,6.78,1055,2043,1422,20,33,0,0
75,14,0.37,169,676,0,169,676,0,0
75,16,1,41,81,81,0,0,0,0
75,39,0.9,3347,6693,0,3347,6693,0,0
75,40,6.65,819,1924,199,596,1444,0,0
75,41,12.68,1502,3710,1558,71,198,0,0
75,43,0.58,322,322,0,322,322,0,0
75,44,0.42,238,238,0,238,238,0,0
75,95,3.01,418,715,453,15,29,0,0
75,98,0.02,2,6,6,0,0,0,0
75,99,5.43,613,1480,1337,0,0,0,0
75,100,0.02,2,7,7,0,0,0,0
76,10,0.29,26,53,53,0,0,0,0
76,11,4,332,664,578,5,10,0,0
76,12,5.44,1163,3182,914,497,1397,0,0
76,13,15.09,1686,3951,2002,376,868,0,0
76,14,8.48,1782,4826,845,950,2553,0,0
76,15,6,377,876,688,10,21,0,0
76,16,1,26,51,0,0,0,0,0
76,40,12.17,2190,6856,870,1715,5947,0,0
76,41,4.94,382,756,515,89,179,0,0
76,94,1,137,275,27,14,27,0,0
76,95,2.8,779,1433,383,525,1050,0,0
76,96,0.2,32,65,65,0,0,0,0
76,99,0.34,36,108,108,0,0,0,0
76,100,6.87,462,940,873,6,6,0,0
77,10,1.71,154,308,308,0,0,0,0
77,11,3.06,979,3685,35,979,3685,0,0
77,12,5.15,1871,5614,411,1725,5174,0,0
77,13,21.34,1577,3666,1932,497,1119,0,0
77,14,5.4,1044,2313,488,276,622,237,474
77,40,2.95,183,366,308,3,7,0,0
77,41,1.91,181,283,203,0,0,0,0
77,97,0.45,76,151,151,0,0,0,0
77,98,0.05,8,15,15,0,0,0,0
77,99,1,13,40,0,13,40,0,0
78,12,0.22,56,111,0,56,111,0,0
78,13,6.91,763,1481,616,200,395,0,0
78,14,3.55,532,1331,288,388,1043,0,0
78,96,0.59,160,320,32,16,32,0,0
78,97,0.85,425,1189,271,34,102,0,0
78,98,0,0,1,1,0,0,0,0
79,13,2.6,196,370,348,0,0,0,0
79,14,4.21,233,438,296,0,0,0,0
79,30,5.78,1019,3110,880,84,241,0,0
79,31,3.05,1768,2994,158,652,1724,0,0
79,32,2.92,702,2455,791,50,185,0,0
79,36,1.01,516,1842,66,317,1245,0,0
79,37,5.42,1022,2901,1554,64,147,0,0
79,93,3.19,342,866,87,34,87,0,0
79,94,3.81,594,1766,879,33,99,0,0
79,96,0.41,113,225,23,11,23,0,0
79,97,1.65,855,2336,646,63,188,0,0
80,13,0.07,7,13,13,0,0,0,0
80,14,0.13,13,27,27,0,0,0,0
80,28,1,5,5,0,0,0,0,0
80,30,3.33,527,1313,378,252,747,0,0
80,31,2.66,922,2766,99,623,1870,0,0
80,32,1.26,179,417,256,6,18,0,0
80,36,0.81,452,1442,37,287,1113,0,0
80,37,1.76,397,768,74,37,74,0,0
80,113,1,62,62,6,6,6,0,0
81,27,2,82,164,161,0,0,0,0
81,28,3,191,486,446,4,4,0,0
81,113,7.06,527,1378,1117,16,29,0,0
82,112,0.7,122,366,366,0,0,0,0
82,113,8.11,609,1256,671,29,57,0,0
82,114,1.82,169,270,26,17,26,0,0
83,27,1,98,196,0,0,0,98,196
83,110,4.57,359,949,931,2,2,0,0
83,111,6,303,677,433,14,27,0,0
83,112,0.3,53,158,158,0,0,0,0
84,60,8,325,490,346,16,16,0,0
84,61,1.71,260,521,521,0,0,0,0
84,62,2.97,899,2650,432,85,246,0,0
84,63,5.31,1633,3656,765,1105,2121,0,0
84,110,3.43,294,836,509,9,26,0,0
84,111,6,503,1384,738,30,72,0,0
84,120,1,29,29,0,0,0,0,0
85,60,5.57,356,630,552,41,77,0,0
85,61,6.73,667,1386,533,63,123,0,0
85,62,9.71,1063,2848,992,28,74,0,0
85,63,9.68,1270,2889,1325,63,153,0,0
85,93,1,26,26,3,3,3,26,26
85,110,1,27,55,55,0,0,0,0
85,111,1,59,118,12,6,12,0,0
85,112,4.62,402,819,454,19,40,9,9
86,60,2,78,121,9,4,9,0,0
86,62,7.01,515,989,862,1,2,0,0
86,63,13.81,1476,3258,1498,49,94,181,543
86,64,4.52,775,1937,542,254,735,0,0
86,111,0.13,219,876,88,22,88,219,876
86,112,2.27,2232,8672,1091,211,842,2104,8414
86,113,1.66,1107,3126,313,111,313,0,0
86,115,1,16,33,3,2,3,0,0
87,62,11.18,1072,2557,1140,48,120,0,0
87,63,5.47,518,1244,971,10,29,0,0
87,64,13.18,1349,2916,928,559,1330,0,0
87,65,6.5,892,1885,328,78,167,17,33
87,111,1,28,57,6,3,6,0,0
87,113,3.55,1567,5990,1214,140,531,0,0
87,114,4.2,1844,5211,521,184,521,0,0
88,28,4,195,505,135,15,41,0,0
88,29,1,307,922,277,0,0,0,0
88,61,0.14,7,7,1,1,1,0,0
88,62,4.15,415,733,613,12,13,0,0
88,63,5.27,651,1124,664,34,51,0,0
88,64,0.37,21,43,4,2,4,0,0
88,65,0.16,37,73,7,4,7,0,0
88,113,2.19,283,794,79,28,79,0,0
88,114,1.38,1616,3934,393,162,393,0,0
88,126,0.01,3,5,1,2,5,0,0
88,127,1.99,548,1095,0,548,1095,0,0
89,28,6.85,623,1279,1230,0,0,0,0
89,63,0.57,59,119,119,0,0,0,0
89,125,1.89,709,1418,367,526,1051,0,0
89,126,3.11,382,733,703,0,0,0,0
90,27,1.83,81,81,66,2,2,0,0
90,28,7.55,659,1362,1354,0,0,0,0
90,64,1,37,74,74,0,0,0,0
90,72,1.55,711,1976,198,71,198,0,0
90,125,1,241,963,96,24,96,0,0
91,23,6,546,1072,757,76,152,0,0
91,24,4,238,558,337,13,25,0,0
91,26,10,1073,3157,1225,49,136,443,763
91,27,11.88,1100,2011,846,356,705,0,0
91,28,5.41,328,708,544,6,7,0,0
91,50,4.69,1253,3317,0,1253,3317,0,0
91,51,2.57,902,2483,0,902,2483,0,0
91,62,1,124,124,124,0,0,0,0
91,64,0,0,0,0,0,0,0,0
91,71,1,115,230,230,0,0,0,0
91,72,4.91,2083,5911,950,864,2541,0,0
91,73,0.55,891,2672,0,890,2670,0,0
91,124,1.21,543,1221,100,95,324,0,0
91,125,4.89,3139,27962,13,3079,27843,0,0
91,127,8.08,1094,2441,1486,44,106,0,0
92,22,2.76,746,1881,203,508,1524,0,0
92,23,5.24,625,1188,972,0,0,0,0
92,24,15.06,1227,2496,1470,16,31,0,0
92,25,8.03,648,1857,1651,63,129,0,0
92,26,6.79,453,1355,1120,7,25,0,0
92,27,29.48,1506,3445,2101,123,343,0,0
92,28,0.02,0,0,0,0,0,0,0
92,50,0.16,189,568,0,189,568,0,0
92,51,3.71,2774,8226,0,2774,8226,0,0
92,124,1.72,229,1034,9,190,957,0,0
92,125,3.35,9015,36907,0,9015,36907,0,0
92,126,1.14,3654,13015,0,3654,13015,0,0
92,127,7.13,1010,2179,1437,41,82,0,0
93,23,1.12,147,441,0,0,0,0,0
93,24,13.83,1206,3402,1036,59,177,0,0
93,25,4.85,476,1635,1276,10,29,0,0
93,26,9.34,666,1374,1139,103,203,0,0
93,27,31.26,2181,6282,5298,317,695,0,0
93,28,4.32,964,2377,931,620,1241,0,0
93,51,3.37,1003,2546,1493,342,1025,0,0
93,52,0.5,179,536,396,47,141,0,0
93,55,0.33,43,85,79,12,24,0,0
93,56,1,69,69,7,7,7,0,0
93,125,2.52,1447,5591,33,1331,5298,0,0
93,126,5.17,1012,2025,809,608,1216,0,0
93,127,4.68,400,916,882,0,1,0,0
94,26,0.2,105,209,0,105,209,0,0
94,27,10.89,2811,6752,1526,2181,5045,0,0
94,28,21.43,2434,7129,4976,766,1904,0,0
94,29,4.12,267,718,521,67,184,0,0
94,30,1.38,412,1237,515,241,722,0,0
94,31,4.04,951,2030,342,580,1446,0,0
94,55,2.67,267,534,309,55,110,0,0
94,126,9.03,363,701,335,14,26,0,0
94,127,11.55,1224,2918,2282,29,57,0,0
95,27,0.79,1247,3640,0,1247,3640,0,0
95,28,15.21,1628,3977,2070,258,646,186,372
95,29,13.86,1182,3149,1852,75,187,36,72
95,30,4.36,1003,2366,76,822,2039,0,0
95,31,10.22,1783,3286,643,1343,2603,0,0
95,32,6.61,318,597,515,20,38,0,0
95,126,1.85,87,87,2,2,2,0,0
95,127,15.83,1044,2117,2064,6,6,0,0
96,22,1,24,24,2,2,2,0,0
96,27,0.13,22,67,67,0,0,0,0
96,28,2.78,400,816,739,39,77,0,0
96,29,11.59,2225,5893,1751,1580,4271,0,0
96,30,9.2,1307,3105,1514,537,1245,0,0
96,31,2,944,1888,0,736,1472,0,0
96,32,7.05,445,682,599,2,2,0,0
96,49,2.25,251,602,9,211,523,0,0
96,50,3.13,763,2093,31,623,1813,0,0
96,126,0.09,23,68,68,0,0,0,0
96,127,7.12,659,1705,1457,75,222,0,0
97,25,1,30,61,0,30,61,0,0
97,26,11.23,493,928,445,80,153,0,0
97,27,7.12,847,1864,1717,8,16,0,0
97,28,23.37,1599,3824,3227,30,49,0,0
97,29,3.55,355,972,0,336,953,0,0
97,30,7.15,1147,2492,477,324,733,0,0
97,31,2.28,193,386,317,0,0,0,0
97,32,6.33,437,931,781,5,14,0,0
97,49,1.12,110,219,0,110,219,0,0
97,50,10.5,844,1947,1051,219,436,0,0
97,87,3.03,711,1527,11,648,1402,0,0
97,88,2.83,982,2134,326,692,1401,0,0
97,123,1,5,5,1,1,1,5,5
97,127,0.8,143,429,429,0,0,0,0
98,26,23.61,2160,4321,811,1590,3049,0,0
98,27,11.3,1197,2480,1927,11,22,0,0
98,28,1.77,160,336,336,0,0,0,0
98,32,8,1185,3108,689,928,2507,0,0
98,87,4.4,1366,2883,23,1260,2672,0,0
98,88,1.73,290,605,47,88,178,0,0
98,127,2,106,287,233,3,6,0,0
99,24,2,181,280,198,0,0,0,0
99,25,3.45,304,609,609,0,0,0,0
99,26,19.21,1734,3853,2174,67,179,0,0
99,27,17.79,1375,2801,1370,58,98,0,0
99,28,5.88,384,832,673,10,16,0,0
99,29,2.97,436,1161,8,398,1085,0,0
99,30,8.44,380,925,735,3,6,0,0
99,31,3.61,160,312,303,0,0,0,0
100,25,2.26,127,285,279,0,1,0,0
100,26,14.81,1248,2670,2197,14,29,0,0
100,27,24.89,1671,4130,1771,818,2109,0,0
100,28,29.47,1929,4414,2620,57,129,0,0
100,29,12.05,1559,3932,1505,595,1746,0,0
100,30,2.98,245,310,296,0,0,0,0
100,31,2.41,237,546,537,0,0,0,0
101,18,1.17,907,2175,74,686,1512,0,0
101,19,2.75,1493,4050,124,1075,2934,0,0
101,22,5.72,643,1324,772,2,5,0,0
101,24,0.05,6,11,11,0,0,0,0
101,25,9.42,1768,4228,1423,828,2363,0,0
101,26,25.53,1491,3232,1738,65,143,0,0
101,27,14.92,1538,3467,2256,2,4,357,1072
101,28,10.42,831,1627,1398,5,5,0,0
101,29,11.33,1069,2077,1600,21,42,0,0
102,18,1.81,568,1372,254,44,124,0,0
102,19,9.24,1947,4677,2340,316,632,0,0
102,20,4.08,651,1256,336,94,142,0,0
102,21,8.33,889,1908,1554,105,199,0,0
102,22,10.84,1085,2524,2113,6,12,0,0
102,23,8.41,739,1904,1487,2,3,0,0
102,24,7.71,610,1174,980,1,1,0,0
102,25,13,791,1504,1307,12,22,0,0
102,26,7.25,508,1000,916,6,8,0,0
102,27,13.02,2432,5787,1490,1594,3476,0,0
102,28,18.41,1684,4061,1910,53,112,0,0
102,29,0.81,40,80,8,4,8,0,0
102,57,1.1,72,144,45,5,11,0,0
102,127,5.76,496,1039,242,56,130,0,0
103,13,0.26,37,73,7,4,7,0,0
103,14,3.78,400,800,89,40,79,0,0
103,15,5.99,324,595,435,7,15,0,0
103,16,1.01,147,293,0,0,0,0,0
103,19,8.09,1715,5823,1176,1034,4309,0,0
103,20,0.69,717,4304,0,717,4304,0,0
103,22,0.11,20,59,59,0,0,0,0
103,26,5.23,395,691,654,4,4,0,0
103,27,20.25,2166,5469,1601,1193,3086,0,0
103,28,8.96,1115,2530,239,612,1666,0,0
103,57,0.9,146,292,292,0,0,0,0
103,71,1,295,884,88,29,88,0,0
103,110,0.01,0,0,0,0,0,0,0
103,127,0.73,90,361,361,27,108,0,0
104,10,2.57,952,2479,1729,375,751,0,0
104,12,3.06,368,1001,747,69,203,0,0
104,13,8.16,2877,8645,245,2007,6682,0,0
104,14,6.47,1364,3610,712,301,1103,0,0
104,19,7.47,603,1102,920,6,11,0,0
104,20,1,88,88,0,0,0,0,0
104,27,0.03,23,70,0,23,70,0,0
104,28,1,5,19,2,0,2,0,0
104,110,0.99,13,13,1,1,1,13,13
105,10,3.43,926,1718,6,868,1660,0,0
105,13,1.27,136,435,43,14,44,0,0
105,15,1,94,187,19,9,19,0,0
105,19,5.77,426,814,661,2,2,0,0
106,19,2.76,356,458,348,0,0,0,0
107,19,1,96,96,10,10,10,0,0
109,54,3.84,139,384,334,3,6,0,0
109,55,21.23,1129,2441,1071,50,103,0,0
109,56,8.9,2668,7877,108,2360,6955,0,0
109,59,1,90,271,271,0,0,0,0
110,52,4,339,443,384,5,5,0,0
110,53,17.51,1094,2026,701,360,711,0,0
110,54,1.89,83,153,13,10,21,0,0
110,55,12.56,995,2108,1298,25,47,0,0
110,56,19.58,2061,5220,2409,639,1888,0,0
110,57,28.97,1821,3852,2575,31,62,0,0
110,58,12.81,851,1844,1186,15,27,0,0
110,95,2.98,1431,4967,4714,14,28,0,0
110,96,3.86,1402,4108,2719,250,707,0,0
110,97,3.97,526,2139,1598,49,143,346,1766
110,98,1,75,151,151,0,0,0,0
110,113,2.38,312,908,381,161,480,0,0
110,114,2.02,582,1747,105,294,881,0,0
111,53,19.4,1272,2179,1000,66,100,0,0
111,54,22.44,2447,5837,1518,865,2480,0,0
111,55,18.03,886,1940,842,163,348,0,0
111,56,26.07,2331,5654,2931,208,744,0,0
111,57,2.8,271,516,314,13,22,0,0
111,58,3.14,471,615,290,326,326,0,0
111,95,0.26,462,1848,1848,0,0,0,0
111,96,2.36,1866,5762,920,1614,4841,0,0
111,97,8.26,2982,8397,115,2471,7358,0,0
111,98,0.31,283,849,0,283,849,0,0
111,113,1,422,1267,0,422,1266,0,0
111,114,6.7,2502,7551,1207,238,705,0,0
111,115,1,22,44,0,0,0,0,0
112,54,1.44,165,331,54,139,277,0,0
112,55,21.18,1259,3408,1635,337,918,0,0
112,56,17.72,1841,4576,1405,147,412,321,931
112,57,14.84,1120,2249,688,220,443,0,0
112,58,0.01,1,2,0,0,0,0,0
112,97,0,0,0,0,0,0,0,0
112,114,1.9,797,2391,137,386,1157,0,0
113,53,0.31,170,339,0,170,339,0,0
113,54,2.54,485,971,199,368,736,0,0
113,55,21.27,1804,3659,2017,430,870,0,0
113,56,0.7,277,555,0,277,555,0,0
113,57,12.94,1016,2122,1174,142,283,0,0
114,54,7.37,547,1158,900,25,48,0,0
114,55,6.83,617,1190,1116,1,1,0,0
114,56,8.1,459,897,420,6,11,0,0
114,57,11.45,2118,5608,850,904,2701,0,0
114,81,1.93,1217,3652,365,122,365,0,0
114,82,2.08,659,1472,307,57,129,0,0
115,53,0.81,398,796,80,40,80,0,0
115,54,23.23,1809,3820,1359,635,1671,0,0
115,55,2.19,871,2432,251,697,2085,0,0
115,56,15.58,1201,4623,783,572,3305,0,0
115,57,3.53,941,5005,339,435,2609,0,0
115,81,6.05,1591,5011,1005,140,445,0,0
115,82,6.76,1274,3453,709,108,278,77,231
115,83,1.42,816,2642,961,62,187,0,0
116,53,0.01,7,14,1,1,1,0,0
116,54,5.33,1165,2771,724,84,227,0,0
116,55,4.27,685,1480,391,55,121,0,0
116,56,3.11,531,904,336,76,175,0,0
116,57,4.78,944,3073,432,402,1244,0,0
116,81,7.31,1921,4177,177,1014,2581,0,0
116,82,9.25,2126,5526,796,425,1171,0,0
116,83,2.66,803,2375,999,373,1115,0,0
117,14,0.91,1090,3271,0,1090,3271,0,0
117,15,0.21,261,784,0,261,784,0,0
117,53,2.17,284,572,538,5,13,0,0
117,54,11.35,2968,6983,108,2597,6006,0,0
117,55,1.47,1836,5175,8,1812,5102,0,0
117,81,2.04,166,418,315,0,0,0,0
117,82,2.49,186,460,377,17,82,0,0
117,83,1,973,2920,0,973,2920,0,0
118,14,1.62,848,2539,470,688,2063,0,0
118,15,1.26,137,383,256,28,82,0,0
118,53,0.08,21,64,0,21,64,0,0
118,54,3.97,890,2320,0,890,2320,0,0
118,55,0.25,239,523,0,239,523,0,0
118,118,0,0,1,0,0,0,0,0
119,15,0.44,553,553,0,553,553,0,0
119,53,0.66,842,1685,0,842,1685,0,0
119,118,1,75,226,0,0,0,0,0
120,14,0.05,61,61,0,61,61,0,0
120,15,0.52,654,654,0,654,654,0,0
120,22,0.08,328,328,0,328,328,0,0
120,23,0.01,37,37,0,37,37,0,0
120,53,0.34,425,850,0,425,850,0,0
120,117,2,59,59,6,6,6,0,0
121,22,0.89,3597,3597,0,3597,3597,0,0
121,23,1.62,1590,3132,0,1587,3129,0,0
121,104,1,20,20,2,2,2,20,20
121,105,1,22,22,2,2,2,22,22
122,22,0.01,23,23,0,23,23,0,0
122,23,0.4,1010,2021,0,1010,2021,0,0
122,102,0.95,15,15,1,1,1,15,15
122,103,0.04,1,1,0,0,0,1,1
123,102,0.01,0,0,0,0,0,0,0
124,54,1.44,377,852,291,0,0,0,0
125,53,1,28,57,0,0,0,0,0
125,54,4.51,2062,4547,889,1198,2396,0,0
125,55,7,377,862,757,8,9,0,0
125,69,0.08,7,13,1,1,1,0,0
125,102,0.71,326,977,98,33,98,0,0
125,103,1.29,939,3624,362,94,362,0,0
126,54,2.88,3599,10463,0,3599,10463,0,0
126,55,7.15,653,1594,1354,15,38,0,0
126,56,0,0,0,0,0,0,0,0
126,69,0.92,71,142,14,7,14,0,0
126,99,0.32,428,1283,0,428,1283,0,0
126,100,3.82,1402,3516,129,947,2351,0,0
126,101,7.68,1935,5032,553,1363,4038,0,0
127,54,0.16,429,1286,0,429,1286,0,0
127,55,31.62,1943,4026,1966,54,114,0,0
127,56,5.25,857,2190,956,384,1152,0,0
127,57,0.29,1449,4346,0,1449,4346,0,0
127,99,0.17,226,679,0,226,679,0,0
127,100,0.2,253,759,1,251,753,0,0
127,101,5.81,467,1083,680,18,45,0,0