x,y,number,ground_area,floor_area,residential_ground_area,residential_floor_area,economic_activity_ground_area,economic_activity_floor_area,cultural_ground_area,cultural_floor_area
0,0,8,1851,1851,1449,1449,401,401,0,0
0,1,1,675,675,255,255,419,419,0,0
0,2,1,199,199,0,0,199,199,0,0
0,20,2,109,109,60,60,49,49,0,0
0,23,3,1136,1136,452,452,684,684,0,0
0,44,3,569,569,0,0,569,569,0,0
0,45,3,496,496,151,151,345,345,0,0
0,47,1,244,244,0,0,244,244,0,0
0,66,1,2652,2652,0,0,2652,2652,0,0
0,73,2,1449,1449,221,221,1228,1228,0,0
0,74,1,262,262,0,0,262,262,0,0
0,82,5,550,550,289,289,261,261,0,0
0,94,1,270,270,122,122,148,148,0,0
0,95,1,330,330,0,0,330,330,0,0
0,98,1,468,468,468,468,0,0,0,0
0,99,1,215,215,215,215,0,0,0,0
0,107,1,871,871,362,362,509,509,0,0
0,110,4,682,682,177,177,505,505,0,0
1,17,2,351,351,351,351,0,0,351,351
1,19,1,312,312,151,151,161,161,0,0
1,66,2,1753,1753,0,0,1753,1753,0,0
1,67,2,904,904,181,181,723,723,0,0
1,73,4,1243,1243,0,0,1243,1243,0,0
1,86,1,81,81,29,29,52,52,0,0
1,87,4,1123,1123,800,800,323,323,0,0
1,88,2,280,280,235,235,45,45,0,0
1,94,1,229,229,229,229,0,0,0,0
1,95,6,899,899,401,401,444,444,58,58
1,98,7,1409,1409,1392,1392,17,17,0,0
1,99,1,182,182,175,175,7,7,0,0
1,100,1,243,243,243,243,0,0,0,0
1,107,1,220,220,66,66,155,155,0,0
1,127,2,1708,1708,0,0,1708,1708,0,0
2,5,2,1480,1480,158,158,1323,1323,0,0
2,6,1,422,422,0,0,422,422,0,0
2,37,1,552,552,443,443,109,109,0,0
2,40,1,1135,1135,0,0,1135,1135,0,0
2,41,1,275,275,0,0,275,275,0,0
2,82,6,1704,1704,353,353,1351,1351,0,0
2,86,1,195,195,61,61,133,133,0,0
2,98,3,640,640,334,334,307,307,0,0
2,119,4,1114,1114,159,159,954,954,0,0
2,120,1,302,302,68,68,235,235,0,0
3,6,1,518,518,0,0,518,518,0,0
3,34,2,1615,1615,211,211,1404,1404,0,0
3,127,3,1095,1095,0,0,1095,1095,0,0
4,104,1,295,295,51,51,244,244,0,0
4,108,4,1106,1106,374,374,732,732,0,0
4,116,6,1306,1306,261,261,1044,1044,0,0
5,66,8,1684,1684,566,566,1118,1118,0,0
5,86,1,377,377,0,0,377,377,0,0
5,87,1,225,225,0,0,225,225,0,0
5,104,5,1358,1358,611,611,747,747,0,0
6,2,1,204,204,0,0,204,204,0,0
6,86,5,1553,1553,0,0,1553,1553,0,0
6,87,4,1192,1192,545,545,647,647,0,0
6,88,2,245,245,0,0,245,245,0,0
6,89,1,356,356,356,356,0,0,0,0
6,97,2,1490,1490,6,6,1484,1484,0,0
6,100,4,1656,1656,295,295,1361,1361,0,0
7,3,3,1393,1393,275,275,1118,1118,275,275
7,7,3,484,484,136,136,347,347,136,136
7,8,5,963,963,352,352,611,611,352,352
7,40,1,13,13,0,0,13,13,0,0
7,89,2,733,733,43,43,690,690,0,0
7,97,3,1522,1522,445,445,1076,1076,0,0
7,99,3,487,487,340,340,148,148,0,0
7,100,2,444,444,200,200,243,243,0,0
7,116,4,788,788,94,94,693,693,0,0
8,58,1,782,782,0,0,782,782,0,0
8,90,2,377,377,377,377,0,0,0,0
8,116,5,485,485,186,186,299,299,0,0
9,56,3,869,869,143,143,726,726,0,0
9,57,3,697,697,332,332,365,365,0,0
9,58,4,859,859,216,216,643,643,0,0
9,74,1,129,129,0,0,129,129,0,0
9,75,2,263,263,200,200,63,63,0,0
9,79,1,636,636,0,0,636,636,0,0
9,80,3,169,169,35,35,134,134,0,0
9,82,1,70,70,37,37,33,33,0,0
9,124,4,2318,2318,0,0,2318,2318,0,0
9,125,1,482,482,0,0,482,482,0,0
10,36,1,420,420,267,267,153,153,0,0
10,47,2,407,407,196,196,211,211,0,0
10,56,1,90,90,0,0,90,90,0,0
10,57,1,521,521,0,0,521,521,0,0
10,64,1,175,175,106,106,70,70,0,0
10,74,1,521,521,12,12,509,509,0,0
10,75,1,121,121,121,121,0,0,0,0
10,76,1,365,365,365,365,0,0,0,0
10,77,6,994,994,0,0,994,994,0,0
10,79,1,398,398,0,0,398,398,0,0
10,124,2,539,539,539,539,0,0,0,0
10,125,1,286,286,286,286,0,0,0,0
11,60,3,244,244,98,98,146,146,0,0
11,64,3,444,444,154,154,291,291,0,0
11,68,4,780,780,213,213,567,567,0,0
11,74,1,214,214,142,142,71,71,0,0
11,77,4,922,922,0,0,922,922,0,0
11,90,4,615,615,389,389,226,226,0,0
11,91,6,766,766,486,486,280,280,0,0
11,98,4,1328,1328,60,60,1268,1268,0,0
11,123,6,1517,1517,332,332,1185,1185,0,0
11,124,2,906,906,216,216,690,690,0,0
12,37,2,269,269,0,0,269,269,0,0
12,72,2,453,453,36,36,417,417,0,0
12,83,1,244,244,244,244,0,0,0,0
12,89,1,584,584,584,584,0,0,0,0
12,90,6,1066,1066,119,119,948,948,0,0
12,97,2,891,891,891,891,0,0,0,0
12,99,2,403,403,182,182,222,222,0,0
12,100,1,57,57,57,57,0,0,0,0
12,101,2,758,758,0,0,758,758,0,0
12,103,4,767,767,203,203,564,564,0,0
12,113,5,1112,1112,234,234,858,858,20,20
13,37,1,161,161,0,0,161,161,0,0
13,38,1,126,126,86,86,40,40,0,0
13,113,1,148,148,0,0,100,100,48,48
14,33,1,318,318,0,0,318,318,0,0
14,34,1,542,542,0,0,542,542,0,0
14,50,1,390,390,390,390,0,0,0,0
14,83,7,922,922,111,111,811,811,0,0
14,89,2,404,404,169,169,235,235,0,0
14,99,2,722,722,478,478,243,243,0,0
14,100,3,1006,1006,0,0,1006,1006,0,0
15,24,1,204,204,193,193,11,11,0,0
15,33,1,190,190,0,0,190,190,0,0
15,34,7,1173,1173,594,594,578,578,0,0
15,35,8,1495,1495,848,848,647,647,0,0
15,36,2,1533,1533,0,0,1533,1533,0,0
15,72,1,435,435,435,435,0,0,0,0
15,83,5,1365,1365,322,322,1043,1043,0,0
15,89,2,367,367,1,1,366,366,0,0
15,99,1,889,889,773,773,116,116,0,0
15,100,1,439,439,0,0,439,439,0,0
16,0,1,55,55,0,0,55,55,0,0
16,33,4,1461,1461,270,270,1191,1191,0,0
16,34,15,3377,3377,2152,2152,1225,1225,0,0
16,35,7,1532,1532,660,660,755,755,124,124
16,60,6,1607,1607,458,458,1150,1150,0,0
16,61,3,1106,1106,698,698,408,408,0,0
16,88,4,1150,1150,946,946,203,203,0,0
16,89,6,1100,1100,638,638,462,462,0,0
16,97,1,740,740,0,0,740,740,0,0
16,98,5,1130,1130,247,247,883,883,0,0
16,99,2,786,786,659,659,127,127,0,0
16,101,2,382,382,168,168,215,215,0,0
16,102,4,521,521,289,289,232,232,0,0
16,103,3,695,695,519,519,176,176,0,0
16,109,1,698,698,198,198,500,500,0,0
16,110,1,316,316,102,102,214,214,0,0
16,118,5,726,726,340,340,386,386,0,0
16,119,3,638,638,396,396,242,242,0,0
17,33,5,1572,1572,628,628,944,944,0,0
17,34,4,1310,1310,781,781,528,528,0,0
17,44,6,1061,1061,141,141,920,920,0,0
17,59,4,803,803,139,139,664,664,0,0
17,60,1,159,159,0,0,159,159,0,0
17,93,2,408,408,24,24,384,384,0,0
17,97,3,1109,1109,463,463,646,646,0,0
17,98,3,1060,1060,1019,1019,41,41,0,0
17,99,13,1458,1458,1158,1158,301,301,0,0
17,100,3,501,501,501,501,0,0,0,0
17,103,3,1267,1267,180,180,1087,1087,0,0
17,118,4,2139,2139,0,0,2139,2139,0,0
17,119,2,574,574,0,0,574,574,0,0
18,4,7,1443,1443,309,309,1133,1133,309,309
18,67,2,299,299,106,106,193,193,0,0
18,93,2,341,341,297,297,44,44,0,0
18,99,1,185,185,158,158,27,27,0,0
18,100,1,406,406,107,107,299,299,0,0
18,101,1,293,293,97,97,196,196,0,0
20,48,3,692,692,572,572,120,120,0,0
20,73,2,223,223,94,94,129,129,0,0
20,80,1,306,306,0,0,306,306,0,0
20,81,3,565,565,93,93,472,472,0,0
20,82,1,278,278,11,11,266,266,0,0
20,83,1,250,250,232,232,18,18,0,0
20,89,3,919,919,286,286,633,633,0,0
20,90,4,1230,1230,273,273,957,957,0,0
20,119,1,422,422,0,0,422,422,0,0
20,120,5,1620,1620,660,660,959,959,0,0
20,121,6,2710,2710,128,128,2582,2582,0,0
21,35,1,532,532,292,292,240,240,0,0
21,57,1,478,478,0,0,478,478,0,0
21,58,4,1683,1683,646,646,1037,1037,0,0
21,120,5,1589,1589,399,399,1190,1190,0,0
21,121,6,2040,2040,458,458,1583,1583,0,0
22,25,1,1502,1502,0,0,1502,1502,0,0
22,26,2,1759,1759,0,0,1759,1759,0,0
22,35,3,3558,3558,100,100,3458,3458,0,0
22,36,2,3277,3277,0,0,3277,3277,0,0
22,58,3,907,907,243,243,664,664,0,0
22,65,4,448,448,117,117,330,330,0,0
22,70,1,288,288,288,288,0,0,0,0
22,71,2,275,275,157,157,118,118,0,0
22,120,3,1505,1505,719,719,787,787,0,0
22,121,1,1146,1146,398,398,749,749,0,0
23,25,2,1514,1514,43,43,1471,1471,0,0
23,26,7,3067,3067,871,871,2196,2196,0,0
23,27,1,282,282,28,28,219,219,36,36
23,32,1,199,199,0,0,199,199,0,0
23,58,2,396,396,31,31,364,364,0,0
23,74,1,279,279,7,7,272,272,0,0
23,107,5,1314,1314,2,2,1312,1312,0,0
23,108,6,1504,1504,728,728,775,775,0,0
23,109,2,491,491,189,189,302,302,0,0
24,25,10,2275,2275,2191,2191,84,84,0,0
24,26,4,1394,1394,1237,1237,157,157,0,0
24,27,1,736,736,736,736,0,0,0,0
24,59,2,761,761,363,363,397,397,0,0
24,74,1,393,393,386,386,7,7,0,0
24,87,1,45,45,31,31,14,14,0,0
24,107,4,1814,1814,5,5,1809,1809,0,0
24,108,4,993,993,926,926,67,67,0,0
24,119,1,368,368,368,368,0,0,0,0
24,120,3,509,509,509,509,0,0,0,0
25,24,2,704,704,704,704,0,0,0,0
25,25,13,3538,3538,3315,3315,222,222,0,0
25,26,1,359,359,168,168,191,191,0,0
25,30,3,563,563,147,147,417,417,0,0
25,56,1,294,294,0,0,294,294,0,0
25,84,3,1545,1545,36,36,1510,1510,0,0
25,85,8,2314,2314,1174,1174,1140,1140,0,0
25,86,9,1278,1278,741,741,390,390,156,156
25,87,3,802,802,802,802,0,0,0,0
25,107,2,1409,1409,0,0,1409,1409,0,0
25,119,1,130,130,130,130,0,0,0,0
26,24,8,2244,2244,2244,2244,0,0,0,0
26,25,2,4468,4468,434,434,4035,4035,0,0
26,27,2,1963,1963,0,0,1963,1963,0,0
26,45,4,1102,1102,262,262,839,839,0,0
26,56,4,1293,1293,634,634,659,659,0,0
26,57,1,293,293,264,264,29,29,0,0
26,84,6,1725,1725,0,0,1725,1725,0,0
26,85,7,1243,1243,1006,1006,238,238,0,0
26,92,6,2634,2634,519,519,2114,2114,0,0
26,107,2,3592,3592,0,0,3592,3592,0,0
26,108,1,1922,1922,0,0,1922,1922,0,0
27,24,13,2753,2753,2268,2268,486,486,0,0
27,25,2,1896,1896,335,335,1561,1561,0,0
27,57,1,409,409,8,8,401,401,0,0
27,88,2,241,241,118,118,123,123,0,0
28,23,3,405,405,225,225,180,180,0,0
28,24,17,2174,2174,1455,1455,719,719,0,0
28,61,2,514,514,40,40,473,473,0,0
28,69,2,795,795,0,0,795,795,0,0
28,70,6,995,995,201,201,794,794,0,0
28,71,1,294,294,98,98,196,196,0,0
28,72,1,116,116,0,0,116,116,0,0
28,99,5,2226,2226,283,283,1942,1942,0,0
29,23,10,2500,2500,1961,1961,292,292,248,248
29,24,2,585,585,170,170,379,379,35,35
29,61,5,526,526,121,121,404,404,0,0
29,70,2,1124,1124,763,763,362,362,0,0
29,71,9,2321,2321,994,994,1326,1326,0,0
29,72,8,2270,2270,183,183,2087,2087,0,0
29,98,1,902,902,141,141,760,760,0,0
29,99,1,871,871,683,683,188,188,0,0
30,22,6,1312,1312,413,413,899,899,0,0
30,23,11,3242,3242,1722,1722,1315,1315,205,205
30,24,1,77,77,5,5,5,5,57,57
30,51,1,131,131,131,131,0,0,0,0
30,52,2,696,696,0,0,696,696,0,0
30,59,6,1117,1117,826,826,291,291,0,0
30,71,3,597,597,302,302,295,295,0,0
30,72,8,2070,2070,1783,1783,287,287,0,0
30,73,1,487,487,437,437,50,50,0,0
31,21,7,1920,1920,1646,1646,275,275,0,0
31,22,10,3334,3334,2691,2691,642,642,0,0
31,23,6,2248,2248,1723,1723,526,526,0,0
31,59,2,445,445,105,105,340,340,0,0
31,70,4,789,789,523,523,266,266,0,0
31,71,10,3200,3200,2504,2504,696,696,0,0
31,72,8,3064,3064,1868,1868,228,228,967,967
31,73,11,2104,2104,2081,2081,22,22,0,0
31,74,5,852,852,852,852,0,0,0,0
32,20,4,679,679,42,42,638,638,0,0
32,21,11,3642,3642,3123,3123,519,519,0,0
32,22,9,2473,2473,1342,1342,1131,1131,0,0
32,23,9,1699,1699,1690,1690,9,9,0,0
32,25,1,131,131,0,0,0,0,131,131
32,65,1,323,323,323,323,0,0,0,0
32,69,1,110,110,110,110,0,0,0,0
32,70,13,2765,2765,2230,2230,535,535,0,0
32,71,14,3307,3307,2565,2565,693,693,98,98
32,72,6,1733,1733,632,632,1101,1101,0,0
32,73,5,2255,2255,1641,1641,614,614,0,0
32,74,5,2045,2045,2045,2045,0,0,0,0
32,75,1,316,316,316,316,0,0,0,0
32,107,1,253,253,23,23,231,231,0,0
32,108,7,1178,1178,511,511,667,667,0,0
33,20,17,3296,3296,1528,1528,1768,1768,0,0
33,21,8,2509,2509,2174,2174,335,335,0,0
33,68,1,133,133,133,133,0,0,0,0
33,69,18,3065,3065,2578,2578,487,487,0,0
33,70,12,3251,3251,2810,2810,441,441,0,0
33,71,17,2808,2808,2736,2736,62,62,19,19
33,72,10,2538,2538,1901,1901,637,637,0,0
33,73,8,2083,2083,1775,1775,308,308,0,0
33,74,5,1494,1494,1494,1494,0,0,0,0
33,76,1,15,15,0,0,15,15,0,0
33,77,4,1658,1658,0,0,1658,1658,0,0
33,78,1,733,733,0,0,733,733,0,0
33,102,1,422,422,0,0,422,422,0,0
33,107,1,1073,1073,0,0,1073,1073,0,0
33,108,5,3976,3976,176,176,3800,3800,0,0
33,121,1,2515,2515,0,0,2515,2515,0,0
33,122,1,1086,1086,0,0,1086,1086,0,0
34,19,2,1281,1281,0,0,1281,1281,0,0
34,20,4,1697,1697,1268,1268,429,429,0,0
34,21,3,1740,1740,361,361,1380,1380,0,0
34,24,3,1850,1850,119,119,1731,1731,0,0
34,25,3,1325,1325,98,98,1227,1227,0,0
34,40,1,513,513,281,281,232,232,0,0
34,52,3,870,870,455,455,415,415,0,0
34,67,1,244,244,0,0,244,244,0,0
34,68,10,1227,1227,1044,1044,183,183,0,0
34,69,11,2492,2492,2416,2416,77,77,0,0
34,70,7,1685,1685,886,886,799,799,0,0
34,71,13,3248,3248,1576,1576,1672,1672,0,0
34,72,9,2151,2151,1739,1739,411,411,0,0
34,73,8,1940,1940,1940,1940,0,0,0,0
34,74,8,2476,2476,2476,2476,0,0,0,0
34,75,3,1815,1815,492,492,1323,1323,0,0
34,77,7,2398,2398,0,0,2398,2398,0,0
34,78,2,813,813,262,262,551,551,0,0
34,102,5,1645,1645,156,156,1489,1489,0,0
34,103,3,537,537,144,144,393,393,0,0
34,121,2,2717,2717,0,0,2717,2717,0,0
34,122,6,1836,1836,0,0,1836,1836,0,0
35,20,3,567,567,287,287,280,280,0,0
35,22,4,673,673,113,113,559,559,0,0
35,25,1,448,448,0,0,448,448,0,0
35,40,1,320,320,320,320,0,0,0,0
35,41,3,463,463,16,16,447,447,0,0
35,58,3,1218,1218,319,319,899,899,0,0
35,69,10,1932,1932,1901,1901,30,30,0,0
35,70,4,1120,1120,977,977,143,143,0,0
35,71,3,637,637,226,226,411,411,0,0
35,72,1,1053,1053,0,0,1053,1053,0,0
35,73,1,216,216,216,216,0,0,0,0
35,74,1,675,675,675,675,0,0,0,0
35,75,3,952,952,952,952,0,0,0,0
35,123,5,1329,1329,1149,1149,180,180,0,0
35,124,7,1578,1578,1219,1219,359,359,0,0
36,15,1,679,679,0,0,679,679,0,0
36,16,2,2026,2026,884,884,1142,1142,0,0
36,17,1,1187,1187,1187,1187,0,0,0,0
36,35,1,145,145,1,1,145,145,0,0
36,53,3,375,375,86,86,289,289,0,0
36,69,3,1214,1214,1192,1192,22,22,0,0
36,123,1,251,251,69,69,182,182,0,0
36,124,2,1152,1152,49,49,1103,1103,0,0
36,126,3,859,859,541,541,318,318,0,0
37,15,2,3659,3659,0,0,3659,3659,0,0
37,16,5,5034,5034,0,0,5034,5034,0,0
37,17,1,1300,1300,82,82,1217,1217,0,0
37,34,1,792,792,0,0,792,792,0,0
37,35,3,452,452,74,74,276,276,105,105
37,69,7,3191,3191,41,41,3150,3150,0,0
37,74,1,73,73,0,0,0,0,73,73
37,89,2,531,531,0,0,531,531,0,0
37,90,1,390,390,78,78,312,312,0,0
37,116,1,531,531,0,0,531,531,0,0
37,121,5,1835,1835,35,35,1800,1800,0,0
37,122,1,304,304,138,138,166,166,0,0
37,125,3,614,614,299,299,313,313,2,2
37,126,4,1121,1121,928,928,125,125,68,68
38,16,2,1199,1199,0,0,1199,1199,0,0
38,29,3,1234,1234,423,423,811,811,0,0
38,35,3,651,651,262,262,389,389,0,0
38,81,3,1386,1386,172,172,1214,1214,0,0
38,82,1,4945,4945,0,0,4945,4945,0,0
38,89,2,468,468,250,250,218,218,0,0
38,116,1,1099,1099,0,0,1099,1099,0,0
38,117,4,2606,2606,276,276,2330,2330,0,0
38,121,3,1579,1579,0,0,1579,1579,0,0
38,122,1,235,235,71,71,163,163,0,0
38,124,2,717,717,717,717,0,0,0,0
38,125,5,1372,1372,421,421,951,951,0,0
38,126,2,2050,2050,420,420,1630,1630,0,0
39,22,5,1033,1033,296,296,737,737,0,0
39,29,2,335,335,91,91,244,244,0,0
39,30,3,729,729,392,392,337,337,0,0
39,34,1,414,414,141,141,274,274,0,0
39,70,1,550,550,0,0,550,550,0,0
39,75,1,873,873,255,255,618,618,0,0
39,83,2,5963,5963,0,0,5963,5963,0,0
39,89,4,1808,1808,336,336,1473,1473,0,0
39,90,1,973,973,0,0,973,973,0,0
39,95,2,404,404,42,42,362,362,0,0
39,116,7,786,786,168,168,618,618,0,0
39,117,3,917,917,437,437,480,480,0,0
39,125,2,3298,3298,0,0,3298,3298,0,0
39,126,1,1823,1823,0,0,1823,1823,0,0
40,22,3,1120,1120,665,665,455,455,0,0
40,33,1,228,228,0,0,228,228,0,0
40,34,7,580,580,341,341,238,238,0,0
40,60,1,222,222,99,99,0,0,123,123
40,69,4,649,649,373,373,276,276,0,0
40,70,2,994,994,768,768,227,227,0,0
40,82,2,3800,3800,0,0,3800,3800,0,0
40,83,1,5936,5936,0,0,5936,5936,0,0
40,94,1,235,235,131,131,104,104,0,0
40,95,1,145,145,126,126,19,19,0,0
40,115,4,873,873,128,128,745,745,0,0
40,116,1,1141,1141,543,543,598,598,0,0
41,17,2,391,391,391,391,0,0,0,0
41,25,5,661,661,131,131,529,529,0,0
41,33,2,1219,1219,265,265,954,954,0,0
41,60,1,45,45,0,0,0,0,45,45
41,82,1,561,561,0,0,561,561,0,0
41,94,2,245,245,65,65,180,180,0,0
41,99,1,1674,1674,0,0,1674,1674,0,0
41,100,1,1017,1017,0,0,1017,1017,0,0
41,104,1,133,133,68,68,65,65,0,0
41,114,4,1082,1082,0,0,1082,1082,0,0
42,9,4,701,701,366,366,335,335,0,0
42,17,4,790,790,125,125,665,665,0,0
42,18,1,202,202,198,198,4,4,0,0
42,37,3,336,336,137,137,199,199,0,0
42,89,3,1063,1063,300,300,762,762,0,0
42,99,4,540,540,172,172,368,368,0,0
42,100,8,1789,1789,1039,1039,750,750,0,0
42,113,2,514,514,145,145,369,369,0,0
42,114,7,2544,2544,669,669,1875,1875,0,0
43,15,1,282,282,282,282,0,0,0,0
43,60,4,646,646,143,143,502,502,0,0
43,89,2,1933,1933,0,0,1933,1933,0,0
43,127,2,384,384,28,28,356,356,0,0
44,28,4,711,711,169,169,542,542,0,0
44,59,1,478,478,113,113,366,366,0,0
44,60,4,3083,3083,0,0,3083,3083,0,0
44,67,5,1390,1390,0,0,1390,1390,0,0
44,68,6,1550,1550,0,0,1550,1550,0,0
44,97,1,3534,3534,0,0,3534,3534,0,0
44,98,3,1982,1982,0,0,1982,1982,0,0
44,123,3,809,809,159,159,649,649,0,0
45,41,2,596,596,596,596,0,0,0,0
45,46,3,373,373,118,118,255,255,0,0
45,51,2,790,790,554,554,236,236,0,0
45,56,1,418,418,63,63,355,355,0,0
45,67,4,1986,1986,0,0,1986,1986,0,0
45,68,4,1207,1207,0,0,1207,1207,0,0
45,97,3,3729,3729,0,0,3729,3729,0,0
45,98,1,1498,1498,0,0,1498,1498,0,0
45,113,2,795,795,434,434,361,361,0,0
45,123,1,214,214,0,0,214,214,0,0
46,8,1,114,114,0,0,114,114,0,0
46,9,6,671,671,52,52,619,619,0,0
46,35,6,1082,1082,409,409,674,674,0,0
46,40,2,452,452,452,452,0,0,0,0
46,41,7,1619,1619,742,742,878,878,0,0
46,42,8,2195,2195,543,543,1652,1652,0,0
46,43,3,1106,1106,368,368,738,738,0,0
46,45,4,831,831,291,291,540,540,0,0
46,50,1,267,267,0,0,267,267,0,0
46,57,3,680,680,363,363,316,316,0,0
46,97,3,1098,1098,0,0,1098,1098,0,0
46,100,1,154,154,0,0,154,154,0,0
47,9,2,561,561,217,217,344,344,0,0
47,32,1,248,248,248,248,0,0,0,0
47,49,1,365,365,365,365,0,0,0,0
47,50,5,925,925,925,925,0,0,0,0
47,70,2,392,392,168,168,223,223,0,0
47,100,4,1273,1273,981,981,292,292,0,0
48,3,8,1534,1534,575,575,958,958,0,0
48,4,4,810,810,532,532,278,278,0,0
48,36,2,297,297,0,0,297,297,0,0
48,49,1,147,147,14,14,133,133,0,0
48,100,2,637,637,289,289,348,348,0,0
48,106,3,607,607,371,371,236,236,0,0
48,110,8,1643,1643,349,349,1294,1294,0,0
48,111,4,627,627,108,108,519,519,0,0
49,11,1,235,235,0,0,235,235,0,0
49,26,3,381,381,0,0,381,381,0,0
49,27,6,910,910,488,488,423,423,0,0
49,36,2,697,697,481,481,216,216,0,0
49,41,1,510,510,133,133,377,377,0,0
49,42,1,380,380,123,123,257,257,0,0
49,48,2,359,359,359,359,0,0,0,0
49,55,1,1039,1039,255,255,784,784,0,0
49,67,4,1041,1041,328,328,713,713,0,0
49,102,1,1719,1719,0,0,1719,1719,0,0
49,109,2,235,235,0,0,235,235,0,0
49,110,2,764,764,147,147,616,616,0,0
49,123,4,640,640,143,143,497,497,0,0
50,27,2,578,578,44,44,534,534,0,0
50,41,3,2068,2068,0,0,2068,2068,0,0
50,42,4,1683,1683,1153,1153,530,530,0,0
50,43,2,517,517,194,194,324,324,0,0
50,45,2,366,366,222,222,144,144,0,0
50,53,1,554,554,414,414,140,140,0,0
50,54,1,259,259,0,0,259,259,0,0
50,90,1,211,211,0,0,211,211,0,0
50,91,1,466,466,0,0,466,466,0,0
50,99,6,1390,1390,469,469,921,921,0,0
50,100,3,1560,1560,0,0,1560,1560,0,0
50,101,2,1554,1554,0,0,1554,1554,0,0
50,102,1,1645,1645,0,0,1645,1645,0,0
50,109,6,1650,1650,185,185,1465,1465,0,0
50,117,1,21,21,0,0,21,21,0,0
50,118,3,3856,3856,0,0,3856,3856,0,0
50,120,2,1298,1298,4,4,1293,1293,0,0
50,121,1,298,298,133,133,165,165,0,0
51,13,9,1504,1504,376,376,1128,1128,0,0
51,42,1,895,895,547,547,349,349,0,0
51,43,11,2855,2855,2517,2517,338,338,0,0
51,44,6,1213,1213,1198,1198,15,15,0,0
51,45,3,590,590,257,257,333,333,0,0
51,49,1,192,192,192,192,0,0,0,0
51,65,1,841,841,0,0,841,841,0,0
51,91,6,2480,2480,0,0,2480,2480,0,0
51,92,8,3731,3731,0,0,3731,3731,0,0
51,93,3,4203,4203,0,0,4203,4203,0,0
51,94,3,1219,1219,0,0,1219,1219,0,0
51,99,1,261,261,7,7,254,254,0,0
51,101,4,1395,1395,0,0,1395,1395,0,0
51,102,4,899,899,0,0,899,899,0,0
51,117,1,1417,1417,0,0,1417,1417,0,0
51,118,6,3723,3723,0,0,3723,3723,0,0
51,119,1,1237,1237,0,0,1237,1237,0,0
52,1,4,1292,1292,1292,1292,0,0,0,0
52,24,4,560,560,144,144,416,416,0,0
52,31,2,698,698,40,40,658,658,0,0
52,41,2,338,338,338,338,0,0,0,0
52,42,7,1879,1879,1772,1772,107,107,0,0
52,43,12,3746,3746,3643,3643,103,103,0,0
52,44,12,2200,2200,1931,1931,269,269,0,0
52,45,9,2247,2247,2247,2247,0,0,0,0
52,46,3,937,937,937,937,0,0,0,0
52,49,1,212,212,212,212,0,0,0,0
52,54,4,367,367,168,168,199,199,0,0
52,64,4,631,631,0,0,631,631,0,0
52,65,6,1450,1450,0,0,1450,1450,0,0
52,71,1,369,369,176,176,193,193,0,0
52,72,1,161,161,0,0,161,161,0,0
52,89,5,835,835,498,498,337,337,0,0
52,92,1,806,806,0,0,806,806,0,0
52,107,1,228,228,124,124,104,104,0,0
52,113,4,686,686,259,259,428,428,0,0
52,119,1,187,187,187,187,0,0,0,0
52,120,4,1258,1258,40,40,1218,1218,0,0
53,16,1,308,308,308,308,0,0,0,0
53,17,15,2317,2317,933,933,1384,1384,0,0
53,23,4,770,770,228,228,542,542,0,0
53,24,5,1077,1077,742,742,335,335,0,0
53,25,8,1471,1471,797,797,674,674,0,0
53,31,1,431,431,0,0,431,431,0,0
53,40,8,1763,1763,1763,1763,0,0,0,0
53,41,9,2290,2290,2289,2289,1,1,0,0
53,42,12,2966,2966,1320,1320,1047,1047,676,676
53,43,14,4462,4462,3631,3631,45,45,802,802
53,44,12,2161,2161,2142,2142,19,19,0,0
53,45,6,1018,1018,738,738,281,281,0,0
53,46,7,1899,1899,1899,1899,0,0,0,0
53,48,2,690,690,314,314,376,376,0,0
53,64,3,763,763,0,0,763,763,0,0
53,65,3,320,320,0,0,320,320,0,0
53,67,3,356,356,233,233,123,123,0,0
53,71,1,455,455,345,345,110,110,0,0
53,101,4,732,732,232,232,500,500,0,0
53,113,4,477,477,33,33,444,444,0,0
53,120,1,188,188,92,92,96,96,0,0
54,0,1,162,162,0,0,162,162,0,0
54,19,4,674,674,167,167,441,441,66,66
54,23,4,1180,1180,390,390,790,790,0,0
54,24,4,1424,1424,907,907,517,517,0,0
54,40,5,1286,1286,640,640,647,647,0,0
54,41,6,1592,1592,1552,1552,40,40,0,0
54,42,6,1233,1233,1186,1186,47,47,0,0
54,43,10,2444,2444,2016,2016,428,428,0,0
54,44,16,4319,4319,4228,4228,92,92,0,0
54,45,19,3678,3678,2892,2892,321,321,465,465
54,46,9,1751,1751,1216,1216,535,535,0,0
54,47,10,1315,1315,683,683,633,633,0,0
54,68,7,1703,1703,648,648,1054,1054,0,0
54,69,2,700,700,467,467,233,233,0,0
54,70,2,529,529,0,0,529,529,0,0
54,71,2,809,809,715,715,93,93,0,0
55,0,1,1834,1834,424,424,1410,1410,0,0
55,1,3,3967,3967,0,0,3967,3967,0,0
55,40,4,861,861,604,604,257,257,0,0
55,41,6,1504,1504,709,709,795,795,0,0
55,42,5,1821,1821,304,304,1517,1517,0,0
55,43,14,2953,2953,2500,2500,453,453,0,0
55,44,6,1653,1653,1472,1472,181,181,0,0
55,45,13,3429,3429,2847,2847,582,582,0,0
55,46,3,1550,1550,217,217,1333,1333,0,0
55,47,11,1415,1415,1288,1288,128,128,0,0
55,48,4,1205,1205,1179,1179,26,26,0,0
55,53,4,761,761,272,272,489,489,0,0
55,68,1,151,151,8,8,143,143,0,0
55,71,1,631,631,506,506,125,125,0,0
55,114,3,1032,1032,188,188,844,844,0,0
55,115,1,380,380,20,20,360,360,0,0
56,1,1,1431,1431,0,0,1431,1431,0,0
56,26,2,1456,1456,0,0,1456,1456,0,0
56,27,3,390,390,181,181,209,209,0,0
56,28,1,316,316,0,0,316,316,0,0
56,31,1,625,625,372,372,253,253,0,0
56,32,1,745,745,6,6,739,739,0,0
56,35,1,509,509,0,0,509,509,0,0
56,40,3,1536,1536,438,438,1097,1097,0,0
56,41,9,1763,1763,1051,1051,712,712,0,0
56,42,5,1318,1318,1318,1318,0,0,0,0
56,43,1,315,315,315,315,0,0,0,0
56,45,8,1499,1499,1255,1255,244,244,0,0
56,46,8,1706,1706,1510,1510,197,197,0,0
56,47,7,2123,2123,2115,2115,8,8,0,0
56,48,8,2690,2690,1140,1140,1550,1550,0,0
56,69,2,560,560,97,97,463,463,0,0
56,70,2,840,840,497,497,343,343,0,0
56,73,5,1489,1489,0,0,1489,1489,0,0
56,74,3,5287,5287,0,0,5287,5287,0,0
56,86,4,982,982,14,14,968,968,0,0
56,87,4,560,560,301,301,259,259,0,0
56,96,6,1937,1937,449,449,1488,1488,0,0
57,8,3,902,902,37,37,865,865,0,0
57,27,1,275,275,271,271,4,4,0,0
57,28,4,1438,1438,151,151,1287,1287,0,0
57,39,3,1680,1680,193,193,1487,1487,0,0
57,40,6,1996,1996,1303,1303,693,693,0,0
57,41,4,2224,2224,2192,2192,32,32,0,0
57,45,4,1813,1813,1387,1387,426,426,0,0
57,47,2,588,588,588,588,0,0,0,0
57,48,1,518,518,0,0,518,518,0,0
57,55,3,424,424,325,325,99,99,0,0
57,58,2,377,377,102,102,276,276,0,0
57,61,2,495,495,495,495,0,0,0,0
57,69,2,1009,1009,361,361,648,648,0,0
57,70,1,148,148,11,11,138,138,0,0
57,73,3,656,656,0,0,656,656,0,0
57,74,1,505,505,0,0,505,505,0,0
57,86,6,1152,1152,317,317,835,835,0,0
57,88,1,239,239,239,239,0,0,0,0
57,90,3,519,519,61,61,458,458,0,0
57,104,2,543,543,0,0,543,543,0,0
57,105,2,311,311,311,311,0,0,0,0
57,115,1,202,202,202,202,0,0,0,0
57,121,1,189,189,175,175,15,15,0,0
57,122,1,252,252,0,0,252,252,0,0
58,8,4,1495,1495,562,562,934,934,0,0
58,12,4,1060,1060,292,292,768,768,0,0
58,29,7,1648,1648,760,760,888,888,0,0
58,30,6,1512,1512,676,676,836,836,0,0
58,35,1,290,290,0,0,290,290,0,0
58,39,2,598,598,598,598,0,0,0,0
58,40,2,490,490,455,455,36,36,0,0
58,41,4,704,704,56,56,648,648,0,0
58,42,2,476,476,245,245,231,231,0,0
58,44,2,623,623,623,623,0,0,0,0
58,45,5,1196,1196,1172,1172,25,25,0,0
58,60,1,859,859,0,0,859,859,0,0
58,61,7,1413,1413,802,802,611,611,0,0
58,90,5,556,556,229,229,327,327,0,0
58,98,1,419,419,315,315,104,104,0,0
58,104,2,645,645,645,645,0,0,0,0
58,117,1,459,459,191,191,268,268,0,0
58,121,2,407,407,130,130,277,277,0,0
58,122,1,190,190,2,2,188,188,0,0
59,2,3,973,973,150,150,822,822,0,0
59,29,2,580,580,451,451,129,129,0,0
59,30,6,1519,1519,488,488,1031,1031,0,0
59,35,3,1574,1574,67,67,1507,1507,0,0
59,37,1,64,64,0,0,64,64,0,0
59,38,3,607,607,0,0,607,607,0,0
59,39,1,2591,2591,0,0,2591,2591,0,0
59,55,1,126,126,51,51,75,75,0,0
59,78,1,554,554,0,0,554,554,0,0
59,88,1,390,390,0,0,390,390,0,0
59,89,1,793,793,0,0,793,793,0,0
59,97,4,1205,1205,284,284,921,921,0,0
59,118,2,338,338,224,224,114,114,0,0
59,119,3,700,700,517,517,183,183,0,0
60,22,4,768,768,325,325,444,444,0,0
60,29,2,525,525,33,33,492,492,0,0
60,38,4,675,675,0,0,675,675,0,0
60,39,5,1459,1459,0,0,1459,1459,0,0
60,40,1,249,249,140,140,109,109,0,0
60,45,2,600,600,600,600,0,0,0,0
60,46,3,380,380,296,296,84,84,0,0
60,55,1,156,156,0,0,156,156,0,0
60,78,3,354,354,159,159,196,196,0,0
60,79,1,531,531,346,346,184,184,0,0
60,88,4,450,450,182,182,268,268,0,0
60,90,6,1945,1945,306,306,1639,1639,0,0
60,91,1,205,205,129,129,76,76,0,0
60,92,2,1134,1134,139,139,996,996,0,0
60,93,2,696,696,696,696,0,0,0,0
60,104,3,214,214,97,97,116,116,0,0
60,108,1,350,350,350,350,0,0,0,0
60,109,1,549,549,549,549,0,0,0,0
60,112,8,1219,1219,532,532,687,687,0,0
61,13,1,454,454,0,0,454,454,0,0
61,47,1,13,13,13,13,0,0,0,0
61,50,2,461,461,312,312,148,148,0,0
61,87,1,276,276,276,276,0,0,0,0
61,88,5,1016,1016,586,586,429,429,0,0
61,89,5,458,458,259,259,199,199,0,0
61,90,1,240,240,162,162,78,78,0,0
61,91,9,1838,1838,472,472,1366,1366,0,0
61,92,3,917,917,655,655,262,262,0,0
61,94,9,1375,1375,897,897,478,478,0,0
61,111,9,1047,1047,495,495,551,551,0,0
61,113,1,283,283,283,283,0,0,0,0
62,12,7,1220,1220,385,385,835,835,0,0
62,13,2,752,752,294,294,458,458,0,0
62,58,3,1630,1630,234,234,1396,1396,0,0
62,59,1,1234,1234,0,0,1234,1234,0,0
62,86,2,797,797,0,0,797,797,0,0
62,90,4,1357,1357,173,173,1184,1184,0,0
62,91,7,2752,2752,237,237,2515,2515,0,0
62,110,6,1092,1092,213,213,880,880,0,0
62,113,5,2229,2229,0,0,2229,2229,0,0
63,2,3,455,455,196,196,260,260,0,0
63,22,2,511,511,428,428,82,82,0,0
63,83,1,118,118,118,118,0,0,0,0
63,86,5,1372,1372,875,875,497,497,0,0
63,89,1,166,166,0,0,166,166,0,0
63,90,8,1437,1437,348,348,968,968,121,121
63,91,6,1133,1133,844,844,289,289,0,0
63,97,3,578,578,172,172,406,406,0,0
63,102,2,493,493,346,346,146,146,0,0
63,108,1,344,344,344,344,0,0,0,0
63,109,4,477,477,244,244,233,233,0,0
63,113,3,2332,2332,0,0,2332,2332,0,0
64,6,3,380,380,133,133,247,247,0,0
64,81,3,356,356,110,110,247,247,0,0
64,90,4,941,941,644,644,297,297,0,0
64,92,1,15,15,15,15,0,0,0,0
64,107,6,1903,1903,781,781,1112,1112,0,0
64,108,3,959,959,957,957,2,2,0,0
64,109,3,619,619,619,619,0,0,0,0
64,110,2,517,517,432,432,85,85,0,0
64,112,1,232,232,0,0,232,232,0,0
64,113,4,3625,3625,0,0,3625,3625,0,0
64,114,2,2618,2618,0,0,2618,2618,0,0
64,115,5,866,866,0,0,866,866,0,0
64,116,3,2319,2319,0,0,2319,2319,0,0
65,63,3,266,266,162,162,104,104,0,0
65,79,2,179,179,120,120,59,59,0,0
65,87,2,293,293,148,148,145,145,0,0
65,99,1,85,85,0,0,0,0,85,85
65,103,1,36,36,36,36,0,0,0,0
65,107,4,750,750,364,364,386,386,0,0
65,108,5,1447,1447,1447,1447,0,0,0,0
65,109,7,1960,1960,1117,1117,843,843,0,0
65,110,5,2189,2189,770,770,1420,1420,0,0
65,112,3,1026,1026,459,459,567,567,0,0
65,113,5,3981,3981,11,11,3970,3970,0,0
65,114,3,2163,2163,0,0,2163,2163,0,0
65,115,12,3236,3236,0,0,3236,3236,0,0
65,116,2,2358,2358,0,0,2358,2358,0,0
66,19,1,54,54,0,0,54,54,0,0
66,26,2,419,419,0,0,419,419,0,0
66,62,3,533,533,82,82,451,451,0,0
66,79,4,1186,1186,362,362,824,824,0,0
66,80,2,245,245,109,109,137,137,0,0
66,81,5,2023,2023,468,468,1554,1554,0,0
66,84,1,276,276,270,270,6,6,0,0
66,85,3,346,346,41,41,305,305,0,0
66,102,3,1918,1918,1,1,1917,1917,0,0
66,103,1,227,227,227,227,0,0,0,0
66,106,1,180,180,2,2,179,179,0,0
66,107,7,1474,1474,1474,1474,0,0,0,0
66,108,7,1930,1930,1930,1930,0,0,0,0
66,109,11,3150,3150,1360,1360,1790,1790,0,0
66,110,2,1327,1327,390,390,937,937,0,0
66,111,11,876,876,766,766,110,110,0,0
66,112,1,12,12,0,0,12,12,0,0
66,113,1,75,75,75,75,0,0,0,0
66,117,1,559,559,0,0,559,559,0,0
66,118,3,436,436,219,219,217,217,0,0
66,125,2,610,610,229,229,381,381,0,0
67,7,1,3311,3311,0,0,3311,3311,0,0
67,19,2,492,492,414,414,78,78,0,0
67,26,1,74,74,0,0,74,74,0,0
67,46,2,784,784,220,220,564,564,0,0
67,59,3,258,258,73,73,185,185,0,0
67,79,1,211,211,0,0,211,211,0,0
67,83,6,581,581,210,210,371,371,0,0
67,88,3,731,731,132,132,599,599,0,0
67,102,1,964,964,0,0,964,964,0,0
67,104,4,832,832,450,450,382,382,0,0
67,106,4,805,805,761,761,44,44,0,0
67,107,7,1905,1905,1905,1905,0,0,0,0
67,108,9,1930,1930,1188,1188,742,742,0,0
67,109,8,2206,2206,2016,2016,190,190,0,0
67,110,6,2288,2288,895,895,1392,1392,0,0
67,111,9,1382,1382,1382,1382,0,0,0,0
67,112,3,734,734,569,569,165,165,0,0
68,7,11,2256,2256,485,485,1771,1771,0,0
68,19,2,243,243,84,84,159,159,0,0
68,79,2,782,782,257,257,525,525,0,0
68,83,2,361,361,329,329,32,32,0,0
68,87,3,530,530,530,530,0,0,0,0
68,88,3,752,752,689,689,63,63,0,0
68,89,2,390,390,211,211,180,180,0,0
68,90,4,2957,2957,0,0,2957,2957,0,0
68,91,3,653,653,396,396,234,234,23,23
68,105,1,477,477,0,0,477,477,0,0
68,106,4,1696,1696,1696,1696,0,0,0,0
68,107,10,2136,2136,1961,1961,175,175,0,0
68,108,7,1356,1356,1356,1356,0,0,0,0
68,109,9,1592,1592,1258,1258,334,334,0,0
68,110,2,974,974,974,974,0,0,0,0
68,111,10,2178,2178,1827,1827,351,351,0,0
68,112,4,1420,1420,1420,1420,0,0,0,0
68,114,2,250,250,96,96,154,154,0,0
69,7,2,184,184,0,0,184,184,0,0
69,47,1,336,336,208,208,128,128,0,0
69,56,5,747,747,173,173,575,575,0,0
69,84,1,641,641,98,98,544,544,0,0
69,87,3,492,492,335,335,157,157,0,0
69,88,2,1131,1131,1029,1029,102,102,0,0
69,90,2,651,651,650,650,1,1,0,0
69,99,2,310,310,24,24,286,286,0,0
69,100,1,354,354,274,274,80,80,0,0
69,104,1,826,826,0,0,826,826,0,0
69,106,6,2368,2368,0,0,2368,2368,0,0
69,107,10,2207,2207,1894,1894,314,314,0,0
69,108,13,1704,1704,1390,1390,314,314,0,0
69,109,15,4129,4129,3314,3314,0,0,815,815
69,110,5,1135,1135,722,722,408,408,0,0
69,111,7,1426,1426,1031,1031,395,395,0,0
69,112,3,433,433,234,234,199,199,0,0
69,114,7,1683,1683,478,478,1205,1205,0,0
70,49,3,949,949,141,141,808,808,0,0
70,58,9,2073,2073,255,255,1818,1818,0,0
70,84,1,2651,2651,0,0,2651,2651,0,0
70,85,2,3993,3993,3,3,3990,3990,0,0
70,86,3,2749,2749,335,335,2414,2414,0,0
70,87,5,896,896,750,750,146,146,0,0
70,88,2,720,720,360,360,360,360,0,0
70,107,2,803,803,245,245,557,557,0,0
70,108,6,1347,1347,893,893,455,455,0,0
70,109,12,1716,1716,1108,1108,608,608,0,0
70,110,8,2694,2694,2439,2439,5,5,238,238
70,111,8,2373,2373,2097,2097,276,276,0,0
71,8,1,282,282,282,282,0,0,0,0
71,11,2,95,95,0,0,95,95,0,0
71,12,2,384,384,124,124,260,260,0,0
71,14,3,599,599,252,252,347,347,0,0
71,17,4,462,462,185,185,278,278,0,0
71,18,5,2893,2893,0,0,2893,2893,0,0
71,49,2,293,293,39,39,253,253,0,0
71,50,2,420,420,235,235,185,185,0,0
71,57,1,265,265,265,265,0,0,0,0
71,58,1,964,964,0,0,964,964,0,0
71,68,3,728,728,254,254,474,474,0,0
71,79,1,346,346,112,112,235,235,0,0
71,84,1,487,487,0,0,487,487,0,0
71,85,2,1836,1836,0,0,1836,1836,0,0
71,86,5,2717,2717,398,398,2319,2319,0,0
71,87,2,566,566,295,295,271,271,0,0
71,95,1,160,160,159,159,1,1,0,0
71,96,3,505,505,178,178,327,327,0,0
71,108,5,660,660,454,454,206,206,0,0
71,109,12,3076,3076,2928,2928,148,148,0,0
71,110,13,2538,2538,2538,2538,0,0,0,0
71,111,9,1934,1934,1703,1703,230,230,0,0
71,112,7,1808,1808,1808,1808,0,0,0,0
71,113,4,1109,1109,1109,1109,0,0,0,0
72,45,2,572,572,92,92,421,421,0,0
72,71,1,3510,3510,0,0,3510,3510,0,0
72,85,2,1088,1088,0,0,1088,1088,0,0
72,86,1,251,251,112,112,139,139,0,0
72,87,7,2270,2270,1947,1947,323,323,0,0
72,88,2,535,535,286,286,249,249,0,0
72,89,1,382,382,0,0,382,382,0,0
72,95,2,421,421,158,158,263,263,0,0
72,105,1,418,418,0,0,418,418,0,0
72,108,3,427,427,83,83,344,344,0,0
72,109,11,2434,2434,2028,2028,406,406,0,0
72,110,5,1432,1432,1432,1432,0,0,0,0
72,111,4,621,621,517,517,105,105,0,0
72,112,2,663,663,663,663,0,0,0,0
72,115,1,364,364,364,364,0,0,0,0
73,17,2,453,453,217,217,236,236,0,0
73,29,3,1698,1698,0,0,1698,1698,0,0
73,48,1,90,90,90,90,0,0,0,0
73,53,2,587,587,236,236,351,351,0,0
73,54,2,291,291,126,126,165,165,0,0
73,55,2,283,283,12,12,270,270,0,0
73,71,2,873,873,4,4,869,869,0,0
73,72,5,1781,1781,1225,1225,556,556,0,0
73,83,3,745,745,745,745,0,0,0,0
73,84,6,1546,1546,1165,1165,381,381,0,0
73,85,8,1357,1357,672,672,684,684,0,0
73,86,2,270,270,64,64,206,206,0,0
73,103,3,388,388,190,190,198,198,0,0
73,104,1,2277,2277,0,0,2277,2277,0,0
73,105,2,3537,3537,0,0,3537,3537,0,0
73,106,1,660,660,0,0,660,660,0,0
73,108,1,727,727,727,727,0,0,0,0
73,109,1,419,419,419,419,0,0,0,0
73,126,1,388,388,164,164,224,224,0,0
74,13,1,141,141,115,115,27,27,0,0
74,16,3,1275,1275,600,600,675,675,0,0
74,17,3,1731,1731,0,0,1731,1731,0,0
74,28,4,674,674,0,0,674,674,0,0
74,29,5,1107,1107,430,430,677,677,0,0
74,43,8,2260,2260,492,492,1769,1769,0,0
74,44,1,249,249,227,227,22,22,0,0
74,55,2,264,264,164,164,100,100,0,0
74,81,5,1420,1420,962,962,459,459,0,0
74,82,12,2097,2097,1827,1827,270,270,0,0
74,83,11,1484,1484,1278,1278,207,207,0,0
74,84,3,1128,1128,1,1,1127,1127,0,0
74,89,1,225,225,225,225,0,0,0,0
74,94,3,741,741,312,312,429,429,0,0
74,95,4,506,506,156,156,350,350,0,0
74,96,1,56,56,0,0,56,56,0,0
74,104,2,1615,1615,0,0,1615,1615,0,0
74,105,2,1535,1535,0,0,1535,1535,0,0
74,106,1,2789,2789,0,0,2789,2789,0,0
74,107,1,1785,1785,0,0,1785,1785,0,0
74,108,1,728,728,0,0,728,728,0,0
74,119,1,1056,1056,0,0,1056,1056,0,0
75,1,2,443,443,443,443,0,0,0,0
75,7,3,368,368,88,88,280,280,0,0
75,16,1,456,456,0,0,456,456,0,0
75,46,1,463,463,84,84,379,379,0,0
75,55,2,540,540,457,457,84,84,0,0
75,78,1,442,442,100,100,342,342,0,0
75,79,4,1038,1038,121,121,222,222,695,695
75,80,8,2227,2227,1549,1549,678,678,0,0
75,81,10,3224,3224,2693,2693,530,530,0,0
75,82,3,1293,1293,1013,1013,279,279,0,0
75,93,1,1449,1449,0,0,1449,1449,0,0
75,103,1,247,247,157,157,90,90,0,0
75,104,1,879,879,0,0,879,879,0,0
75,107,6,1246,1246,0,0,1246,1246,0,0
75,108,2,939,939,0,0,939,939,0,0
75,111,3,961,961,649,649,312,312,0,0
75,112,1,852,852,706,706,146,146,0,0
75,118,3,466,466,257,257,209,209,0,0
75,123,2,521,521,521,521,0,0,0,0
75,124,6,1008,1008,168,168,840,840,0,0
76,2,1,131,131,131,131,0,0,0,0
76,4,1,68,68,68,68,0,0,0,0
76,6,1,236,236,236,236,0,0,0,0
76,12,15,1884,1884,962,962,923,923,0,0
76,45,2,527,527,126,126,401,401,0,0
76,50,3,608,608,0,0,608,608,0,0
76,51,1,282,282,148,148,134,134,0,0
76,75,3,801,801,397,397,404,404,0,0
76,76,3,514,514,422,422,91,91,0,0
76,78,2,1811,1811,365,365,1446,1446,0,0
76,79,4,923,923,709,709,215,215,0,0
76,80,9,1736,1736,1555,1555,181,181,0,0
76,81,4,535,535,460,460,75,75,0,0
76,92,3,367,367,167,167,201,201,0,0
76,95,7,1231,1231,801,801,431,431,0,0
76,96,1,687,687,1,1,686,686,0,0
76,104,2,607,607,0,0,607,607,0,0
76,112,1,773,773,22,22,751,751,0,0
76,115,2,281,281,145,145,136,136,0,0
76,116,2,391,391,254,254,137,137,0,0
76,117,7,1619,1619,141,141,1478,1478,0,0
76,118,6,2823,2823,17,17,2806,2806,0,0
76,123,2,347,347,111,111,236,236,0,0
77,0,5,1212,1212,232,232,980,980,0,0
77,8,1,182,182,182,182,0,0,0,0
77,9,4,485,485,143,143,342,342,0,0
77,15,7,1193,1193,504,504,689,689,0,0
77,16,3,648,648,160,160,487,487,0,0
77,22,1,257,257,0,0,257,257,0,0
77,23,3,482,482,296,296,186,186,0,0
77,24,1,99,99,5,5,94,94,0,0
77,27,3,2543,2543,4,4,2539,2539,0,0
77,44,3,993,993,536,536,456,456,0,0
77,45,6,819,819,184,184,635,635,0,0
77,46,1,229,229,0,0,229,229,0,0
77,74,1,696,696,0,0,696,696,0,0
77,75,2,735,735,713,713,22,22,0,0
77,76,2,259,259,174,174,86,86,0,0
77,77,4,927,927,885,885,41,41,0,0
77,78,4,1494,1494,1217,1217,277,277,0,0
77,79,6,2050,2050,1141,1141,910,910,0,0
77,80,3,2079,2079,84,84,1995,1995,0,0
77,98,2,1949,1949,94,94,1854,1854,0,0
77,101,1,66,66,0,0,66,66,0,0
77,104,1,297,297,297,297,0,0,0,0
77,115,2,369,369,319,319,50,50,0,0
77,120,1,226,226,199,199,28,28,0,0
77,121,5,1441,1441,79,79,1362,1362,0,0
78,8,1,738,738,0,0,738,738,0,0
78,9,2,679,679,218,218,461,461,0,0
78,23,2,276,276,267,267,9,9,0,0
78,24,1,296,296,286,286,10,10,0,0
78,27,3,736,736,320,320,415,415,0,0
78,43,6,1145,1145,630,630,515,515,0,0
78,44,1,301,301,0,0,301,301,0,0
78,73,3,851,851,73,73,779,779,0,0
78,74,3,817,817,293,293,523,523,0,0
78,78,2,398,398,137,137,261,261,0,0
78,97,2,1842,1842,0,0,1842,1842,0,0
78,98,2,2387,2387,177,177,2210,2210,0,0
78,101,3,268,268,201,201,66,66,0,0
78,102,2,221,221,84,84,137,137,0,0
78,111,1,321,321,215,215,106,106,0,0
79,8,2,758,758,0,0,758,758,0,0
79,13,5,837,837,284,284,85,85,468,468
79,14,4,589,589,162,162,5,5,432,432
79,56,2,236,236,91,91,144,144,0,0
79,57,1,351,351,0,0,351,351,0,0
79,77,3,1224,1224,1031,1031,193,193,0,0
79,78,5,1977,1977,1676,1676,301,301,0,0
79,79,2,756,756,448,448,308,308,0,0
79,94,1,231,231,85,85,146,146,0,0
79,101,4,1584,1584,1356,1356,227,227,0,0
79,116,3,628,628,254,254,374,374,0,0
80,2,3,1227,1227,0,0,1227,1227,0,0
80,11,2,541,541,541,541,0,0,0,0
80,12,2,1160,1160,1160,1160,0,0,0,0
80,13,3,1612,1612,639,639,973,973,0,0
80,14,3,794,794,794,794,0,0,0,0
80,15,3,765,765,765,765,0,0,0,0
80,16,3,828,828,462,462,366,366,0,0
80,30,2,365,365,156,156,209,209,0,0
80,31,4,565,565,234,234,330,330,0,0
80,57,2,537,537,216,216,321,321,0,0
80,71,2,390,390,0,0,390,390,0,0
80,72,2,182,182,77,77,105,105,0,0
80,77,2,296,296,85,85,211,211,0,0
80,78,5,1441,1441,0,0,1441,1441,0,0
80,100,2,242,242,233,233,8,8,0,0
80,101,2,299,299,299,299,0,0,0,0
80,105,1,335,335,0,0,335,335,0,0
80,115,7,1388,1388,183,183,1205,1205,0,0
80,116,5,672,672,280,280,392,392,0,0
80,127,4,313,313,125,125,188,188,0,0
81,2,4,2098,2098,325,325,1773,1773,0,0
81,10,3,1279,1279,1194,1194,85,85,0,0
81,11,5,1979,1979,1468,1468,511,511,0,0
81,13,1,403,403,403,403,0,0,0,0
81,14,7,1693,1693,1693,1693,0,0,0,0
81,15,2,609,609,419,419,191,191,0,0
81,16,10,2355,2355,2097,2097,258,258,0,0
81,29,3,235,235,0,0,235,235,0,0
81,30,1,266,266,79,79,187,187,0,0
81,35,2,2088,2088,0,0,2088,2088,0,0
81,36,2,2556,2556,0,0,2556,2556,0,0
81,37,5,1326,1326,93,93,1234,1234,0,0
81,71,2,493,493,307,307,187,187,0,0
81,72,1,220,220,104,104,117,117,0,0
81,92,2,3066,3066,0,0,3066,3066,0,0
81,93,6,2509,2509,439,439,2070,2070,0,0
81,105,3,539,539,199,199,340,340,0,0
81,109,11,3271,3271,0,0,3271,3271,0,0
81,110,5,1353,1353,365,365,988,988,0,0
81,115,8,1103,1103,610,610,493,493,0,0
82,8,2,370,370,242,242,128,128,0,0
82,12,2,1037,1037,707,707,330,330,0,0
82,13,6,2075,2075,1438,1438,638,638,0,0
82,14,3,756,756,756,756,0,0,0,0
82,15,8,1320,1320,1320,1320,0,0,0,0
82,16,4,1482,1482,1241,1241,241,241,0,0
82,24,1,506,506,0,0,506,506,0,0
82,25,2,3200,3200,0,0,3200,3200,0,0
82,34,2,251,251,90,90,160,160,0,0
82,35,4,2270,2270,1152,1152,1118,1118,0,0
82,36,2,734,734,0,0,734,734,0,0
82,37,1,249,249,80,80,169,169,0,0
82,51,3,1570,1570,214,214,1356,1356,0,0
82,52,5,814,814,337,337,446,446,0,0
82,70,1,38,38,0,0,38,38,0,0
82,84,4,613,613,111,111,502,502,0,0
82,93,1,793,793,177,177,616,616,0,0
82,109,3,567,567,80,80,487,487,0,0
82,111,1,1721,1721,0,0,1721,1721,0,0
82,117,5,1135,1135,361,361,774,774,0,0
83,1,1,685,685,89,89,596,596,0,0
83,2,2,877,877,262,262,615,615,0,0
83,4,1,196,196,0,0,196,196,0,0
83,5,1,602,602,602,602,0,0,0,0
83,8,1,1149,1149,0,0,1149,1149,0,0
83,9,1,676,676,0,0,676,676,0,0
83,10,3,3135,3135,0,0,3135,3135,0,0
83,12,5,2004,2004,766,766,1238,1238,0,0
83,13,10,1953,1953,1830,1830,123,123,0,0
83,14,14,3653,3653,3542,3542,111,111,0,0
83,15,11,2960,2960,2696,2696,264,264,0,0
83,16,2,1255,1255,1070,1070,186,186,0,0
83,40,1,203,203,203,203,0,0,0,0
83,41,1,270,270,213,213,56,56,0,0
83,52,2,362,362,145,145,217,217,0,0
83,62,2,2985,2985,0,0,2985,2985,0,0
83,63,1,1201,1201,0,0,1201,1201,0,0
83,70,1,679,679,0,0,679,679,0,0
84,1,1,288,288,48,48,241,241,0,0
84,2,3,376,376,188,188,188,188,0,0
84,5,1,73,73,73,73,0,0,0,0
84,7,5,1069,1069,181,181,888,888,0,0
84,8,5,3082,3082,0,0,3082,3082,0,0
84,9,4,2730,2730,0,0,2730,2730,0,0
84,10,2,1779,1779,148,148,1632,1632,0,0
84,13,12,2818,2818,2226,2226,592,592,0,0
84,14,5,1405,1405,1089,1089,316,316,0,0
84,15,1,541,541,57,57,484,484,0,0
84,60,2,296,296,150,150,146,146,0,0
84,61,4,2887,2887,0,0,2887,2887,0,0
84,62,3,3471,3471,0,0,3471,3471,0,0
84,67,1,327,327,300,300,27,27,0,0
84,76,3,730,730,582,582,148,148,0,0
84,84,1,344,344,344,344,0,0,0,0
84,97,1,169,169,169,169,0,0,0,0
84,121,1,257,257,0,0,257,257,0,0
84,122,3,731,731,0,0,731,731,0,0
85,7,2,531,531,0,0,531,531,0,0
85,14,5,1313,1313,686,686,627,627,0,0
85,15,2,1174,1174,366,366,808,808,0,0
85,16,6,1356,1356,647,647,709,709,0,0
85,17,2,371,371,368,368,4,4,0,0
85,47,1,414,414,0,0,414,414,0,0
85,61,5,1782,1782,0,0,1782,1782,0,0
85,66,3,1199,1199,786,786,413,413,0,0
85,67,4,1363,1363,954,954,409,409,0,0
85,96,2,552,552,497,497,55,55,0,0
85,97,4,887,887,0,0,887,887,0,0
85,100,1,235,235,235,235,0,0,0,0
85,101,2,863,863,0,0,863,863,0,0
85,116,3,619,619,394,394,225,225,0,0
86,14,7,1160,1160,914,914,246,246,0,0
86,15,7,1467,1467,1467,1467,0,0,0,0
86,16,1,265,265,118,118,147,147,0,0
86,47,1,465,465,280,280,186,186,0,0
86,48,3,155,155,101,101,54,54,0,0
86,58,2,550,550,285,285,265,265,0,0
86,62,2,518,518,298,298,220,220,0,0
86,65,1,908,908,0,0,908,908,0,0
86,116,1,219,219,219,219,0,0,0,0
87,14,5,925,925,403,403,522,522,0,0
87,15,1,306,306,306,306,0,0,0,0
87,17,1,167,167,167,167,0,0,0,0
87,38,5,1674,1674,359,359,1315,1315,0,0
87,48,2,112,112,0,0,0,0,112,112
87,62,1,516,516,82,82,434,434,0,0
87,64,1,1237,1237,0,0,1237,1237,0,0
87,65,9,4299,4299,0,0,4299,4299,0,0
87,74,7,3283,3283,507,507,2776,2776,0,0
87,75,2,1593,1593,934,934,659,659,0,0
87,76,3,800,800,800,800,0,0,0,0
87,100,2,515,515,385,385,130,130,0,0
88,1,7,1229,1229,276,276,953,953,0,0
88,2,1,417,417,238,238,179,179,0,0
88,15,3,876,876,655,655,222,222,0,0
88,16,7,1407,1407,829,829,578,578,0,0
88,19,2,511,511,322,322,189,189,0,0
88,62,1,673,673,178,178,495,495,0,0
88,64,2,1339,1339,400,400,939,939,0,0
88,65,1,981,981,0,0,981,981,0,0
88,74,4,1641,1641,417,417,1224,1224,0,0
88,75,3,1160,1160,927,927,232,232,0,0
88,92,1,115,115,74,74,41,41,0,0
89,1,2,257,257,88,88,169,169,0,0
89,20,1,656,656,451,451,205,205,0,0
89,22,3,2005,2005,0,0,2005,2005,0,0
89,46,1,2629,2629,0,0,2629,2629,0,0
89,47,2,580,580,278,278,302,302,0,0
89,48,12,1743,1743,454,454,1158,1158,132,132
89,71,1,84,84,84,84,0,0,0,0
89,91,4,3263,3263,58,58,3205,3205,0,0
89,92,4,1093,1093,758,758,335,335,0,0
89,93,1,319,319,78,78,241,241,0,0
90,21,2,590,590,243,243,348,348,0,0
90,22,1,386,386,386,386,0,0,0,0
90,47,3,727,727,83,83,644,644,0,0
90,48,8,1655,1655,391,391,1264,1264,0,0
90,64,3,1255,1255,366,366,889,889,0,0
90,65,1,449,449,449,449,0,0,0,0
90,66,1,214,214,188,188,26,26,0,0
90,71,1,695,695,695,695,0,0,0,0
90,74,1,338,338,338,338,0,0,0,0
90,83,2,366,366,366,366,0,0,0,0
90,93,3,708,708,91,91,616,616,0,0
90,103,2,458,458,73,73,385,385,0,0
90,104,2,1378,1378,128,128,1250,1250,0,0
90,114,1,243,243,0,0,243,243,0,0
90,116,1,170,170,95,95,75,75,0,0
91,12,1,523,523,219,219,304,304,0,0
91,13,1,351,351,2,2,349,349,0,0
91,18,2,239,239,196,196,43,43,0,0
91,24,1,448,448,285,285,162,162,0,0
91,25,3,1213,1213,198,198,1015,1015,0,0
91,48,2,902,902,241,241,661,661,0,0
91,65,1,505,505,129,129,376,376,0,0
91,66,2,526,526,346,346,180,180,0,0
91,92,6,1350,1350,657,657,693,693,0,0
91,113,1,940,940,940,940,0,0,0,0
91,114,1,415,415,0,0,415,415,0,0
91,116,5,1617,1617,808,808,809,809,0,0
91,117,2,370,370,370,370,0,0,0,0
92,0,3,1667,1667,0,0,1667,1667,0,0
92,12,2,277,277,176,176,102,102,0,0
92,16,3,1267,1267,124,124,1144,1144,0,0
92,24,2,215,215,215,215,0,0,0,0
92,65,2,491,491,53,53,439,439,0,0
92,92,3,686,686,32,32,655,655,0,0
92,111,1,204,204,0,0,204,204,0,0
92,112,1,560,560,560,560,0,0,0,0
93,0,5,1296,1296,353,353,943,943,0,0
93,1,2,1410,1410,0,0,1410,1410,0,0
93,16,3,2078,2078,798,798,1280,1280,0,0
93,27,1,192,192,163,163,29,29,0,0
93,28,2,343,343,220,220,123,123,0,0
93,55,4,1078,1078,388,388,689,689,0,0
93,67,2,502,502,352,352,149,149,0,0
93,80,2,434,434,179,179,255,255,0,0
93,88,2,183,183,127,127,56,56,0,0
93,89,1,380,380,265,265,115,115,0,0
93,111,1,262,262,66,66,66,66,0,0
94,23,1,620,620,0,0,620,620,0,0
94,24,2,978,978,0,0,978,978,0,0
94,27,1,355,355,0,0,355,355,0,0
94,28,1,301,301,301,301,0,0,0,0
94,48,1,124,124,63,63,61,61,0,0
94,49,1,397,397,397,397,0,0,0,0
94,54,1,1480,1480,0,0,1480,1480,0,0
94,55,2,648,648,363,363,285,285,0,0
94,68,2,386,386,158,158,227,227,0,0
94,71,2,557,557,557,557,0,0,0,0
94,80,1,488,488,335,335,153,153,0,0
94,82,1,366,366,366,366,0,0,0,0
94,88,1,290,290,221,221,69,69,0,0
94,103,6,1783,1783,1229,1229,554,554,0,0
94,110,1,383,383,374,374,9,9,0,0
94,112,8,1977,1977,378,378,1599,1599,0,0
94,114,2,606,606,606,606,0,0,0,0
94,123,3,779,779,0,0,779,779,0,0
95,23,2,460,460,447,447,13,13,0,0
95,24,1,418,418,115,115,303,303,0,0
95,29,1,246,246,246,246,0,0,0,0
95,30,3,268,268,111,111,157,157,0,0
95,31,3,614,614,242,242,372,372,0,0
95,32,1,240,240,0,0,240,240,0,0
95,63,1,679,679,244,244,435,435,0,0
95,69,1,272,272,272,272,0,0,0,0
95,72,2,5982,5982,0,0,5982,5982,0,0
95,73,2,7418,7418,0,0,7418,7418,0,0
95,87,1,232,232,21,21,211,211,0,0
95,112,1,231,231,231,231,0,0,0,0
95,125,1,231,231,32,32,200,200,0,0
96,12,2,311,311,31,31,280,280,0,0
96,24,1,365,365,130,130,235,235,0,0
96,31,5,1170,1170,271,271,899,899,0,0
96,32,1,564,564,0,0,564,564,0,0
96,69,2,793,793,647,647,146,146,0,0
96,71,6,4720,4720,0,0,4720,4720,0,0
96,73,2,812,812,431,431,381,381,0,0
96,75,3,950,950,950,950,0,0,0,0
96,80,1,1857,1857,0,0,1857,1857,0,0
96,87,3,505,505,193,193,312,312,0,0
96,93,1,587,587,0,0,587,587,0,0
96,106,3,888,888,462,462,423,423,0,0
96,107,2,560,560,466,466,31,31,0,0
96,112,1,554,554,554,554,0,0,0,0
96,113,5,1530,1530,1530,1530,0,0,0,0
97,2,1,697,697,0,0,697,697,0,0
97,10,1,746,746,0,0,746,746,0,0
97,11,10,1925,1925,574,574,1351,1351,0,0
97,12,3,805,805,568,568,237,237,0,0
97,13,2,569,569,0,0,569,569,0,0
97,18,1,94,94,0,0,94,94,0,0
97,24,1,360,360,85,85,275,275,0,0
97,32,1,500,500,0,0,500,500,0,0
97,33,8,1756,1756,560,560,1196,1196,0,0
97,43,4,748,748,147,147,601,601,0,0
97,44,4,701,701,336,336,365,365,0,0
97,71,2,1063,1063,1027,1027,37,37,0,0
97,72,2,445,445,445,445,0,0,0,0
97,75,1,483,483,483,483,0,0,0,0
97,79,3,2750,2750,0,0,2750,2750,0,0
97,80,1,1997,1997,0,0,1997,1997,0,0
97,92,3,643,643,51,51,592,592,0,0
97,93,1,371,371,278,278,93,93,0,0
97,112,4,1851,1851,536,536,1315,1315,0,0
97,113,3,1476,1476,1398,1398,78,78,0,0
97,114,1,466,466,0,0,466,466,0,0
97,115,1,283,283,283,283,0,0,0,0
98,2,1,230,230,230,230,0,0,0,0
98,6,6,906,906,494,494,412,412,0,0
98,12,2,1284,1284,217,217,1067,1067,0,0
98,18,5,949,949,147,147,801,801,0,0
98,33,2,700,700,172,172,527,527,0,0
98,44,2,362,362,362,362,0,0,0,0
98,45,1,391,391,0,0,391,391,0,0
98,72,1,374,374,335,335,38,38,0,0
98,73,1,823,823,0,0,823,823,0,0
98,78,4,1594,1594,0,0,1594,1594,0,0
98,83,2,440,440,440,440,0,0,0,0
98,85,1,927,927,121,121,806,806,0,0
98,86,2,712,712,489,489,224,224,0,0
98,92,3,1559,1559,4,4,1554,1554,0,0
98,93,1,849,849,0,0,849,849,0,0
98,108,1,1757,1757,555,555,1203,1203,0,0
98,109,2,628,628,345,345,283,283,0,0
98,112,1,430,430,0,0,0,0,430,430
98,113,4,991,991,442,442,463,463,87,87
98,114,2,1239,1239,0,0,1238,1238,0,0
98,117,3,2891,2891,0,0,2891,2891,0,0
99,4,2,378,378,187,187,191,191,0,0
99,6,4,670,670,242,242,428,428,0,0
99,7,3,979,979,396,396,582,582,0,0
99,45,1,396,396,150,150,247,247,0,0
99,72,3,695,695,491,491,204,204,0,0
99,78,8,1378,1378,0,0,1378,1378,0,0
99,79,1,1785,1785,0,0,1785,1785,0,0
99,83,2,625,625,259,259,366,366,0,0
99,87,1,4590,4590,0,0,4590,4590,0,0
99,90,1,986,986,888,888,97,97,0,0
99,91,2,385,385,0,0,385,385,0,0
99,92,3,986,986,317,317,669,669,0,0
99,113,5,1553,1553,1206,1206,347,347,0,0
99,114,5,2118,2118,1057,1057,1061,1061,0,0
99,115,5,1705,1705,1276,1276,430,430,0,0
99,116,7,2529,2529,248,248,2281,2281,0,0
99,117,4,1618,1618,0,0,1618,1618,0,0
99,118,1,2566,2566,0,0,2566,2566,0,0
99,121,2,405,405,194,194,211,211,0,0
99,127,2,756,756,412,412,345,345,0,0
100,4,7,1688,1688,1054,1054,634,634,0,0
100,7,2,1558,1558,51,51,1507,1507,0,0
100,73,1,479,479,479,479,0,0,0,0
100,74,4,748,748,225,225,523,523,0,0
100,83,2,427,427,121,121,306,306,0,0
100,90,2,1299,1299,92,92,1207,1207,0,0
100,113,7,1644,1644,1232,1232,413,413,0,0
100,114,5,1604,1604,1138,1138,466,466,0,0
100,115,9,1757,1757,1647,1647,110,110,0,0
100,116,6,1692,1692,1128,1128,564,564,0,0
100,117,4,1575,1575,136,136,1439,1439,0,0
101,16,1,672,672,0,0,672,672,0,0
101,41,2,821,821,0,0,821,821,0,0
101,42,2,1575,1575,643,643,932,932,0,0
101,44,1,126,126,126,126,0,0,0,0
101,70,1,385,385,102,102,283,283,0,0
101,74,5,1200,1200,1200,1200,0,0,0,0
101,76,6,1542,1542,1338,1338,205,205,0,0
101,82,3,804,804,0,0,804,804,0,0
101,114,3,844,844,492,492,352,352,0,0
102,26,5,1745,1745,144,144,1601,1601,0,0
102,65,1,344,344,0,0,344,344,0,0
102,66,6,1268,1268,607,607,661,661,0,0
102,69,3,664,664,158,158,506,506,0,0
102,73,1,260,260,260,260,0,0,0,0
102,74,9,2611,2611,1010,1010,1601,1601,0,0
102,75,3,1102,1102,485,485,617,617,0,0
102,76,10,2406,2406,2406,2406,0,0,0,0
102,77,8,1913,1913,1913,1913,0,0,0,0
102,78,2,1137,1137,1137,1137,0,0,0,0
102,82,1,6218,6218,0,0,6218,6218,0,0
102,83,1,8051,8051,0,0,8051,8051,0,0
102,105,1,741,741,427,427,314,314,0,0
103,16,1,860,860,123,123,737,737,0,0
103,17,2,630,630,307,307,323,323,0,0
103,65,6,2130,2130,199,199,1931,1931,0,0
103,66,2,561,561,154,154,407,407,0,0
103,72,2,634,634,634,634,0,0,0,0
103,73,5,1261,1261,1144,1144,117,117,0,0
103,74,6,2594,2594,66,66,2528,2528,0,0
103,75,5,1849,1849,1145,1145,704,704,0,0
103,76,7,2278,2278,1886,1886,393,393,0,0
103,77,4,1922,1922,1922,1922,0,0,0,0
103,78,2,490,490,490,490,0,0,0,0
103,80,5,958,958,958,958,0,0,0,0
103,81,10,1657,1657,1602,1602,55,55,0,0
103,82,10,6236,6236,942,942,5294,5294,0,0
103,83,1,7424,7424,0,0,7424,7424,0,0
103,95,3,639,639,241,241,398,398,0,0
103,106,1,574,574,574,574,0,0,0,0
103,125,1,424,424,124,124,300,300,0,0
104,12,4,1496,1496,428,428,1068,1068,0,0
104,16,1,1023,1023,48,48,975,975,0,0
104,17,2,524,524,176,176,348,348,0,0
104,42,3,1203,1203,301,301,902,902,0,0
104,54,1,262,262,122,122,47,47,0,0
104,56,2,808,808,0,0,808,808,0,0
104,57,3,943,943,270,270,674,674,0,0
104,58,2,325,325,325,325,0,0,0,0
104,59,3,861,861,234,234,627,627,0,0
104,71,1,260,260,260,260,0,0,0,0
104,74,3,918,918,725,725,194,194,0,0
104,75,4,1627,1627,1179,1179,449,449,0,0
104,76,9,2106,2106,1687,1687,418,418,0,0
104,77,9,2402,2402,1763,1763,638,638,0,0
104,78,3,1102,1102,899,899,203,203,0,0
104,79,9,2010,2010,1631,1631,379,379,0,0
104,80,7,1355,1355,1355,1355,0,0,0,0
104,81,10,1832,1832,1832,1832,0,0,0,0
104,82,5,1415,1415,1069,1069,346,346,0,0
104,83,5,4803,4803,0,0,4803,4803,0,0
104,84,1,2919,2919,193,193,2726,2726,0,0
104,122,1,814,814,0,0,814,814,0,0
104,123,1,292,292,258,258,34,34,0,0
105,6,2,547,547,397,397,150,150,0,0
105,12,2,972,972,0,0,972,972,0,0
105,35,5,2084,2084,511,511,1573,1573,0,0
105,42,4,805,805,580,580,225,225,0,0
105,57,4,1051,1051,0,0,1051,1051,0,0
105,68,2,609,609,134,134,475,475,0,0
105,73,1,444,444,444,444,0,0,0,0
105,74,6,1828,1828,1828,1828,0,0,0,0
105,75,8,1978,1978,1978,1978,0,0,0,0
105,76,8,2526,2526,2450,2450,76,76,0,0
105,77,13,3559,3559,3559,3559,0,0,0,0
105,78,5,2480,2480,2480,2480,0,0,0,0
105,79,4,1441,1441,665,665,102,102,842,842
105,80,7,1688,1688,1305,1305,382,382,0,0
105,81,5,1142,1142,727,727,415,415,0,0
105,83,1,367,367,364,364,3,3,0,0
105,84,1,318,318,318,318,0,0,0,0
105,85,1,486,486,486,486,0,0,0,0
105,88,2,359,359,66,66,293,293,0,0
105,92,1,218,218,218,218,0,0,0,0
105,122,2,1603,1603,0,0,1603,1603,0,0
105,123,3,775,775,382,382,393,393,0,0
106,7,2,231,231,54,54,176,176,0,0
106,37,1,85,85,85,85,0,0,0,0
106,62,2,242,242,69,69,146,146,0,0
106,63,2,485,485,173,173,290,290,0,0
106,73,6,2507,2507,1654,1654,853,853,0,0
106,74,8,1897,1897,1897,1897,0,0,0,0
106,75,9,2023,2023,2023,2023,0,0,0,0
106,76,7,2436,2436,2436,2436,0,0,0,0
106,77,12,2286,2286,2029,2029,257,257,0,0
106,78,10,3413,3413,3094,3094,223,223,0,0
106,79,7,3078,3078,1585,1585,1320,1320,172,172
106,80,10,2363,2363,1930,1930,433,433,0,0
106,81,5,999,999,841,841,159,159,0,0
106,82,10,1699,1699,1699,1699,0,0,0,0
106,83,4,1335,1335,1335,1335,0,0,0,0
106,84,7,1749,1749,1749,1749,0,0,0,0
106,85,13,2392,2392,2392,2392,0,0,0,0
106,86,5,1480,1480,1480,1480,0,0,0,0
106,92,2,1236,1236,199,199,1037,1037,0,0
106,99,4,3660,3660,0,0,3660,3660,0,0
106,100,1,2000,2000,0,0,2000,2000,0,0
106,104,2,553,553,403,403,150,150,0,0
106,123,5,1143,1143,267,267,877,877,0,0
106,125,1,509,509,0,0,509,509,0,0
107,15,1,101,101,101,101,0,0,0,0
107,16,1,218,218,14,14,204,204,0,0
107,37,2,216,216,115,115,101,101,0,0
107,39,1,146,146,146,146,0,0,0,0
107,41,7,917,917,448,448,469,469,0,0
107,43,3,1138,1138,156,156,982,982,0,0
107,72,2,1423,1423,0,0,1423,1423,0,0
107,73,3,948,948,5,5,943,943,0,0
107,74,9,4052,4052,1151,1151,2901,2901,0,0
107,75,6,1618,1618,1354,1354,264,264,0,0
107,76,2,648,648,648,648,0,0,0,0
107,77,3,1354,1354,1354,1354,0,0,0,0
107,78,11,2133,2133,1655,1655,368,368,0,0
107,79,10,3769,3769,3437,3437,327,327,0,0
107,80,14,4061,4061,4061,4061,0,0,0,0
107,81,11,2862,2862,2099,2099,763,763,0,0
107,82,13,2692,2692,2407,2407,285,285,0,0
107,83,10,2555,2555,2555,2555,0,0,0,0
107,84,6,2463,2463,2399,2399,64,64,0,0
107,85,10,2873,2873,2685,2685,188,188,0,0
107,86,4,1218,1218,1218,1218,0,0,0,0
107,99,3,2039,2039,0,0,2039,2039,0,0
107,100,4,1962,1962,263,263,1698,1698,0,0
107,122,2,471,471,0,0,471,471,0,0
107,123,5,1963,1963,0,0,1963,1963,0,0
107,124,5,1481,1481,0,0,1481,1481,0,0
108,15,3,595,595,274,274,320,320,0,0
108,41,4,1217,1217,858,858,359,359,0,0
108,43,2,801,801,612,612,189,189,0,0
108,72,3,1899,1899,0,0,1899,1899,0,0
108,73,1,693,693,0,0,693,693,0,0
108,74,6,3201,3201,253,253,2948,2948,0,0
108,75,2,813,813,813,813,0,0,0,0
108,76,5,1753,1753,1753,1753,0,0,0,0
108,77,6,2337,2337,2337,2337,0,0,0,0
108,78,3,1202,1202,1202,1202,0,0,0,0
108,79,9,2631,2631,1861,1861,770,770,0,0
108,80,10,3307,3307,3307,3307,0,0,0,0
108,81,10,2625,2625,1258,1258,1367,1367,0,0
108,82,6,1923,1923,1355,1355,567,567,0,0
108,83,10,2160,2160,2160,2160,0,0,0,0
108,84,8,2353,2353,2353,2353,0,0,0,0
108,85,6,1562,1562,1561,1561,0,0,0,0
108,97,3,804,804,550,550,254,254,0,0
108,112,1,153,153,0,0,153,153,0,0
108,113,1,686,686,686,686,0,0,0,0
108,122,1,445,445,445,445,0,0,0,0
109,19,10,2040,2040,441,441,1599,1599,0,0
109,26,7,1674,1674,320,320,1354,1354,0,0
109,43,2,215,215,31,31,184,184,0,0
109,44,4,712,712,304,304,408,408,0,0
109,46,5,1080,1080,52,52,1029,1029,0,0
109,71,1,1667,1667,0,0,1667,1667,0,0
109,72,5,3013,3013,0,0,3013,3013,0,0
109,73,2,573,573,27,27,546,546,0,0
109,74,4,379,379,100,100,279,279,0,0
109,75,2,420,420,420,420,0,0,0,0
109,76,2,792,792,792,792,0,0,0,0
109,77,5,1674,1674,1674,1674,0,0,0,0
109,78,9,2227,2227,2227,2227,0,0,0,0
109,79,3,1206,1206,1206,1206,0,0,0,0
109,80,3,1021,1021,1021,1021,0,0,0,0
109,81,5,1083,1083,849,849,90,90,0,0
109,82,8,2326,2326,1957,1957,358,358,0,0
109,83,10,2816,2816,2816,2816,0,0,0,0
109,84,3,1137,1137,1137,1137,0,0,0,0
109,85,4,861,861,861,861,0,0,0,0
109,97,5,1456,1456,834,834,622,622,0,0
109,112,3,1068,1068,243,243,825,825,0,0
109,113,1,325,325,122,122,203,203,0,0
109,122,1,302,302,0,0,302,302,0,0
110,19,3,631,631,159,159,472,472,0,0
110,38,1,201,201,34,34,166,166,0,0
110,39,2,772,772,320,320,452,452,0,0
110,43,1,345,345,6,6,338,338,0,0
110,45,1,387,387,2,2,385,385,0,0
110,46,2,451,451,428,428,22,22,0,0
110,48,6,1227,1227,357,357,869,869,0,0
110,50,6,1339,1339,450,450,890,890,0,0
110,57,6,1075,1075,513,513,562,562,0,0
110,58,3,1298,1298,381,381,917,917,0,0
110,70,1,1909,1909,0,0,1909,1909,0,0
110,71,4,4309,4309,0,0,4309,4309,0,0
110,72,1,3757,3757,0,0,3757,3757,0,0
110,77,2,654,654,654,654,0,0,0,0
110,78,5,1554,1554,1554,1554,0,0,0,0
110,79,3,690,690,690,690,0,0,0,0
110,80,1,1043,1043,10,10,1033,1033,0,0
110,81,5,2226,2226,1588,1588,638,638,0,0
110,82,8,2303,2303,1948,1948,355,355,0,0
110,83,10,2193,2193,2193,2193,0,0,0,0
110,84,4,1271,1271,1271,1271,0,0,0,0
110,107,2,3468,3468,0,0,3468,3468,0,0
110,108,1,2100,2100,0,0,2100,2100,0,0
111,38,1,922,922,0,0,922,922,0,0
111,39,6,3005,3005,0,0,3005,3005,0,0
111,58,1,343,343,0,0,343,343,0,0
111,61,1,768,768,0,0,768,768,0,0
111,65,1,362,362,362,362,0,0,0,0
111,69,4,1244,1244,281,281,964,964,0,0
111,72,2,1520,1520,0,0,1520,1520,0,0
111,80,3,3521,3521,0,0,3521,3521,0,0
111,81,4,8233,8233,0,0,8233,8233,0,0
111,82,4,4948,4948,0,0,4948,4948,0,0
111,83,6,2396,2396,1990,1990,406,406,0,0
111,84,2,402,402,170,170,233,233,0,0
111,107,3,1406,1406,0,0,1406,1406,0,0
111,108,2,2394,2394,0,0,2394,2394,0,0
111,124,1,207,207,40,40,167,167,0,0
111,127,4,3605,3605,0,0,3605,3605,0,0
112,9,2,544,544,211,211,332,332,0,0
112,16,2,228,228,228,228,0,0,0,0
112,60,3,515,515,129,129,129,129,0,0
112,61,4,1342,1342,536,536,806,806,0,0
112,65,3,1844,1844,0,0,1844,1844,0,0
112,67,3,639,639,224,224,414,414,0,0
112,70,1,1359,1359,6,6,1353,1353,0,0
112,72,1,2536,2536,0,0,2536,2536,0,0
112,81,1,3478,3478,0,0,3478,3478,0,0
112,83,3,818,818,818,818,0,0,0,0
112,107,3,1391,1391,0,0,1391,1391,0,0
112,108,4,1670,1670,0,0,1670,1670,0,0
112,109,2,3205,3205,0,0,3205,3205,0,0
112,117,2,640,640,35,35,605,605,0,0
112,118,6,1082,1082,355,355,727,727,0,0
112,124,3,892,892,461,461,431,431,0,0
113,54,5,784,784,389,389,394,394,0,0
113,63,3,359,359,203,203,156,156,0,0
113,64,1,205,205,205,205,0,0,0,0
113,67,1,800,800,366,366,434,434,0,0
113,83,2,405,405,405,405,0,0,0,0
113,85,1,16,16,16,16,0,0,0,0
113,95,3,839,839,299,299,540,540,0,0
113,96,3,1573,1573,389,389,1184,1184,0,0
113,117,1,305,305,305,305,0,0,0,0
114,28,2,652,652,0,0,652,652,0,0
114,83,2,594,594,594,594,0,0,0,0
114,86,2,364,364,298,298,66,66,0,0
114,117,2,321,321,321,321,0,0,0,0
114,125,1,237,237,237,237,0,0,0,0
114,126,3,1307,1307,969,969,337,337,0,0
115,12,1,769,769,0,0,769,769,0,0
115,28,1,331,331,276,276,55,55,0,0
115,40,4,602,602,314,314,288,288,0,0
115,41,3,388,388,120,120,267,267,0,0
115,49,1,80,80,33,33,47,47,0,0
115,50,1,223,223,52,52,171,171,0,0
115,55,1,1276,1276,0,0,1276,1276,0,0
115,87,3,473,473,211,211,262,262,0,0
115,122,2,416,416,416,416,0,0,0,0
115,123,8,844,844,352,352,492,492,0,0
115,124,2,553,553,553,553,0,0,0,0
115,126,1,1158,1158,0,0,1158,1158,0,0
116,1,1,504,504,504,504,0,0,0,0
116,2,1,161,161,161,161,0,0,0,0
116,9,1,1110,1110,0,0,1110,1110,0,0
116,10,4,1311,1311,175,175,1135,1135,0,0
116,12,2,1017,1017,0,0,1017,1017,0,0
116,35,2,1342,1342,470,470,872,872,0,0
116,40,1,82,82,82,82,0,0,0,0
116,50,2,247,247,175,175,72,72,0,0
116,55,4,852,852,105,105,747,747,0,0
116,88,2,357,357,357,357,0,0,0,0
116,110,3,524,524,323,323,201,201,0,0
116,117,1,309,309,309,309,0,0,0,0
116,119,2,1369,1369,318,318,1051,1051,0,0
116,123,7,1401,1401,1356,1356,45,45,0,0
116,124,3,802,802,30,30,772,772,0,0
117,1,1,492,492,0,0,492,492,0,0
117,9,3,643,643,382,382,261,261,0,0
117,10,2,642,642,642,642,0,0,0,0
117,11,3,1148,1148,1148,1148,0,0,0,0
117,13,2,408,408,378,378,31,31,0,0
117,35,6,1323,1323,1323,1323,0,0,0,0
117,39,1,578,578,471,471,107,107,0,0
117,48,1,262,262,24,24,238,238,0,0
117,56,4,866,866,416,416,450,450,0,0
117,59,1,1208,1208,0,0,1208,1208,0,0
117,63,5,832,832,148,148,685,685,0,0
117,102,2,255,255,48,48,207,207,0,0
117,110,5,872,872,360,360,513,513,0,0
117,120,3,1461,1461,528,528,934,934,0,0
117,121,2,1761,1761,1733,1733,28,28,0,0
117,122,4,1006,1006,1006,1006,0,0,0,0
117,123,6,1759,1759,1569,1569,63,63,0,0
118,9,1,409,409,0,0,409,409,0,0
118,11,3,359,359,234,234,125,125,0,0
118,19,3,606,606,157,157,449,449,0,0
118,26,1,226,226,0,0,226,226,0,0
118,39,2,459,459,139,139,320,320,0,0
118,48,5,818,818,329,329,488,488,0,0
118,49,1,200,200,93,93,107,107,0,0
118,55,2,461,461,255,255,206,206,0,0
118,58,2,2816,2816,0,0,2816,2816,0,0
118,59,5,4990,4990,0,0,4990,4990,0,0
118,88,2,4796,4796,0,0,4796,4796,0,0
118,89,1,558,558,0,0,558,558,0,0
118,90,1,95,95,95,95,0,0,0,0
118,92,5,1908,1908,986,986,922,922,0,0
118,93,2,1471,1471,0,0,1471,1471,0,0
118,102,4,337,337,232,232,105,105,0,0
118,111,3,667,667,667,667,0,0,0,0
118,119,4,1051,1051,1051,1051,0,0,0,0
118,120,4,1447,1447,1446,1446,1,1,0,0
118,121,6,2121,2121,1749,1749,372,372,0,0
118,122,12,2513,2513,2237,2237,277,277,0,0
118,123,11,2910,2910,1524,1524,1385,1385,0,0
118,124,2,477,477,171,171,306,306,0,0
119,3,1,415,415,415,415,0,0,0,0
119,22,3,446,446,207,207,238,238,0,0
119,23,2,701,701,109,109,592,592,0,0
119,27,6,1828,1828,724,724,1104,1104,0,0
119,40,3,658,658,215,215,443,443,0,0
119,58,3,363,363,128,128,235,235,0,0
119,59,2,225,225,100,100,126,126,0,0
119,87,1,1020,1020,0,0,1020,1020,0,0
119,88,2,8914,8914,0,0,8914,8914,0,0
119,89,5,5686,5686,0,0,5686,5686,0,0
119,119,5,1324,1324,1324,1324,0,0,0,0
119,120,10,1917,1917,1882,1882,34,34,0,0
119,121,15,3092,3092,1209,1209,1883,1883,0,0
119,122,8,2505,2505,2175,2175,330,330,0,0
120,37,5,993,993,415,415,467,467,112,112
120,85,3,1978,1978,384,384,1594,1594,0,0
120,86,1,262,262,0,0,262,262,0,0
120,88,2,8168,8168,0,0,8168,8168,0,0
120,90,1,464,464,141,141,323,323,0,0
120,94,1,297,297,0,0,297,297,0,0
120,95,8,2222,2222,0,0,2222,2222,0,0
120,97,1,1432,1432,0,0,1432,1432,0,0
120,120,1,537,537,537,537,0,0,0,0
120,121,6,2333,2333,2154,2154,21,21,157,157
120,122,8,2287,2287,2042,2042,0,0,246,246
120,123,3,1409,1409,1409,1409,0,0,0,0
121,3,4,1841,1841,269,269,1572,1572,0,0
121,66,3,2201,2201,597,597,1603,1603,0,0
121,67,1,193,193,0,0,193,193,0,0
121,85,3,1130,1130,115,115,1015,1015,0,0
121,86,1,687,687,0,0,687,687,0,0
121,95,1,985,985,0,0,985,985,0,0
121,96,2,526,526,193,193,333,333,0,0
121,119,4,1182,1182,1182,1182,0,0,0,0
121,120,6,976,976,813,813,164,164,0,0
121,121,7,1387,1387,1224,1224,163,163,0,0
121,122,2,1046,1046,1046,1046,0,0,0,0
122,4,3,660,660,163,163,497,497,0,0
122,5,1,203,203,203,203,0,0,0,0
122,22,2,314,314,314,314,0,0,0,0
122,33,1,91,91,0,0,91,91,0,0
122,34,3,371,371,105,105,266,266,0,0
122,37,2,2414,2414,0,0,2414,2414,0,0
122,38,1,1219,1219,0,0,1219,1219,0,0
122,53,3,281,281,5,5,276,276,0,0
122,85,2,893,893,253,253,640,640,0,0
122,119,2,559,559,559,559,0,0,0,0
122,120,5,2016,2016,1309,1309,707,707,0,0
122,121,5,1754,1754,749,749,1005,1005,0,0
122,122,7,2878,2878,926,926,1952,1952,0,0
123,10,3,1192,1192,1192,1192,0,0,0,0
123,11,1,247,247,247,247,0,0,0,0
123,21,1,542,542,447,447,95,95,0,0
123,25,2,316,316,316,316,0,0,0,0
123,27,5,554,554,501,501,53,53,0,0
123,37,6,1197,1197,556,556,641,641,0,0
123,53,4,767,767,159,159,607,607,0,0
123,59,1,292,292,119,119,173,173,0,0
123,72,1,624,624,0,0,624,624,0,0
123,73,9,2457,2457,917,917,1539,1539,0,0
123,116,1,863,863,118,118,745,745,0,0
123,119,1,623,623,623,623,0,0,0,0
124,9,2,545,545,545,545,0,0,0,0
124,10,9,2120,2120,2120,2120,0,0,0,0
124,11,3,1210,1210,1014,1014,197,197,0,0
124,12,1,475,475,0,0,475,475,0,0
124,14,1,266,266,0,0,266,266,0,0
124,15,4,1037,1037,747,747,290,290,0,0
124,16,1,215,215,215,215,0,0,0,0
124,53,2,367,367,0,0,367,367,0,0
124,72,1,984,984,475,475,509,509,0,0
124,73,4,1556,1556,820,820,737,737,0,0
124,74,2,1672,1672,35,35,1637,1637,0,0
124,94,2,797,797,797,797,0,0,0,0
124,116,3,873,873,833,833,40,40,0,0
124,119,1,16,16,0,0,0,0,16,16
125,6,1,212,212,166,166,46,46,0,0
125,10,5,1245,1245,1245,1245,0,0,0,0
125,11,7,2653,2653,957,957,1696,1696,0,0
125,12,1,283,283,182,182,101,101,0,0
125,15,2,1062,1062,789,789,273,273,0,0
125,25,2,427,427,187,187,240,240,0,0
125,44,3,871,871,355,355,516,516,0,0
125,45,2,659,659,83,83,576,576,0,0
125,58,3,606,606,135,135,471,471,0,0
125,73,1,278,278,0,0,278,278,0,0
125,74,1,572,572,0,0,572,572,0,0
125,80,4,1202,1202,612,612,590,590,0,0
125,81,2,41,41,0,0,41,41,0,0
125,91,6,1327,1327,285,285,1043,1043,0,0
125,116,8,1758,1758,862,862,896,896,0,0
125,117,3,961,961,14,14,946,946,0,0
126,0,4,1236,1236,370,370,866,866,0,0
126,1,1,337,337,216,216,121,121,0,0
126,2,4,63,63,0,0,63,63,0,0
126,3,3,692,692,117,117,575,575,0,0
126,4,2,634,634,634,634,0,0,0,0
126,5,5,1267,1267,1267,1267,0,0,0,0
126,6,3,866,866,655,655,210,210,0,0
126,7,11,2708,2708,1855,1855,853,853,0,0
126,8,5,1469,1469,573,573,896,896,0,0
126,9,6,1544,1544,1544,1544,0,0,0,0
126,10,5,1131,1131,1131,1131,0,0,0,0
126,25,1,219,219,219,219,0,0,0,0
126,26,1,274,274,274,274,0,0,0,0
126,40,4,2309,2309,360,360,1949,1949,0,0
126,44,1,568,568,568,568,0,0,0,0
126,45,4,1021,1021,1021,1021,0,0,0,0
126,46,7,2006,2006,1972,1972,34,34,0,0
126,59,4,1990,1990,367,367,1623,1623,0,0
126,60,3,3149,3149,0,0,3149,3149,0,0
126,61,2,1391,1391,0,0,1391,1391,0,0
126,81,1,296,296,18,18,278,278,0,0
126,82,4,1445,1445,414,414,1032,1032,0,0
126,83,1,199,199,199,199,0,0,0,0
126,85,1,578,578,0,0,578,578,0,0
126,86,9,2004,2004,536,536,1468,1468,0,0
126,90,1,429,429,0,0,429,429,0,0
126,91,2,494,494,220,220,275,275,0,0
127,1,1,223,223,223,223,0,0,0,0
127,4,8,1528,1528,1528,1528,0,0,0,0
127,5,6,1449,1449,1449,1449,0,0,0,0
127,6,3,1657,1657,1657,1657,0,0,0,0
127,7,4,1506,1506,1059,1059,447,447,0,0
127,8,12,2942,2942,2552,2552,389,389,0,0
127,9,4,1205,1205,1172,1172,33,33,0,0
127,10,2,1075,1075,260,260,815,815,0,0
127,14,3,1422,1422,106,106,1316,1316,0,0
127,26,3,333,333,200,200,133,133,0,0
127,40,3,1223,1223,0,0,1223,1223,0,0
127,46,7,2692,2692,277,277,2414,2414,0,0
127,59,2,601,601,577,577,24,24,0,0
127,81,1,118,118,118,118,0,0,0,0
127,85,2,538,538,531,531,7,7,0,0
127,111,1,504,504,249,249,254,254,0,0
127,113,3,776,776,100,100,676,676,0,0
0,0,8,1851,1851,1449,1449,401,401,0,0
0,1,1,675,675,255,255,419,419,0,0
0,2,1,199,199,0,0,199,199,0,0
0,20,2,109,109,60,60,49,49,0,0
0,23,3,1136,1136,452,452,684,684,0,0
0,44,3,569,569,0,0,569,569,0,0
0,45,3,496,496,151,151,345,345,0,0
0,47,1,244,244,0,0,244,244,0,0
0,66,1,2652,2652,0,0,2652,2652,0,0
0,73,2,1449,1449,221,221,1228,1228,0,0
0,74,1,262,262,0,0,262,262,0,0
0,82,5,550,550,289,289,261,261,0,0
0,94,1,270,270,122,122,148,148,0,0
0,95,1,330,330,0,0,330,330,0,0
0,98,1,468,468,468,468,0,0,0,0
0,99,1,215,215,215,215,0,0,0,0
0,107,1,871,871,362,362,509,509,0,0
0,110,4,682,682,177,177,505,505,0,0
1,17,2,351,351,351,351,0,0,351,351
1,19,1,312,312,151,151,161,161,0,0
1,66,2,1753,1753,0,0,1753,1753,0,0
1,67,2,904,904,181,181,723,723,0,0
1,73,4,1243,1243,0,0,1243,1243,0,0
1,86,1,81,81,29,29,52,52,0,0
1,87,4,1123,1123,800,800,323,323,0,0
1,88,2,280,280,235,235,45,45,0,0
1,94,1,229,229,229,229,0,0,0,0
1,95,6,899,899,401,401,444,444,58,58
1,98,7,1409,1409,1392,1392,17,17,0,0
1,99,1,182,182,175,175,7,7,0,0
1,100,1,243,243,243,243,0,0,0,0
1,107,1,220,220,66,66,155,155,0,0
1,127,2,1708,1708,0,0,1708,1708,0,0
2,5,2,1480,1480,158,158,1323,1323,0,0
2,6,1,422,422,0,0,422,422,0,0
2,37,1,552,552,443,443,109,109,0,0
2,40,1,1135,1135,0,0,1135,1135,0,0
2,41,1,275,275,0,0,275,275,0,0
2,82,6,1704,1704,353,353,1351,1351,0,0
2,86,1,195,195,61,61,133,133,0,0
2,98,3,640,640,334,334,307,307,0,0
2,119,4,1114,1114,159,159,954,954,0,0
2,120,1,302,302,68,68,235,235,0,0
3,6,1,518,518,0,0,518,518,0,0
3,34,2,1615,1615,211,211,1404,1404,0,0
3,127,3,1095,1095,0,0,1095,1095,0,0
4,104,1,295,295,51,51,244,244,0,0
4,108,4,1106,1106,374,374,732,732,0,0
4,116,6,1306,1306,261,261,1044,1044,0,0
5,66,8,1684,1684,566,566,1118,1118,0,0
5,86,1,377,377,0,0,377,377,0,0
5,87,1,225,225,0,0,225,225,0,0
5,104,5,1358,1358,611,611,747,747,0,0
6,2,1,204,204,0,0,204,204,0,0
6,86,5,1553,1553,0,0,1553,1553,0,0
6,87,4,1192,1192,545,545,647,647,0,0
6,88,2,245,245,0,0,245,245,0,0
6,89,1,356,356,356,356,0,0,0,0
6,97,2,1490,1490,6,6,1484,1484,0,0
6,100,4,1656,1656,295,295,1361,1361,0,0
7,3,3,1393,1393,275,275,1118,1118,275,275
7,7,3,484,484,136,136,347,347,136,136
7,8,5,963,963,352,352,611,611,352,352
7,40,1,13,13,0,0,13,13,0,0
7,89,2,733,733,43,43,690,690,0,0
7,97,3,1522,1522,445,445,1076,1076,0,0
7,99,3,487,487,340,340,148,148,0,0
7,100,2,444,444,200,200,243,243,0,0
7,116,4,788,788,94,94,693,693,0,0
8,58,1,782,782,0,0,782,782,0,0
8,90,2,377,377,377,377,0,0,0,0
8,116,5,485,485,186,186,299,299,0,0
9,56,3,869,869,143,143,726,726,0,0
9,57,3,697,697,332,332,365,365,0,0
9,58,4,859,859,216,216,643,643,0,0
9,74,1,129,129,0,0,129,129,0,0
9,75,2,263,263,200,200,63,63,0,0
9,79,1,636,636,0,0,636,636,0,0
9,80,3,169,169,35,35,134,134,0,0
9,82,1,70,70,37,37,33,33,0,0
9,124,4,2318,2318,0,0,2318,2318,0,0
9,125,1,482,482,0,0,482,482,0,0
10,36,1,420,420,267,267,153,153,0,0
10,47,2,407,407,196,196,211,211,0,0
10,56,1,90,90,0,0,90,90,0,0
10,57,1,521,521,0,0,521,521,0,0
10,64,1,175,175,106,106,70,70,0,0
10,74,1,521,521,12,12,509,509,0,0
10,75,1,121,121,121,121,0,0,0,0
10,76,1,365,365,365,365,0,0,0,0
10,77,6,994,994,0,0,994,994,0,0
10,79,1,398,398,0,0,398,398,0,0
10,124,2,539,539,539,539,0,0,0,0
10,125,1,286,286,286,286,0,0,0,0
11,60,3,244,244,98,98,146,146,0,0
11,64,3,444,444,154,154,291,291,0,0
11,68,4,780,780,213,213,567,567,0,0
11,74,1,214,214,142,142,71,71,0,0
11,77,4,922,922,0,0,922,922,0,0
11,90,4,615,615,389,389,226,226,0,0
11,91,6,766,766,486,486,280,280,0,0
11,98,4,1328,1328,60,60,1268,1268,0,0
11,123,6,1517,1517,332,332,1185,1185,0,0
11,124,2,906,906,216,216,690,690,0,0
12,37,2,269,269,0,0,269,269,0,0
12,72,2,453,453,36,36,417,417,0,0
12,83,1,244,244,244,244,0,0,0,0
12,89,1,584,584,584,584,0,0,0,0
12,90,6,1066,1066,119,119,948,948,0,0
12,97,2,891,891,891,891,0,0,0,0
12,99,2,403,403,182,182,222,222,0,0
12,100,1,57,57,57,57,0,0,0,0
12,101,2,758,758,0,0,758,758,0,0
12,103,4,767,767,203,203,564,564,0,0
12,113,5,1112,1112,234,234,858,858,20,20
13,37,1,161,161,0,0,161,161,0,0
13,38,1,126,126,86,86,40,40,0,0
13,113,1,148,148,0,0,100,100,48,48
14,33,1,318,318,0,0,318,318,0,0
14,34,1,542,542,0,0,542,542,0,0
14,50,1,390,390,390,390,0,0,0,0
14,83,7,922,922,111,111,811,811,0,0
14,89,2,404,404,169,169,235,235,0,0
14,99,2,722,722,478,478,243,243,0,0
14,100,3,1006,1006,0,0,1006,1006,0,0
15,24,1,204,204,193,193,11,11,0,0
15,33,1,190,190,0,0,190,190,0,0
15,34,7,1173,1173,594,594,578,578,0,0
15,35,8,1495,1495,848,848,647,647,0,0
15,36,2,1533,1533,0,0,1533,1533,0,0
15,72,1,435,435,435,435,0,0,0,0
15,83,5,1365,1365,322,322,1043,1043,0,0
15,89,2,367,367,1,1,366,366,0,0
15,99,1,889,889,773,773,116,116,0,0
15,100,1,439,439,0,0,439,439,0,0
16,0,1,55,55,0,0,55,55,0,0
16,33,4,1461,1461,270,270,1191,1191,0,0
16,34,15,3377,3377,2152,2152,1225,1225,0,0
16,35,7,1532,1532,660,660,755,755,124,124
16,60,6,1607,1607,458,458,1150,1150,0,0
16,61,3,1106,1106,698,698,408,408,0,0
16,88,4,1150,1150,946,946,203,203,0,0
16,89,6,1100,1100,638,638,462,462,0,0
16,97,1,740,740,0,0,740,740,0,0
16,98,5,1130,1130,247,247,883,883,0,0
16,99,2,786,786,659,659,127,127,0,0
16,101,2,382,382,168,168,215,215,0,0
16,102,4,521,521,289,289,232,232,0,0
16,103,3,695,695,519,519,176,176,0,0
16,109,1,698,698,198,198,500,500,0,0
16,110,1,316,316,102,102,214,214,0,0
16,118,5,726,726,340,340,386,386,0,0
16,119,3,638,638,396,396,242,242,0,0
17,33,5,1572,1572,628,628,944,944,0,0
17,34,4,1310,1310,781,781,528,528,0,0
17,44,6,1061,1061,141,141,920,920,0,0
17,59,4,803,803,139,139,664,664,0,0
17,60,1,159,159,0,0,159,159,0,0
17,93,2,408,408,24,24,384,384,0,0
17,97,3,1109,1109,463,463,646,646,0,0
17,98,3,1060,1060,1019,1019,41,41,0,0
17,99,13,1458,1458,1158,1158,301,301,0,0
17,100,3,501,501,501,501,0,0,0,0
17,103,3,1267,1267,180,180,1087,1087,0,0
17,118,4,2139,2139,0,0,2139,2139,0,0
17,119,2,574,574,0,0,574,574,0,0
18,4,7,1443,1443,309,309,1133,1133,309,309
18,67,2,299,299,106,106,193,193,0,0
18,93,2,341,341,297,297,44,44,0,0
18,99,1,185,185,158,158,27,27,0,0
18,100,1,406,406,107,107,299,299,0,0
18,101,1,293,293,97,97,196,196,0,0
20,48,3,692,692,572,572,120,120,0,0
20,73,2,223,223,94,94,129,129,0,0
20,80,1,306,306,0,0,306,306,0,0
20,81,3,565,565,93,93,472,472,0,0
20,82,1,278,278,11,11,266,266,0,0
20,83,1,250,250,232,232,18,18,0,0
20,89,3,919,919,286,286,633,633,0,0
20,90,4,1230,1230,273,273,957,957,0,0
20,119,1,422,422,0,0,422,422,0,0
20,120,5,1620,1620,660,660,959,959,0,0
20,121,6,2710,2710,128,128,2582,2582,0,0
21,35,1,532,532,292,292,240,240,0,0
21,57,1,478,478,0,0,478,478,0,0
21,58,4,1683,1683,646,646,1037,1037,0,0
21,120,5,1589,1589,399,399,1190,1190,0,0
21,121,6,2040,2040,458,458,1583,1583,0,0
22,25,1,1502,1502,0,0,1502,1502,0,0
22,26,2,1759,1759,0,0,1759,1759,0,0
22,35,3,3558,3558,100,100,3458,3458,0,0
22,36,2,3277,3277,0,0,3277,3277,0,0
22,58,3,907,907,243,243,664,664,0,0
22,65,4,448,448,117,117,330,330,0,0
22,70,1,288,288,288,288,0,0,0,0
22,71,2,275,275,157,157,118,118,0,0
22,120,3,1505,1505,719,719,787,787,0,0
22,121,1,1146,1146,398,398,749,749,0,0
23,25,2,1514,1514,43,43,1471,1471,0,0
23,26,7,3067,3067,871,871,2196,2196,0,0
23,27,1,282,282,28,28,219,219,36,36
23,32,1,199,199,0,0,199,199,0,0
23,58,2,396,396,31,31,364,364,0,0
23,74,1,279,279,7,7,272,272,0,0
23,107,5,1314,1314,2,2,1312,1312,0,0
23,108,6,1504,1504,728,728,775,775,0,0
23,109,2,491,491,189,189,302,302,0,0
24,25,10,2275,2275,2191,2191,84,84,0,0
24,26,4,1394,1394,1237,1237,157,157,0,0
24,27,1,736,736,736,736,0,0,0,0
24,59,2,761,761,363,363,397,397,0,0
24,74,1,393,393,386,386,7,7,0,0
24,87,1,45,45,31,31,14,14,0,0
24,107,4,1814,1814,5,5,1809,1809,0,0
24,108,4,993,993,926,926,67,67,0,0
24,119,1,368,368,368,368,0,0,0,0
24,120,3,509,509,509,509,0,0,0,0
25,24,2,704,704,704,704,0,0,0,0
25,25,13,3538,3538,3315,3315,222,222,0,0
25,26,1,359,359,168,168,191,191,0,0
25,30,3,563,563,147,147,417,417,0,0
25,56,1,294,294,0,0,294,294,0,0
25,84,3,1545,1545,36,36,1510,1510,0,0
25,85,8,2314,2314,1174,1174,1140,1140,0,0
25,86,9,1278,1278,741,741,390,390,156,156
25,87,3,802,802,802,802,0,0,0,0
25,107,2,1409,1409,0,0,1409,1409,0,0
25,119,1,130,130,130,130,0,0,0,0
26,24,8,2244,2244,2244,2244,0,0,0,0
26,25,2,4468,4468,434,434,4035,4035,0,0
26,27,2,1963,1963,0,0,1963,1963,0,0
26,45,4,1102,1102,262,262,839,839,0,0
26,56,4,1293,1293,634,634,659,659,0,0
26,57,1,293,293,264,264,29,29,0,0
26,84,6,1725,1725,0,0,1725,1725,0,0
26,85,7,1243,1243,1006,1006,238,238,0,0
26,92,6,2634,2634,519,519,2114,2114,0,0
26,107,2,3592,3592,0,0,3592,3592,0,0
26,108,1,1922,1922,0,0,1922,1922,0,0
27,24,13,2753,2753,2268,2268,486,486,0,0
27,25,2,1896,1896,335,335,1561,1561,0,0
27,57,1,409,409,8,8,401,401,0,0
27,88,2,241,241,118,118,123,123,0,0
28,23,3,405,405,225,225,180,180,0,0
28,24,17,2174,2174,1455,1455,719,719,0,0
28,61,2,514,514,40,40,473,473,0,0
28,69,2,795,795,0,0,795,795,0,0
28,70,6,995,995,201,201,794,794,0,0
28,71,1,294,294,98,98,196,196,0,0
28,72,1,116,116,0,0,116,116,0,0
28,99,5,2226,2226,283,283,1942,1942,0,0
29,23,10,2500,2500,1961,1961,292,292,248,248
29,24,2,585,585,170,170,379,379,35,35
29,61,5,526,526,121,121,404,404,0,0
29,70,2,1124,1124,763,763,362,362,0,0
29,71,9,2321,2321,994,994,1326,1326,0,0
29,72,8,2270,2270,183,183,2087,2087,0,0
29,98,1,902,902,141,141,760,760,0,0
29,99,1,871,871,683,683,188,188,0,0
30,22,6,1312,1312,413,413,899,899,0,0
30,23,11,3242,3242,1722,1722,1315,1315,205,205
30,24,1,77,77,5,5,5,5,57,57
30,51,1,131,131,131,131,0,0,0,0
30,52,2,696,696,0,0,696,696,0,0
30,59,6,1117,1117,826,826,291,291,0,0
30,71,3,597,597,302,302,295,295,0,0
30,72,8,2070,2070,1783,1783,287,287,0,0
30,73,1,487,487,437,437,50,50,0,0
31,21,7,1920,1920,1646,1646,275,275,0,0
31,22,10,3334,3334,2691,2691,642,642,0,0
31,23,6,2248,2248,1723,1723,526,526,0,0
31,59,2,445,445,105,105,340,340,0,0
31,70,4,789,789,523,523,266,266,0,0
31,71,10,3200,3200,2504,2504,696,696,0,0
31,72,8,3064,3064,1868,1868,228,228,967,967
31,73,11,2104,2104,2081,2081,22,22,0,0
31,74,5,852,852,852,852,0,0,0,0
32,20,4,679,679,42,42,638,638,0,0
32,21,11,3642,3642,3123,3123,519,519,0,0
32,22,9,2473,2473,1342,1342,1131,1131,0,0
32,23,9,1699,1699,1690,1690,9,9,0,0
32,25,1,131,131,0,0,0,0,131,131
32,65,1,323,323,323,323,0,0,0,0
32,69,1,110,110,110,110,0,0,0,0
32,70,13,2765,2765,2230,2230,535,535,0,0
32,71,14,3307,3307,2565,2565,693,693,98,98
32,72,6,1733,1733,632,632,1101,1101,0,0
32,73,5,2255,2255,1641,1641,614,614,0,0
32,74,5,2045,2045,2045,2045,0,0,0,0
32,75,1,316,316,316,316,0,0,0,0
32,107,1,253,253,23,23,231,231,0,0
32,108,7,1178,1178,511,511,667,667,0,0
33,20,17,3296,3296,1528,1528,1768,1768,0,0
33,21,8,2509,2509,2174,2174,335,335,0,0
33,68,1,133,133,133,133,0,0,0,0
33,69,18,3065,3065,2578,2578,487,487,0,0
33,70,12,3251,3251,2810,2810,441,441,0,0
33,71,17,2808,2808,2736,2736,62,62,19,19
33,72,10,2538,2538,1901,1901,637,637,0,0
33,73,8,2083,2083,1775,1775,308,308,0,0
33,74,5,1494,1494,1494,1494,0,0,0,0
33,76,1,15,15,0,0,15,15,0,0
33,77,4,1658,1658,0,0,1658,1658,0,0
33,78,1,733,733,0,0,733,733,0,0
33,102,1,422,422,0,0,422,422,0,0
33,107,1,1073,1073,0,0,1073,1073,0,0
33,108,5,3976,3976,176,176,3800,3800,0,0
33,121,1,2515,2515,0,0,2515,2515,0,0
33,122,1,1086,1086,0,0,1086,1086,0,0
34,19,2,1281,1281,0,0,1281,1281,0,0
34,20,4,1697,1697,1268,1268,429,429,0,0
34,21,3,1740,1740,361,361,1380,1380,0,0
34,24,3,1850,1850,119,119,1731,1731,0,0
34,25,3,1325,1325,98,98,1227,1227,0,0
34,40,1,513,513,281,281,232,232,0,0
34,52,3,870,870,455,455,415,415,0,0
34,67,1,244,244,0,0,244,244,0,0
34,68,10,1227,1227,1044,1044,183,183,0,0
34,69,11,2492,2492,2416,2416,77,77,0,0
34,70,7,1685,1685,886,886,799,799,0,0
34,71,13,3248,3248,1576,1576,1672,1672,0,0
34,72,9,2151,2151,1739,1739,411,411,0,0
34,73,8,1940,1940,1940,1940,0,0,0,0
34,74,8,2476,2476,2476,2476,0,0,0,0
34,75,3,1815,1815,492,492,1323,1323,0,0
34,77,7,2398,2398,0,0,2398,2398,0,0
34,78,2,813,813,262,262,551,551,0,0
34,102,5,1645,1645,156,156,1489,1489,0,0
34,103,3,537,537,144,144,393,393,0,0
34,121,2,2717,2717,0,0,2717,2717,0,0
34,122,6,1836,1836,0,0,1836,1836,0,0
35,20,3,567,567,287,287,280,280,0,0
35,22,4,673,673,113,113,559,559,0,0
35,25,1,448,448,0,0,448,448,0,0
35,40,1,320,320,320,320,0,0,0,0
35,41,3,463,463,16,16,447,447,0,0
35,58,3,1218,1218,319,319,899,899,0,0
35,69,10,1932,1932,1901,1901,30,30,0,0
35,70,4,1120,1120,977,977,143,143,0,0
35,71,3,637,637,226,226,411,411,0,0
35,72,1,1053,1053,0,0,1053,1053,0,0
35,73,1,216,216,216,216,0,0,0,0
35,74,1,675,675,675,675,0,0,0,0
35,75,3,952,952,952,952,0,0,0,0
35,123,5,1329,1329,1149,1149,180,180,0,0
35,124,7,1578,1578,1219,1219,359,359,0,0
36,15,1,679,679,0,0,679,679,0,0
36,16,2,2026,2026,884,884,1142,1142,0,0
36,17,1,1187,1187,1187,1187,0,0,0,0
36,35,1,145,145,1,1,145,145,0,0
36,53,3,375,375,86,86,289,289,0,0
36,69,3,1214,1214,1192,1192,22,22,0,0
36,123,1,251,251,69,69,182,182,0,0
36,124,2,1152,1152,49,49,1103,1103,0,0
36,126,3,859,859,541,541,318,318,0,0
37,15,2,3659,3659,0,0,3659,3659,0,0
37,16,5,5034,5034,0,0,5034,5034,0,0
37,17,1,1300,1300,82,82,1217,1217,0,0
37,34,1,792,792,0,0,792,792,0,0
37,35,3,452,452,74,74,276,276,105,105
37,69,7,3191,3191,41,41,3150,3150,0,0
37,74,1,73,73,0,0,0,0,73,73
37,89,2,531,531,0,0,531,531,0,0
37,90,1,390,390,78,78,312,312,0,0
37,116,1,531,531,0,0,531,531,0,0
37,121,5,1835,1835,35,35,1800,1800,0,0
37,122,1,304,304,138,138,166,166,0,0
37,125,3,614,614,299,299,313,313,2,2
37,126,4,1121,1121,928,928,125,125,68,68
38,16,2,1199,1199,0,0,1199,1199,0,0
38,29,3,1234,1234,423,423,811,811,0,0
38,35,3,651,651,262,262,389,389,0,0
38,81,3,1386,1386,172,172,1214,1214,0,0
38,82,1,4945,4945,0,0,4945,4945,0,0
38,89,2,468,468,250,250,218,218,0,0
38,116,1,1099,1099,0,0,1099,1099,0,0
38,117,4,2606,2606,276,276,2330,2330,0,0
38,121,3,1579,1579,0,0,1579,1579,0,0
38,122,1,235,235,71,71,163,163,0,0
38,124,2,717,717,717,717,0,0,0,0
38,125,5,1372,1372,421,421,951,951,0,0
38,126,2,2050,2050,420,420,1630,1630,0,0
39,22,5,1033,1033,296,296,737,737,0,0
39,29,2,335,335,91,91,244,244,0,0
39,30,3,729,729,392,392,337,337,0,0
39,34,1,414,414,141,141,274,274,0,0
39,70,1,550,550,0,0,550,550,0,0
39,75,1,873,873,255,255,618,618,0,0
39,83,2,5963,5963,0,0,5963,5963,0,0
39,89,4,1808,1808,336,336,1473,1473,0,0
39,90,1,973,973,0,0,973,973,0,0
39,95,2,404,404,42,42,362,362,0,0
39,116,7,786,786,168,168,618,618,0,0
39,117,3,917,917,437,437,480,480,0,0
39,125,2,3298,3298,0,0,3298,3298,0,0
39,126,1,1823,1823,0,0,1823,1823,0,0
40,22,3,1120,1120,665,665,455,455,0,0
40,33,1,228,228,0,0,228,228,0,0
40,34,7,580,580,341,341,238,238,0,0
40,60,1,222,222,99,99,0,0,123,123
40,69,4,649,649,373,373,276,276,0,0
40,70,2,994,994,768,768,227,227,0,0
40,82,2,3800,3800,0,0,3800,3800,0,0
40,83,1,5936,5936,0,0,5936,5936,0,0
40,94,1,235,235,131,131,104,104,0,0
40,95,1,145,145,126,126,19,19,0,0
40,115,4,873,873,128,128,745,745,0,0
40,116,1,1141,1141,543,543,598,598,0,0
41,17,2,391,391,391,391,0,0,0,0
41,25,5,661,661,131,131,529,529,0,0
41,33,2,1219,1219,265,265,954,954,0,0
41,60,1,45,45,0,0,0,0,45,45
41,82,1,561,561,0,0,561,561,0,0
41,94,2,245,245,65,65,180,180,0,0
41,99,1,1674,1674,0,0,1674,1674,0,0
41,100,1,1017,1017,0,0,1017,1017,0,0
41,104,1,133,133,68,68,65,65,0,0
41,114,4,1082,1082,0,0,1082,1082,0,0
42,9,4,701,701,366,366,335,335,0,0
42,17,4,790,790,125,125,665,665,0,0
42,18,1,202,202,198,198,4,4,0,0
42,37,3,336,336,137,137,199,199,0,0
42,89,3,1063,1063,300,300,762,762,0,0
42,99,4,540,540,172,172,368,368,0,0
42,100,8,1789,1789,1039,1039,750,750,0,0
42,113,2,514,514,145,145,369,369,0,0
42,114,7,2544,2544,669,669,1875,1875,0,0
43,15,1,282,282,282,282,0,0,0,0
43,60,4,646,646,143,143,502,502,0,0
43,89,2,1933,1933,0,0,1933,1933,0,0
43,127,2,384,384,28,28,356,356,0,0
44,28,4,711,711,169,169,542,542,0,0
44,59,1,478,478,113,113,366,366,0,0
44,60,4,3083,3083,0,0,3083,3083,0,0
44,67,5,1390,1390,0,0,1390,1390,0,0
44,68,6,1550,1550,0,0,1550,1550,0,0
44,97,1,3534,3534,0,0,3534,3534,0,0
44,98,3,1982,1982,0,0,1982,1982,0,0
44,123,3,809,809,159,159,649,649,0,0
45,41,2,596,596,596,596,0,0,0,0
45,46,3,373,373,118,118,255,255,0,0
45,51,2,790,790,554,554,236,236,0,0
45,56,1,418,418,63,63,355,355,0,0
45,67,4,1986,1986,0,0,1986,1986,0,0
45,68,4,1207,1207,0,0,1207,1207,0,0
45,97,3,3729,3729,0,0,3729,3729,0,0
45,98,1,1498,1498,0,0,1498,1498,0,0
45,113,2,795,795,434,434,361,361,0,0
45,123,1,214,214,0,0,214,214,0,0
46,8,1,114,114,0,0,114,114,0,0
46,9,6,671,671,52,52,619,619,0,0
46,35,6,1082,1082,409,409,674,674,0,0
46,40,2,452,452,452,452,0,0,0,0
46,41,7,1619,1619,742,742,878,878,0,0
46,42,8,2195,2195,543,543,1652,1652,0,0
46,43,3,1106,1106,368,368,738,738,0,0
46,45,4,831,831,291,291,540,540,0,0
46,50,1,267,267,0,0,267,267,0,0
46,57,3,680,680,363,363,316,316,0,0
46,97,3,1098,1098,0,0,1098,1098,0,0
46,100,1,154,154,0,0,154,154,0,0
47,9,2,561,561,217,217,344,344,0,0
47,32,1,248,248,248,248,0,0,0,0
47,49,1,365,365,365,365,0,0,0,0
47,50,5,925,925,925,925,0,0,0,0
47,70,2,392,392,168,168,223,223,0,0
47,100,4,1273,1273,981,981,292,292,0,0
48,3,8,1534,1534,575,575,958,958,0,0
48,4,4,810,810,532,532,278,278,0,0
48,36,2,297,297,0,0,297,297,0,0
48,49,1,147,147,14,14,133,133,0,0
48,100,2,637,637,289,289,348,348,0,0
48,106,3,607,607,371,371,236,236,0,0
48,110,8,1643,1643,349,349,1294,1294,0,0
48,111,4,627,627,108,108,519,519,0,0
49,11,1,235,235,0,0,235,235,0,0
49,26,3,381,381,0,0,381,381,0,0
49,27,6,910,910,488,488,423,423,0,0
49,36,2,697,697,481,481,216,216,0,0
49,41,1,510,510,133,133,377,377,0,0
49,42,1,380,380,123,123,257,257,0,0
49,48,2,359,359,359,359,0,0,0,0
49,55,1,1039,1039,255,255,784,784,0,0
49,67,4,1041,1041,328,328,713,713,0,0
49,102,1,1719,1719,0,0,1719,1719,0,0
49,109,2,235,235,0,0,235,235,0,0
49,110,2,764,764,147,147,616,616,0,0
49,123,4,640,640,143,143,497,497,0,0
50,27,2,578,578,44,44,534,534,0,0
50,41,3,2068,2068,0,0,2068,2068,0,0
50,42,4,1683,1683,1153,1153,530,530,0,0
50,43,2,517,517,194,194,324,324,0,0
50,45,2,366,366,222,222,144,144,0,0
50,53,1,554,554,414,414,140,140,0,0
50,54,1,259,259,0,0,259,259,0,0
50,90,1,211,211,0,0,211,211,0,0
50,91,1,466,466,0,0,466,466,0,0
50,99,6,1390,1390,469,469,921,921,0,0
50,100,3,1560,1560,0,0,1560,1560,0,0
50,101,2,1554,1554,0,0,1554,1554,0,0
50,102,1,1645,1645,0,0,1645,1645,0,0
50,109,6,1650,1650,185,185,1465,1465,0,0
50,117,1,21,21,0,0,21,21,0,0
50,118,3,3856,3856,0,0,3856,3856,0,0
50,120,2,1298,1298,4,4,1293,1293,0,0
50,121,1,298,298,133,133,165,165,0,0
51,13,9,1504,1504,376,376,1128,1128,0,0
51,42,1,895,895,547,547,349,349,0,0
51,43,11,2855,2855,2517,2517,338,338,0,0
51,44,6,1213,1213,1198,1198,15,15,0,0
51,45,3,590,590,257,257,333,333,0,0
51,49,1,192,192,192,192,0,0,0,0
51,65,1,841,841,0,0,841,841,0,0
51,91,6,2480,2480,0,0,2480,2480,0,0
51,92,8,3731,3731,0,0,3731,3731,0,0
51,93,3,4203,4203,0,0,4203,4203,0,0
51,94,3,1219,1219,0,0,1219,1219,0,0
51,99,1,261,261,7,7,254,254,0,0
51,101,4,1395,1395,0,0,1395,1395,0,0
51,102,4,899,899,0,0,899,899,0,0
51,117,1,1417,1417,0,0,1417,1417,0,0
51,118,6,3723,3723,0,0,3723,3723,0,0
51,119,1,1237,1237,0,0,1237,1237,0,0
52,1,4,1292,1292,1292,1292,0,0,0,0
52,24,4,560,560,144,144,416,416,0,0
52,31,2,698,698,40,40,658,658,0,0
52,41,2,338,338,338,338,0,0,0,0
52,42,7,1879,1879,1772,1772,107,107,0,0
52,43,12,3746,3746,3643,3643,103,103,0,0
52,44,12,2200,2200,1931,1931,269,269,0,0
52,45,9,2247,2247,2247,2247,0,0,0,0
52,46,3,937,937,937,937,0,0,0,0
52,49,1,212,212,212,212,0,0,0,0
52,54,4,367,367,168,168,199,199,0,0
52,64,4,631,631,0,0,631,631,0,0
52,65,6,1450,1450,0,0,1450,1450,0,0
52,71,1,369,369,176,176,193,193,0,0
52,72,1,161,161,0,0,161,161,0,0
52,89,5,835,835,498,498,337,337,0,0
52,92,1,806,806,0,0,806,806,0,0
52,107,1,228,228,124,124,104,104,0,0
52,113,4,686,686,259,259,428,428,0,0
52,119,1,187,187,187,187,0,0,0,0
52,120,4,1258,1258,40,40,1218,1218,0,0
53,16,1,308,308,308,308,0,0,0,0
53,17,15,2317,2317,933,933,1384,1384,0,0
53,23,4,770,770,228,228,542,542,0,0
53,24,5,1077,1077,742,742,335,335,0,0
53,25,8,1471,1471,797,797,674,674,0,0
53,31,1,431,431,0,0,431,431,0,0
53,40,8,1763,1763,1763,1763,0,0,0,0
53,41,9,2290,2290,2289,2289,1,1,0,0
53,42,12,2966,2966,1320,1320,1047,1047,676,676
53,43,14,4462,4462,3631,3631,45,45,802,802
53,44,12,2161,2161,2142,2142,19,19,0,0
53,45,6,1018,1018,738,738,281,281,0,0
53,46,7,1899,1899,1899,1899,0,0,0,0
53,48,2,690,690,314,314,376,376,0,0
53,64,3,763,763,0,0,763,763,0,0
53,65,3,320,320,0,0,320,320,0,0
53,67,3,356,356,233,233,123,123,0,0
53,71,1,455,455,345,345,110,110,0,0
53,101,4,732,732,232,232,500,500,0,0
53,113,4,477,477,33,33,444,444,0,0
53,120,1,188,188,92,92,96,96,0,0
54,0,1,162,162,0,0,162,162,0,0
54,19,4,674,674,167,167,441,441,66,66
54,23,4,1180,1180,390,390,790,790,0,0
54,24,4,1424,1424,907,907,517,517,0,0
54,40,5,1286,1286,640,640,647,647,0,0
54,41,6,1592,1592,1552,1552,40,40,0,0
54,42,6,1233,1233,1186,1186,47,47,0,0
54,43,10,2444,2444,2016,2016,428,428,0,0
54,44,16,4319,4319,4228,4228,92,92,0,0
54,45,19,3678,3678,2892,2892,321,321,465,465
54,46,9,1751,1751,1216,1216,535,535,0,0
54,47,10,1315,1315,683,683,633,633,0,0
54,68,7,1703,1703,648,648,1054,1054,0,0
54,69,2,700,700,467,467,233,233,0,0
54,70,2,529,529,0,0,529,529,0,0
54,71,2,809,809,715,715,93,93,0,0
55,0,1,1834,1834,424,424,1410,1410,0,0
55,1,3,3967,3967,0,0,3967,3967,0,0
55,40,4,861,861,604,604,257,257,0,0
55,41,6,1504,1504,709,709,795,795,0,0
55,42,5,1821,1821,304,304,1517,1517,0,0
55,43,14,2953,2953,2500,2500,453,453,0,0
55,44,6,1653,1653,1472,1472,181,181,0,0
55,45,13,3429,3429,2847,2847,582,582,0,0
55,46,3,1550,1550,217,217,1333,1333,0,0
55,47,11,1415,1415,1288,1288,128,128,0,0
55,48,4,1205,1205,1179,1179,26,26,0,0
55,53,4,761,761,272,272,489,489,0,0
55,68,1,151,151,8,8,143,143,0,0
55,71,1,631,631,506,506,125,125,0,0
55,114,3,1032,1032,188,188,844,844,0,0
55,115,1,380,380,20,20,360,360,0,0
56,1,1,1431,1431,0,0,1431,1431,0,0
56,26,2,1456,1456,0,0,1456,1456,0,0
56,27,3,390,390,181,181,209,209,0,0
56,28,1,316,316,0,0,316,316,0,0
56,31,1,625,625,372,372,253,253,0,0
56,32,1,745,745,6,6,739,739,0,0
56,35,1,509,509,0,0,509,509,0,0
56,40,3,1536,1536,438,438,1097,1097,0,0
56,41,9,1763,1763,1051,1051,712,712,0,0
56,42,5,1318,1318,1318,1318,0,0,0,0
56,43,1,315,315,315,315,0,0,0,0
56,45,8,1499,1499,1255,1255,244,244,0,0
56,46,8,1706,1706,1510,1510,197,197,0,0
56,47,7,2123,2123,2115,2115,8,8,0,0
56,48,8,2690,2690,1140,1140,1550,1550,0,0
56,69,2,560,560,97,97,463,463,0,0
56,70,2,840,840,497,497,343,343,0,0
56,73,5,1489,1489,0,0,1489,1489,0,0
56,74,3,5287,5287,0,0,5287,5287,0,0
56,86,4,982,982,14,14,968,968,0,0
56,87,4,560,560,301,301,259,259,0,0
56,96,6,1937,1937,449,449,1488,1488,0,0
57,8,3,902,902,37,37,865,865,0,0
57,27,1,275,275,271,271,4,4,0,0
57,28,4,1438,1438,151,151,1287,1287,0,0
57,39,3,1680,1680,193,193,1487,1487,0,0
57,40,6,1996,1996,1303,1303,693,693,0,0
57,41,4,2224,2224,2192,2192,32,32,0,0
57,45,4,1813,1813,1387,1387,426,426,0,0
57,47,2,588,588,588,588,0,0,0,0
57,48,1,518,518,0,0,518,518,0,0
57,55,3,424,424,325,325,99,99,0,0
57,58,2,377,377,102,102,276,276,0,0
57,61,2,495,495,495,495,0,0,0,0
57,69,2,1009,1009,361,361,648,648,0,0
57,70,1,148,148,11,11,138,138,0,0
57,73,3,656,656,0,0,656,656,0,0
57,74,1,505,505,0,0,505,505,0,0
57,86,6,1152,1152,317,317,835,835,0,0
57,88,1,239,239,239,239,0,0,0,0
57,90,3,519,519,61,61,458,458,0,0
57,104,2,543,543,0,0,543,543,0,0
57,105,2,311,311,311,311,0,0,0,0
57,115,1,202,202,202,202,0,0,0,0
57,121,1,189,189,175,175,15,15,0,0
57,122,1,252,252,0,0,252,252,0,0
58,8,4,1495,1495,562,562,934,934,0,0
58,12,4,1060,1060,292,292,768,768,0,0
58,29,7,1648,1648,760,760,888,888,0,0
58,30,6,1512,1512,676,676,836,836,0,0
58,35,1,290,290,0,0,290,290,0,0
58,39,2,598,598,598,598,0,0,0,0
58,40,2,490,490,455,455,36,36,0,0
58,41,4,704,704,56,56,648,648,0,0
58,42,2,476,476,245,245,231,231,0,0
58,44,2,623,623,623,623,0,0,0,0
58,45,5,1196,1196,1172,1172,25,25,0,0
58,60,1,859,859,0,0,859,859,0,0
58,61,7,1413,1413,802,802,611,611,0,0
58,90,5,556,556,229,229,327,327,0,0
58,98,1,419,419,315,315,104,104,0,0
58,104,2,645,645,645,645,0,0,0,0
58,117,1,459,459,191,191,268,268,0,0
58,121,2,407,407,130,130,277,277,0,0
58,122,1,190,190,2,2,188,188,0,0
59,2,3,973,973,150,150,822,822,0,0
59,29,2,580,580,451,451,129,129,0,0
59,30,6,1519,1519,488,488,1031,1031,0,0
59,35,3,1574,1574,67,67,1507,1507,0,0
59,37,1,64,64,0,0,64,64,0,0
59,38,3,607,607,0,0,607,607,0,0
59,39,1,2591,2591,0,0,2591,2591,0,0
59,55,1,126,126,51,51,75,75,0,0
59,78,1,554,554,0,0,554,554,0,0
59,88,1,390,390,0,0,390,390,0,0
59,89,1,793,793,0,0,793,793,0,0
59,97,4,1205,1205,284,284,921,921,0,0
59,118,2,338,338,224,224,114,114,0,0
59,119,3,700,700,517,517,183,183,0,0
60,22,4,768,768,325,325,444,444,0,0
60,29,2,525,525,33,33,492,492,0,0
60,38,4,675,675,0,0,675,675,0,0
60,39,5,1459,1459,0,0,1459,1459,0,0
60,40,1,249,249,140,140,109,109,0,0
60,45,2,600,600,600,600,0,0,0,0
60,46,3,380,380,296,296,84,84,0,0
60,55,1,156,156,0,0,156,156,0,0
60,78,3,354,354,159,159,196,196,0,0
60,79,1,531,531,346,346,184,184,0,0
60,88,4,450,450,182,182,268,268,0,0
60,90,6,1945,1945,306,306,1639,1639,0,0
60,91,1,205,205,129,129,76,76,0,0
60,92,2,1134,1134,139,139,996,996,0,0
60,93,2,696,696,696,696,0,0,0,0
60,104,3,214,214,97,97,116,116,0,0
60,108,1,350,350,350,350,0,0,0,0
60,109,1,549,549,549,549,0,0,0,0
60,112,8,1219,1219,532,532,687,687,0,0
61,13,1,454,454,0,0,454,454,0,0
61,47,1,13,13,13,13,0,0,0,0
61,50,2,461,461,312,312,148,148,0,0
61,87,1,276,276,276,276,0,0,0,0
61,88,5,1016,1016,586,586,429,429,0,0
61,89,5,458,458,259,259,199,199,0,0
61,90,1,240,240,162,162,78,78,0,0
61,91,9,1838,1838,472,472,1366,1366,0,0
61,92,3,917,917,655,655,262,262,0,0
61,94,9,1375,1375,897,897,478,478,0,0
61,111,9,1047,1047,495,495,551,551,0,0
61,113,1,283,283,283,283,0,0,0,0
62,12,7,1220,1220,385,385,835,835,0,0
62,13,2,752,752,294,294,458,458,0,0
62,58,3,1630,1630,234,234,1396,1396,0,0
62,59,1,1234,1234,0,0,1234,1234,0,0
62,86,2,797,797,0,0,797,797,0,0
62,90,4,1357,1357,173,173,1184,1184,0,0
62,91,7,2752,2752,237,237,2515,2515,0,0
62,110,6,1092,1092,213,213,880,880,0,0
62,113,5,2229,2229,0,0,2229,2229,0,0
63,2,3,455,455,196,196,260,260,0,0
63,22,2,511,511,428,428,82,82,0,0
63,83,1,118,118,118,118,0,0,0,0
63,86,5,1372,1372,875,875,497,497,0,0
63,89,1,166,166,0,0,166,166,0,0
63,90,8,1437,1437,348,348,968,968,121,121
63,91,6,1133,1133,844,844,289,289,0,0
63,97,3,578,578,172,172,406,406,0,0
63,102,2,493,493,346,346,146,146,0,0
63,108,1,344,344,344,344,0,0,0,0
63,109,4,477,477,244,244,233,233,0,0
63,113,3,2332,2332,0,0,2332,2332,0,0
64,6,3,380,380,133,133,247,247,0,0
64,81,3,356,356,110,110,247,247,0,0
64,90,4,941,941,644,644,297,297,0,0
64,92,1,15,15,15,15,0,0,0,0
64,107,6,1903,1903,781,781,1112,1112,0,0
64,108,3,959,959,957,957,2,2,0,0
64,109,3,619,619,619,619,0,0,0,0
64,110,2,517,517,432,432,85,85,0,0
64,112,1,232,232,0,0,232,232,0,0
64,113,4,3625,3625,0,0,3625,3625,0,0
64,114,2,2618,2618,0,0,2618,2618,0,0
64,115,5,866,866,0,0,866,866,0,0
64,116,3,2319,2319,0,0,2319,2319,0,0
65,63,3,266,266,162,162,104,104,0,0
65,79,2,179,179,120,120,59,59,0,0
65,87,2,293,293,148,148,145,145,0,0
65,99,1,85,85,0,0,0,0,85,85
65,103,1,36,36,36,36,0,0,0,0
65,107,4,750,750,364,364,386,386,0,0
65,108,5,1447,1447,1447,1447,0,0,0,0
65,109,7,1960,1960,1117,1117,843,843,0,0
65,110,5,2189,2189,770,770,1420,1420,0,0
65,112,3,1026,1026,459,459,567,567,0,0
65,113,5,3981,3981,11,11,3970,3970,0,0
65,114,3,2163,2163,0,0,2163,2163,0,0
65,115,12,3236,3236,0,0,3236,3236,0,0
65,116,2,2358,2358,0,0,2358,2358,0,0
66,19,1,54,54,0,0,54,54,0,0
66,26,2,419,419,0,0,419,419,0,0
66,62,3,533,533,82,82,451,451,0,0
66,79,4,1186,1186,362,362,824,824,0,0
66,80,2,245,245,109,109,137,137,0,0
66,81,5,2023,2023,468,468,1554,1554,0,0
66,84,1,276,276,270,270,6,6,0,0
66,85,3,346,346,41,41,305,305,0,0
66,102,3,1918,1918,1,1,1917,1917,0,0
66,103,1,227,227,227,227,0,0,0,0
66,106,1,180,180,2,2,179,179,0,0
66,107,7,1474,1474,1474,1474,0,0,0,0
66,108,7,1930,1930,1930,1930,0,0,0,0
66,109,11,3150,3150,1360,1360,1790,1790,0,0
66,110,2,1327,1327,390,390,937,937,0,0
66,111,11,876,876,766,766,110,110,0,0
66,112,1,12,12,0,0,12,12,0,0
66,113,1,75,75,75,75,0,0,0,0
66,117,1,559,559,0,0,559,559,0,0
66,118,3,436,436,219,219,217,217,0,0
66,125,2,610,610,229,229,381,381,0,0
67,7,1,3311,3311,0,0,3311,3311,0,0
67,19,2,492,492,414,414,78,78,0,0
67,26,1,74,74,0,0,74,74,0,0
67,46,2,784,784,220,220,564,564,0,0
67,59,3,258,258,73,73,185,185,0,0
67,79,1,211,211,0,0,211,211,0,0
67,83,6,581,581,210,210,371,371,0,0
67,88,3,731,731,132,132,599,599,0,0
67,102,1,964,964,0,0,964,964,0,0
67,104,4,832,832,450,450,382,382,0,0
67,106,4,805,805,761,761,44,44,0,0
67,107,7,1905,1905,1905,1905,0,0,0,0
67,108,9,1930,1930,1188,1188,742,742,0,0
67,109,8,2206,2206,2016,2016,190,190,0,0
67,110,6,2288,2288,895,895,1392,1392,0,0
67,111,9,1382,1382,1382,1382,0,0,0,0
67,112,3,734,734,569,569,165,165,0,0
68,7,11,2256,2256,485,485,1771,1771,0,0
68,19,2,243,243,84,84,159,159,0,0
68,79,2,782,782,257,257,525,525,0,0
68,83,2,361,361,329,329,32,32,0,0
68,87,3,530,530,530,530,0,0,0,0
68,88,3,752,752,689,689,63,63,0,0
68,89,2,390,390,211,211,180,180,0,0
68,90,4,2957,2957,0,0,2957,2957,0,0
68,91,3,653,653,396,396,234,234,23,23
68,105,1,477,477,0,0,477,477,0,0
68,106,4,1696,1696,1696,1696,0,0,0,0
68,107,10,2136,2136,1961,1961,175,175,0,0
68,108,7,1356,1356,1356,1356,0,0,0,0
68,109,9,1592,1592,1258,1258,334,334,0,0
68,110,2,974,974,974,974,0,0,0,0
68,111,10,2178,2178,1827,1827,351,351,0,0
68,112,4,1420,1420,1420,1420,0,0,0,0
68,114,2,250,250,96,96,154,154,0,0
69,7,2,184,184,0,0,184,184,0,0
69,47,1,336,336,208,208,128,128,0,0
69,56,5,747,747,173,173,575,575,0,0
69,84,1,641,641,98,98,544,544,0,0
69,87,3,492,492,335,335,157,157,0,0
69,88,2,1131,1131,1029,1029,102,102,0,0
69,90,2,651,651,650,650,1,1,0,0
69,99,2,310,310,24,24,286,286,0,0
69,100,1,354,354,274,274,80,80,0,0
69,104,1,826,826,0,0,826,826,0,0
69,106,6,2368,2368,0,0,2368,2368,0,0
69,107,10,2207,2207,1894,1894,314,314,0,0
69,108,13,1704,1704,1390,1390,314,314,0,0
69,109,15,4129,4129,3314,3314,0,0,815,815
69,110,5,1135,1135,722,722,408,408,0,0
69,111,7,1426,1426,1031,1031,395,395,0,0
69,112,3,433,433,234,234,199,199,0,0
69,114,7,1683,1683,478,478,1205,1205,0,0
70,49,3,949,949,141,141,808,808,0,0
70,58,9,2073,2073,255,255,1818,1818,0,0
70,84,1,2651,2651,0,0,2651,2651,0,0
70,85,2,3993,3993,3,3,3990,3990,0,0
70,86,3,2749,2749,335,335,2414,2414,0,0
70,87,5,896,896,750,750,146,146,0,0
70,88,2,720,720,360,360,360,360,0,0
70,107,2,803,803,245,245,557,557,0,0
70,108,6,1347,1347,893,893,455,455,0,0
70,109,12,1716,1716,1108,1108,608,608,0,0
70,110,8,2694,2694,2439,2439,5,5,238,238
70,111,8,2373,2373,2097,2097,276,276,0,0
71,8,1,282,282,282,282,0,0,0,0
71,11,2,95,95,0,0,95,95,0,0
71,12,2,384,384,124,124,260,260,0,0
71,14,3,599,599,252,252,347,347,0,0
71,17,4,462,462,185,185,278,278,0,0
71,18,5,2893,2893,0,0,2893,2893,0,0
71,49,2,293,293,39,39,253,253,0,0
71,50,2,420,420,235,235,185,185,0,0
71,57,1,265,265,265,265,0,0,0,0
71,58,1,964,964,0,0,964,964,0,0
71,68,3,728,728,254,254,474,474,0,0
71,79,1,346,346,112,112,235,235,0,0
71,84,1,487,487,0,0,487,487,0,0
71,85,2,1836,1836,0,0,1836,1836,0,0
71,86,5,2717,2717,398,398,2319,2319,0,0
71,87,2,566,566,295,295,271,271,0,0
71,95,1,160,160,159,159,1,1,0,0
71,96,3,505,505,178,178,327,327,0,0
71,108,5,660,660,454,454,206,206,0,0
71,109,12,3076,3076,2928,2928,148,148,0,0
71,110,13,2538,2538,2538,2538,0,0,0,0
71,111,9,1934,1934,1703,1703,230,230,0,0
71,112,7,1808,1808,1808,1808,0,0,0,0
71,113,4,1109,1109,1109,1109,0,0,0,0
72,45,2,572,572,92,92,421,421,0,0
72,71,1,3510,3510,0,0,3510,3510,0,0
72,85,2,1088,1088,0,0,1088,1088,0,0
72,86,1,251,251,112,112,139,139,0,0
72,87,7,2270,2270,1947,1947,323,323,0,0
72,88,2,535,535,286,286,249,249,0,0
72,89,1,382,382,0,0,382,382,0,0
72,95,2,421,421,158,158,263,263,0,0
72,105,1,418,418,0,0,418,418,0,0
72,108,3,427,427,83,83,344,344,0,0
72,109,11,2434,2434,2028,2028,406,406,0,0
72,110,5,1432,1432,1432,1432,0,0,0,0
72,111,4,621,621,517,517,105,105,0,0
72,112,2,663,663,663,663,0,0,0,0
72,115,1,364,364,364,364,0,0,0,0
73,17,2,453,453,217,217,236,236,0,0
73,29,3,1698,1698,0,0,1698,1698,0,0
73,48,1,90,90,90,90,0,0,0,0
73,53,2,587,587,236,236,351,351,0,0
73,54,2,291,291,126,126,165,165,0,0
73,55,2,283,283,12,12,270,270,0,0
73,71,2,873,873,4,4,869,869,0,0
73,72,5,1781,1781,1225,1225,556,556,0,0
73,83,3,745,745,745,745,0,0,0,0
73,84,6,1546,1546,1165,1165,381,381,0,0
73,85,8,1357,1357,672,672,684,684,0,0
73,86,2,270,270,64,64,206,206,0,0
73,103,3,388,388,190,190,198,198,0,0
73,104,1,2277,2277,0,0,2277,2277,0,0
73,105,2,3537,3537,0,0,3537,3537,0,0
73,106,1,660,660,0,0,660,660,0,0
73,108,1,727,727,727,727,0,0,0,0
73,109,1,419,419,419,419,0,0,0,0
73,126,1,388,388,164,164,224,224,0,0
74,13,1,141,141,115,115,27,27,0,0
74,16,3,1275,1275,600,600,675,675,0,0
74,17,3,1731,1731,0,0,1731,1731,0,0
74,28,4,674,674,0,0,674,674,0,0
74,29,5,1107,1107,430,430,677,677,0,0
74,43,8,2260,2260,492,492,1769,1769,0,0
74,44,1,249,249,227,227,22,22,0,0
74,55,2,264,264,164,164,100,100,0,0
74,81,5,1420,1420,962,962,459,459,0,0
74,82,12,2097,2097,1827,1827,270,270,0,0
74,83,11,1484,1484,1278,1278,207,207,0,0
74,84,3,1128,1128,1,1,1127,1127,0,0
74,89,1,225,225,225,225,0,0,0,0
74,94,3,741,741,312,312,429,429,0,0
74,95,4,506,506,156,156,350,350,0,0
74,96,1,56,56,0,0,56,56,0,0
74,104,2,1615,1615,0,0,1615,1615,0,0
74,105,2,1535,1535,0,0,1535,1535,0,0
74,106,1,2789,2789,0,0,2789,2789,0,0
74,107,1,1785,1785,0,0,1785,1785,0,0
74,108,1,728,728,0,0,728,728,0,0
74,119,1,1056,1056,0,0,1056,1056,0,0
75,1,2,443,443,443,443,0,0,0,0
75,7,3,368,368,88,88,280,280,0,0
75,16,1,456,456,0,0,456,456,0,0
75,46,1,463,463,84,84,379,379,0,0
75,55,2,540,540,457,457,84,84,0,0
75,78,1,442,442,100,100,342,342,0,0
75,79,4,1038,1038,121,121,222,222,695,695
75,80,8,2227,2227,1549,1549,678,678,0,0
75,81,10,3224,3224,2693,2693,530,530,0,0
75,82,3,1293,1293,1013,1013,279,279,0,0
75,93,1,1449,1449,0,0,1449,1449,0,0
75,103,1,247,247,157,157,90,90,0,0
75,104,1,879,879,0,0,879,879,0,0
75,107,6,1246,1246,0,0,1246,1246,0,0
75,108,2,939,939,0,0,939,939,0,0
75,111,3,961,961,649,649,312,312,0,0
75,112,1,852,852,706,706,146,146,0,0
75,118,3,466,466,257,257,209,209,0,0
75,123,2,521,521,521,521,0,0,0,0
75,124,6,1008,1008,168,168,840,840,0,0
76,2,1,131,131,131,131,0,0,0,0
76,4,1,68,68,68,68,0,0,0,0
76,6,1,236,236,236,236,0,0,0,0
76,12,15,1884,1884,962,962,923,923,0,0
76,45,2,527,527,126,126,401,401,0,0
76,50,3,608,608,0,0,608,608,0,0
76,51,1,282,282,148,148,134,134,0,0
76,75,3,801,801,397,397,404,404,0,0
76,76,3,514,514,422,422,91,91,0,0
76,78,2,1811,1811,365,365,1446,1446,0,0
76,79,4,923,923,709,709,215,215,0,0
76,80,9,1736,1736,1555,1555,181,181,0,0
76,81,4,535,535,460,460,75,75,0,0
76,92,3,367,367,167,167,201,201,0,0
76,95,7,1231,1231,801,801,431,431,0,0
76,96,1,687,687,1,1,686,686,0,0
76,104,2,607,607,0,0,607,607,0,0
76,112,1,773,773,22,22,751,751,0,0
76,115,2,281,281,145,145,136,136,0,0
76,116,2,391,391,254,254,137,137,0,0
76,117,7,1619,1619,141,141,1478,1478,0,0
76,118,6,2823,2823,17,17,2806,2806,0,0
76,123,2,347,347,111,111,236,236,0,0
77,0,5,1212,1212,232,232,980,980,0,0
77,8,1,182,182,182,182,0,0,0,0
77,9,4,485,485,143,143,342,342,0,0
77,15,7,1193,1193,504,504,689,689,0,0
77,16,3,648,648,160,160,487,487,0,0
77,22,1,257,257,0,0,257,257,0,0
77,23,3,482,482,296,296,186,186,0,0
77,24,1,99,99,5,5,94,94,0,0
77,27,3,2543,2543,4,4,2539,2539,0,0
77,44,3,993,993,536,536,456,456,0,0
77,45,6,819,819,184,184,635,635,0,0
77,46,1,229,229,0,0,229,229,0,0
77,74,1,696,696,0,0,696,696,0,0
77,75,2,735,735,713,713,22,22,0,0
77,76,2,259,259,174,174,86,86,0,0
77,77,4,927,927,885,885,41,41,0,0
77,78,4,1494,1494,1217,1217,277,277,0,0
77,79,6,2050,2050,1141,1141,910,910,0,0
77,80,3,2079,2079,84,84,1995,1995,0,0
77,98,2,1949,1949,94,94,1854,1854,0,0
77,101,1,66,66,0,0,66,66,0,0
77,104,1,297,297,297,297,0,0,0,0
77,115,2,369,369,319,319,50,50,0,0
77,120,1,226,226,199,199,28,28,0,0
77,121,5,1441,1441,79,79,1362,1362,0,0
78,8,1,738,738,0,0,738,738,0,0
78,9,2,679,679,218,218,461,461,0,0
78,23,2,276,276,267,267,9,9,0,0
78,24,1,296,296,286,286,10,10,0,0
78,27,3,736,736,320,320,415,415,0,0
78,43,6,1145,1145,630,630,515,515,0,0
78,44,1,301,301,0,0,301,301,0,0
78,73,3,851,851,73,73,779,779,0,0
78,74,3,817,817,293,293,523,523,0,0
78,78,2,398,398,137,137,261,261,0,0
78,97,2,1842,1842,0,0,1842,1842,0,0
78,98,2,2387,2387,177,177,2210,2210,0,0
78,101,3,268,268,201,201,66,66,0,0
78,102,2,221,221,84,84,137,137,0,0
78,111,1,321,321,215,215,106,106,0,0
79,8,2,758,758,0,0,758,758,0,0
79,13,5,837,837,284,284,85,85,468,468
79,14,4,589,589,162,162,5,5,432,432
79,56,2,236,236,91,91,144,144,0,0
79,57,1,351,351,0,0,351,351,0,0
79,77,3,1224,1224,1031,1031,193,193,0,0
79,78,5,1977,1977,1676,1676,301,301,0,0
79,79,2,756,756,448,448,308,308,0,0
79,94,1,231,231,85,85,146,146,0,0
79,101,4,1584,1584,1356,1356,227,227,0,0
79,116,3,628,628,254,254,374,374,0,0
80,2,3,1227,1227,0,0,1227,1227,0,0
80,11,2,541,541,541,541,0,0,0,0
80,12,2,1160,1160,1160,1160,0,0,0,0
80,13,3,1612,1612,639,639,973,973,0,0
80,14,3,794,794,794,794,0,0,0,0
80,15,3,765,765,765,765,0,0,0,0
80,16,3,828,828,462,462,366,366,0,0
80,30,2,365,365,156,156,209,209,0,0
80,31,4,565,565,234,234,330,330,0,0
80,57,2,537,537,216,216,321,321,0,0
80,71,2,390,390,0,0,390,390,0,0
80,72,2,182,182,77,77,105,105,0,0
80,77,2,296,296,85,85,211,211,0,0
80,78,5,1441,1441,0,0,1441,1441,0,0
80,100,2,242,242,233,233,8,8,0,0
80,101,2,299,299,299,299,0,0,0,0
80,105,1,335,335,0,0,335,335,0,0
80,115,7,1388,1388,183,183,1205,1205,0,0
80,116,5,672,672,280,280,392,392,0,0
80,127,4,313,313,125,125,188,188,0,0
81,2,4,2098,2098,325,325,1773,1773,0,0
81,10,3,1279,1279,1194,1194,85,85,0,0
81,11,5,1979,1979,1468,1468,511,511,0,0
81,13,1,403,403,403,403,0,0,0,0
81,14,7,1693,1693,1693,1693,0,0,0,0
81,15,2,609,609,419,419,191,191,0,0
81,16,10,2355,2355,2097,2097,258,258,0,0
81,29,3,235,235,0,0,235,235,0,0
81,30,1,266,266,79,79,187,187,0,0
81,35,2,2088,2088,0,0,2088,2088,0,0
81,36,2,2556,2556,0,0,2556,2556,0,0
81,37,5,1326,1326,93,93,1234,1234,0,0
81,71,2,493,493,307,307,187,187,0,0
81,72,1,220,220,104,104,117,117,0,0
81,92,2,3066,3066,0,0,3066,3066,0,0
81,93,6,2509,2509,439,439,2070,2070,0,0
81,105,3,539,539,199,199,340,340,0,0
81,109,11,3271,3271,0,0,3271,3271,0,0
81,110,5,1353,1353,365,365,988,988,0,0
81,115,8,1103,1103,610,610,493,493,0,0
82,8,2,370,370,242,242,128,128,0,0
82,12,2,1037,1037,707,707,330,330,0,0
82,13,6,2075,2075,1438,1438,638,638,0,0
82,14,3,756,756,756,756,0,0,0,0
82,15,8,1320,1320,1320,1320,0,0,0,0
82,16,4,1482,1482,1241,1241,241,241,0,0
82,24,1,506,506,0,0,506,506,0,0
82,25,2,3200,3200,0,0,3200,3200,0,0
82,34,2,251,251,90,90,160,160,0,0
82,35,4,2270,2270,1152,1152,1118,1118,0,0
82,36,2,734,734,0,0,734,734,0,0
82,37,1,249,249,80,80,169,169,0,0
82,51,3,1570,1570,214,214,1356,1356,0,0
82,52,5,814,814,337,337,446,446,0,0
82,70,1,38,38,0,0,38,38,0,0
82,84,4,613,613,111,111,502,502,0,0
82,93,1,793,793,177,177,616,616,0,0
82,109,3,567,567,80,80,487,487,0,0
82,111,1,1721,1721,0,0,1721,1721,0,0
82,117,5,1135,1135,361,361,774,774,0,0
83,1,1,685,685,89,89,596,596,0,0
83,2,2,877,877,262,262,615,615,0,0
83,4,1,196,196,0,0,196,196,0,0
83,5,1,602,602,602,602,0,0,0,0
83,8,1,1149,1149,0,0,1149,1149,0,0
83,9,1,676,676,0,0,676,676,0,0
83,10,3,3135,3135,0,0,3135,3135,0,0
83,12,5,2004,2004,766,766,1238,1238,0,0
83,13,10,1953,1953,1830,1830,123,123,0,0
83,14,14,3653,3653,3542,3542,111,111,0,0
83,15,11,2960,2960,2696,2696,264,264,0,0
83,16,2,1255,1255,1070,1070,186,186,0,0
83,40,1,203,203,203,203,0,0,0,0
83,41,1,270,270,213,213,56,56,0,0
83,52,2,362,362,145,145,217,217,0,0
83,62,2,2985,2985,0,0,2985,2985,0,0
83,63,1,1201,1201,0,0,1201,1201,0,0
83,70,1,679,679,0,0,679,679,0,0
84,1,1,288,288,48,48,241,241,0,0
84,2,3,376,376,188,188,188,188,0,0
84,5,1,73,73,73,73,0,0,0,0
84,7,5,1069,1069,181,181,888,888,0,0
84,8,5,3082,3082,0,0,3082,3082,0,0
84,9,4,2730,2730,0,0,2730,2730,0,0
84,10,2,1779,1779,148,148,1632,1632,0,0
84,13,12,2818,2818,2226,2226,592,592,0,0
84,14,5,1405,1405,1089,1089,316,316,0,0
84,15,1,541,541,57,57,484,484,0,0
84,60,2,296,296,150,150,146,146,0,0
84,61,4,2887,2887,0,0,2887,2887,0,0
84,62,3,3471,3471,0,0,3471,3471,0,0
84,67,1,327,327,300,300,27,27,0,0
84,76,3,730,730,582,582,148,148,0,0
84,84,1,344,344,344,344,0,0,0,0
84,97,1,169,169,169,169,0,0,0,0
84,121,1,257,257,0,0,257,257,0,0
84,122,3,731,731,0,0,731,731,0,0
85,7,2,531,531,0,0,531,531,0,0
85,14,5,1313,1313,686,686,627,627,0,0
85,15,2,1174,1174,366,366,808,808,0,0
85,16,6,1356,1356,647,647,709,709,0,0
85,17,2,371,371,368,368,4,4,0,0
85,47,1,414,414,0,0,414,414,0,0
85,61,5,1782,1782,0,0,1782,1782,0,0
85,66,3,1199,1199,786,786,413,413,0,0
85,67,4,1363,1363,954,954,409,409,0,0
85,96,2,552,552,497,497,55,55,0,0
85,97,4,887,887,0,0,887,887,0,0
85,100,1,235,235,235,235,0,0,0,0
85,101,2,863,863,0,0,863,863,0,0
85,116,3,619,619,394,394,225,225,0,0
86,14,7,1160,1160,914,914,246,246,0,0
86,15,7,1467,1467,1467,1467,0,0,0,0
86,16,1,265,265,118,118,147,147,0,0
86,47,1,465,465,280,280,186,186,0,0
86,48,3,155,155,101,101,54,54,0,0
86,58,2,550,550,285,285,265,265,0,0
86,62,2,518,518,298,298,220,220,0,0
86,65,1,908,908,0,0,908,908,0,0
86,116,1,219,219,219,219,0,0,0,0
87,14,5,925,925,403,403,522,522,0,0
87,15,1,306,306,306,306,0,0,0,0
87,17,1,167,167,167,167,0,0,0,0
87,38,5,1674,1674,359,359,1315,1315,0,0
87,48,2,112,112,0,0,0,0,112,112
87,62,1,516,516,82,82,434,434,0,0
87,64,1,1237,1237,0,0,1237,1237,0,0
87,65,9,4299,4299,0,0,4299,4299,0,0
87,74,7,3283,3283,507,507,2776,2776,0,0
87,75,2,1593,1593,934,934,659,659,0,0
87,76,3,800,800,800,800,0,0,0,0
87,100,2,515,515,385,385,130,130,0,0
88,1,7,1229,1229,276,276,953,953,0,0
88,2,1,417,417,238,238,179,179,0,0
88,15,3,876,876,655,655,222,222,0,0
88,16,7,1407,1407,829,829,578,578,0,0
88,19,2,511,511,322,322,189,189,0,0
88,62,1,673,673,178,178,495,495,0,0
88,64,2,1339,1339,400,400,939,939,0,0
88,65,1,981,981,0,0,981,981,0,0
88,74,4,1641,1641,417,417,1224,1224,0,0
88,75,3,1160,1160,927,927,232,232,0,0
88,92,1,115,115,74,74,41,41,0,0
89,1,2,257,257,88,88,169,169,0,0
89,20,1,656,656,451,451,205,205,0,0
89,22,3,2005,2005,0,0,2005,2005,0,0
89,46,1,2629,2629,0,0,2629,2629,0,0
89,47,2,580,580,278,278,302,302,0,0
89,48,12,1743,1743,454,454,1158,1158,132,132
89,71,1,84,84,84,84,0,0,0,0
89,91,4,3263,3263,58,58,3205,3205,0,0
89,92,4,1093,1093,758,758,335,335,0,0
89,93,1,319,319,78,78,241,241,0,0
90,21,2,590,590,243,243,348,348,0,0
90,22,1,386,386,386,386,0,0,0,0
90,47,3,727,727,83,83,644,644,0,0
90,48,8,1655,1655,391,391,1264,1264,0,0
90,64,3,1255,1255,366,366,889,889,0,0
90,65,1,449,449,449,449,0,0,0,0
90,66,1,214,214,188,188,26,26,0,0
90,71,1,695,695,695,695,0,0,0,0
90,74,1,338,338,338,338,0,0,0,0
90,83,2,366,366,366,366,0,0,0,0
90,93,3,708,708,91,91,616,616,0,0
90,103,2,458,458,73,73,385,385,0,0
90,104,2,1378,1378,128,128,1250,1250,0,0
90,114,1,243,243,0,0,243,243,0,0
90,116,1,170,170,95,95,75,75,0,0
91,12,1,523,523,219,219,304,304,0,0
91,13,1,351,351,2,2,349,349,0,0
91,18,2,239,239,196,196,43,43,0,0
91,24,1,448,448,285,285,162,162,0,0
91,25,3,1213,1213,198,198,1015,1015,0,0
91,48,2,902,902,241,241,661,661,0,0
91,65,1,505,505,129,129,376,376,0,0
91,66,2,526,526,346,346,180,180,0,0
91,92,6,1350,1350,657,657,693,693,0,0
91,113,1,940,940,940,940,0,0,0,0
91,114,1,415,415,0,0,415,415,0,0
91,116,5,1617,1617,808,808,809,809,0,0
91,117,2,370,370,370,370,0,0,0,0
92,0,3,1667,1667,0,0,1667,1667,0,0
92,12,2,277,277,176,176,102,102,0,0
92,16,3,1267,1267,124,124,1144,1144,0,0
92,24,2,215,215,215,215,0,0,0,0
92,65,2,491,491,53,53,439,439,0,0
92,92,3,686,686,32,32,655,655,0,0
92,111,1,204,204,0,0,204,204,0,0
92,112,1,560,560,560,560,0,0,0,0
93,0,5,1296,1296,353,353,943,943,0,0
93,1,2,1410,1410,0,0,1410,1410,0,0
93,16,3,2078,2078,798,798,1280,1280,0,0
93,27,1,192,192,163,163,29,29,0,0
93,28,2,343,343,220,220,123,123,0,0
93,55,4,1078,1078,388,388,689,689,0,0
93,67,2,502,502,352,352,149,149,0,0
93,80,2,434,434,179,179,255,255,0,0
93,88,2,183,183,127,127,56,56,0,0
93,89,1,380,380,265,265,115,115,0,0
93,111,1,262,262,66,66,66,66,0,0
94,23,1,620,620,0,0,620,620,0,0
94,24,2,978,978,0,0,978,978,0,0
94,27,1,355,355,0,0,355,355,0,0
94,28,1,301,301,301,301,0,0,0,0
94,48,1,124,124,63,63,61,61,0,0
94,49,1,397,397,397,397,0,0,0,0
94,54,1,1480,1480,0,0,1480,1480,0,0
94,55,2,648,648,363,363,285,285,0,0
94,68,2,386,386,158,158,227,227,0,0
94,71,2,557,557,557,557,0,0,0,0
94,80,1,488,488,335,335,153,153,0,0
94,82,1,366,366,366,366,0,0,0,0
94,88,1,290,290,221,221,69,69,0,0
94,103,6,1783,1783,1229,1229,554,554,0,0
94,110,1,383,383,374,374,9,9,0,0
94,112,8,1977,1977,378,378,1599,1599,0,0
94,114,2,606,606,606,606,0,0,0,0
94,123,3,779,779,0,0,779,779,0,0
95,23,2,460,460,447,447,13,13,0,0
95,24,1,418,418,115,115,303,303,0,0
95,29,1,246,246,246,246,0,0,0,0
95,30,3,268,268,111,111,157,157,0,0
95,31,3,614,614,242,242,372,372,0,0
95,32,1,240,240,0,0,240,240,0,0
95,63,1,679,679,244,244,435,435,0,0
95,69,1,272,272,272,272,0,0,0,0
95,72,2,5982,5982,0,0,5982,5982,0,0
95,73,2,7418,7418,0,0,7418,7418,0,0
95,87,1,232,232,21,21,211,211,0,0
95,112,1,231,231,231,231,0,0,0,0
95,125,1,231,231,32,32,200,200,0,0
96,12,2,311,311,31,31,280,280,0,0
96,24,1,365,365,130,130,235,235,0,0
96,31,5,1170,1170,271,271,899,899,0,0
96,32,1,564,564,0,0,564,564,0,0
96,69,2,793,793,647,647,146,146,0,0
96,71,6,4720,4720,0,0,4720,4720,0,0
96,73,2,812,812,431,431,381,381,0,0
96,75,3,950,950,950,950,0,0,0,0
96,80,1,1857,1857,0,0,1857,1857,0,0
96,87,3,505,505,193,193,312,312,0,0
96,93,1,587,587,0,0,587,587,0,0
96,106,3,888,888,462,462,423,423,0,0
96,107,2,560,560,466,466,31,31,0,0
96,112,1,554,554,554,554,0,0,0,0
96,113,5,1530,1530,1530,1530,0,0,0,0
97,2,1,697,697,0,0,697,697,0,0
97,10,1,746,746,0,0,746,746,0,0
97,11,10,1925,1925,574,574,1351,1351,0,0
97,12,3,805,805,568,568,237,237,0,0
97,13,2,569,569,0,0,569,569,0,0
97,18,1,94,94,0,0,94,94,0,0
97,24,1,360,360,85,85,275,275,0,0
97,32,1,500,500,0,0,500,500,0,0
97,33,8,1756,1756,560,560,1196,1196,0,0
97,43,4,748,748,147,147,601,601,0,0
97,44,4,701,701,336,336,365,365,0,0
97,71,2,1063,1063,1027,1027,37,37,0,0
97,72,2,445,445,445,445,0,0,0,0
97,75,1,483,483,483,483,0,0,0,0
97,79,3,2750,2750,0,0,2750,2750,0,0
97,80,1,1997,1997,0,0,1997,1997,0,0
97,92,3,643,643,51,51,592,592,0,0
97,93,1,371,371,278,278,93,93,0,0
97,112,4,1851,1851,536,536,1315,1315,0,0
97,113,3,1476,1476,1398,1398,78,78,0,0
97,114,1,466,466,0,0,466,466,0,0
97,115,1,283,283,283,283,0,0,0,0
98,2,1,230,230,230,230,0,0,0,0
98,6,6,906,906,494,494,412,412,0,0
98,12,2,1284,1284,217,217,1067,1067,0,0
98,18,5,949,949,147,147,801,801,0,0
98,33,2,700,700,172,172,527,527,0,0
98,44,2,362,362,362,362,0,0,0,0
98,45,1,391,391,0,0,391,391,0,0
98,72,1,374,374,335,335,38,38,0,0
98,73,1,823,823,0,0,823,823,0,0
98,78,4,1594,1594,0,0,1594,1594,0,0
98,83,2,440,440,440,440,0,0,0,0
98,85,1,927,927,121,121,806,806,0,0
98,86,2,712,712,489,489,224,224,0,0
98,92,3,1559,1559,4,4,1554,1554,0,0
98,93,1,849,849,0,0,849,849,0,0
98,108,1,1757,1757,555,555,1203,1203,0,0
98,109,2,628,628,345,345,283,283,0,0
98,112,1,430,430,0,0,0,0,430,430
98,113,4,991,991,442,442,463,463,87,87
98,114,2,1239,1239,0,0,1238,1238,0,0
98,117,3,2891,2891,0,0,2891,2891,0,0
99,4,2,378,378,187,187,191,191,0,0
99,6,4,670,670,242,242,428,428,0,0
99,7,3,979,979,396,396,582,582,0,0
99,45,1,396,396,150,150,247,247,0,0
99,72,3,695,695,491,491,204,204,0,0
99,78,8,1378,1378,0,0,1378,1378,0,0
99,79,1,1785,1785,0,0,1785,1785,0,0
99,83,2,625,625,259,259,366,366,0,0
99,87,1,4590,4590,0,0,4590,4590,0,0
99,90,1,986,986,888,888,97,97,0,0
99,91,2,385,385,0,0,385,385,0,0
99,92,3,986,986,317,317,669,669,0,0
99,113,5,1553,1553,1206,1206,347,347,0,0
99,114,5,2118,2118,1057,1057,1061,1061,0,0
99,115,5,1705,1705,1276,1276,430,430,0,0
99,116,7,2529,2529,248,248,2281,2281,0,0
99,117,4,1618,1618,0,0,1618,1618,0,0
99,118,1,2566,2566,0,0,2566,2566,0,0
99,121,2,405,405,194,194,211,211,0,0
99,127,2,756,756,412,412,345,345,0,0
100,4,7,1688,1688,1054,1054,634,634,0,0
100,7,2,1558,1558,51,51,1507,1507,0,0
100,73,1,479,479,479,479,0,0,0,0
100,74,4,748,748,225,225,523,523,0,0
100,83,2,427,427,121,121,306,306,0,0
100,90,2,1299,1299,92,92,1207,1207,0,0
100,113,7,1644,1644,1232,1232,413,413,0,0
100,114,5,1604,1604,1138,1138,466,466,0,0
100,115,9,1757,1757,1647,1647,110,110,0,0
100,116,6,1692,1692,1128,1128,564,564,0,0
100,117,4,1575,1575,136,136,1439,1439,0,0
101,16,1,672,672,0,0,672,672,0,0
101,41,2,821,821,0,0,821,821,0,0
101,42,2,1575,1575,643,643,932,932,0,0
101,44,1,126,126,126,126,0,0,0,0
101,70,1,385,385,102,102,283,283,0,0
101,74,5,1200,1200,1200,1200,0,0,0,0
101,76,6,1542,1542,1338,1338,205,205,0,0
101,82,3,804,804,0,0,804,804,0,0
101,114,3,844,844,492,492,352,352,0,0
102,26,5,1745,1745,144,144,1601,1601,0,0
102,65,1,344,344,0,0,344,344,0,0
102,66,6,1268,1268,607,607,661,661,0,0
102,69,3,664,664,158,158,506,506,0,0
102,73,1,260,260,260,260,0,0,0,0
102,74,9,2611,2611,1010,1010,1601,1601,0,0
102,75,3,1102,1102,485,485,617,617,0,0
102,76,10,2406,2406,2406,2406,0,0,0,0
102,77,8,1913,1913,1913,1913,0,0,0,0
102,78,2,1137,1137,1137,1137,0,0,0,0
102,82,1,6218,6218,0,0,6218,6218,0,0
102,83,1,8051,8051,0,0,8051,8051,0,0
102,105,1,741,741,427,427,314,314,0,0
103,16,1,860,860,123,123,737,737,0,0
103,17,2,630,630,307,307,323,323,0,0
103,65,6,2130,2130,199,199,1931,1931,0,0
103,66,2,561,561,154,154,407,407,0,0
103,72,2,634,634,634,634,0,0,0,0
103,73,5,1261,1261,1144,1144,117,117,0,0
103,74,6,2594,2594,66,66,2528,2528,0,0
103,75,5,1849,1849,1145,1145,704,704,0,0
103,76,7,2278,2278,1886,1886,393,393,0,0
103,77,4,1922,1922,1922,1922,0,0,0,0
103,78,2,490,490,490,490,0,0,0,0
103,80,5,958,958,958,958,0,0,0,0
103,81,10,1657,1657,1602,1602,55,55,0,0
103,82,10,6236,6236,942,942,5294,5294,0,0
103,83,1,7424,7424,0,0,7424,7424,0,0
103,95,3,639,639,241,241,398,398,0,0
103,106,1,574,574,574,574,0,0,0,0
103,125,1,424,424,124,124,300,300,0,0
104,12,4,1496,1496,428,428,1068,1068,0,0
104,16,1,1023,1023,48,48,975,975,0,0
104,17,2,524,524,176,176,348,348,0,0
104,42,3,1203,1203,301,301,902,902,0,0
104,54,1,262,262,122,122,47,47,0,0
104,56,2,808,808,0,0,808,808,0,0
104,57,3,943,943,270,270,674,674,0,0
104,58,2,325,325,325,325,0,0,0,0
104,59,3,861,861,234,234,627,627,0,0
104,71,1,260,260,260,260,0,0,0,0
104,74,3,918,918,725,725,194,194,0,0
104,75,4,1627,1627,1179,1179,449,449,0,0
104,76,9,2106,2106,1687,1687,418,418,0,0
104,77,9,2402,2402,1763,1763,638,638,0,0
104,78,3,1102,1102,899,899,203,203,0,0
104,79,9,2010,2010,1631,1631,379,379,0,0
104,80,7,1355,1355,1355,1355,0,0,0,0
104,81,10,1832,1832,1832,1832,0,0,0,0
104,82,5,1415,1415,1069,1069,346,346,0,0
104,83,5,4803,4803,0,0,4803,4803,0,0
104,84,1,2919,2919,193,193,2726,2726,0,0
104,122,1,814,814,0,0,814,814,0,0
104,123,1,292,292,258,258,34,34,0,0
105,6,2,547,547,397,397,150,150,0,0
105,12,2,972,972,0,0,972,972,0,0
105,35,5,2084,2084,511,511,1573,1573,0,0
105,42,4,805,805,580,580,225,225,0,0
105,57,4,1051,1051,0,0,1051,1051,0,0
105,68,2,609,609,134,134,475,475,0,0
105,73,1,444,444,444,444,0,0,0,0
105,74,6,1828,1828,1828,1828,0,0,0,0
105,75,8,1978,1978,1978,1978,0,0,0,0
105,76,8,2526,2526,2450,2450,76,76,0,0
105,77,13,3559,3559,3559,3559,0,0,0,0
105,78,5,2480,2480,2480,2480,0,0,0,0
105,79,4,1441,1441,665,665,102,102,842,842
105,80,7,1688,1688,1305,1305,382,382,0,0
105,81,5,1142,1142,727,727,415,415,0,0
105,83,1,367,367,364,364,3,3,0,0
105,84,1,318,318,318,318,0,0,0,0
105,85,1,486,486,486,486,0,0,0,0
105,88,2,359,359,66,66,293,293,0,0
105,92,1,218,218,218,218,0,0,0,0
105,122,2,1603,1603,0,0,1603,1603,0,0
105,123,3,775,775,382,382,393,393,0,0
106,7,2,231,231,54,54,176,176,0,0
106,37,1,85,85,85,85,0,0,0,0
106,62,2,242,242,69,69,146,146,0,0
106,63,2,485,485,173,173,290,290,0,0
106,73,6,2507,2507,1654,1654,853,853,0,0
106,74,8,1897,1897,1897,1897,0,0,0,0
106,75,9,2023,2023,2023,2023,0,0,0,0
106,76,7,2436,2436,2436,2436,0,0,0,0
106,77,12,2286,2286,2029,2029,257,257,0,0
106,78,10,3413,3413,3094,3094,223,223,0,0
106,79,7,3078,3078,1585,1585,1320,1320,172,172
106,80,10,2363,2363,1930,1930,433,433,0,0
106,81,5,999,999,841,841,159,159,0,0
106,82,10,1699,1699,1699,1699,0,0,0,0
106,83,4,1335,1335,1335,1335,0,0,0,0
106,84,7,1749,1749,1749,1749,0,0,0,0
106,85,13,2392,2392,2392,2392,0,0,0,0
106,86,5,1480,1480,1480,1480,0,0,0,0
106,92,2,1236,1236,199,199,1037,1037,0,0
106,99,4,3660,3660,0,0,3660,3660,0,0
106,100,1,2000,2000,0,0,2000,2000,0,0
106,104,2,553,553,403,403,150,150,0,0
106,123,5,1143,1143,267,267,877,877,0,0
106,125,1,509,509,0,0,509,509,0,0
107,15,1,101,101,101,101,0,0,0,0
107,16,1,218,218,14,14,204,204,0,0
107,37,2,216,216,115,115,101,101,0,0
107,39,1,146,146,146,146,0,0,0,0
107,41,7,917,917,448,448,469,469,0,0
107,43,3,1138,1138,156,156,982,982,0,0
107,72,2,1423,1423,0,0,1423,1423,0,0
107,73,3,948,948,5,5,943,943,0,0
107,74,9,4052,4052,1151,1151,2901,2901,0,0
107,75,6,1618,1618,1354,1354,264,264,0,0
107,76,2,648,648,648,648,0,0,0,0
107,77,3,1354,1354,1354,1354,0,0,0,0
107,78,11,2133,2133,1655,1655,368,368,0,0
107,79,10,3769,3769,3437,3437,327,327,0,0
107,80,14,4061,4061,4061,4061,0,0,0,0
107,81,11,2862,2862,2099,2099,763,763,0,0
107,82,13,2692,2692,2407,2407,285,285,0,0
107,83,10,2555,2555,2555,2555,0,0,0,0
107,84,6,2463,2463,2399,2399,64,64,0,0
107,85,10,2873,2873,2685,2685,188,188,0,0
107,86,4,1218,1218,1218,1218,0,0,0,0
107,99,3,2039,2039,0,0,2039,2039,0,0
107,100,4,1962,1962,263,263,1698,1698,0,0
107,122,2,471,471,0,0,471,471,0,0
107,123,5,1963,1963,0,0,1963,1963,0,0
107,124,5,1481,1481,0,0,1481,1481,0,0
108,15,3,595,595,274,274,320,320,0,0
108,41,4,1217,1217,858,858,359,359,0,0
108,43,2,801,801,612,612,189,189,0,0
108,72,3,1899,1899,0,0,1899,1899,0,0
108,73,1,693,693,0,0,693,693,0,0
108,74,6,3201,3201,253,253,2948,2948,0,0
108,75,2,813,813,813,813,0,0,0,0
108,76,5,1753,1753,1753,1753,0,0,0,0
108,77,6,2337,2337,2337,2337,0,0,0,0
108,78,3,1202,1202,1202,1202,0,0,0,0
108,79,9,2631,2631,1861,1861,770,770,0,0
108,80,10,3307,3307,3307,3307,0,0,0,0
108,81,10,2625,2625,1258,1258,1367,1367,0,0
108,82,6,1923,1923,1355,1355,567,567,0,0
108,83,10,2160,2160,2160,2160,0,0,0,0
108,84,8,2353,2353,2353,2353,0,0,0,0
108,85,6,1562,1562,1561,1561,0,0,0,0
108,97,3,804,804,550,550,254,254,0,0
108,112,1,153,153,0,0,153,153,0,0
108,113,1,686,686,686,686,0,0,0,0
108,122,1,445,445,445,445,0,0,0,0
109,19,10,2040,2040,441,441,1599,1599,0,0
109,26,7,1674,1674,320,320,1354,1354,0,0
109,43,2,215,215,31,31,184,184,0,0
109,44,4,712,712,304,304,408,408,0,0
109,46,5,1080,1080,52,52,1029,1029,0,0
109,71,1,1667,1667,0,0,1667,1667,0,0
109,72,5,3013,3013,0,0,3013,3013,0,0
109,73,2,573,573,27,27,546,546,0,0
109,74,4,379,379,100,100,279,279,0,0
109,75,2,420,420,420,420,0,0,0,0
109,76,2,792,792,792,792,0,0,0,0
109,77,5,1674,1674,1674,1674,0,0,0,0
109,78,9,2227,2227,2227,2227,0,0,0,0
109,79,3,1206,1206,1206,1206,0,0,0,0
109,80,3,1021,1021,1021,1021,0,0,0,0
109,81,5,1083,1083,849,849,90,90,0,0
109,82,8,2326,2326,1957,1957,358,358,0,0
109,83,10,2816,2816,2816,2816,0,0,0,0
109,84,3,1137,1137,1137,1137,0,0,0,0
109,85,4,861,861,861,861,0,0,0,0
109,97,5,1456,1456,834,834,622,622,0,0
109,112,3,1068,1068,243,243,825,825,0,0
109,113,1,325,325,122,122,203,203,0,0
109,122,1,302,302,0,0,302,302,0,0
110,19,3,631,631,159,159,472,472,0,0
110,38,1,201,201,34,34,166,166,0,0
110,39,2,772,772,320,320,452,452,0,0
110,43,1,345,345,6,6,338,338,0,0
110,45,1,387,387,2,2,385,385,0,0
110,46,2,451,451,428,428,22,22,0,0
110,48,6,1227,1227,357,357,869,869,0,0
110,50,6,1339,1339,450,450,890,890,0,0
110,57,6,1075,1075,513,513,562,562,0,0
110,58,3,1298,1298,381,381,917,917,0,0
110,70,1,1909,1909,0,0,1909,1909,0,0
110,71,4,4309,4309,0,0,4309,4309,0,0
110,72,1,3757,3757,0,0,3757,3757,0,0
110,77,2,654,654,654,654,0,0,0,0
110,78,5,1554,1554,1554,1554,0,0,0,0
110,79,3,690,690,690,690,0,0,0,0
110,80,1,1043,1043,10,10,1033,1033,0,0
110,81,5,2226,2226,1588,1588,638,638,0,0
110,82,8,2303,2303,1948,1948,355,355,0,0
110,83,10,2193,2193,2193,2193,0,0,0,0
110,84,4,1271,1271,1271,1271,0,0,0,0
110,107,2,3468,3468,0,0,3468,3468,0,0
110,108,1,2100,2100,0,0,2100,2100,0,0
111,38,1,922,922,0,0,922,922,0,0
111,39,6,3005,3005,0,0,3005,3005,0,0
111,58,1,343,343,0,0,343,343,0,0
111,61,1,768,768,0,0,768,768,0,0
111,65,1,362,362,362,362,0,0,0,0
111,69,4,1244,1244,281,281,964,964,0,0
111,72,2,1520,1520,0,0,1520,1520,0,0
111,80,3,3521,3521,0,0,3521,3521,0,0
111,81,4,8233,8233,0,0,8233,8233,0,0
111,82,4,4948,4948,0,0,4948,4948,0,0
111,83,6,2396,2396,1990,1990,406,406,0,0
111,84,2,402,402,170,170,233,233,0,0
111,107,3,1406,1406,0,0,1406,1406,0,0
111,108,2,2394,2394,0,0,2394,2394,0,0
111,124,1,207,207,40,40,167,167,0,0
111,127,4,3605,3605,0,0,3605,3605,0,0
112,9,2,544,544,211,211,332,332,0,0
112,16,2,228,228,228,228,0,0,0,0
112,60,3,515,515,129,129,129,129,0,0
112,61,4,1342,1342,536,536,806,806,0,0
112,65,3,1844,1844,0,0,1844,1844,0,0
112,67,3,639,639,224,224,414,414,0,0
112,70,1,1359,1359,6,6,1353,1353,0,0
112,72,1,2536,2536,0,0,2536,2536,0,0
112,81,1,3478,3478,0,0,3478,3478,0,0
112,83,3,818,818,818,818,0,0,0,0
112,107,3,1391,1391,0,0,1391,1391,0,0
112,108,4,1670,1670,0,0,1670,1670,0,0
112,109,2,3205,3205,0,0,3205,3205,0,0
112,117,2,640,640,35,35,605,605,0,0
112,118,6,1082,1082,355,355,727,727,0,0
112,124,3,892,892,461,461,431,431,0,0
113,54,5,784,784,389,389,394,394,0,0
113,63,3,359,359,203,203,156,156,0,0
113,64,1,205,205,205,205,0,0,0,0
113,67,1,800,800,366,366,434,434,0,0
113,83,2,405,405,405,405,0,0,0,0
113,85,1,16,16,16,16,0,0,0,0
113,95,3,839,839,299,299,540,540,0,0
113,96,3,1573,1573,389,389,1184,1184,0,0
113,117,1,305,305,305,305,0,0,0,0
114,28,2,652,652,0,0,652,652,0,0
114,83,2,594,594,594,594,0,0,0,0
114,86,2,364,364,298,298,66,66,0,0
114,117,2,321,321,321,321,0,0,0,0
114,125,1,237,237,237,237,0,0,0,0
114,126,3,1307,1307,969,969,337,337,0,0
115,12,1,769,769,0,0,769,769,0,0
115,28,1,331,331,276,276,55,55,0,0
115,40,4,602,602,314,314,288,288,0,0
115,41,3,388,388,120,120,267,267,0,0
115,49,1,80,80,33,33,47,47,0,0
115,50,1,223,223,52,52,171,171,0,0
115,55,1,1276,1276,0,0,1276,1276,0,0
115,87,3,473,473,211,211,262,262,0,0
115,122,2,416,416,416,416,0,0,0,0
115,123,8,844,844,352,352,492,492,0,0
115,124,2,553,553,553,553,0,0,0,0
115,126,1,1158,1158,0,0,1158,1158,0,0
116,1,1,504,504,504,504,0,0,0,0
116,2,1,161,161,161,161,0,0,0,0
116,9,1,1110,1110,0,0,1110,1110,0,0
116,10,4,1311,1311,175,175,1135,1135,0,0
116,12,2,1017,1017,0,0,1017,1017,0,0
116,35,2,1342,1342,470,470,872,872,0,0
116,40,1,82,82,82,82,0,0,0,0
116,50,2,247,247,175,175,72,72,0,0
116,55,4,852,852,105,105,747,747,0,0
116,88,2,357,357,357,357,0,0,0,0
116,110,3,524,524,323,323,201,201,0,0
116,117,1,309,309,309,309,0,0,0,0
116,119,2,1369,1369,318,318,1051,1051,0,0
116,123,7,1401,1401,1356,1356,45,45,0,0
116,124,3,802,802,30,30,772,772,0,0
117,1,1,492,492,0,0,492,492,0,0
117,9,3,643,643,382,382,261,261,0,0
117,10,2,642,642,642,642,0,0,0,0
117,11,3,1148,1148,1148,1148,0,0,0,0
117,13,2,408,408,378,378,31,31,0,0
117,35,6,1323,1323,1323,1323,0,0,0,0
117,39,1,578,578,471,471,107,107,0,0
117,48,1,262,262,24,24,238,238,0,0
117,56,4,866,866,416,416,450,450,0,0
117,59,1,1208,1208,0,0,1208,1208,0,0
117,63,5,832,832,148,148,685,685,0,0
117,102,2,255,255,48,48,207,207,0,0
117,110,5,872,872,360,360,513,513,0,0
117,120,3,1461,1461,528,528,934,934,0,0
117,121,2,1761,1761,1733,1733,28,28,0,0
117,122,4,1006,1006,1006,1006,0,0,0,0
117,123,6,1759,1759,1569,1569,63,63,0,0
118,9,1,409,409,0,0,409,409,0,0
118,11,3,359,359,234,234,125,125,0,0
118,19,3,606,606,157,157,449,449,0,0
118,26,1,226,226,0,0,226,226,0,0
118,39,2,459,459,139,139,320,320,0,0
118,48,5,818,818,329,329,488,488,0,0
118,49,1,200,200,93,93,107,107,0,0
118,55,2,461,461,255,255,206,206,0,0
118,58,2,2816,2816,0,0,2816,2816,0,0
118,59,5,4990,4990,0,0,4990,4990,0,0
118,88,2,4796,4796,0,0,4796,4796,0,0
118,89,1,558,558,0,0,558,558,0,0
118,90,1,95,95,95,95,0,0,0,0
118,92,5,1908,1908,986,986,922,922,0,0
118,93,2,1471,1471,0,0,1471,1471,0,0
118,102,4,337,337,232,232,105,105,0,0
118,111,3,667,667,667,667,0,0,0,0
118,119,4,1051,1051,1051,1051,0,0,0,0
118,120,4,1447,1447,1446,1446,1,1,0,0
118,121,6,2121,2121,1749,1749,372,372,0,0
118,122,12,2513,2513,2237,2237,277,277,0,0
118,123,11,2910,2910,1524,1524,1385,1385,0,0
118,124,2,477,477,171,171,306,306,0,0
119,3,1,415,415,415,415,0,0,0,0
119,22,3,446,446,207,207,238,238,0,0
119,23,2,701,701,109,109,592,592,0,0
119,27,6,1828,1828,724,724,1104,1104,0,0
119,40,3,658,658,215,215,443,443,0,0
119,58,3,363,363,128,128,235,235,0,0
119,59,2,225,225,100,100,126,126,0,0
119,87,1,1020,1020,0,0,1020,1020,0,0
119,88,2,8914,8914,0,0,8914,8914,0,0
119,89,5,5686,5686,0,0,5686,5686,0,0
119,119,5,1324,1324,1324,1324,0,0,0,0
119,120,10,1917,1917,1882,1882,34,34,0,0
119,121,15,3092,3092,1209,1209,1883,1883,0,0
119,122,8,2505,2505,2175,2175,330,330,0,0
120,37,5,993,993,415,415,467,467,112,112
120,85,3,1978,1978,384,384,1594,1594,0,0
120,86,1,262,262,0,0,262,262,0,0
120,88,2,8168,8168,0,0,8168,8168,0,0
120,90,1,464,464,141,141,323,323,0,0
120,94,1,297,297,0,0,297,297,0,0
120,95,8,2222,2222,0,0,2222,2222,0,0
120,97,1,1432,1432,0,0,1432,1432,0,0
120,120,1,537,537,537,537,0,0,0,0
120,121,6,2333,2333,2154,2154,21,21,157,157
120,122,8,2287,2287,2042,2042,0,0,246,246
120,123,3,1409,1409,1409,1409,0,0,0,0
121,3,4,1841,1841,269,269,1572,1572,0,0
121,66,3,2201,2201,597,597,1603,1603,0,0
121,67,1,193,193,0,0,193,193,0,0
121,85,3,1130,1130,115,115,1015,1015,0,0
121,86,1,687,687,0,0,687,687,0,0
121,95,1,985,985,0,0,985,985,0,0
121,96,2,526,526,193,193,333,333,0,0
121,119,4,1182,1182,1182,1182,0,0,0,0
121,120,6,976,976,813,813,164,164,0,0
121,121,7,1387,1387,1224,1224,163,163,0,0
121,122,2,1046,1046,1046,1046,0,0,0,0
122,4,3,660,660,163,163,497,497,0,0
122,5,1,203,203,203,203,0,0,0,0
122,22,2,314,314,314,314,0,0,0,0
122,33,1,91,91,0,0,91,91,0,0
122,34,3,371,371,105,105,266,266,0,0
122,37,2,2414,2414,0,0,2414,2414,0,0
122,38,1,1219,1219,0,0,1219,1219,0,0
122,53,3,281,281,5,5,276,276,0,0
122,85,2,893,893,253,253,640,640,0,0
122,119,2,559,559,559,559,0,0,0,0
122,120,5,2016,2016,1309,1309,707,707,0,0
122,121,5,1754,1754,749,749,1005,1005,0,0
122,122,7,2878,2878,926,926,1952,1952,0,0
123,10,3,1192,1192,1192,1192,0,0,0,0
123,11,1,247,247,247,247,0,0,0,0
123,21,1,542,542,447,447,95,95,0,0
123,25,2,316,316,316,316,0,0,0,0
123,27,5,554,554,501,501,53,53,0,0
123,37,6,1197,1197,556,556,641,641,0,0
123,53,4,767,767,159,159,607,607,0,0
123,59,1,292,292,119,119,173,173,0,0
123,72,1,624,624,0,0,624,624,0,0
123,73,9,2457,2457,917,917,1539,1539,0,0
123,116,1,863,863,118,118,745,745,0,0
123,119,1,623,623,623,623,0,0,0,0
124,9,2,545,545,545,545,0,0,0,0
124,10,9,2120,2120,2120,2120,0,0,0,0
124,11,3,1210,1210,1014,1014,197,197,0,0
124,12,1,475,475,0,0,475,475,0,0
124,14,1,266,266,0,0,266,266,0,0
124,15,4,1037,1037,747,747,290,290,0,0
124,16,1,215,215,215,215,0,0,0,0
124,53,2,367,367,0,0,367,367,0,0
124,72,1,984,984,475,475,509,509,0,0
124,73,4,1556,1556,820,820,737,737,0,0
124,74,2,1672,1672,35,35,1637,1637,0,0
124,94,2,797,797,797,797,0,0,0,0
124,116,3,873,873,833,833,40,40,0,0
124,119,1,16,16,0,0,0,0,16,16
125,6,1,212,212,166,166,46,46,0,0
125,10,5,1245,1245,1245,1245,0,0,0,0
125,11,7,2653,2653,957,957,1696,1696,0,0
125,12,1,283,283,182,182,101,101,0,0
125,15,2,1062,1062,789,789,273,273,0,0
125,25,2,427,427,187,187,240,240,0,0
125,44,3,871,871,355,355,516,516,0,0
125,45,2,659,659,83,83,576,576,0,0
125,58,3,606,606,135,135,471,471,0,0
125,73,1,278,278,0,0,278,278,0,0
125,74,1,572,572,0,0,572,572,0,0
125,80,4,1202,1202,612,612,590,590,0,0
125,81,2,41,41,0,0,41,41,0,0
125,91,6,1327,1327,285,285,1043,1043,0,0
125,116,8,1758,1758,862,862,896,896,0,0
125,117,3,961,961,14,14,946,946,0,0
126,0,4,1236,1236,370,370,866,866,0,0
126,1,1,337,337,216,216,121,121,0,0
126,2,4,63,63,0,0,63,63,0,0
126,3,3,692,692,117,117,575,575,0,0
126,4,2,634,634,634,634,0,0,0,0
126,5,5,1267,1267,1267,1267,0,0,0,0
126,6,3,866,866,655,655,210,210,0,0
126,7,11,2708,2708,1855,1855,853,853,0,0
126,8,5,1469,1469,573,573,896,896,0,0
126,9,6,1544,1544,1544,1544,0,0,0,0
126,10,5,1131,1131,1131,1131,0,0,0,0
126,25,1,219,219,219,219,0,0,0,0
126,26,1,274,274,274,274,0,0,0,0
126,40,4,2309,2309,360,360,1949,1949,0,0
126,44,1,568,568,568,568,0,0,0,0
126,45,4,1021,1021,1021,1021,0,0,0,0
126,46,7,2006,2006,1972,1972,34,34,0,0
126,59,4,1990,1990,367,367,1623,1623,0,0
126,60,3,3149,3149,0,0,3149,3149,0,0
126,61,2,1391,1391,0,0,1391,1391,0,0
126,81,1,296,296,18,18,278,278,0,0
126,82,4,1445,1445,414,414,1032,1032,0,0
126,83,1,199,199,199,199,0,0,0,0
126,85,1,578,578,0,0,578,578,0,0
126,86,9,2004,2004,536,536,1468,1468,0,0
126,90,1,429,429,0,0,429,429,0,0
126,91,2,494,494,220,220,275,275,0,0
127,1,1,223,223,223,223,0,0,0,0
127,4,8,1528,1528,1528,1528,0,0,0,0
127,5,6,1449,1449,1449,1449,0,0,0,0
127,6,3,1657,1657,1657,1657,0,0,0,0
127,7,4,1506,1506,1059,1059,447,447,0,0
127,8,12,2942,2942,2552,2552,389,389,0,0
127,9,4,1205,1205,1172,1172,33,33,0,0
127,10,2,1075,1075,260,260,815,815,0,0
127,14,3,1422,1422,106,106,1316,1316,0,0
127,26,3,333,333,200,200,133,133,0,0
127,40,3,1223,1223,0,0,1223,1223,0,0
127,46,7,2692,2692,277,277,2414,2414,0,0
127,59,2,601,601,577,577,24,24,0,0
127,81,1,118,118,118,118,0,0,0,0
127,85,2,538,538,531,531,7,7,0,0
127,111,1,504,504,249,249,254,254,0,0
127,113,3,776,776,100,100,676,676,0,0
