x,y,number,ground_area,floor_area,residential_ground_area,residential_floor_area,economic_activity_ground_area,economic_activity_floor_area,cultural_ground_area,cultural_floor_area
0,18,3,423,540,106,135,106,135,69,69
0,29,2.09,205,606,161,476,14,43,0,0
0,30,15.36,1067,2339,1018,2270,12,19,0,0
0,31,19.87,1671,3567,1580,3415,21,41,0,0
0,32,15.5,994,2020,958,1955,12,22,0,0
0,33,12.35,1005,1881,976,1827,10,18,0,0
0,73,0.25,1554,1554,0,0,1554,1554,0,0
1,4,0.08,48,96,12,24,12,24,0,0
1,5,0.85,505,1011,126,253,126,253,0,0
1,19,2.87,1550,13269,0,0,1550,13269,461,10142
1,20,0.13,146,439,0,0,146,439,0,0
1,29,2.13,131,269,122,259,3,3,0,0
1,30,11.08,964,1991,851,1769,38,74,0,0
1,31,5.81,877,2148,687,1578,190,569,0,0
1,32,5.48,1309,3592,303,643,937,2812,0,0
1,33,16.95,1398,2583,995,1551,13,14,0,0
1,34,10.29,665,1166,521,930,74,144,0,0
1,35,4.81,453,874,80,153,80,151,0,0
1,39,0.03,20,39,5,10,5,10,0,0
1,40,0.97,552,1104,138,276,138,276,0,0
2,5,0.07,39,79,10,20,10,20,0,0
2,28,0.88,132,265,33,66,33,66,0,0
2,29,5.08,510,1115,462,1019,16,32,0,0
2,30,10.57,1094,2441,737,1637,111,253,0,0
2,31,9.55,1416,4317,563,1781,767,2294,0,0
2,32,14.12,1010,2461,665,1595,247,702,0,0
2,33,21.88,1256,2469,768,1574,89,172,0,0
2,34,10.41,922,1459,694,1152,76,102,0,0
2,35,4.05,757,2190,236,664,525,1561,0,0
2,78,4.42,1832,4258,305,758,918,1985,0,0
2,79,1.02,361,722,89,178,95,189,0,0
3,6,0.7,82,164,0,0,82,164,0,0
3,7,0.89,556,1112,0,0,556,1112,0,0
3,13,1,37,37,9,9,9,9,0,0
3,31,2.44,341,1020,238,709,35,104,0,0
3,32,14.23,1116,2505,906,2081,70,141,0,0
3,33,22.55,1760,4288,1109,2782,240,547,0,0
3,34,1.49,280,560,70,140,70,140,0,0
3,35,0.83,93,186,23,47,23,47,0,0
3,78,2.72,1041,2081,92,184,817,1635,0,0
3,79,0.95,460,1291,31,155,367,826,0,0
3,80,0.31,1775,8875,444,2219,444,2219,0,0
3,104,2,1640,4012,0,0,1640,4012,0,0
4,6,1.3,156,554,0,0,156,554,0,0
4,7,0.11,71,143,0,0,71,143,0,0
4,32,3.67,366,945,319,822,12,33,0,0
4,33,26.63,2561,6792,1113,2953,1036,2831,20,39
4,34,2.18,386,1026,28,50,303,875,0,0
4,78,1.71,1934,5173,515,1356,955,2236,0,0
4,79,0.26,1419,7043,355,1761,355,1761,0,0
4,80,1.16,2652,13079,663,3270,663,3270,0,0
4,81,0.27,67,269,17,67,17,67,0,0
4,105,1,661,1983,0,0,661,1983,0,0
4,106,1.35,188,377,134,268,18,36,0,0
5,14,1,138,276,34,69,34,69,0,0
5,32,0.31,64,128,16,32,16,32,0,0
5,33,45.54,3586,9845,1403,3948,1181,3415,0,0
5,34,19.21,1802,4960,484,1561,1020,2575,0,0
5,72,0.27,41,83,41,83,0,0,0,0
5,73,5.43,595,1190,588,1176,2,5,0,0
5,74,1.98,116,228,113,225,1,1,0,0
5,78,0.19,308,923,77,231,77,231,0,0
5,80,1.28,228,885,57,221,57,221,0,0
5,81,0.72,574,2295,143,574,143,574,0,0
5,105,8.74,823,1792,710,1589,38,69,0,0
5,106,7.95,986,1889,619,1239,94,189,0,0
6,12,0.22,31,92,31,92,0,0,0,0
6,13,8.74,851,1960,525,1284,88,164,0,0
6,14,11.12,956,2359,445,1208,170,384,0,0
6,15,9.42,780,1897,605,1534,22,46,0,0
6,16,13.71,1066,2111,767,1454,38,59,0,0
6,17,4,323,749,252,613,24,45,0,0
6,18,1,174,348,43,87,43,87,0,0
6,33,17.48,2126,5013,281,833,1784,4021,0,0
6,34,24.94,2459,6216,1075,2971,1141,2504,195,585
6,35,19.21,2263,4795,614,1027,1210,2726,0,0
6,36,0.27,155,464,0,0,155,464,0,0
6,67,4,484,969,432,865,0,0,0,0
6,68,11.3,886,1865,775,1638,37,76,0,0
6,69,8.83,914,1759,640,1262,91,166,0,0
6,70,0.15,11,23,3,6,3,6,0,0
6,72,0.26,43,86,43,86,0,0,0,0
6,73,11.12,1193,2014,1174,1976,6,13,0,0
6,74,4.94,617,1221,608,1212,3,3,0,0
6,79,0.03,19,58,5,14,5,14,0,0
6,80,1.97,1357,4072,339,1018,339,1018,0,0
6,82,2.04,3276,9828,0,0,3276,9828,0,0
6,83,5.27,1801,5296,206,590,1546,4612,0,0
6,84,0.02,53,212,0,0,53,212,0,0
6,103,1.64,201,604,134,403,22,67,0,0
6,104,11.05,2302,5379,559,1368,486,1147,0,0
6,105,26.74,3394,8271,1916,4379,394,1069,0,0
6,106,11.3,964,2030,692,1393,60,130,0,0
6,107,3.91,330,772,172,371,53,134,0,0
7,12,7.33,1129,2214,85,244,965,1812,0,0
7,13,36.15,4511,10600,2251,5391,850,1950,0,0
7,14,30.83,3835,10397,1796,5196,703,1996,295,886
7,15,28.78,3517,10317,1910,5605,438,1302,7,21
7,16,16.91,1314,2534,822,1594,57,108,0,0
7,17,6.86,651,1155,600,1009,17,49,0,0
7,33,1.33,653,1774,117,351,302,721,0,0
7,34,29.51,3068,7096,1253,2621,1086,2560,285,854
7,35,37.34,4083,9940,2263,5432,681,1762,0,0
7,36,3.99,428,1083,279,673,129,375,0,0
7,66,4.29,443,808,410,741,0,0,0,0
7,67,15.82,1219,2304,1171,2220,11,19,0,0
7,68,22.77,1692,3719,820,1633,667,1691,0,0
7,69,23.16,2489,5530,897,1796,1162,2838,0,0
7,70,0.85,66,133,17,33,17,33,0,0
7,71,2.92,132,260,124,247,3,4,0,0
7,72,0.67,72,144,70,141,0,1,0,0
7,73,11.39,1324,3097,949,2138,125,320,0,0
7,74,6.73,877,1754,871,1741,2,4,0,0
7,82,1.24,1713,4841,75,149,1489,4394,0,0
7,83,3.9,4710,16478,0,0,4710,16478,0,0
7,84,2.37,2668,9675,0,0,2668,9675,0,0
7,85,0.18,157,463,0,0,157,463,0,0
7,103,9.68,939,2183,618,1313,98,273,0,0
7,104,27.33,3258,6840,1242,2784,990,1989,0,0
7,105,39.54,3830,8342,2303,5245,343,700,0,0
7,106,13.27,2102,5157,1213,2769,288,785,0,0
7,107,20.13,2299,4559,581,1153,1388,2767,0,0
7,108,0.81,581,1162,0,0,581,1162,0,0
8,11,10.17,2257,6170,1379,3874,293,765,0,0
8,12,31.6,4280,9581,2069,4896,949,2166,0,0
8,13,28,3279,7878,1304,3114,1151,3064,0,0
8,14,30.46,3914,9963,1722,4074,1255,3549,0,0
8,15,38.27,4785,12493,2206,5892,787,2055,0,0
8,16,11.87,1288,2827,1128,2372,53,152,0,0
8,17,0.49,81,161,81,161,0,0,0,0
8,33,1.67,355,708,8,16,331,661,0,0
8,34,27.86,3509,7092,1303,2592,1034,2213,0,0
8,35,32.05,3128,7251,1787,4202,374,871,0,0
8,36,0.25,35,106,9,26,9,26,0,0
8,66,13.88,970,2121,883,2029,25,27,0,0
8,67,17.31,1152,2053,982,1828,27,33,0,0
8,68,16.92,2822,5459,635,1142,1486,2952,0,0
8,69,36.91,3333,7749,1689,4208,688,1463,0,0
8,70,12.21,2457,6507,99,195,2228,6059,0,0
8,71,21.61,1357,2495,935,1780,122,216,0,0
8,72,41.6,3361,6858,1882,3863,609,1230,0,0
8,73,18.67,1537,2728,1355,2352,22,50,0,0
8,74,7.02,600,1186,534,1068,14,26,0,0
8,75,1,1023,3069,0,0,1023,3069,0,0
8,84,0.33,465,1394,0,0,465,1394,0,0
8,85,4.57,1804,5313,77,212,1755,5215,0,0
8,86,0.37,128,383,0,0,128,383,0,0
8,101,0.15,1,3,0,1,0,1,0,0
8,102,7.03,586,1159,443,882,39,75,0,0
8,103,21.82,3829,9738,1190,3310,704,1761,0,0
8,104,29.01,2665,6842,1311,3314,308,728,269,1076
8,105,27.03,2915,6905,1689,4082,368,941,0,0
8,106,19.29,2947,6031,1937,4028,269,533,0,0
8,107,7.67,1009,2191,518,1208,472,944,0,0
9,6,1,11,11,3,3,3,3,0,0
9,7,2.94,827,1653,0,0,827,1653,0,0
9,9,0.56,659,1976,165,494,165,494,0,0
9,10,1.99,256,639,256,639,0,0,0,0
9,11,5.07,1124,3492,760,2238,121,418,0,0
9,12,6.5,1109,2882,599,1667,143,324,0,0
9,13,12.57,1329,2852,967,2115,130,313,0,0
9,14,32.81,4146,10905,1735,4661,1430,4036,0,0
9,15,31.64,3627,8739,1892,4898,695,1600,0,0
9,16,3.1,286,648,103,226,61,141,0,0
9,34,6.97,1189,2619,34,68,1041,2324,0,0
9,35,41.54,3531,8525,1561,4342,1026,2199,0,0
9,66,4.35,373,595,361,583,4,4,0,0
9,67,27.54,2039,4103,1462,2851,187,392,0,0
9,68,30.01,1957,4284,1066,2362,156,379,0,0
9,69,46.45,3124,6982,1825,4238,386,957,0,0
9,70,33.9,2958,7592,793,2310,1461,3914,361,722
9,71,32.41,2726,5721,1371,3075,856,1707,0,0
9,72,27.7,2527,5120,1234,2574,999,1984,0,0
9,73,14.46,943,1862,865,1724,26,46,0,0
9,74,14.09,1100,2476,888,2015,54,127,0,0
9,75,0.45,64,178,25,63,13,38,0,0
9,83,1,23,47,6,12,6,12,0,0
9,84,3,1685,4802,85,255,1685,4802,0,0
9,85,0.05,15,46,0,0,15,46,0,0
9,86,0.65,173,520,0,0,173,520,0,0
9,101,3.53,332,664,243,485,30,60,0,0
9,102,4.42,742,1484,473,947,90,179,0,0
9,103,25.32,2232,4874,1263,2848,288,621,0,0
9,104,12.55,1516,3133,891,1891,182,362,0,0
9,105,17.96,1356,2578,923,1813,129,224,0,0
9,106,16.27,1557,3531,1445,3318,18,33,0,0
9,107,17.72,1420,2853,1160,2375,51,96,0,0
9,108,7.76,430,709,210,382,67,96,0,0
10,7,0.06,29,57,0,0,29,57,0,0
10,9,0.44,524,1571,131,393,131,393,0,0
10,11,1,438,1315,110,329,110,329,0,0
10,12,8.68,808,1643,784,1603,8,13,0,0
10,13,7.94,2538,8940,303,715,2158,8073,0,0
10,14,27.33,4903,16101,1115,2497,3205,12362,0,0
10,15,14.51,1521,3699,832,2270,213,443,0,0
10,35,4.48,904,2036,453,963,150,358,0,0
10,66,0.72,347,694,87,173,87,173,0,0
10,67,19.48,1943,4171,950,2064,331,703,0,0
10,68,29.27,2923,6536,660,1380,1483,3746,0,0
10,69,32.72,3765,8113,1523,3335,1717,3714,0,0
10,70,21.72,1700,3333,616,1274,218,414,0,0
10,71,27.07,2068,4248,1595,3310,136,263,0,0
10,72,12.94,1152,2305,841,1682,92,183,0,0
10,73,5.93,518,1009,491,975,9,11,0,0
10,74,0.5,60,120,60,120,0,0,0,0
10,103,4.19,390,902,257,567,44,111,0,0
10,104,7.73,1038,2055,876,1749,107,207,0,0
10,105,11.24,1543,3079,1411,2821,44,86,0,0
10,106,9.75,941,1940,659,1334,94,202,0,0
10,107,8.29,969,1936,777,1554,63,127,0,0
10,108,4.36,396,779,364,729,1,2,0,0
11,12,5.24,530,1273,405,1023,42,83,0,0
11,13,4.16,1159,3234,389,970,334,1062,0,0
11,14,9.67,1361,3948,703,1423,625,2464,0,0
11,15,11,595,1395,537,1294,19,34,0,0
11,67,2.97,368,876,271,587,32,97,0,0
11,68,5.13,789,1730,392,937,118,237,0,0
11,69,13.57,1285,2430,967,1792,111,244,0,0
11,70,7.37,879,1849,617,1347,79,151,0,0
11,71,5.25,483,1026,455,998,9,9,0,0
11,102,0.2,291,583,0,0,291,583,0,0
11,103,3.96,1475,4243,75,169,1251,3737,0,0
11,105,4,408,815,102,204,102,204,0,0
11,106,5,966,2200,242,550,242,550,0,0
11,107,4,435,435,435,435,0,0,0,0
12,11,1.04,50,99,5,10,0,0,0,0
12,12,14.52,1209,2561,1129,2427,24,40,0,0
12,13,15.03,1052,2293,893,1983,69,181,0,0
12,14,10.35,1235,2874,650,1401,195,491,0,0
12,15,3,264,670,248,639,48,139,0,0
12,69,4.23,234,456,220,438,3,4,0,0
12,70,1.77,23,24,1,2,1,1,0,0
12,102,0.72,1045,2090,0,0,1045,2090,0,0
12,103,1.58,551,1103,0,0,551,1103,0,0
13,12,14.62,1278,3029,1245,2956,11,25,0,0
13,13,12.35,1380,3316,1374,3302,2,5,0,0
13,14,10.77,1268,3245,832,1969,146,425,0,0
13,15,1,442,884,111,221,111,221,0,0
14,6,1,34,101,8,25,8,25,0,0
14,7,1,175,175,44,44,44,44,0,0
14,13,1.79,235,470,119,237,39,78,0,0
14,14,15.11,844,2002,488,1145,116,283,0,0
14,15,0.31,24,47,15,29,3,6,0,0
14,33,1,259,776,65,194,65,194,0,0
14,120,0.37,241,1207,0,0,241,1207,0,0
14,124,2,79,122,20,31,20,31,0,0
15,7,2,129,258,32,65,32,65,0,0
15,15,0.18,91,182,23,46,23,46,0,0
15,16,0.08,40,81,10,20,10,20,0,0
15,37,0.99,171,341,43,85,43,85,0,0
15,38,1.01,196,391,49,98,49,98,0,0
15,39,0.42,163,327,0,0,163,327,0,0
15,40,0.58,228,455,0,0,228,455,0,0
15,118,0.7,234,701,0,0,234,701,0,0
15,119,4.2,1188,4773,0,0,1188,4773,0,0
15,120,2.77,867,3762,0,0,867,3762,0,0
15,124,0.11,15,30,4,8,4,8,0,0
16,15,0.53,271,541,68,135,68,135,0,0
16,16,0.21,104,209,26,52,26,52,0,0
16,115,0.04,101,303,25,76,25,76,0,0
16,116,1.96,2408,7224,602,1806,602,1806,0,0
16,119,3.71,1123,4413,0,0,1123,4413,0,0
16,120,5.36,1423,6588,0,0,1423,6588,0,0
16,124,1.89,408,1108,102,277,102,277,0,0
17,115,3.54,2987,11019,0,0,2987,11019,0,0
17,116,2.32,2376,4790,10,29,2346,4703,0,0
17,117,0.07,9,18,0,0,9,18,0,0
17,120,0.89,944,10382,0,0,944,10382,0,0
18,115,3.18,449,1430,78,234,214,728,0,0
18,116,3.72,4624,13698,76,215,4396,13053,0,0
18,119,3.33,3939,13057,607,1752,2119,7801,0,0
18,120,1.76,1700,9310,117,1047,1348,6169,0,0
18,121,6.05,2937,18508,104,785,2624,16152,0,0
18,122,0.7,607,1820,0,0,607,1820,0,0
18,123,2,207,401,52,100,52,100,0,0
19,79,2.48,392,1042,194,453,66,196,0,0
19,80,1.42,111,223,109,217,1,2,0,0
19,83,4.94,176,349,16,31,16,31,0,0
19,84,6,614,1228,558,1116,19,37,0,0
19,116,0.17,22,56,3,5,14,41,0,0
19,118,1.99,1613,4733,13,13,1573,4692,0,0
19,119,0.64,1569,6154,27,80,1489,5915,0,0
19,120,5.33,5575,37622,187,1418,5014,33367,0,0
19,121,9.06,5029,27762,80,356,4788,26693,0,0
19,122,10.06,2645,7049,63,129,2456,6662,0,0
20,78,3.1,200,384,168,332,11,17,0,0
20,79,12.17,1410,2805,1304,2609,26,53,0,0
20,80,8.97,1034,2215,593,1332,147,294,0,0
20,81,2.68,228,456,201,401,0,0,0,0
20,82,3.67,454,841,454,841,0,0,0,0
20,83,11.79,776,1608,703,1488,10,12,0,0
20,119,1,73,145,0,0,73,145,0,0
20,120,5.03,475,1462,49,134,329,1060,0,0
20,121,1.66,279,773,0,0,279,773,0,0
20,122,0.4,160,320,0,0,160,320,0,0
21,77,4.08,706,1624,536,1143,56,160,0,0
21,78,10.46,1731,3770,834,1754,763,1796,0,0
21,79,16.03,1925,3981,731,1647,828,1651,0,0
21,80,12.36,1316,2675,395,804,928,1860,0,0
21,81,9.82,994,2224,894,1963,33,87,0,0
21,82,12.75,1028,2165,946,2001,7,14,0,0
21,83,0.47,42,83,41,83,0,0,0,0
21,118,5.06,1551,9073,65,258,1357,8298,0,0
21,119,0.13,71,637,0,0,71,637,0,0
21,120,3.8,2680,5570,69,188,2474,5006,0,0
21,121,5.85,3810,20452,20,68,3750,20247,0,0
21,122,3.63,1837,12754,33,71,1737,12542,0,0
21,123,1,18,18,4,4,4,4,0,0
22,76,6.62,796,1651,793,1645,1,2,0,0
22,77,9.17,889,1616,883,1607,2,3,0,0
22,78,27.14,2971,6924,1320,3169,804,1818,0,0
22,79,44.17,3759,10145,1782,5042,552,1426,0,0
22,80,21.44,3423,8296,717,1985,2583,6101,0,0
22,81,30.58,1776,3936,1272,2942,133,273,0,0
22,82,6.06,429,773,388,715,5,11,0,0
22,118,1.57,214,797,0,0,214,797,0,0
22,119,1.48,280,733,4,4,269,721,0,0
22,120,1.63,3644,20710,0,0,3644,20710,0,0
22,121,7.71,6654,39929,36,184,6547,39376,0,0
22,122,4.01,5163,30877,83,230,4913,30187,0,0
22,123,0.13,110,690,3,27,100,607,0,0
23,8,1,560,560,140,140,140,140,0,0
23,74,0.52,395,1185,0,0,395,1185,0,0
23,77,9,825,1588,789,1516,12,24,0,0
23,78,9.61,1814,4192,451,990,944,2364,0,0
23,79,23.24,2360,4887,804,1928,909,1865,0,0
23,80,17,1867,5448,657,1658,306,683,580,2319
23,81,9.06,1043,2534,1001,2444,14,30,0,0
23,82,2.74,656,1313,207,415,150,299,0,0
23,118,0.5,160,640,40,160,40,160,0,0
23,119,1.73,1412,4324,0,0,1412,4324,0,0
23,120,2.36,732,3557,81,375,491,2433,0,0
23,121,5.97,3404,17784,80,318,3166,16830,0,0
23,122,5.81,1334,7890,31,173,1240,7372,0,0
23,123,2.74,895,6033,23,248,828,5289,0,0
23,124,2,653,1902,162,465,168,506,0,0
23,125,1.71,540,1081,3,5,532,1065,0,0
23,127,5.43,977,1396,890,1223,29,58,0,0
24,74,2.49,1194,3492,15,31,1148,3400,0,0
24,75,0.22,650,1301,0,0,650,1301,0,0
24,77,5.66,704,1534,608,1249,32,95,0,0
24,78,5,1273,2655,527,1171,249,495,0,0
24,79,25.01,5017,14145,1699,4902,1152,3219,0,0
24,80,27.67,2553,6271,1236,3026,400,1026,0,0
24,81,15.83,1637,3496,1170,2652,112,224,0,0
24,82,1,132,263,132,263,0,0,0,0
24,112,1,151,301,38,75,38,75,0,0
24,113,0.54,425,1666,106,417,106,417,0,0
24,118,0.5,158,633,40,158,40,158,0,0
24,119,1.66,640,726,2,24,633,655,0,0
24,120,11.16,1676,9449,103,541,1367,7826,0,0
24,121,7.37,4266,19496,0,0,4266,19496,0,0
24,122,5.01,2160,7864,1,5,2157,7847,0,0
24,123,7.54,6207,38801,211,1012,5574,35765,0,0
24,124,4.93,7084,37771,0,0,7084,37771,0,0
24,125,0.99,1046,9460,5,5,1038,9452,0,0
24,126,17.53,811,1652,555,1176,31,50,0,0
24,127,25.36,2040,4845,1864,4507,37,70,0,0
25,75,2.62,2185,4370,15,30,2140,4281,0,0
25,76,0.58,542,1084,57,114,485,970,0,0
25,77,4.06,368,730,363,725,2,2,0,0
25,78,16.86,2159,5078,976,2405,384,875,0,0
25,79,19.8,2097,5200,1273,3351,212,491,0,0
25,80,10.03,2049,5764,351,935,1346,3970,0,0
25,81,21.58,1900,3743,1011,1975,156,326,0,0
25,82,8.85,433,647,312,473,43,78,0,0
25,108,6.92,1266,10246,57,357,1096,9175,0,0
25,109,0.97,435,4850,14,71,394,4637,0,0
25,113,3.7,1405,4534,300,931,506,1741,0,0
25,114,4.06,525,2766,116,644,176,833,0,0
25,117,2,145,290,36,73,36,73,0,0
25,118,0.97,367,733,92,183,92,183,0,0
25,120,0.29,199,398,50,99,50,99,0,0
25,121,0.61,421,841,105,210,105,210,0,0
25,124,0.09,189,756,0,0,189,756,0,0
25,125,0.24,517,5689,0,0,517,5689,0,0
25,126,19.94,797,1182,558,806,45,75,0,0
25,127,9.14,645,1270,420,834,22,38,0,0
26,76,1.57,499,997,100,200,398,797,0,0
26,77,2.77,850,1148,204,501,647,647,0,0
26,78,8.7,515,1268,463,1186,13,16,0,0
26,79,6.83,782,1583,701,1419,27,55,0,0
26,80,10.39,1066,2400,938,2030,38,114,0,0
26,81,8.19,639,1391,340,713,93,220,0,0
26,82,11,1321,2834,698,1615,237,465,0,0
26,109,1.11,34,144,9,36,9,36,0,0
26,113,4.22,1390,4793,85,220,1134,4133,0,0
26,114,1.48,909,1945,8,16,885,1898,0,0
26,115,2,255,764,64,191,64,191,0,0
26,116,4.15,1654,5636,119,406,1297,4419,0,0
26,117,2.64,501,1598,49,177,354,1067,0,0
26,118,3.69,702,2374,175,593,175,593,0,0
26,119,2,746,2238,187,560,187,560,0,0
26,121,0.11,75,151,19,38,19,38,0,0
27,76,0.03,17,33,0,0,17,33,0,0
27,77,2.14,550,1119,30,81,499,997,0,0
27,78,0.16,12,43,11,42,0,0,0,0
27,79,6,460,919,396,792,1,3,0,0
27,80,0.69,39,82,26,52,1,3,0,0
27,81,0.7,75,149,75,149,0,0,0,0
27,82,1.11,116,232,29,58,29,58,0,0
27,83,1.11,33,65,8,16,8,16,0,0
27,109,2,196,393,49,98,49,98,0,0
27,113,2.63,249,2309,62,577,62,577,0,0
27,114,9.04,2547,26093,199,1533,1950,21494,0,0
27,115,3,404,1065,101,266,101,266,0,0
27,116,4.07,556,2573,94,463,274,1185,0,0
27,117,7.86,2749,12120,687,3030,687,3030,0,0
27,118,1.02,809,3236,202,809,202,809,0,0
27,119,1,31,31,8,8,8,8,0,0
28,80,1,1114,2228,0,0,1114,2228,0,0
28,82,0.43,53,105,13,26,13,26,0,0
28,83,0.35,80,160,20,40,20,40,0,0
28,108,1.7,264,466,15,15,217,419,0,0
28,109,3.3,750,2166,166,499,251,668,0,0
28,113,0.31,33,134,8,33,8,33,0,0
28,114,1.02,73,211,18,53,18,53,0,0
28,115,1.15,1565,6766,88,177,1300,6236,0,0
28,116,0.85,2441,11960,20,41,2380,11838,0,0
28,117,1.25,582,1969,145,492,145,492,0,0
28,118,0.36,305,1218,76,305,76,305,0,0
29,79,2.64,1128,2256,0,0,1128,2256,0,0
29,80,5.24,378,826,120,339,234,459,0,0
29,81,0.06,49,98,0,0,49,98,0,0
29,82,0.94,765,1530,0,0,765,1530,0,0
29,83,0.79,865,947,0,0,865,947,0,0
29,84,1.19,1708,3159,0,0,1708,3159,0,0
29,111,1,122,244,30,61,30,61,0,0
29,116,3,804,4322,201,1080,201,1080,0,0
29,117,1.47,896,2706,31,97,804,2416,0,0
29,118,1.56,1119,3357,0,0,1119,3357,0,0
30,76,0.17,134,267,0,0,134,267,0,0
30,77,0.83,631,1262,0,0,631,1262,0,0
30,78,0.47,778,2195,0,0,778,2195,0,0
30,79,1.91,1910,2570,0,0,1910,2570,0,0
30,83,0.18,129,386,0,0,129,386,0,0
30,84,0.02,26,26,0,0,26,26,0,0
30,116,0.92,50,151,13,38,13,38,0,0
30,117,1.05,291,1447,73,362,73,362,0,0
31,78,0.73,1695,5085,0,0,1695,5085,0,0
31,82,0.01,5,14,0,0,5,14,0,0
31,83,0.81,583,1749,0,0,583,1749,0,0
34,32,2,180,294,131,245,17,17,0,0
34,127,3,120,240,0,0,12,24,0,0
36,23,4.3,1005,2611,56,113,835,2272,0,0
36,24,0.41,791,2373,0,0,791,2373,0,0
37,23,4.82,1238,2997,0,0,1238,2997,0,0
37,24,1.47,961,2780,13,13,922,2742,0,0
38,23,1,38,38,10,10,10,10,0,0
38,24,0.74,28,28,7,7,7,7,0,0
38,41,6,341,861,217,610,42,84,0,0
38,127,1,42,84,42,84,0,0,0,0
39,24,1.26,45,80,11,20,11,20,0,0
39,41,3,311,620,39,39,39,39,0,0
39,127,2,274,548,171,342,34,68,0,0
40,24,1,36,73,9,18,9,18,0,0
42,4,1.02,430,1289,19,56,374,1121,0,0
42,5,2.41,2396,7187,29,88,2307,6922,0,0
42,6,0.84,624,1873,156,468,156,468,0,0
42,24,0.03,1,2,0,0,0,0,0,0
42,25,0.97,34,68,9,17,9,17,0,0
43,2,0.27,1569,4806,0,0,1569,4806,0,0
43,3,0.15,1201,4519,0,0,1201,4519,0,0
43,4,3.18,4188,12564,5,14,4174,12521,0,0
43,5,1.47,2437,7310,0,0,2437,7310,0,0
43,6,1.35,950,2370,194,461,369,986,0,0
43,7,0.35,303,887,76,222,76,222,0,0
43,109,1,40,119,10,30,10,30,0,0
43,119,6.52,740,1705,617,1358,41,116,0,0
43,120,1.15,154,308,154,308,0,0,0,0
43,123,1,442,884,111,221,111,221,0,0
43,125,1.97,254,508,155,310,33,66,0,0
44,1,0.35,2173,7108,0,0,2173,7108,0,0
44,2,1.34,8720,32575,0,0,8720,32575,0,0
44,3,0.48,2300,9200,0,0,2300,9200,0,0
44,5,0.01,19,58,0,0,19,58,0,0
44,6,0.21,197,591,49,148,49,148,0,0
44,7,0.17,164,491,41,123,41,123,0,0
44,119,4.3,244,569,223,527,7,14,0,0
44,120,6.2,763,1527,715,1430,16,32,0,0
44,121,1.69,291,582,291,582,0,0,0,0
44,123,4.89,487,889,217,414,21,22,0,0
44,124,8.66,567,1273,397,943,38,73,0,0
44,125,5.79,509,1017,438,875,24,47,0,0
45,1,0.07,560,2239,0,0,560,2239,0,0
45,2,0.34,1388,5552,0,0,1388,5552,0,0
45,13,0.09,29,58,0,0,29,58,0,0
45,42,1,16,16,4,4,4,4,0,0
45,120,6.62,820,1641,820,1641,0,0,0,0
45,121,5.97,525,1015,281,562,70,140,0,0
45,122,4.77,3916,15012,35,71,3764,14708,0,0
45,123,5.13,2446,9426,13,18,2336,9227,0,0
45,124,27.4,1765,4558,1493,3989,90,190,0,0
45,127,1,19,19,5,5,5,5,0,0
46,3,3.49,493,986,465,929,0,0,0,0
46,4,1,122,122,31,31,31,31,0,0
46,5,1,402,1205,100,301,100,301,0,0
46,8,1.9,186,371,176,353,3,6,0,0
46,9,2.3,199,393,195,389,1,1,0,0
46,13,0.91,285,571,0,0,285,571,0,0
46,119,8.42,857,1652,770,1505,6,6,0,0
46,120,14.56,1707,3218,1166,2129,172,348,0,0
46,121,27.56,1732,3960,1142,2770,132,272,0,0
46,122,21.17,1472,3534,948,2368,80,160,0,0
46,123,14.81,1695,5254,467,1117,909,3551,0,0
46,124,5.68,489,1212,363,982,35,87,0,0
46,125,11.77,330,492,79,137,46,70,0,0
46,126,12.78,1332,3372,824,2029,315,909,0,0
46,127,4.28,647,2792,96,352,485,2116,0,0
47,1,5.85,551,880,544,866,2,5,0,0
47,2,8.84,1032,1642,943,1554,12,12,0,0
47,3,6.77,567,1082,554,1047,4,12,0,0
47,4,1.37,66,66,64,64,1,1,0,0
47,8,5.74,569,1185,491,1090,66,72,15,31
47,9,14.43,1335,2228,1050,1750,71,135,0,0
47,10,3.45,250,399,247,393,1,2,0,0
47,118,0.49,428,855,107,214,107,214,0,0
47,119,1.48,551,1102,222,445,109,219,0,0
47,120,9.06,829,1580,677,1428,34,34,0,0
47,121,9.87,883,1765,825,1650,9,18,0,0
47,122,25.83,3348,7428,1412,3419,1045,2150,0,0
47,123,18.49,1684,3524,1277,2897,102,141,0,0
47,124,6.27,809,2114,382,1261,292,583,0,0
47,125,13.8,1103,2140,936,1856,43,70,0,0
47,126,19.25,1310,2738,701,1384,32,45,0,0
48,0,10.2,804,1322,714,1189,16,25,0,0
48,1,6.76,2038,3334,935,1405,368,643,0,0
48,2,12.73,956,1519,870,1433,11,11,0,0
48,3,13.89,979,1922,712,1429,75,150,0,0
48,4,10.21,1165,2389,976,2024,63,121,0,0
48,5,10.38,1466,3131,870,1410,199,574,0,0
48,6,3.47,1562,4457,92,92,1449,4343,0,0
48,7,2.48,715,2051,12,18,665,1975,0,0
48,8,15.67,1370,2692,1055,2086,105,202,0,0
48,9,11.57,620,1146,556,1055,21,30,0,0
48,10,0.83,82,82,82,82,0,0,0,0
48,117,1.1,158,417,27,54,77,255,0,0
48,121,1.12,55,111,15,29,0,0,0,0
48,122,17.22,1429,3255,909,2180,280,571,0,0
48,123,5.18,1212,2892,329,776,294,705,0,0
48,124,29.89,2301,6708,1219,3486,550,1773,0,0
48,125,33.16,3266,8233,1707,4228,212,472,511,1532
48,126,17.99,1351,2698,1132,2260,31,59,0,0
48,127,0.77,68,136,68,136,0,0,0,0
49,0,0.06,8,15,8,15,0,0,0,0
49,1,9.24,2074,2809,507,679,554,772,0,0
49,2,9.6,1549,2855,324,478,1016,2029,0,0
49,3,25.27,3515,8552,881,2211,2407,5823,0,0
49,4,30.16,2722,5884,1785,3628,360,932,0,0
49,5,23.56,2494,6162,827,2062,525,1305,0,0
49,6,15.18,1327,3243,856,2014,52,140,0,0
49,7,16.22,1102,1931,825,1459,101,154,0,0
49,8,8.24,564,1134,533,1096,10,13,0,0
49,9,1.02,106,275,106,275,0,0,0,0
49,116,0.02,13,39,3,10,3,10,0,0
49,117,4.9,920,3567,121,457,556,2195,0,0
49,120,1,18,18,4,4,4,4,0,0
49,121,2.69,322,620,51,96,18,30,0,0
49,122,2.92,412,631,150,252,87,126,0,0
49,123,5.09,850,2462,380,1118,13,18,0,0
49,124,25.12,2542,5482,1340,2988,345,727,0,0
49,125,46.03,3865,9854,2154,5919,509,1144,0,0
49,126,14.34,1332,3352,547,1406,128,276,0,0
49,127,1.7,93,187,86,171,3,5,0,0
50,1,0.3,140,279,0,0,106,211,0,0
50,2,6.06,1006,2102,458,1007,417,835,0,0
50,3,19.66,1286,2569,569,1193,316,607,0,0
50,4,21.91,2683,6454,995,2572,1364,3160,0,0
50,5,32.3,3025,7014,1513,3682,681,1767,25,76
50,6,35.96,2836,6460,1527,3849,290,619,0,0
50,7,26.81,2948,6207,1735,3613,377,819,0,0
50,8,10.19,763,1446,709,1380,18,22,0,0
50,9,2.29,162,320,155,309,2,4,0,0
50,115,1.02,13,17,2,2,7,11,0,0
50,116,5.77,2913,8205,486,1446,1455,3867,0,0
50,117,3.12,694,2062,112,332,357,1067,0,0
50,121,3,194,387,65,130,10,20,0,0
50,123,1.82,228,672,58,170,54,163,0,0
50,124,28.77,1984,3858,1542,3044,80,148,0,0
50,125,10.54,688,1506,419,966,85,164,0,0
50,126,34.79,2680,6891,2042,5260,152,372,0,0
50,127,11.37,705,1572,466,1071,74,170,0,0
51,1,1.64,254,597,254,597,0,0,0,0
51,2,7.21,1021,2479,1021,2479,0,0,0,0
51,3,9.09,844,1887,493,1036,39,49,0,0
51,4,19.27,1587,3070,1238,2399,110,217,0,0
51,5,25.61,1716,4325,749,1849,223,537,435,1305
51,6,29.75,2574,6026,1388,3418,273,640,3,10
51,7,25.78,3698,9539,1243,3338,816,2063,0,0
51,8,7.82,1115,2122,484,1000,210,374,0,0
51,9,1.32,105,250,102,247,1,1,0,0
51,114,1,263,526,66,132,66,132,0,0
51,115,5,871,2305,105,311,759,1980,0,0
51,116,2.13,522,1142,38,101,408,840,0,0
51,117,3.75,2231,4461,110,220,1901,3802,0,0
51,118,0.72,406,813,0,0,406,813,0,0
51,120,1,26,52,6,13,6,13,0,0
51,124,7.93,586,948,508,848,40,61,0,0
51,125,6.38,611,1221,480,959,97,194,0,0
51,126,8.57,686,1879,183,522,14,25,0,0
51,127,6.65,607,1390,516,1159,51,98,0,0
52,1,1.99,189,469,189,469,0,0,0,0
52,2,8.13,688,1663,439,1165,83,166,0,0
52,3,2.08,391,781,391,781,0,0,0,0
52,4,18.85,1840,3442,711,1292,371,701,0,0
52,5,33.47,2283,4780,1441,3072,186,361,0,0
52,6,13.15,2082,4441,880,1839,399,864,0,0
52,7,52.22,4768,11783,1795,4706,977,2195,0,0
52,8,22.18,3129,6762,1136,2411,1191,2770,0,0
52,9,2.29,327,524,327,524,0,0,0,0
52,114,1,9,17,2,4,2,4,0,0
52,115,4.65,757,1743,3,5,747,1727,0,0
52,116,5.88,1278,2360,215,324,897,1650,0,0
52,117,9.87,2477,6634,170,400,2354,6393,0,0
52,118,4.51,2523,5057,116,232,2516,5042,0,0
52,127,12.7,999,2152,559,1183,100,230,0,0
53,2,0.17,55,110,14,28,14,28,0,0
53,4,4,204,394,167,331,12,21,0,0
53,5,17.87,977,1569,863,1391,29,41,0,0
53,6,7.75,630,1123,571,1023,20,33,0,0
53,7,20.01,1349,2419,754,1477,155,274,0,0
53,8,8.83,1047,1758,681,1349,127,152,0,0
53,9,4.17,1143,1289,579,724,177,177,0,0
53,10,2.87,368,873,368,873,0,0,0,0
53,114,1.59,468,1135,0,0,468,1135,0,0
53,115,4.62,1652,2072,103,152,1343,1617,0,0
53,116,3.01,248,471,23,44,179,340,0,0
53,117,2.86,1842,3712,435,870,537,1101,0,0
53,118,0.81,112,225,5,11,96,192,0,0
53,120,0.57,109,109,109,109,0,0,0,0
54,5,2.31,289,625,108,263,60,121,0,0
54,6,2.97,472,1293,472,1293,0,0,0,0
54,7,11.88,1361,2845,757,1705,181,340,0,0
54,8,21.12,1679,3437,1292,2665,129,257,0,0
54,9,17.55,1485,2972,1301,2572,49,109,0,0
54,10,12.78,1167,2729,1099,2616,5,6,0,0
54,11,1,90,179,90,179,0,0,0,0
54,113,1,8,8,2,2,2,2,0,0
54,114,2.05,358,1047,2,2,353,1041,0,0
54,115,1.48,1829,1829,36,36,1721,1721,0,0
54,116,4.97,139,139,32,32,44,44,0,0
54,117,5.07,470,1038,424,946,15,31,0,0
54,118,10.36,1308,2482,1125,2116,61,122,0,0
54,119,5.4,444,889,440,880,1,3,0,0
54,120,7.43,2115,4099,85,87,1954,3860,0,0
54,121,2.95,412,777,43,86,412,777,0,0
54,125,4.74,411,807,249,494,54,104,0,0
54,126,1.17,167,333,142,284,0,0,0,0
55,6,9.61,720,1477,563,1204,24,35,0,0
55,7,11.8,1371,2368,986,1717,105,194,0,0
55,8,3.79,705,1410,440,880,88,177,0,0
55,9,9.43,834,1656,537,1078,109,222,0,0
55,10,1.9,219,572,219,572,0,0,0,0
55,114,1.64,114,201,10,13,93,180,0,0
55,115,10.4,3711,7702,138,263,3666,7648,0,0
55,116,1.95,281,563,281,563,0,0,0,0
55,117,16.27,1507,2950,1484,2911,8,13,0,0
55,118,15.35,1336,2648,1290,2576,6,8,0,0
55,119,11.31,633,1260,611,1221,7,13,0,0
55,120,4.77,437,943,259,607,91,174,0,0
55,121,8.7,613,1009,351,551,195,385,0,0
55,122,2.17,54,85,24,42,13,19,0,0
55,123,1.99,180,348,171,338,3,3,0,0
55,124,7.04,907,1815,896,1791,4,8,0,0
55,125,8.91,1411,3095,836,1946,413,825,0,0
55,126,1.2,159,440,123,369,0,0,0,0
56,8,0.05,6,13,6,13,0,0,0,0
56,9,2.91,738,1476,120,239,618,1235,0,0
56,115,2.96,1031,2215,123,246,908,1970,0,0
56,116,19,1418,3077,1389,3016,10,20,0,0
56,117,13.23,1095,2356,1086,2344,3,4,0,0
56,118,0.04,6,11,6,11,0,0,0,0
56,120,1.29,79,130,51,101,0,0,0,0
56,121,15.67,887,1712,658,1379,58,93,0,0
56,122,5.46,935,2493,100,177,741,2173,0,0
56,123,7.28,788,1649,745,1489,1,1,0,0
56,124,14.83,1574,3070,1492,2971,14,14,0,0
56,125,13.51,1464,2900,1439,2875,3,3,0,0
56,126,9.29,935,1851,906,1807,10,15,0,0
57,84,4.95,1517,3933,0,0,1517,3933,0,0
57,85,3.34,300,661,41,83,176,413,0,0
57,114,0.04,7,7,7,7,0,0,0,0
57,115,10.35,1076,1397,530,767,182,210,0,0
57,116,10.86,1192,2271,1150,2206,14,22,0,0
57,117,0.83,87,173,86,172,0,0,0,0
57,118,2.1,145,468,135,458,0,0,0,0
57,119,4.11,640,2500,505,2232,70,250,0,0
57,122,4.92,505,1343,473,1280,0,0,0,0
57,123,14.46,1217,2412,1117,2232,30,54,0,0
57,124,17.29,1733,3435,1636,3272,3,7,0,0
57,125,13.35,1454,2888,1403,2806,10,20,0,0
57,126,19.27,1731,3444,1639,3278,25,49,0,0
57,127,8.67,974,1932,953,1902,7,10,0,0
58,83,3.06,155,290,28,51,71,136,0,0
58,84,1.65,1953,5377,0,0,1953,5377,0,0
58,108,0.09,86,171,0,0,86,171,0,0
58,114,6.92,498,684,318,364,60,107,0,0
58,115,19.95,1851,2981,892,1483,320,499,0,0
58,116,5.52,362,624,191,342,49,77,0,0
58,117,14.59,1107,2289,882,1872,79,148,0,0
58,118,8.15,843,2347,419,1269,210,666,0,0
58,119,0.35,91,362,91,362,7,29,0,0
58,120,3.43,1225,2494,723,723,450,1719,0,0
58,121,8.63,884,1834,654,1419,33,51,0,0
58,122,22.71,1492,3497,1101,2725,97,175,0,0
58,123,13.38,981,1963,774,1547,69,138,0,0
58,124,16.91,1671,3311,1573,3144,21,39,0,0
58,125,15.28,1370,2703,1241,2473,19,28,0,0
58,126,15.43,1094,2229,955,1991,46,79,0,0
58,127,0.01,1,1,1,1,0,0,0,0
59,1,1,316,632,0,0,316,632,0,0
59,11,0.63,534,1068,0,0,534,1068,0,0
59,12,0.36,307,613,0,0,307,613,0,0
59,108,0.89,893,1787,0,0,893,1787,0,0
59,109,0.03,28,56,0,0,28,56,0,0
59,113,1.09,217,434,54,109,54,109,0,0
59,114,1.91,326,651,81,163,81,163,0,0
59,115,0.04,7,7,2,2,2,2,0,0
59,116,11.1,895,1809,781,1685,30,34,0,0
59,117,13.95,966,1910,647,1374,52,81,0,0
59,118,9.54,585,1121,437,862,49,86,0,0
59,119,1.53,473,1878,142,563,469,1873,0,0
59,120,4.17,1484,4698,201,570,969,3191,0,0
59,121,35.22,2339,5006,1987,4456,94,144,0,0
59,122,41.64,2141,4698,1813,4076,84,156,0,0
59,123,17.69,1577,3098,1420,2836,11,18,0,0
59,124,17.79,1841,3681,1704,3407,6,11,0,0
59,125,18.16,1765,3462,1658,3306,67,125,0,0
59,126,3.86,142,239,108,205,11,11,0,0
60,110,1.81,1175,2349,0,0,1175,2349,0,0
60,111,0.19,211,422,0,0,211,422,0,0
60,112,6.59,1215,2665,470,1147,210,430,0,0
60,113,10.64,599,1430,453,1060,82,247,0,0
60,114,4.14,392,959,321,817,24,47,0,0
60,115,10.27,385,600,174,280,31,42,0,0
60,116,24.46,2050,4311,1614,3495,92,166,0,0
60,117,0.26,32,63,25,49,2,5,0,0
60,118,7.46,1456,3458,359,863,195,370,0,0
60,119,19.89,1300,3238,746,2022,354,822,0,0
60,120,19.16,1947,4797,1000,2807,401,837,0,0
60,121,20.29,1276,2617,893,1911,86,136,0,0
60,122,24.41,1818,4477,1602,4043,12,25,0,0
60,123,22.74,1375,3059,1080,2440,52,112,0,0
60,124,19.54,1651,3295,1597,3210,18,28,0,0
60,125,4.43,614,1227,612,1223,0,0,0,0
61,110,3.88,630,1265,157,316,157,316,0,0
61,111,15.39,1950,4022,1206,2542,490,977,0,0
61,112,8.4,1225,2523,429,876,286,591,0,0
61,113,8.66,548,1041,231,461,77,154,0,0
61,114,20.38,1796,4504,1161,3036,589,1705,0,0
61,115,21.56,1638,3734,1298,3132,57,88,0,0
61,116,5.77,255,527,187,421,19,32,0,0
61,117,13.37,1076,2997,277,770,574,1614,0,0
61,118,37.93,3004,7329,1488,3751,408,1022,0,0
61,119,17.32,1508,3730,938,2363,154,383,0,0
61,120,27.5,1609,3674,1395,3338,92,165,0,0
61,121,11.23,664,1368,573,1199,4,4,0,0
61,122,24.1,1625,3426,1361,2961,30,59,0,0
61,123,18.06,1604,3300,1327,2768,69,130,0,0
61,124,4.68,329,658,317,634,4,8,0,0
62,102,1,17,34,0,0,0,0,17,34
62,109,6.01,427,950,330,739,32,70,0,0
62,110,21.85,2406,5351,1088,2530,404,857,0,0
62,111,14.6,1724,4055,1419,3158,4,6,0,0
62,112,7.67,1163,2818,618,1236,2,4,0,0
62,113,1,189,378,0,0,0,0,0,0
62,114,8.4,707,1387,652,1320,18,23,0,0
62,115,15.03,979,2250,693,1689,77,150,0,0
62,116,12.49,1097,2556,337,932,115,265,0,0
62,117,21.9,1948,4668,1287,3236,143,295,0,0
62,118,29.88,3028,7204,1353,3090,319,784,0,0
62,119,18.21,1605,3769,1378,3337,27,47,0,0
62,120,27.37,1522,3123,1231,2581,54,95,0,0
62,121,16.21,1171,2343,1087,2187,19,35,0,0
62,122,11.01,932,1613,925,1602,2,4,0,0
62,123,4.87,458,726,448,716,4,4,0,0
63,109,9.3,1114,2490,370,864,202,451,0,0
63,110,18,1181,2326,1056,2154,29,45,0,0
63,111,10.3,678,1441,566,1228,28,57,0,0
63,112,0.35,250,749,0,0,0,0,0,0
63,114,2.06,69,129,12,14,2,3,0,0
63,115,14.4,1521,2888,935,1900,163,290,0,0
63,116,42.02,3283,8866,1585,4313,906,2764,0,0
63,117,30.35,3633,8365,1764,4374,410,911,527,1054
63,118,41.66,3338,9112,1454,4245,584,1601,0,0
63,119,18.98,1472,3650,875,2244,178,441,0,0
63,120,8.59,656,1308,643,1285,3,5,0,0
63,121,0.9,24,47,8,16,0,0,0,0
63,122,0.06,67,133,0,0,67,133,0,0
64,24,2,102,205,26,51,26,51,0,0
64,48,0.95,1853,7412,0,0,1853,7412,0,0
64,108,2.94,401,1348,358,1305,0,0,0,0
64,109,10.11,842,1928,742,1794,19,31,0,0
64,110,7.15,894,1797,278,618,202,390,0,0
64,113,0.42,9,9,2,2,2,2,0,0
64,114,3.7,383,429,319,365,21,21,0,0
64,115,31.86,2088,4054,1130,2223,202,394,0,0
64,116,34.87,3789,9593,2350,6126,707,2067,0,0
64,117,27.55,2541,6329,1275,3314,501,1257,0,0
64,118,25.34,1690,4314,838,2190,233,616,0,0
64,119,5.98,513,1016,431,859,28,53,0,0
64,122,1.94,1178,2298,0,0,1178,2298,0,0
65,48,0.05,93,372,0,0,93,372,0,0
65,108,4.48,261,655,205,542,19,37,0,0
65,109,19.22,1760,4392,747,1754,338,879,0,0
65,110,10.24,4512,13101,529,1432,3790,11289,0,0
65,111,2.23,1530,4152,81,135,1285,3747,0,0
65,113,2.53,79,79,20,20,20,20,0,0
65,114,0.06,4,6,2,4,1,1,0,0
65,115,20.09,2926,5727,1528,3008,446,873,0,0
65,116,49.66,2883,5997,1800,4087,163,247,0,0
65,117,26.19,1879,4281,1319,3222,74,142,0,0
65,118,14.74,1410,3170,836,1889,191,427,0,0
65,119,1.25,57,114,34,68,8,15,0,0
65,120,3,1316,3177,0,0,1316,3177,0,0
65,123,0.03,1,1,0,0,1,1,0,0
66,48,2.21,48,80,31,59,5,7,0,0
66,49,6.39,2540,7342,15,44,2540,7342,0,0
66,50,0.09,21,63,6,19,21,63,0,0
66,100,0.18,269,537,0,0,269,537,0,0
66,107,1.93,1039,3118,0,0,1039,3118,0,0
66,108,1.07,73,166,13,26,34,87,0,0
66,109,2.25,322,733,81,183,81,183,0,0
66,110,1.04,482,1184,66,131,285,791,0,0
66,111,0.01,27,80,0,0,27,80,0,0
66,114,2.01,115,231,86,172,0,0,0,0
66,115,23.32,1726,3036,1436,2510,75,141,0,0
66,116,27.05,2334,4659,1748,3500,57,110,0,0
66,117,20.58,1811,4370,1524,3797,59,118,0,0
66,118,13.92,1099,2051,384,853,319,469,0,0
66,119,11.09,1069,1869,315,695,552,819,0,0
66,123,0.97,39,39,0,0,39,39,0,0
66,124,0.53,734,2202,0,0,734,2202,0,0
66,125,0.45,622,1865,0,0,622,1865,0,0
67,48,13.79,1082,2188,966,2055,15,21,0,0
67,49,5.32,619,1673,343,869,294,879,0,0
67,50,1.3,256,585,205,433,73,218,0,0
67,100,0.81,1185,2371,0,0,1185,2371,0,0
67,109,1,33,33,8,8,8,8,0,0
67,113,1.39,32,64,4,7,4,7,0,0
67,114,16.43,1137,2434,891,1940,82,164,0,0
67,115,23.14,2132,4883,1306,2897,432,1179,0,0
67,116,21.56,1846,4576,1071,2465,575,1705,0,0
67,117,6.37,1354,2708,260,519,1026,2052,0,0
67,118,1.9,1290,3601,0,0,1290,3601,0,0
67,119,3.97,510,1020,128,255,128,255,0,0
67,124,0.01,18,53,0,0,18,53,0,0
67,125,1,356,713,0,0,356,713,0,0
68,45,1,290,869,0,0,290,869,0,0
68,47,8.23,553,1061,504,1008,1,2,0,0
68,48,23.78,1564,2956,1281,2450,38,59,0,0
68,49,22.13,2573,6935,1488,4204,485,1180,0,0
68,50,3.7,1924,5640,9,18,1903,5606,0,0
68,51,0.39,10,10,2,2,2,2,0,0
68,99,0.98,75,75,19,19,19,19,0,0
68,100,0.02,1,1,0,0,0,0,0,0
68,113,0.49,29,58,20,39,0,0,0,0
68,114,15.05,1083,2104,849,1691,67,127,0,0
68,115,17.55,1449,3166,939,2157,149,315,0,0
68,116,9.05,1466,3688,811,1971,488,1383,0,0
68,117,0.06,10,20,9,17,1,3,0,0
69,46,2.52,251,502,240,480,4,7,0,0
69,47,17.94,1174,2265,1036,2059,21,29,0,0
69,48,22.23,1791,3934,852,1850,524,1491,0,0
69,49,17.73,2774,7144,908,2279,889,2402,0,0
69,50,17.49,4293,11462,407,1041,3739,10147,0,0
69,51,3.06,690,1959,44,79,624,1853,0,0
69,52,3.38,666,1656,85,171,410,1145,0,0
69,107,0.69,22,45,6,11,6,11,0,0
69,108,0.31,10,20,2,5,2,5,0,0
69,109,0.65,18,18,18,18,0,0,0,0
69,110,0.51,17,17,12,12,2,2,0,0
69,113,1.84,184,321,138,275,0,0,0,0
69,114,17.12,1430,2842,1295,2585,45,86,0,0
69,115,14.35,1446,3079,860,1800,170,401,0,0
69,116,7.38,1068,2290,449,754,206,512,0,0
70,44,0.51,121,242,30,61,30,61,0,0
70,45,2.49,243,486,61,121,61,121,0,0
70,46,4.24,215,439,202,406,4,11,0,0
70,47,15.29,901,1760,796,1582,30,49,0,0
70,48,21.94,2965,7330,1090,2213,1777,5047,0,0
70,49,20.17,3005,8283,835,2316,1369,3891,267,802
70,50,33.51,3628,10051,1513,4127,839,2434,75,225
70,51,16.31,2282,5231,762,1607,481,1211,0,0
70,52,6,784,2149,196,536,197,540,0,0
70,110,1.84,72,108,18,27,18,27,0,0
70,114,11.75,870,1834,732,1588,35,60,0,0
70,115,15.15,1319,2825,1156,2524,50,96,0,0
70,117,0.17,160,479,0,0,160,479,0,0
70,119,0.01,3,5,1,1,1,1,0,0
71,47,15.88,1105,2184,848,1668,39,79,0,0
71,48,21.49,1722,3890,1087,2557,114,227,0,0
71,49,17.49,2129,4596,1094,2358,463,1203,0,0
71,50,25.97,3433,7281,1044,2325,1726,3674,0,0
71,51,33.66,2846,6241,1447,3322,388,835,0,0
71,52,2.69,792,1282,198,320,198,320,0,0
71,114,0.68,57,114,57,114,0,0,0,0
71,115,4,278,546,268,535,3,4,0,0
71,116,1.13,1003,1014,12,24,991,991,0,0
71,117,3.05,1124,3247,149,448,974,2798,0,0
71,119,0.99,298,596,75,149,75,149,0,0
72,47,11.13,1392,2766,413,821,495,985,0,0
72,48,34.18,2349,5138,1463,3334,151,286,0,0
72,49,10.98,795,1283,656,1143,18,19,0,0
72,50,8.21,569,1114,496,995,49,65,0,0
72,51,4.44,374,818,235,487,47,110,0,0
72,52,4.15,1898,3915,474,979,474,979,0,0
72,53,0.65,278,278,69,69,69,69,0,0
72,115,2.29,1143,2746,0,0,1143,2746,0,0
72,116,3.94,2031,4061,80,160,1903,3807,0,0
72,117,8.96,2345,7359,0,0,2345,7359,0,0
73,32,4,531,1062,220,440,104,207,0,0
73,47,0.38,56,113,56,113,0,0,0,0
73,48,7.04,296,577,88,186,39,39,0,0
73,49,0.5,50,149,50,149,0,0,0,0
73,110,1,15,15,4,4,4,4,0,0
73,115,2,1668,4432,0,0,1668,4432,0,0
73,117,3.46,417,1196,0,0,417,1196,0,0
77,117,0.55,598,2391,0,0,598,2391,0,0
77,118,0.08,88,351,0,0,88,351,0,0
78,61,1,8,8,2,2,2,2,0,0
78,95,4,250,488,114,224,46,88,0,0
78,117,0.22,241,962,0,0,241,962,0,0
78,118,0.15,164,658,0,0,164,658,0,0
79,2,0.08,213,853,0,0,213,853,0,0
79,3,0.05,20,20,5,5,5,5,0,0
79,4,0.95,427,427,107,107,107,107,0,0
79,95,6.02,653,1465,270,698,105,210,0,0
79,96,1.28,111,218,28,54,28,54,0,0
79,123,1,32,64,8,16,8,16,0,0
80,2,0.92,2470,9880,0,0,2470,9880,0,0
80,94,1,797,2392,3,10,788,2364,0,0
80,95,16.78,1535,3332,737,1625,227,490,0,0
80,96,6.31,1142,2731,457,1363,295,723,0,0
80,97,0.24,72,288,72,288,22,86,0,0
81,1,0.13,120,239,30,60,30,60,0,0
81,94,1.05,625,1874,0,0,625,1874,0,0
81,95,5.27,655,1415,249,525,110,246,0,0
81,96,0.04,6,12,6,12,0,0,0,0
82,1,0.87,810,1619,202,405,202,405,0,0
82,126,1,58,115,0,0,58,115,0,0
84,87,2,142,363,95,269,16,31,0,0
84,88,2.07,268,620,130,343,46,93,0,0
84,89,1.24,540,1080,135,270,135,270,0,0
85,66,2.64,413,993,99,198,49,99,0,0
85,82,0.24,174,347,0,0,174,347,0,0
85,87,1,128,255,32,64,32,64,0,0
85,88,11.61,1030,2251,911,2041,3,3,0,0
85,89,10.98,1725,3366,723,1424,332,643,0,0
86,66,0.36,27,55,27,55,0,0,0,0
86,69,3.69,329,658,311,622,6,12,0,0
86,71,4,513,1026,128,256,128,256,0,0
86,72,3.73,532,1064,133,266,133,266,0,0
86,73,6.12,810,1336,202,334,202,334,0,0
86,74,8.92,645,897,599,841,15,19,0,0
86,75,4.55,342,685,333,666,3,6,0,0
86,82,3.76,2014,4187,0,0,2014,4187,0,0
86,84,2.65,190,408,47,102,47,102,0,0
86,85,6.81,1366,2711,597,1193,249,499,0,0
86,86,1.52,155,314,59,122,13,25,0,0
86,87,12.89,1780,4307,625,1672,312,733,0,0
86,88,17.78,1534,3492,939,2048,175,440,0,0
86,89,3.01,354,794,250,586,35,69,0,0
86,116,1,209,418,52,104,52,104,0,0
87,58,1,10,10,2,2,2,2,0,0
87,69,6.39,458,1069,309,777,50,97,0,0
87,70,5.18,868,1842,538,969,110,291,0,0
87,71,9.49,1194,2062,376,587,497,968,0,0
87,72,7.35,1104,2310,295,466,445,1139,0,0
87,73,5.14,1600,4291,29,42,1544,4194,0,0
87,74,11.68,967,1784,809,1490,26,44,0,0
87,75,22.84,1569,2409,1382,2101,23,34,0,0
87,76,0.62,72,72,72,72,0,0,0,0
87,81,3,206,377,180,351,9,9,0,0
87,82,3.23,406,812,395,791,3,7,0,0
87,83,0.35,45,91,45,91,0,0,0,0
87,85,6.75,657,1423,553,1270,35,51,0,0
87,86,14.61,1983,5529,1003,2694,122,535,0,0
87,87,8.21,889,2009,573,1307,100,224,0,0
87,88,6.04,564,1656,275,682,96,325,0,0
88,70,1.99,203,243,69,109,29,29,0,0
88,71,7.28,756,1189,557,922,32,32,0,0
88,72,3.56,742,1608,167,224,443,1149,0,0
88,73,7.34,1437,3230,175,339,1238,2867,0,0
88,74,5.63,585,1073,563,1030,7,14,0,0
88,75,13.83,1165,1885,1069,1774,25,25,0,0
88,76,4.81,523,1002,375,712,49,97,0,0
88,77,7.03,737,1365,598,1169,46,65,0,0
88,81,1,39,78,10,20,10,20,0,0
88,82,0.42,163,325,163,325,0,0,0,0
88,86,3.02,208,440,190,406,6,11,0,0
88,87,13.49,2636,6370,978,2636,518,1175,0,0
88,88,15.21,1155,2625,801,1846,118,260,0,0
89,71,13.55,1996,4245,616,1247,992,2350,0,0
89,72,26.02,2637,6336,1005,2492,1253,3078,0,0
89,73,20.89,2567,5452,855,1786,1087,2307,0,0
89,74,17.15,1651,3133,955,1853,109,206,0,0
89,75,16.47,1146,2111,970,1925,39,43,0,0
89,76,9.31,1210,2043,918,1464,97,193,0,0
89,77,2.29,396,996,99,249,99,249,0,0
89,80,1,13,13,3,3,3,3,0,0
89,86,2.02,68,166,17,42,21,48,0,0
89,87,11.75,1004,2341,672,1691,71,141,0,0
89,88,9.51,1775,4795,389,1096,666,1642,0,0
89,89,5.32,708,1869,120,297,347,976,0,0
89,90,1.67,526,1579,0,0,526,1579,0,0
90,69,5,478,1168,393,999,8,17,0,0
90,70,3,285,357,166,166,15,15,0,0
90,71,0.05,4,7,0,0,0,0,0,0
90,72,18.6,1843,3784,906,1933,808,1608,0,0
90,73,23.45,3145,7826,1396,3746,863,2124,0,0
90,74,24.08,2028,4293,1057,2390,221,434,0,0
90,75,7.36,647,1182,319,630,103,177,0,0
90,82,5.99,525,771,516,757,3,5,0,0
90,83,1.18,150,261,150,261,0,0,0,0
90,84,3.76,434,877,89,181,89,181,0,0
90,85,19.84,2009,4586,998,2459,461,957,0,0
90,86,32.29,2710,7124,1094,2884,672,1723,0,0
90,87,37.59,2800,6510,1916,4678,213,459,0,0
90,88,32.57,2775,7458,1463,4058,495,1329,0,0
90,89,17.8,1863,3965,986,2083,293,627,0,0
91,69,0.89,117,234,29,58,29,58,0,0
91,70,3.55,385,1198,217,703,56,165,0,0
91,71,1.01,19,21,5,5,5,5,0,0
91,72,4.92,430,827,377,719,22,48,0,0
91,73,17.35,1938,4520,717,1443,921,2631,339,678
91,74,7.11,659,1425,159,164,444,1197,0,0
91,82,2.77,296,372,250,278,16,31,0,0
91,83,5.76,797,1585,622,1235,58,117,0,0
91,84,13.08,933,1968,611,1381,142,205,0,0
91,85,10.19,1354,2197,649,1236,491,531,0,0
91,86,13.59,1389,3170,852,1701,18,30,0,0
91,87,13.66,1633,4205,688,1679,377,1035,0,0
91,88,22.66,2180,4923,1220,2950,307,644,0,0
91,89,4.95,393,788,326,657,16,37,0,0
92,70,0.44,65,195,16,49,16,49,0,0
92,71,12.83,979,1765,740,1356,37,79,0,0
92,72,11.57,942,1653,754,1297,10,10,0,0
92,73,7.84,1131,2821,664,1717,374,801,0,0
92,83,1.25,210,420,52,105,52,105,0,0
92,85,1.24,39,39,30,30,0,0,0,0
92,86,11.76,1097,1859,1076,1823,7,12,0,0
92,87,8.87,1347,3287,1099,2413,83,291,0,0
92,88,19.52,1894,4675,938,2274,149,321,461,1382
92,89,3.07,1019,2177,307,649,237,509,0,0
93,41,0.04,1,2,0,1,0,1,0,0
93,42,0.96,27,53,7,13,7,13,0,0
93,71,1.56,89,90,72,73,6,6,0,0
93,72,10.75,1015,1808,751,1392,30,60,0,0
93,73,6.44,1343,3720,59,154,1166,3261,0,0
93,87,9,670,1376,471,995,32,59,0,0
93,88,7.17,696,1391,469,937,57,114,0,0
93,89,8.19,1020,2119,585,1247,131,263,0,0
94,71,0.47,60,60,60,60,0,0,0,0
94,72,4.29,352,742,198,499,51,81,0,0
94,73,4.61,617,976,422,629,51,101,0,0
94,74,0.87,129,388,129,388,0,0,0,0
94,75,0.03,197,591,0,0,197,591,0,0
94,89,1.09,512,1535,8,24,504,1511,0,0
95,73,3,287,797,240,704,16,31,0,0
95,74,1.87,2973,8830,109,238,2864,8592,0,0
95,75,0.54,3740,11221,0,0,3740,11221,0,0
96,69,0.01,14,57,0,0,14,57,0,0
96,73,0.62,73,145,73,145,0,0,0,0
96,74,7.08,839,1676,687,1257,139,406,0,0
96,75,3.68,540,1470,318,947,154,334,0,0
96,76,3.11,1088,2095,149,192,869,1746,0,0
97,69,1.99,1699,6290,0,0,1699,6290,0,0
97,74,1.67,187,374,187,374,0,0,0,0
97,75,6.82,962,1979,525,1134,146,282,0,0
97,76,3.72,397,654,89,91,270,523,0,0
98,75,1,71,71,18,18,18,18,0,0
99,69,0.44,53,106,53,106,0,0,0,0
99,70,1,27,54,27,54,0,0,0,0
99,74,1,47,95,12,24,12,24,0,0
100,67,3.14,675,1314,17,31,599,1196,0,0
100,68,1.41,54,108,9,19,26,52,0,0
100,69,1.56,138,277,86,172,18,35,0,0
101,67,6.51,591,1144,272,539,100,195,0,0
101,68,4.01,301,602,156,311,40,79,0,0
101,69,1,19,19,5,5,5,5,0,0
101,100,1,20,20,5,5,5,5,0,0
102,64,1,40,40,10,10,10,10,0,0
102,65,0.13,126,253,0,0,126,253,0,0
102,66,6.35,522,887,491,825,10,21,0,0
102,67,9.12,901,1887,453,927,146,313,0,0
102,68,1.26,65,94,16,24,16,24,0,0
102,122,0.41,21,62,5,15,5,15,0,0
102,123,0.59,29,88,7,22,7,22,0,0
103,4,0.97,91,182,23,45,23,45,0,0
103,5,0.03,3,6,1,2,1,2,0,0
103,64,0.07,67,134,0,0,67,134,0,0
103,65,3.77,1170,2141,208,249,850,1699,0,0
103,66,17.91,1236,2543,949,1891,69,164,0,0
103,67,16.8,1366,2932,777,1704,372,761,0,0
103,68,2.92,151,450,40,117,37,111,0,0
104,5,1,59,118,15,30,15,30,0,0
104,63,9.56,845,1627,697,1379,49,83,0,0
104,64,2.66,211,422,204,409,2,4,0,0
104,65,8.89,785,1332,503,744,81,155,0,0
104,66,12.15,1301,3135,808,1909,105,230,0,0
104,67,19.8,3000,7231,719,1440,2071,5475,0,0
104,68,1.67,1110,4292,48,56,1054,4214,0,0
105,63,1.9,209,418,209,418,0,0,0,0
105,64,14.96,1054,1679,948,1521,10,15,0,0
105,65,18.08,1199,2302,1008,1947,37,60,0,0
105,66,18.71,2393,4786,727,1409,1326,2646,0,0
105,67,26.48,1648,4308,781,2148,233,646,0,0
105,68,0.15,298,1194,0,0,298,1194,0,0
105,124,1,27,53,7,13,7,13,0,0
106,63,3.44,192,380,189,377,1,1,0,0
106,64,19.92,1470,2624,879,1525,97,176,0,0
106,65,25.91,1559,3433,796,1803,221,477,0,0
106,66,23.65,2376,5516,1073,2557,869,1953,0,0
106,67,9.98,884,1863,400,885,195,392,0,0
106,68,0.33,86,172,86,172,0,0,0,0
107,62,1.21,128,159,44,75,28,28,0,0
107,63,15.58,1330,2683,850,1699,139,301,0,0
107,64,18.36,1831,3932,873,1726,877,1921,30,119
107,65,15.74,904,1920,541,1251,74,141,0,0
107,66,7.5,581,1331,191,426,119,279,0,0
107,67,6.23,296,607,99,202,39,82,0,0
107,68,0.42,110,219,110,219,0,0,0,0
107,108,0.1,24,47,0,0,24,47,0,0
108,62,14.69,895,1439,749,1292,27,27,0,0
108,63,11.39,2786,7882,710,1674,1986,5953,0,0
108,64,4.53,730,2251,54,124,403,1172,208,833
108,65,4.81,401,802,100,201,100,201,0,0
108,66,13.49,818,1702,606,1305,71,132,0,0
108,67,6,356,713,246,493,37,73,0,0
108,108,0.9,207,414,0,0,207,414,0,0
109,62,5.62,529,868,386,724,48,48,0,0
109,63,5.84,1513,5074,544,2284,311,918,0,0
110,63,1,159,319,48,96,0,0,0,0
110,65,0.03,1,1,0,0,0,0,0,0
110,66,0.97,25,25,6,6,6,6,0,0
112,61,1.49,743,1487,0,0,743,1486,0,0
113,60,0.55,163,474,37,112,51,139,0,0
113,61,9.91,3233,8578,250,536,2851,7705,0,0
114,60,1.19,610,1830,53,159,451,1354,0,0
114,61,2.86,1404,4022,72,168,1189,3519,0,0
121,53,16.13,658,1081,496,862,52,71,0,0
121,54,7.77,451,1081,364,936,17,36,0,0
121,57,2.89,1335,2670,334,668,334,668,0,0
121,58,1,32,32,8,8,8,8,0,0
121,59,1.46,48,48,12,12,12,12,0,0
121,60,0.54,27,27,7,7,7,7,0,0
122,51,3.4,2450,5632,612,1408,612,1408,0,0
122,52,1,152,305,38,76,38,76,0,0
122,53,20.69,1409,2596,878,1609,143,268,0,0
122,54,9.3,772,2242,603,1883,47,109,0,0
122,55,11.88,1142,2367,685,1501,326,664,0,0
122,56,17.06,1778,4244,1063,2759,163,323,0,0
122,57,9.27,391,658,81,147,118,165,0,0
122,58,1,24,24,6,6,6,6,0,0
122,59,2,110,110,84,84,9,9,0,0
122,60,1,76,76,19,19,19,19,0,0
123,50,1.74,1429,4994,431,1397,332,1199,0,0
123,51,4.63,2910,9172,727,2293,727,2293,0,0
123,52,1.91,384,767,96,192,96,192,0,0
123,53,6.94,469,856,450,826,6,10,0,0
123,54,19.46,2365,6088,1086,2475,1145,3367,0,0
123,55,21.89,2629,6691,989,2335,1332,3840,0,0
123,56,38.73,2774,6791,1618,4159,284,681,0,0
123,57,2.2,37,47,5,7,5,7,0,0
123,59,1,145,145,36,36,36,36,0,0
124,31,0.1,47,93,0,0,47,93,0,0
124,32,6.02,2335,6168,425,1325,1628,3996,0,0
124,33,4.54,2768,8329,58,231,2710,8098,0,0
124,34,0.89,533,1600,0,0,533,1600,0,0
124,36,1.78,130,260,65,131,6,11,0,0
124,37,3.22,298,595,217,435,27,53,0,0
124,50,16.3,1357,2704,1142,2285,68,136,0,0
124,51,11.17,1292,2593,1063,2074,76,173,0,0
124,52,1.23,75,150,53,106,7,15,0,0
124,53,10.96,789,1716,478,990,70,175,0,0
124,54,23.56,4022,10475,865,1771,2805,8064,0,0
124,55,20.91,1837,4447,1275,3182,245,649,0,0
124,56,27.69,1728,3534,1166,2430,155,304,0,0
124,57,3,169,169,42,42,42,42,0,0
124,58,1,82,164,0,0,0,0,0,0
125,31,0.02,10,20,0,0,10,20,0,0
125,32,1.88,466,1053,52,135,309,648,0,0
125,33,0.55,39,78,0,0,39,78,0,0
125,49,0.64,71,142,71,142,0,0,0,0
125,50,8.18,778,1521,749,1493,6,6,0,0
125,51,12.88,1127,2018,1104,1991,8,9,0,0
125,52,10.02,984,1853,929,1790,18,21,0,0
125,53,20.49,1081,2496,630,1605,60,116,0,0
125,54,36.16,2376,5066,2048,4599,58,101,0,0
125,55,24.48,2442,6977,1892,6034,24,38,0,0
125,56,5.65,764,3365,687,3221,4,4,0,0
125,57,6.06,2414,4710,11,19,2381,4652,0,0
125,58,3.92,2747,4535,12,12,2712,4500,0,0
125,59,0.13,141,282,0,0,141,282,0,0
126,50,2,68,116,17,29,17,29,0,0
126,51,2.87,1820,3594,194,376,194,376,0,0
126,52,9.81,2969,6155,1107,2487,626,1233,0,0
126,53,20.78,1587,3480,1040,2481,309,599,0,0
126,54,25.98,2347,4579,1881,3865,62,63,0,0
126,55,33,2620,5092,1749,3592,51,76,0,0
126,56,6.88,382,935,331,840,13,23,0,0
126,57,6.85,1621,3244,447,1035,639,1215,227,453
126,59,1.97,195,195,170,170,8,8,0,0
126,60,0.03,6,6,6,6,0,0,0,0
127,49,17.32,1250,1958,1119,1786,37,50,0,0
127,50,9.54,945,1481,920,1456,8,8,0,0
127,51,5.11,386,941,362,900,6,10,0,0
127,52,27.62,1549,3366,739,1494,415,1134,0,0
127,53,23,2014,4464,775,1743,770,1859,0,0
127,54,39.39,3537,8382,2200,5440,757,1996,0,0
127,55,16.48,1206,2336,916,1890,49,74,0,0
127,56,1,69,69,17,17,17,17,0,0
127,57,2,301,529,0,0,301,529,0,0
127,58,0.93,767,2301,0,0,767,2301,0,0
127,59,0.07,58,175,0,0,58,175,0,0
0,18,3,423,540,106,135,106,135,69,69
0,29,2.09,205,606,161,476,14,43,0,0
0,30,15.36,1067,2339,1018,2270,12,19,0,0
0,31,19.87,1671,3567,1580,3415,21,41,0,0
0,32,15.5,994,2020,958,1955,12,22,0,0
0,33,12.35,1005,1881,976,1827,10,18,0,0
0,73,0.25,1554,1554,0,0,1554,1554,0,0
1,4,0.08,48,96,12,24,12,24,0,0
1,5,0.85,505,1011,126,253,126,253,0,0
1,19,2.87,1550,13269,0,0,1550,13269,461,10142
1,20,0.13,146,439,0,0,146,439,0,0
1,29,2.13,131,269,122,259,3,3,0,0
1,30,11.08,964,1991,851,1769,38,74,0,0
1,31,5.81,877,2148,687,1578,190,569,0,0
1,32,5.48,1309,3592,303,643,937,2812,0,0
1,33,16.95,1398,2583,995,1551,13,14,0,0
1,34,10.29,665,1166,521,930,74,144,0,0
1,35,4.81,453,874,80,153,80,151,0,0
1,39,0.03,20,39,5,10,5,10,0,0
1,40,0.97,552,1104,138,276,138,276,0,0
2,5,0.07,39,79,10,20,10,20,0,0
2,28,0.88,132,265,33,66,33,66,0,0
2,29,5.08,510,1115,462,1019,16,32,0,0
2,30,10.57,1094,2441,737,1637,111,253,0,0
2,31,9.55,1416,4317,563,1781,767,2294,0,0
2,32,14.12,1010,2461,665,1595,247,702,0,0
2,33,21.88,1256,2469,768,1574,89,172,0,0
2,34,10.41,922,1459,694,1152,76,102,0,0
2,35,4.05,757,2190,236,664,525,1561,0,0
2,78,4.42,1832,4258,305,758,918,1985,0,0
2,79,1.02,361,722,89,178,95,189,0,0
3,6,0.7,82,164,0,0,82,164,0,0
3,7,0.89,556,1112,0,0,556,1112,0,0
3,13,1,37,37,9,9,9,9,0,0
3,31,2.44,341,1020,238,709,35,104,0,0
3,32,14.23,1116,2505,906,2081,70,141,0,0
3,33,22.55,1760,4288,1109,2782,240,547,0,0
3,34,1.49,280,560,70,140,70,140,0,0
3,35,0.83,93,186,23,47,23,47,0,0
3,78,2.72,1041,2081,92,184,817,1635,0,0
3,79,0.95,460,1291,31,155,367,826,0,0
3,80,0.31,1775,8875,444,2219,444,2219,0,0
3,104,2,1640,4012,0,0,1640,4012,0,0
4,6,1.3,156,554,0,0,156,554,0,0
4,7,0.11,71,143,0,0,71,143,0,0
4,32,3.67,366,945,319,822,12,33,0,0
4,33,26.63,2561,6792,1113,2953,1036,2831,20,39
4,34,2.18,386,1026,28,50,303,875,0,0
4,78,1.71,1934,5173,515,1356,955,2236,0,0
4,79,0.26,1419,7043,355,1761,355,1761,0,0
4,80,1.16,2652,13079,663,3270,663,3270,0,0
4,81,0.27,67,269,17,67,17,67,0,0
4,105,1,661,1983,0,0,661,1983,0,0
4,106,1.35,188,377,134,268,18,36,0,0
5,14,1,138,276,34,69,34,69,0,0
5,32,0.31,64,128,16,32,16,32,0,0
5,33,45.54,3586,9845,1403,3948,1181,3415,0,0
5,34,19.21,1802,4960,484,1561,1020,2575,0,0
5,72,0.27,41,83,41,83,0,0,0,0
5,73,5.43,595,1190,588,1176,2,5,0,0
5,74,1.98,116,228,113,225,1,1,0,0
5,78,0.19,308,923,77,231,77,231,0,0
5,80,1.28,228,885,57,221,57,221,0,0
5,81,0.72,574,2295,143,574,143,574,0,0
5,105,8.74,823,1792,710,1589,38,69,0,0
5,106,7.95,986,1889,619,1239,94,189,0,0
6,12,0.22,31,92,31,92,0,0,0,0
6,13,8.74,851,1960,525,1284,88,164,0,0
6,14,11.12,956,2359,445,1208,170,384,0,0
6,15,9.42,780,1897,605,1534,22,46,0,0
6,16,13.71,1066,2111,767,1454,38,59,0,0
6,17,4,323,749,252,613,24,45,0,0
6,18,1,174,348,43,87,43,87,0,0
6,33,17.48,2126,5013,281,833,1784,4021,0,0
6,34,24.94,2459,6216,1075,2971,1141,2504,195,585
6,35,19.21,2263,4795,614,1027,1210,2726,0,0
6,36,0.27,155,464,0,0,155,464,0,0
6,67,4,484,969,432,865,0,0,0,0
6,68,11.3,886,1865,775,1638,37,76,0,0
6,69,8.83,914,1759,640,1262,91,166,0,0
6,70,0.15,11,23,3,6,3,6,0,0
6,72,0.26,43,86,43,86,0,0,0,0
6,73,11.12,1193,2014,1174,1976,6,13,0,0
6,74,4.94,617,1221,608,1212,3,3,0,0
6,79,0.03,19,58,5,14,5,14,0,0
6,80,1.97,1357,4072,339,1018,339,1018,0,0
6,82,2.04,3276,9828,0,0,3276,9828,0,0
6,83,5.27,1801,5296,206,590,1546,4612,0,0
6,84,0.02,53,212,0,0,53,212,0,0
6,103,1.64,201,604,134,403,22,67,0,0
6,104,11.05,2302,5379,559,1368,486,1147,0,0
6,105,26.74,3394,8271,1916,4379,394,1069,0,0
6,106,11.3,964,2030,692,1393,60,130,0,0
6,107,3.91,330,772,172,371,53,134,0,0
7,12,7.33,1129,2214,85,244,965,1812,0,0
7,13,36.15,4511,10600,2251,5391,850,1950,0,0
7,14,30.83,3835,10397,1796,5196,703,1996,295,886
7,15,28.78,3517,10317,1910,5605,438,1302,7,21
7,16,16.91,1314,2534,822,1594,57,108,0,0
7,17,6.86,651,1155,600,1009,17,49,0,0
7,33,1.33,653,1774,117,351,302,721,0,0
7,34,29.51,3068,7096,1253,2621,1086,2560,285,854
7,35,37.34,4083,9940,2263,5432,681,1762,0,0
7,36,3.99,428,1083,279,673,129,375,0,0
7,66,4.29,443,808,410,741,0,0,0,0
7,67,15.82,1219,2304,1171,2220,11,19,0,0
7,68,22.77,1692,3719,820,1633,667,1691,0,0
7,69,23.16,2489,5530,897,1796,1162,2838,0,0
7,70,0.85,66,133,17,33,17,33,0,0
7,71,2.92,132,260,124,247,3,4,0,0
7,72,0.67,72,144,70,141,0,1,0,0
7,73,11.39,1324,3097,949,2138,125,320,0,0
7,74,6.73,877,1754,871,1741,2,4,0,0
7,82,1.24,1713,4841,75,149,1489,4394,0,0
7,83,3.9,4710,16478,0,0,4710,16478,0,0
7,84,2.37,2668,9675,0,0,2668,9675,0,0
7,85,0.18,157,463,0,0,157,463,0,0
7,103,9.68,939,2183,618,1313,98,273,0,0
7,104,27.33,3258,6840,1242,2784,990,1989,0,0
7,105,39.54,3830,8342,2303,5245,343,700,0,0
7,106,13.27,2102,5157,1213,2769,288,785,0,0
7,107,20.13,2299,4559,581,1153,1388,2767,0,0
7,108,0.81,581,1162,0,0,581,1162,0,0
8,11,10.17,2257,6170,1379,3874,293,765,0,0
8,12,31.6,4280,9581,2069,4896,949,2166,0,0
8,13,28,3279,7878,1304,3114,1151,3064,0,0
8,14,30.46,3914,9963,1722,4074,1255,3549,0,0
8,15,38.27,4785,12493,2206,5892,787,2055,0,0
8,16,11.87,1288,2827,1128,2372,53,152,0,0
8,17,0.49,81,161,81,161,0,0,0,0
8,33,1.67,355,708,8,16,331,661,0,0
8,34,27.86,3509,7092,1303,2592,1034,2213,0,0
8,35,32.05,3128,7251,1787,4202,374,871,0,0
8,36,0.25,35,106,9,26,9,26,0,0
8,66,13.88,970,2121,883,2029,25,27,0,0
8,67,17.31,1152,2053,982,1828,27,33,0,0
8,68,16.92,2822,5459,635,1142,1486,2952,0,0
8,69,36.91,3333,7749,1689,4208,688,1463,0,0
8,70,12.21,2457,6507,99,195,2228,6059,0,0
8,71,21.61,1357,2495,935,1780,122,216,0,0
8,72,41.6,3361,6858,1882,3863,609,1230,0,0
8,73,18.67,1537,2728,1355,2352,22,50,0,0
8,74,7.02,600,1186,534,1068,14,26,0,0
8,75,1,1023,3069,0,0,1023,3069,0,0
8,84,0.33,465,1394,0,0,465,1394,0,0
8,85,4.57,1804,5313,77,212,1755,5215,0,0
8,86,0.37,128,383,0,0,128,383,0,0
8,101,0.15,1,3,0,1,0,1,0,0
8,102,7.03,586,1159,443,882,39,75,0,0
8,103,21.82,3829,9738,1190,3310,704,1761,0,0
8,104,29.01,2665,6842,1311,3314,308,728,269,1076
8,105,27.03,2915,6905,1689,4082,368,941,0,0
8,106,19.29,2947,6031,1937,4028,269,533,0,0
8,107,7.67,1009,2191,518,1208,472,944,0,0
9,6,1,11,11,3,3,3,3,0,0
9,7,2.94,827,1653,0,0,827,1653,0,0
9,9,0.56,659,1976,165,494,165,494,0,0
9,10,1.99,256,639,256,639,0,0,0,0
9,11,5.07,1124,3492,760,2238,121,418,0,0
9,12,6.5,1109,2882,599,1667,143,324,0,0
9,13,12.57,1329,2852,967,2115,130,313,0,0
9,14,32.81,4146,10905,1735,4661,1430,4036,0,0
9,15,31.64,3627,8739,1892,4898,695,1600,0,0
9,16,3.1,286,648,103,226,61,141,0,0
9,34,6.97,1189,2619,34,68,1041,2324,0,0
9,35,41.54,3531,8525,1561,4342,1026,2199,0,0
9,66,4.35,373,595,361,583,4,4,0,0
9,67,27.54,2039,4103,1462,2851,187,392,0,0
9,68,30.01,1957,4284,1066,2362,156,379,0,0
9,69,46.45,3124,6982,1825,4238,386,957,0,0
9,70,33.9,2958,7592,793,2310,1461,3914,361,722
9,71,32.41,2726,5721,1371,3075,856,1707,0,0
9,72,27.7,2527,5120,1234,2574,999,1984,0,0
9,73,14.46,943,1862,865,1724,26,46,0,0
9,74,14.09,1100,2476,888,2015,54,127,0,0
9,75,0.45,64,178,25,63,13,38,0,0
9,83,1,23,47,6,12,6,12,0,0
9,84,3,1685,4802,85,255,1685,4802,0,0
9,85,0.05,15,46,0,0,15,46,0,0
9,86,0.65,173,520,0,0,173,520,0,0
9,101,3.53,332,664,243,485,30,60,0,0
9,102,4.42,742,1484,473,947,90,179,0,0
9,103,25.32,2232,4874,1263,2848,288,621,0,0
9,104,12.55,1516,3133,891,1891,182,362,0,0
9,105,17.96,1356,2578,923,1813,129,224,0,0
9,106,16.27,1557,3531,1445,3318,18,33,0,0
9,107,17.72,1420,2853,1160,2375,51,96,0,0
9,108,7.76,430,709,210,382,67,96,0,0
10,7,0.06,29,57,0,0,29,57,0,0
10,9,0.44,524,1571,131,393,131,393,0,0
10,11,1,438,1315,110,329,110,329,0,0
10,12,8.68,808,1643,784,1603,8,13,0,0
10,13,7.94,2538,8940,303,715,2158,8073,0,0
10,14,27.33,4903,16101,1115,2497,3205,12362,0,0
10,15,14.51,1521,3699,832,2270,213,443,0,0
10,35,4.48,904,2036,453,963,150,358,0,0
10,66,0.72,347,694,87,173,87,173,0,0
10,67,19.48,1943,4171,950,2064,331,703,0,0
10,68,29.27,2923,6536,660,1380,1483,3746,0,0
10,69,32.72,3765,8113,1523,3335,1717,3714,0,0
10,70,21.72,1700,3333,616,1274,218,414,0,0
10,71,27.07,2068,4248,1595,3310,136,263,0,0
10,72,12.94,1152,2305,841,1682,92,183,0,0
10,73,5.93,518,1009,491,975,9,11,0,0
10,74,0.5,60,120,60,120,0,0,0,0
10,103,4.19,390,902,257,567,44,111,0,0
10,104,7.73,1038,2055,876,1749,107,207,0,0
10,105,11.24,1543,3079,1411,2821,44,86,0,0
10,106,9.75,941,1940,659,1334,94,202,0,0
10,107,8.29,969,1936,777,1554,63,127,0,0
10,108,4.36,396,779,364,729,1,2,0,0
11,12,5.24,530,1273,405,1023,42,83,0,0
11,13,4.16,1159,3234,389,970,334,1062,0,0
11,14,9.67,1361,3948,703,1423,625,2464,0,0
11,15,11,595,1395,537,1294,19,34,0,0
11,67,2.97,368,876,271,587,32,97,0,0
11,68,5.13,789,1730,392,937,118,237,0,0
11,69,13.57,1285,2430,967,1792,111,244,0,0
11,70,7.37,879,1849,617,1347,79,151,0,0
11,71,5.25,483,1026,455,998,9,9,0,0
11,102,0.2,291,583,0,0,291,583,0,0
11,103,3.96,1475,4243,75,169,1251,3737,0,0
11,105,4,408,815,102,204,102,204,0,0
11,106,5,966,2200,242,550,242,550,0,0
11,107,4,435,435,435,435,0,0,0,0
12,11,1.04,50,99,5,10,0,0,0,0
12,12,14.52,1209,2561,1129,2427,24,40,0,0
12,13,15.03,1052,2293,893,1983,69,181,0,0
12,14,10.35,1235,2874,650,1401,195,491,0,0
12,15,3,264,670,248,639,48,139,0,0
12,69,4.23,234,456,220,438,3,4,0,0
12,70,1.77,23,24,1,2,1,1,0,0
12,102,0.72,1045,2090,0,0,1045,2090,0,0
12,103,1.58,551,1103,0,0,551,1103,0,0
13,12,14.62,1278,3029,1245,2956,11,25,0,0
13,13,12.35,1380,3316,1374,3302,2,5,0,0
13,14,10.77,1268,3245,832,1969,146,425,0,0
13,15,1,442,884,111,221,111,221,0,0
14,6,1,34,101,8,25,8,25,0,0
14,7,1,175,175,44,44,44,44,0,0
14,13,1.79,235,470,119,237,39,78,0,0
14,14,15.11,844,2002,488,1145,116,283,0,0
14,15,0.31,24,47,15,29,3,6,0,0
14,33,1,259,776,65,194,65,194,0,0
14,120,0.37,241,1207,0,0,241,1207,0,0
14,124,2,79,122,20,31,20,31,0,0
15,7,2,129,258,32,65,32,65,0,0
15,15,0.18,91,182,23,46,23,46,0,0
15,16,0.08,40,81,10,20,10,20,0,0
15,37,0.99,171,341,43,85,43,85,0,0
15,38,1.01,196,391,49,98,49,98,0,0
15,39,0.42,163,327,0,0,163,327,0,0
15,40,0.58,228,455,0,0,228,455,0,0
15,118,0.7,234,701,0,0,234,701,0,0
15,119,4.2,1188,4773,0,0,1188,4773,0,0
15,120,2.77,867,3762,0,0,867,3762,0,0
15,124,0.11,15,30,4,8,4,8,0,0
16,15,0.53,271,541,68,135,68,135,0,0
16,16,0.21,104,209,26,52,26,52,0,0
16,115,0.04,101,303,25,76,25,76,0,0
16,116,1.96,2408,7224,602,1806,602,1806,0,0
16,119,3.71,1123,4413,0,0,1123,4413,0,0
16,120,5.36,1423,6588,0,0,1423,6588,0,0
16,124,1.89,408,1108,102,277,102,277,0,0
17,115,3.54,2987,11019,0,0,2987,11019,0,0
17,116,2.32,2376,4790,10,29,2346,4703,0,0
17,117,0.07,9,18,0,0,9,18,0,0
17,120,0.89,944,10382,0,0,944,10382,0,0
18,115,3.18,449,1430,78,234,214,728,0,0
18,116,3.72,4624,13698,76,215,4396,13053,0,0
18,119,3.33,3939,13057,607,1752,2119,7801,0,0
18,120,1.76,1700,9310,117,1047,1348,6169,0,0
18,121,6.05,2937,18508,104,785,2624,16152,0,0
18,122,0.7,607,1820,0,0,607,1820,0,0
18,123,2,207,401,52,100,52,100,0,0
19,79,2.48,392,1042,194,453,66,196,0,0
19,80,1.42,111,223,109,217,1,2,0,0
19,83,4.94,176,349,16,31,16,31,0,0
19,84,6,614,1228,558,1116,19,37,0,0
19,116,0.17,22,56,3,5,14,41,0,0
19,118,1.99,1613,4733,13,13,1573,4692,0,0
19,119,0.64,1569,6154,27,80,1489,5915,0,0
19,120,5.33,5575,37622,187,1418,5014,33367,0,0
19,121,9.06,5029,27762,80,356,4788,26693,0,0
19,122,10.06,2645,7049,63,129,2456,6662,0,0
20,78,3.1,200,384,168,332,11,17,0,0
20,79,12.17,1410,2805,1304,2609,26,53,0,0
20,80,8.97,1034,2215,593,1332,147,294,0,0
20,81,2.68,228,456,201,401,0,0,0,0
20,82,3.67,454,841,454,841,0,0,0,0
20,83,11.79,776,1608,703,1488,10,12,0,0
20,119,1,73,145,0,0,73,145,0,0
20,120,5.03,475,1462,49,134,329,1060,0,0
20,121,1.66,279,773,0,0,279,773,0,0
20,122,0.4,160,320,0,0,160,320,0,0
21,77,4.08,706,1624,536,1143,56,160,0,0
21,78,10.46,1731,3770,834,1754,763,1796,0,0
21,79,16.03,1925,3981,731,1647,828,1651,0,0
21,80,12.36,1316,2675,395,804,928,1860,0,0
21,81,9.82,994,2224,894,1963,33,87,0,0
21,82,12.75,1028,2165,946,2001,7,14,0,0
21,83,0.47,42,83,41,83,0,0,0,0
21,118,5.06,1551,9073,65,258,1357,8298,0,0
21,119,0.13,71,637,0,0,71,637,0,0
21,120,3.8,2680,5570,69,188,2474,5006,0,0
21,121,5.85,3810,20452,20,68,3750,20247,0,0
21,122,3.63,1837,12754,33,71,1737,12542,0,0
21,123,1,18,18,4,4,4,4,0,0
22,76,6.62,796,1651,793,1645,1,2,0,0
22,77,9.17,889,1616,883,1607,2,3,0,0
22,78,27.14,2971,6924,1320,3169,804,1818,0,0
22,79,44.17,3759,10145,1782,5042,552,1426,0,0
22,80,21.44,3423,8296,717,1985,2583,6101,0,0
22,81,30.58,1776,3936,1272,2942,133,273,0,0
22,82,6.06,429,773,388,715,5,11,0,0
22,118,1.57,214,797,0,0,214,797,0,0
22,119,1.48,280,733,4,4,269,721,0,0
22,120,1.63,3644,20710,0,0,3644,20710,0,0
22,121,7.71,6654,39929,36,184,6547,39376,0,0
22,122,4.01,5163,30877,83,230,4913,30187,0,0
22,123,0.13,110,690,3,27,100,607,0,0
23,8,1,560,560,140,140,140,140,0,0
23,74,0.52,395,1185,0,0,395,1185,0,0
23,77,9,825,1588,789,1516,12,24,0,0
23,78,9.61,1814,4192,451,990,944,2364,0,0
23,79,23.24,2360,4887,804,1928,909,1865,0,0
23,80,17,1867,5448,657,1658,306,683,580,2319
23,81,9.06,1043,2534,1001,2444,14,30,0,0
23,82,2.74,656,1313,207,415,150,299,0,0
23,118,0.5,160,640,40,160,40,160,0,0
23,119,1.73,1412,4324,0,0,1412,4324,0,0
23,120,2.36,732,3557,81,375,491,2433,0,0
23,121,5.97,3404,17784,80,318,3166,16830,0,0
23,122,5.81,1334,7890,31,173,1240,7372,0,0
23,123,2.74,895,6033,23,248,828,5289,0,0
23,124,2,653,1902,162,465,168,506,0,0
23,125,1.71,540,1081,3,5,532,1065,0,0
23,127,5.43,977,1396,890,1223,29,58,0,0
24,74,2.49,1194,3492,15,31,1148,3400,0,0
24,75,0.22,650,1301,0,0,650,1301,0,0
24,77,5.66,704,1534,608,1249,32,95,0,0
24,78,5,1273,2655,527,1171,249,495,0,0
24,79,25.01,5017,14145,1699,4902,1152,3219,0,0
24,80,27.67,2553,6271,1236,3026,400,1026,0,0
24,81,15.83,1637,3496,1170,2652,112,224,0,0
24,82,1,132,263,132,263,0,0,0,0
24,112,1,151,301,38,75,38,75,0,0
24,113,0.54,425,1666,106,417,106,417,0,0
24,118,0.5,158,633,40,158,40,158,0,0
24,119,1.66,640,726,2,24,633,655,0,0
24,120,11.16,1676,9449,103,541,1367,7826,0,0
24,121,7.37,4266,19496,0,0,4266,19496,0,0
24,122,5.01,2160,7864,1,5,2157,7847,0,0
24,123,7.54,6207,38801,211,1012,5574,35765,0,0
24,124,4.93,7084,37771,0,0,7084,37771,0,0
24,125,0.99,1046,9460,5,5,1038,9452,0,0
24,126,17.53,811,1652,555,1176,31,50,0,0
24,127,25.36,2040,4845,1864,4507,37,70,0,0
25,75,2.62,2185,4370,15,30,2140,4281,0,0
25,76,0.58,542,1084,57,114,485,970,0,0
25,77,4.06,368,730,363,725,2,2,0,0
25,78,16.86,2159,5078,976,2405,384,875,0,0
25,79,19.8,2097,5200,1273,3351,212,491,0,0
25,80,10.03,2049,5764,351,935,1346,3970,0,0
25,81,21.58,1900,3743,1011,1975,156,326,0,0
25,82,8.85,433,647,312,473,43,78,0,0
25,108,6.92,1266,10246,57,357,1096,9175,0,0
25,109,0.97,435,4850,14,71,394,4637,0,0
25,113,3.7,1405,4534,300,931,506,1741,0,0
25,114,4.06,525,2766,116,644,176,833,0,0
25,117,2,145,290,36,73,36,73,0,0
25,118,0.97,367,733,92,183,92,183,0,0
25,120,0.29,199,398,50,99,50,99,0,0
25,121,0.61,421,841,105,210,105,210,0,0
25,124,0.09,189,756,0,0,189,756,0,0
25,125,0.24,517,5689,0,0,517,5689,0,0
25,126,19.94,797,1182,558,806,45,75,0,0
25,127,9.14,645,1270,420,834,22,38,0,0
26,76,1.57,499,997,100,200,398,797,0,0
26,77,2.77,850,1148,204,501,647,647,0,0
26,78,8.7,515,1268,463,1186,13,16,0,0
26,79,6.83,782,1583,701,1419,27,55,0,0
26,80,10.39,1066,2400,938,2030,38,114,0,0
26,81,8.19,639,1391,340,713,93,220,0,0
26,82,11,1321,2834,698,1615,237,465,0,0
26,109,1.11,34,144,9,36,9,36,0,0
26,113,4.22,1390,4793,85,220,1134,4133,0,0
26,114,1.48,909,1945,8,16,885,1898,0,0
26,115,2,255,764,64,191,64,191,0,0
26,116,4.15,1654,5636,119,406,1297,4419,0,0
26,117,2.64,501,1598,49,177,354,1067,0,0
26,118,3.69,702,2374,175,593,175,593,0,0
26,119,2,746,2238,187,560,187,560,0,0
26,121,0.11,75,151,19,38,19,38,0,0
27,76,0.03,17,33,0,0,17,33,0,0
27,77,2.14,550,1119,30,81,499,997,0,0
27,78,0.16,12,43,11,42,0,0,0,0
27,79,6,460,919,396,792,1,3,0,0
27,80,0.69,39,82,26,52,1,3,0,0
27,81,0.7,75,149,75,149,0,0,0,0
27,82,1.11,116,232,29,58,29,58,0,0
27,83,1.11,33,65,8,16,8,16,0,0
27,109,2,196,393,49,98,49,98,0,0
27,113,2.63,249,2309,62,577,62,577,0,0
27,114,9.04,2547,26093,199,1533,1950,21494,0,0
27,115,3,404,1065,101,266,101,266,0,0
27,116,4.07,556,2573,94,463,274,1185,0,0
27,117,7.86,2749,12120,687,3030,687,3030,0,0
27,118,1.02,809,3236,202,809,202,809,0,0
27,119,1,31,31,8,8,8,8,0,0
28,80,1,1114,2228,0,0,1114,2228,0,0
28,82,0.43,53,105,13,26,13,26,0,0
28,83,0.35,80,160,20,40,20,40,0,0
28,108,1.7,264,466,15,15,217,419,0,0
28,109,3.3,750,2166,166,499,251,668,0,0
28,113,0.31,33,134,8,33,8,33,0,0
28,114,1.02,73,211,18,53,18,53,0,0
28,115,1.15,1565,6766,88,177,1300,6236,0,0
28,116,0.85,2441,11960,20,41,2380,11838,0,0
28,117,1.25,582,1969,145,492,145,492,0,0
28,118,0.36,305,1218,76,305,76,305,0,0
29,79,2.64,1128,2256,0,0,1128,2256,0,0
29,80,5.24,378,826,120,339,234,459,0,0
29,81,0.06,49,98,0,0,49,98,0,0
29,82,0.94,765,1530,0,0,765,1530,0,0
29,83,0.79,865,947,0,0,865,947,0,0
29,84,1.19,1708,3159,0,0,1708,3159,0,0
29,111,1,122,244,30,61,30,61,0,0
29,116,3,804,4322,201,1080,201,1080,0,0
29,117,1.47,896,2706,31,97,804,2416,0,0
29,118,1.56,1119,3357,0,0,1119,3357,0,0
30,76,0.17,134,267,0,0,134,267,0,0
30,77,0.83,631,1262,0,0,631,1262,0,0
30,78,0.47,778,2195,0,0,778,2195,0,0
30,79,1.91,1910,2570,0,0,1910,2570,0,0
30,83,0.18,129,386,0,0,129,386,0,0
30,84,0.02,26,26,0,0,26,26,0,0
30,116,0.92,50,151,13,38,13,38,0,0
30,117,1.05,291,1447,73,362,73,362,0,0
31,78,0.73,1695,5085,0,0,1695,5085,0,0
31,82,0.01,5,14,0,0,5,14,0,0
31,83,0.81,583,1749,0,0,583,1749,0,0
34,32,2,180,294,131,245,17,17,0,0
34,127,3,120,240,0,0,12,24,0,0
36,23,4.3,1005,2611,56,113,835,2272,0,0
36,24,0.41,791,2373,0,0,791,2373,0,0
37,23,4.82,1238,2997,0,0,1238,2997,0,0
37,24,1.47,961,2780,13,13,922,2742,0,0
38,23,1,38,38,10,10,10,10,0,0
38,24,0.74,28,28,7,7,7,7,0,0
38,41,6,341,861,217,610,42,84,0,0
38,127,1,42,84,42,84,0,0,0,0
39,24,1.26,45,80,11,20,11,20,0,0
39,41,3,311,620,39,39,39,39,0,0
39,127,2,274,548,171,342,34,68,0,0
40,24,1,36,73,9,18,9,18,0,0
42,4,1.02,430,1289,19,56,374,1121,0,0
42,5,2.41,2396,7187,29,88,2307,6922,0,0
42,6,0.84,624,1873,156,468,156,468,0,0
42,24,0.03,1,2,0,0,0,0,0,0
42,25,0.97,34,68,9,17,9,17,0,0
43,2,0.27,1569,4806,0,0,1569,4806,0,0
43,3,0.15,1201,4519,0,0,1201,4519,0,0
43,4,3.18,4188,12564,5,14,4174,12521,0,0
43,5,1.47,2437,7310,0,0,2437,7310,0,0
43,6,1.35,950,2370,194,461,369,986,0,0
43,7,0.35,303,887,76,222,76,222,0,0
43,109,1,40,119,10,30,10,30,0,0
43,119,6.52,740,1705,617,1358,41,116,0,0
43,120,1.15,154,308,154,308,0,0,0,0
43,123,1,442,884,111,221,111,221,0,0
43,125,1.97,254,508,155,310,33,66,0,0
44,1,0.35,2173,7108,0,0,2173,7108,0,0
44,2,1.34,8720,32575,0,0,8720,32575,0,0
44,3,0.48,2300,9200,0,0,2300,9200,0,0
44,5,0.01,19,58,0,0,19,58,0,0
44,6,0.21,197,591,49,148,49,148,0,0
44,7,0.17,164,491,41,123,41,123,0,0
44,119,4.3,244,569,223,527,7,14,0,0
44,120,6.2,763,1527,715,1430,16,32,0,0
44,121,1.69,291,582,291,582,0,0,0,0
44,123,4.89,487,889,217,414,21,22,0,0
44,124,8.66,567,1273,397,943,38,73,0,0
44,125,5.79,509,1017,438,875,24,47,0,0
45,1,0.07,560,2239,0,0,560,2239,0,0
45,2,0.34,1388,5552,0,0,1388,5552,0,0
45,13,0.09,29,58,0,0,29,58,0,0
45,42,1,16,16,4,4,4,4,0,0
45,120,6.62,820,1641,820,1641,0,0,0,0
45,121,5.97,525,1015,281,562,70,140,0,0
45,122,4.77,3916,15012,35,71,3764,14708,0,0
45,123,5.13,2446,9426,13,18,2336,9227,0,0
45,124,27.4,1765,4558,1493,3989,90,190,0,0
45,127,1,19,19,5,5,5,5,0,0
46,3,3.49,493,986,465,929,0,0,0,0
46,4,1,122,122,31,31,31,31,0,0
46,5,1,402,1205,100,301,100,301,0,0
46,8,1.9,186,371,176,353,3,6,0,0
46,9,2.3,199,393,195,389,1,1,0,0
46,13,0.91,285,571,0,0,285,571,0,0
46,119,8.42,857,1652,770,1505,6,6,0,0
46,120,14.56,1707,3218,1166,2129,172,348,0,0
46,121,27.56,1732,3960,1142,2770,132,272,0,0
46,122,21.17,1472,3534,948,2368,80,160,0,0
46,123,14.81,1695,5254,467,1117,909,3551,0,0
46,124,5.68,489,1212,363,982,35,87,0,0
46,125,11.77,330,492,79,137,46,70,0,0
46,126,12.78,1332,3372,824,2029,315,909,0,0
46,127,4.28,647,2792,96,352,485,2116,0,0
47,1,5.85,551,880,544,866,2,5,0,0
47,2,8.84,1032,1642,943,1554,12,12,0,0
47,3,6.77,567,1082,554,1047,4,12,0,0
47,4,1.37,66,66,64,64,1,1,0,0
47,8,5.74,569,1185,491,1090,66,72,15,31
47,9,14.43,1335,2228,1050,1750,71,135,0,0
47,10,3.45,250,399,247,393,1,2,0,0
47,118,0.49,428,855,107,214,107,214,0,0
47,119,1.48,551,1102,222,445,109,219,0,0
47,120,9.06,829,1580,677,1428,34,34,0,0
47,121,9.87,883,1765,825,1650,9,18,0,0
47,122,25.83,3348,7428,1412,3419,1045,2150,0,0
47,123,18.49,1684,3524,1277,2897,102,141,0,0
47,124,6.27,809,2114,382,1261,292,583,0,0
47,125,13.8,1103,2140,936,1856,43,70,0,0
47,126,19.25,1310,2738,701,1384,32,45,0,0
48,0,10.2,804,1322,714,1189,16,25,0,0
48,1,6.76,2038,3334,935,1405,368,643,0,0
48,2,12.73,956,1519,870,1433,11,11,0,0
48,3,13.89,979,1922,712,1429,75,150,0,0
48,4,10.21,1165,2389,976,2024,63,121,0,0
48,5,10.38,1466,3131,870,1410,199,574,0,0
48,6,3.47,1562,4457,92,92,1449,4343,0,0
48,7,2.48,715,2051,12,18,665,1975,0,0
48,8,15.67,1370,2692,1055,2086,105,202,0,0
48,9,11.57,620,1146,556,1055,21,30,0,0
48,10,0.83,82,82,82,82,0,0,0,0
48,117,1.1,158,417,27,54,77,255,0,0
48,121,1.12,55,111,15,29,0,0,0,0
48,122,17.22,1429,3255,909,2180,280,571,0,0
48,123,5.18,1212,2892,329,776,294,705,0,0
48,124,29.89,2301,6708,1219,3486,550,1773,0,0
48,125,33.16,3266,8233,1707,4228,212,472,511,1532
48,126,17.99,1351,2698,1132,2260,31,59,0,0
48,127,0.77,68,136,68,136,0,0,0,0
49,0,0.06,8,15,8,15,0,0,0,0
49,1,9.24,2074,2809,507,679,554,772,0,0
49,2,9.6,1549,2855,324,478,1016,2029,0,0
49,3,25.27,3515,8552,881,2211,2407,5823,0,0
49,4,30.16,2722,5884,1785,3628,360,932,0,0
49,5,23.56,2494,6162,827,2062,525,1305,0,0
49,6,15.18,1327,3243,856,2014,52,140,0,0
49,7,16.22,1102,1931,825,1459,101,154,0,0
49,8,8.24,564,1134,533,1096,10,13,0,0
49,9,1.02,106,275,106,275,0,0,0,0
49,116,0.02,13,39,3,10,3,10,0,0
49,117,4.9,920,3567,121,457,556,2195,0,0
49,120,1,18,18,4,4,4,4,0,0
49,121,2.69,322,620,51,96,18,30,0,0
49,122,2.92,412,631,150,252,87,126,0,0
49,123,5.09,850,2462,380,1118,13,18,0,0
49,124,25.12,2542,5482,1340,2988,345,727,0,0
49,125,46.03,3865,9854,2154,5919,509,1144,0,0
49,126,14.34,1332,3352,547,1406,128,276,0,0
49,127,1.7,93,187,86,171,3,5,0,0
50,1,0.3,140,279,0,0,106,211,0,0
50,2,6.06,1006,2102,458,1007,417,835,0,0
50,3,19.66,1286,2569,569,1193,316,607,0,0
50,4,21.91,2683,6454,995,2572,1364,3160,0,0
50,5,32.3,3025,7014,1513,3682,681,1767,25,76
50,6,35.96,2836,6460,1527,3849,290,619,0,0
50,7,26.81,2948,6207,1735,3613,377,819,0,0
50,8,10.19,763,1446,709,1380,18,22,0,0
50,9,2.29,162,320,155,309,2,4,0,0
50,115,1.02,13,17,2,2,7,11,0,0
50,116,5.77,2913,8205,486,1446,1455,3867,0,0
50,117,3.12,694,2062,112,332,357,1067,0,0
50,121,3,194,387,65,130,10,20,0,0
50,123,1.82,228,672,58,170,54,163,0,0
50,124,28.77,1984,3858,1542,3044,80,148,0,0
50,125,10.54,688,1506,419,966,85,164,0,0
50,126,34.79,2680,6891,2042,5260,152,372,0,0
50,127,11.37,705,1572,466,1071,74,170,0,0
51,1,1.64,254,597,254,597,0,0,0,0
51,2,7.21,1021,2479,1021,2479,0,0,0,0
51,3,9.09,844,1887,493,1036,39,49,0,0
51,4,19.27,1587,3070,1238,2399,110,217,0,0
51,5,25.61,1716,4325,749,1849,223,537,435,1305
51,6,29.75,2574,6026,1388,3418,273,640,3,10
51,7,25.78,3698,9539,1243,3338,816,2063,0,0
51,8,7.82,1115,2122,484,1000,210,374,0,0
51,9,1.32,105,250,102,247,1,1,0,0
51,114,1,263,526,66,132,66,132,0,0
51,115,5,871,2305,105,311,759,1980,0,0
51,116,2.13,522,1142,38,101,408,840,0,0
51,117,3.75,2231,4461,110,220,1901,3802,0,0
51,118,0.72,406,813,0,0,406,813,0,0
51,120,1,26,52,6,13,6,13,0,0
51,124,7.93,586,948,508,848,40,61,0,0
51,125,6.38,611,1221,480,959,97,194,0,0
51,126,8.57,686,1879,183,522,14,25,0,0
51,127,6.65,607,1390,516,1159,51,98,0,0
52,1,1.99,189,469,189,469,0,0,0,0
52,2,8.13,688,1663,439,1165,83,166,0,0
52,3,2.08,391,781,391,781,0,0,0,0
52,4,18.85,1840,3442,711,1292,371,701,0,0
52,5,33.47,2283,4780,1441,3072,186,361,0,0
52,6,13.15,2082,4441,880,1839,399,864,0,0
52,7,52.22,4768,11783,1795,4706,977,2195,0,0
52,8,22.18,3129,6762,1136,2411,1191,2770,0,0
52,9,2.29,327,524,327,524,0,0,0,0
52,114,1,9,17,2,4,2,4,0,0
52,115,4.65,757,1743,3,5,747,1727,0,0
52,116,5.88,1278,2360,215,324,897,1650,0,0
52,117,9.87,2477,6634,170,400,2354,6393,0,0
52,118,4.51,2523,5057,116,232,2516,5042,0,0
52,127,12.7,999,2152,559,1183,100,230,0,0
53,2,0.17,55,110,14,28,14,28,0,0
53,4,4,204,394,167,331,12,21,0,0
53,5,17.87,977,1569,863,1391,29,41,0,0
53,6,7.75,630,1123,571,1023,20,33,0,0
53,7,20.01,1349,2419,754,1477,155,274,0,0
53,8,8.83,1047,1758,681,1349,127,152,0,0
53,9,4.17,1143,1289,579,724,177,177,0,0
53,10,2.87,368,873,368,873,0,0,0,0
53,114,1.59,468,1135,0,0,468,1135,0,0
53,115,4.62,1652,2072,103,152,1343,1617,0,0
53,116,3.01,248,471,23,44,179,340,0,0
53,117,2.86,1842,3712,435,870,537,1101,0,0
53,118,0.81,112,225,5,11,96,192,0,0
53,120,0.57,109,109,109,109,0,0,0,0
54,5,2.31,289,625,108,263,60,121,0,0
54,6,2.97,472,1293,472,1293,0,0,0,0
54,7,11.88,1361,2845,757,1705,181,340,0,0
54,8,21.12,1679,3437,1292,2665,129,257,0,0
54,9,17.55,1485,2972,1301,2572,49,109,0,0
54,10,12.78,1167,2729,1099,2616,5,6,0,0
54,11,1,90,179,90,179,0,0,0,0
54,113,1,8,8,2,2,2,2,0,0
54,114,2.05,358,1047,2,2,353,1041,0,0
54,115,1.48,1829,1829,36,36,1721,1721,0,0
54,116,4.97,139,139,32,32,44,44,0,0
54,117,5.07,470,1038,424,946,15,31,0,0
54,118,10.36,1308,2482,1125,2116,61,122,0,0
54,119,5.4,444,889,440,880,1,3,0,0
54,120,7.43,2115,4099,85,87,1954,3860,0,0
54,121,2.95,412,777,43,86,412,777,0,0
54,125,4.74,411,807,249,494,54,104,0,0
54,126,1.17,167,333,142,284,0,0,0,0
55,6,9.61,720,1477,563,1204,24,35,0,0
55,7,11.8,1371,2368,986,1717,105,194,0,0
55,8,3.79,705,1410,440,880,88,177,0,0
55,9,9.43,834,1656,537,1078,109,222,0,0
55,10,1.9,219,572,219,572,0,0,0,0
55,114,1.64,114,201,10,13,93,180,0,0
55,115,10.4,3711,7702,138,263,3666,7648,0,0
55,116,1.95,281,563,281,563,0,0,0,0
55,117,16.27,1507,2950,1484,2911,8,13,0,0
55,118,15.35,1336,2648,1290,2576,6,8,0,0
55,119,11.31,633,1260,611,1221,7,13,0,0
55,120,4.77,437,943,259,607,91,174,0,0
55,121,8.7,613,1009,351,551,195,385,0,0
55,122,2.17,54,85,24,42,13,19,0,0
55,123,1.99,180,348,171,338,3,3,0,0
55,124,7.04,907,1815,896,1791,4,8,0,0
55,125,8.91,1411,3095,836,1946,413,825,0,0
55,126,1.2,159,440,123,369,0,0,0,0
56,8,0.05,6,13,6,13,0,0,0,0
56,9,2.91,738,1476,120,239,618,1235,0,0
56,115,2.96,1031,2215,123,246,908,1970,0,0
56,116,19,1418,3077,1389,3016,10,20,0,0
56,117,13.23,1095,2356,1086,2344,3,4,0,0
56,118,0.04,6,11,6,11,0,0,0,0
56,120,1.29,79,130,51,101,0,0,0,0
56,121,15.67,887,1712,658,1379,58,93,0,0
56,122,5.46,935,2493,100,177,741,2173,0,0
56,123,7.28,788,1649,745,1489,1,1,0,0
56,124,14.83,1574,3070,1492,2971,14,14,0,0
56,125,13.51,1464,2900,1439,2875,3,3,0,0
56,126,9.29,935,1851,906,1807,10,15,0,0
57,84,4.95,1517,3933,0,0,1517,3933,0,0
57,85,3.34,300,661,41,83,176,413,0,0
57,114,0.04,7,7,7,7,0,0,0,0
57,115,10.35,1076,1397,530,767,182,210,0,0
57,116,10.86,1192,2271,1150,2206,14,22,0,0
57,117,0.83,87,173,86,172,0,0,0,0
57,118,2.1,145,468,135,458,0,0,0,0
57,119,4.11,640,2500,505,2232,70,250,0,0
57,122,4.92,505,1343,473,1280,0,0,0,0
57,123,14.46,1217,2412,1117,2232,30,54,0,0
57,124,17.29,1733,3435,1636,3272,3,7,0,0
57,125,13.35,1454,2888,1403,2806,10,20,0,0
57,126,19.27,1731,3444,1639,3278,25,49,0,0
57,127,8.67,974,1932,953,1902,7,10,0,0
58,83,3.06,155,290,28,51,71,136,0,0
58,84,1.65,1953,5377,0,0,1953,5377,0,0
58,108,0.09,86,171,0,0,86,171,0,0
58,114,6.92,498,684,318,364,60,107,0,0
58,115,19.95,1851,2981,892,1483,320,499,0,0
58,116,5.52,362,624,191,342,49,77,0,0
58,117,14.59,1107,2289,882,1872,79,148,0,0
58,118,8.15,843,2347,419,1269,210,666,0,0
58,119,0.35,91,362,91,362,7,29,0,0
58,120,3.43,1225,2494,723,723,450,1719,0,0
58,121,8.63,884,1834,654,1419,33,51,0,0
58,122,22.71,1492,3497,1101,2725,97,175,0,0
58,123,13.38,981,1963,774,1547,69,138,0,0
58,124,16.91,1671,3311,1573,3144,21,39,0,0
58,125,15.28,1370,2703,1241,2473,19,28,0,0
58,126,15.43,1094,2229,955,1991,46,79,0,0
58,127,0.01,1,1,1,1,0,0,0,0
59,1,1,316,632,0,0,316,632,0,0
59,11,0.63,534,1068,0,0,534,1068,0,0
59,12,0.36,307,613,0,0,307,613,0,0
59,108,0.89,893,1787,0,0,893,1787,0,0
59,109,0.03,28,56,0,0,28,56,0,0
59,113,1.09,217,434,54,109,54,109,0,0
59,114,1.91,326,651,81,163,81,163,0,0
59,115,0.04,7,7,2,2,2,2,0,0
59,116,11.1,895,1809,781,1685,30,34,0,0
59,117,13.95,966,1910,647,1374,52,81,0,0
59,118,9.54,585,1121,437,862,49,86,0,0
59,119,1.53,473,1878,142,563,469,1873,0,0
59,120,4.17,1484,4698,201,570,969,3191,0,0
59,121,35.22,2339,5006,1987,4456,94,144,0,0
59,122,41.64,2141,4698,1813,4076,84,156,0,0
59,123,17.69,1577,3098,1420,2836,11,18,0,0
59,124,17.79,1841,3681,1704,3407,6,11,0,0
59,125,18.16,1765,3462,1658,3306,67,125,0,0
59,126,3.86,142,239,108,205,11,11,0,0
60,110,1.81,1175,2349,0,0,1175,2349,0,0
60,111,0.19,211,422,0,0,211,422,0,0
60,112,6.59,1215,2665,470,1147,210,430,0,0
60,113,10.64,599,1430,453,1060,82,247,0,0
60,114,4.14,392,959,321,817,24,47,0,0
60,115,10.27,385,600,174,280,31,42,0,0
60,116,24.46,2050,4311,1614,3495,92,166,0,0
60,117,0.26,32,63,25,49,2,5,0,0
60,118,7.46,1456,3458,359,863,195,370,0,0
60,119,19.89,1300,3238,746,2022,354,822,0,0
60,120,19.16,1947,4797,1000,2807,401,837,0,0
60,121,20.29,1276,2617,893,1911,86,136,0,0
60,122,24.41,1818,4477,1602,4043,12,25,0,0
60,123,22.74,1375,3059,1080,2440,52,112,0,0
60,124,19.54,1651,3295,1597,3210,18,28,0,0
60,125,4.43,614,1227,612,1223,0,0,0,0
61,110,3.88,630,1265,157,316,157,316,0,0
61,111,15.39,1950,4022,1206,2542,490,977,0,0
61,112,8.4,1225,2523,429,876,286,591,0,0
61,113,8.66,548,1041,231,461,77,154,0,0
61,114,20.38,1796,4504,1161,3036,589,1705,0,0
61,115,21.56,1638,3734,1298,3132,57,88,0,0
61,116,5.77,255,527,187,421,19,32,0,0
61,117,13.37,1076,2997,277,770,574,1614,0,0
61,118,37.93,3004,7329,1488,3751,408,1022,0,0
61,119,17.32,1508,3730,938,2363,154,383,0,0
61,120,27.5,1609,3674,1395,3338,92,165,0,0
61,121,11.23,664,1368,573,1199,4,4,0,0
61,122,24.1,1625,3426,1361,2961,30,59,0,0
61,123,18.06,1604,3300,1327,2768,69,130,0,0
61,124,4.68,329,658,317,634,4,8,0,0
62,102,1,17,34,0,0,0,0,17,34
62,109,6.01,427,950,330,739,32,70,0,0
62,110,21.85,2406,5351,1088,2530,404,857,0,0
62,111,14.6,1724,4055,1419,3158,4,6,0,0
62,112,7.67,1163,2818,618,1236,2,4,0,0
62,113,1,189,378,0,0,0,0,0,0
62,114,8.4,707,1387,652,1320,18,23,0,0
62,115,15.03,979,2250,693,1689,77,150,0,0
62,116,12.49,1097,2556,337,932,115,265,0,0
62,117,21.9,1948,4668,1287,3236,143,295,0,0
62,118,29.88,3028,7204,1353,3090,319,784,0,0
62,119,18.21,1605,3769,1378,3337,27,47,0,0
62,120,27.37,1522,3123,1231,2581,54,95,0,0
62,121,16.21,1171,2343,1087,2187,19,35,0,0
62,122,11.01,932,1613,925,1602,2,4,0,0
62,123,4.87,458,726,448,716,4,4,0,0
63,109,9.3,1114,2490,370,864,202,451,0,0
63,110,18,1181,2326,1056,2154,29,45,0,0
63,111,10.3,678,1441,566,1228,28,57,0,0
63,112,0.35,250,749,0,0,0,0,0,0
63,114,2.06,69,129,12,14,2,3,0,0
63,115,14.4,1521,2888,935,1900,163,290,0,0
63,116,42.02,3283,8866,1585,4313,906,2764,0,0
63,117,30.35,3633,8365,1764,4374,410,911,527,1054
63,118,41.66,3338,9112,1454,4245,584,1601,0,0
63,119,18.98,1472,3650,875,2244,178,441,0,0
63,120,8.59,656,1308,643,1285,3,5,0,0
63,121,0.9,24,47,8,16,0,0,0,0
63,122,0.06,67,133,0,0,67,133,0,0
64,24,2,102,205,26,51,26,51,0,0
64,48,0.95,1853,7412,0,0,1853,7412,0,0
64,108,2.94,401,1348,358,1305,0,0,0,0
64,109,10.11,842,1928,742,1794,19,31,0,0
64,110,7.15,894,1797,278,618,202,390,0,0
64,113,0.42,9,9,2,2,2,2,0,0
64,114,3.7,383,429,319,365,21,21,0,0
64,115,31.86,2088,4054,1130,2223,202,394,0,0
64,116,34.87,3789,9593,2350,6126,707,2067,0,0
64,117,27.55,2541,6329,1275,3314,501,1257,0,0
64,118,25.34,1690,4314,838,2190,233,616,0,0
64,119,5.98,513,1016,431,859,28,53,0,0
64,122,1.94,1178,2298,0,0,1178,2298,0,0
65,48,0.05,93,372,0,0,93,372,0,0
65,108,4.48,261,655,205,542,19,37,0,0
65,109,19.22,1760,4392,747,1754,338,879,0,0
65,110,10.24,4512,13101,529,1432,3790,11289,0,0
65,111,2.23,1530,4152,81,135,1285,3747,0,0
65,113,2.53,79,79,20,20,20,20,0,0
65,114,0.06,4,6,2,4,1,1,0,0
65,115,20.09,2926,5727,1528,3008,446,873,0,0
65,116,49.66,2883,5997,1800,4087,163,247,0,0
65,117,26.19,1879,4281,1319,3222,74,142,0,0
65,118,14.74,1410,3170,836,1889,191,427,0,0
65,119,1.25,57,114,34,68,8,15,0,0
65,120,3,1316,3177,0,0,1316,3177,0,0
65,123,0.03,1,1,0,0,1,1,0,0
66,48,2.21,48,80,31,59,5,7,0,0
66,49,6.39,2540,7342,15,44,2540,7342,0,0
66,50,0.09,21,63,6,19,21,63,0,0
66,100,0.18,269,537,0,0,269,537,0,0
66,107,1.93,1039,3118,0,0,1039,3118,0,0
66,108,1.07,73,166,13,26,34,87,0,0
66,109,2.25,322,733,81,183,81,183,0,0
66,110,1.04,482,1184,66,131,285,791,0,0
66,111,0.01,27,80,0,0,27,80,0,0
66,114,2.01,115,231,86,172,0,0,0,0
66,115,23.32,1726,3036,1436,2510,75,141,0,0
66,116,27.05,2334,4659,1748,3500,57,110,0,0
66,117,20.58,1811,4370,1524,3797,59,118,0,0
66,118,13.92,1099,2051,384,853,319,469,0,0
66,119,11.09,1069,1869,315,695,552,819,0,0
66,123,0.97,39,39,0,0,39,39,0,0
66,124,0.53,734,2202,0,0,734,2202,0,0
66,125,0.45,622,1865,0,0,622,1865,0,0
67,48,13.79,1082,2188,966,2055,15,21,0,0
67,49,5.32,619,1673,343,869,294,879,0,0
67,50,1.3,256,585,205,433,73,218,0,0
67,100,0.81,1185,2371,0,0,1185,2371,0,0
67,109,1,33,33,8,8,8,8,0,0
67,113,1.39,32,64,4,7,4,7,0,0
67,114,16.43,1137,2434,891,1940,82,164,0,0
67,115,23.14,2132,4883,1306,2897,432,1179,0,0
67,116,21.56,1846,4576,1071,2465,575,1705,0,0
67,117,6.37,1354,2708,260,519,1026,2052,0,0
67,118,1.9,1290,3601,0,0,1290,3601,0,0
67,119,3.97,510,1020,128,255,128,255,0,0
67,124,0.01,18,53,0,0,18,53,0,0
67,125,1,356,713,0,0,356,713,0,0
68,45,1,290,869,0,0,290,869,0,0
68,47,8.23,553,1061,504,1008,1,2,0,0
68,48,23.78,1564,2956,1281,2450,38,59,0,0
68,49,22.13,2573,6935,1488,4204,485,1180,0,0
68,50,3.7,1924,5640,9,18,1903,5606,0,0
68,51,0.39,10,10,2,2,2,2,0,0
68,99,0.98,75,75,19,19,19,19,0,0
68,100,0.02,1,1,0,0,0,0,0,0
68,113,0.49,29,58,20,39,0,0,0,0
68,114,15.05,1083,2104,849,1691,67,127,0,0
68,115,17.55,1449,3166,939,2157,149,315,0,0
68,116,9.05,1466,3688,811,1971,488,1383,0,0
68,117,0.06,10,20,9,17,1,3,0,0
69,46,2.52,251,502,240,480,4,7,0,0
69,47,17.94,1174,2265,1036,2059,21,29,0,0
69,48,22.23,1791,3934,852,1850,524,1491,0,0
69,49,17.73,2774,7144,908,2279,889,2402,0,0
69,50,17.49,4293,11462,407,1041,3739,10147,0,0
69,51,3.06,690,1959,44,79,624,1853,0,0
69,52,3.38,666,1656,85,171,410,1145,0,0
69,107,0.69,22,45,6,11,6,11,0,0
69,108,0.31,10,20,2,5,2,5,0,0
69,109,0.65,18,18,18,18,0,0,0,0
69,110,0.51,17,17,12,12,2,2,0,0
69,113,1.84,184,321,138,275,0,0,0,0
69,114,17.12,1430,2842,1295,2585,45,86,0,0
69,115,14.35,1446,3079,860,1800,170,401,0,0
69,116,7.38,1068,2290,449,754,206,512,0,0
70,44,0.51,121,242,30,61,30,61,0,0
70,45,2.49,243,486,61,121,61,121,0,0
70,46,4.24,215,439,202,406,4,11,0,0
70,47,15.29,901,1760,796,1582,30,49,0,0
70,48,21.94,2965,7330,1090,2213,1777,5047,0,0
70,49,20.17,3005,8283,835,2316,1369,3891,267,802
70,50,33.51,3628,10051,1513,4127,839,2434,75,225
70,51,16.31,2282,5231,762,1607,481,1211,0,0
70,52,6,784,2149,196,536,197,540,0,0
70,110,1.84,72,108,18,27,18,27,0,0
70,114,11.75,870,1834,732,1588,35,60,0,0
70,115,15.15,1319,2825,1156,2524,50,96,0,0
70,117,0.17,160,479,0,0,160,479,0,0
70,119,0.01,3,5,1,1,1,1,0,0
71,47,15.88,1105,2184,848,1668,39,79,0,0
71,48,21.49,1722,3890,1087,2557,114,227,0,0
71,49,17.49,2129,4596,1094,2358,463,1203,0,0
71,50,25.97,3433,7281,1044,2325,1726,3674,0,0
71,51,33.66,2846,6241,1447,3322,388,835,0,0
71,52,2.69,792,1282,198,320,198,320,0,0
71,114,0.68,57,114,57,114,0,0,0,0
71,115,4,278,546,268,535,3,4,0,0
71,116,1.13,1003,1014,12,24,991,991,0,0
71,117,3.05,1124,3247,149,448,974,2798,0,0
71,119,0.99,298,596,75,149,75,149,0,0
72,47,11.13,1392,2766,413,821,495,985,0,0
72,48,34.18,2349,5138,1463,3334,151,286,0,0
72,49,10.98,795,1283,656,1143,18,19,0,0
72,50,8.21,569,1114,496,995,49,65,0,0
72,51,4.44,374,818,235,487,47,110,0,0
72,52,4.15,1898,3915,474,979,474,979,0,0
72,53,0.65,278,278,69,69,69,69,0,0
72,115,2.29,1143,2746,0,0,1143,2746,0,0
72,116,3.94,2031,4061,80,160,1903,3807,0,0
72,117,8.96,2345,7359,0,0,2345,7359,0,0
73,32,4,531,1062,220,440,104,207,0,0
73,47,0.38,56,113,56,113,0,0,0,0
73,48,7.04,296,577,88,186,39,39,0,0
73,49,0.5,50,149,50,149,0,0,0,0
73,110,1,15,15,4,4,4,4,0,0
73,115,2,1668,4432,0,0,1668,4432,0,0
73,117,3.46,417,1196,0,0,417,1196,0,0
77,117,0.55,598,2391,0,0,598,2391,0,0
77,118,0.08,88,351,0,0,88,351,0,0
78,61,1,8,8,2,2,2,2,0,0
78,95,4,250,488,114,224,46,88,0,0
78,117,0.22,241,962,0,0,241,962,0,0
78,118,0.15,164,658,0,0,164,658,0,0
79,2,0.08,213,853,0,0,213,853,0,0
79,3,0.05,20,20,5,5,5,5,0,0
79,4,0.95,427,427,107,107,107,107,0,0
79,95,6.02,653,1465,270,698,105,210,0,0
79,96,1.28,111,218,28,54,28,54,0,0
79,123,1,32,64,8,16,8,16,0,0
80,2,0.92,2470,9880,0,0,2470,9880,0,0
80,94,1,797,2392,3,10,788,2364,0,0
80,95,16.78,1535,3332,737,1625,227,490,0,0
80,96,6.31,1142,2731,457,1363,295,723,0,0
80,97,0.24,72,288,72,288,22,86,0,0
81,1,0.13,120,239,30,60,30,60,0,0
81,94,1.05,625,1874,0,0,625,1874,0,0
81,95,5.27,655,1415,249,525,110,246,0,0
81,96,0.04,6,12,6,12,0,0,0,0
82,1,0.87,810,1619,202,405,202,405,0,0
82,126,1,58,115,0,0,58,115,0,0
84,87,2,142,363,95,269,16,31,0,0
84,88,2.07,268,620,130,343,46,93,0,0
84,89,1.24,540,1080,135,270,135,270,0,0
85,66,2.64,413,993,99,198,49,99,0,0
85,82,0.24,174,347,0,0,174,347,0,0
85,87,1,128,255,32,64,32,64,0,0
85,88,11.61,1030,2251,911,2041,3,3,0,0
85,89,10.98,1725,3366,723,1424,332,643,0,0
86,66,0.36,27,55,27,55,0,0,0,0
86,69,3.69,329,658,311,622,6,12,0,0
86,71,4,513,1026,128,256,128,256,0,0
86,72,3.73,532,1064,133,266,133,266,0,0
86,73,6.12,810,1336,202,334,202,334,0,0
86,74,8.92,645,897,599,841,15,19,0,0
86,75,4.55,342,685,333,666,3,6,0,0
86,82,3.76,2014,4187,0,0,2014,4187,0,0
86,84,2.65,190,408,47,102,47,102,0,0
86,85,6.81,1366,2711,597,1193,249,499,0,0
86,86,1.52,155,314,59,122,13,25,0,0
86,87,12.89,1780,4307,625,1672,312,733,0,0
86,88,17.78,1534,3492,939,2048,175,440,0,0
86,89,3.01,354,794,250,586,35,69,0,0
86,116,1,209,418,52,104,52,104,0,0
87,58,1,10,10,2,2,2,2,0,0
87,69,6.39,458,1069,309,777,50,97,0,0
87,70,5.18,868,1842,538,969,110,291,0,0
87,71,9.49,1194,2062,376,587,497,968,0,0
87,72,7.35,1104,2310,295,466,445,1139,0,0
87,73,5.14,1600,4291,29,42,1544,4194,0,0
87,74,11.68,967,1784,809,1490,26,44,0,0
87,75,22.84,1569,2409,1382,2101,23,34,0,0
87,76,0.62,72,72,72,72,0,0,0,0
87,81,3,206,377,180,351,9,9,0,0
87,82,3.23,406,812,395,791,3,7,0,0
87,83,0.35,45,91,45,91,0,0,0,0
87,85,6.75,657,1423,553,1270,35,51,0,0
87,86,14.61,1983,5529,1003,2694,122,535,0,0
87,87,8.21,889,2009,573,1307,100,224,0,0
87,88,6.04,564,1656,275,682,96,325,0,0
88,70,1.99,203,243,69,109,29,29,0,0
88,71,7.28,756,1189,557,922,32,32,0,0
88,72,3.56,742,1608,167,224,443,1149,0,0
88,73,7.34,1437,3230,175,339,1238,2867,0,0
88,74,5.63,585,1073,563,1030,7,14,0,0
88,75,13.83,1165,1885,1069,1774,25,25,0,0
88,76,4.81,523,1002,375,712,49,97,0,0
88,77,7.03,737,1365,598,1169,46,65,0,0
88,81,1,39,78,10,20,10,20,0,0
88,82,0.42,163,325,163,325,0,0,0,0
88,86,3.02,208,440,190,406,6,11,0,0
88,87,13.49,2636,6370,978,2636,518,1175,0,0
88,88,15.21,1155,2625,801,1846,118,260,0,0
89,71,13.55,1996,4245,616,1247,992,2350,0,0
89,72,26.02,2637,6336,1005,2492,1253,3078,0,0
89,73,20.89,2567,5452,855,1786,1087,2307,0,0
89,74,17.15,1651,3133,955,1853,109,206,0,0
89,75,16.47,1146,2111,970,1925,39,43,0,0
89,76,9.31,1210,2043,918,1464,97,193,0,0
89,77,2.29,396,996,99,249,99,249,0,0
89,80,1,13,13,3,3,3,3,0,0
89,86,2.02,68,166,17,42,21,48,0,0
89,87,11.75,1004,2341,672,1691,71,141,0,0
89,88,9.51,1775,4795,389,1096,666,1642,0,0
89,89,5.32,708,1869,120,297,347,976,0,0
89,90,1.67,526,1579,0,0,526,1579,0,0
90,69,5,478,1168,393,999,8,17,0,0
90,70,3,285,357,166,166,15,15,0,0
90,71,0.05,4,7,0,0,0,0,0,0
90,72,18.6,1843,3784,906,1933,808,1608,0,0
90,73,23.45,3145,7826,1396,3746,863,2124,0,0
90,74,24.08,2028,4293,1057,2390,221,434,0,0
90,75,7.36,647,1182,319,630,103,177,0,0
90,82,5.99,525,771,516,757,3,5,0,0
90,83,1.18,150,261,150,261,0,0,0,0
90,84,3.76,434,877,89,181,89,181,0,0
90,85,19.84,2009,4586,998,2459,461,957,0,0
90,86,32.29,2710,7124,1094,2884,672,1723,0,0
90,87,37.59,2800,6510,1916,4678,213,459,0,0
90,88,32.57,2775,7458,1463,4058,495,1329,0,0
90,89,17.8,1863,3965,986,2083,293,627,0,0
91,69,0.89,117,234,29,58,29,58,0,0
91,70,3.55,385,1198,217,703,56,165,0,0
91,71,1.01,19,21,5,5,5,5,0,0
91,72,4.92,430,827,377,719,22,48,0,0
91,73,17.35,1938,4520,717,1443,921,2631,339,678
91,74,7.11,659,1425,159,164,444,1197,0,0
91,82,2.77,296,372,250,278,16,31,0,0
91,83,5.76,797,1585,622,1235,58,117,0,0
91,84,13.08,933,1968,611,1381,142,205,0,0
91,85,10.19,1354,2197,649,1236,491,531,0,0
91,86,13.59,1389,3170,852,1701,18,30,0,0
91,87,13.66,1633,4205,688,1679,377,1035,0,0
91,88,22.66,2180,4923,1220,2950,307,644,0,0
91,89,4.95,393,788,326,657,16,37,0,0
92,70,0.44,65,195,16,49,16,49,0,0
92,71,12.83,979,1765,740,1356,37,79,0,0
92,72,11.57,942,1653,754,1297,10,10,0,0
92,73,7.84,1131,2821,664,1717,374,801,0,0
92,83,1.25,210,420,52,105,52,105,0,0
92,85,1.24,39,39,30,30,0,0,0,0
92,86,11.76,1097,1859,1076,1823,7,12,0,0
92,87,8.87,1347,3287,1099,2413,83,291,0,0
92,88,19.52,1894,4675,938,2274,149,321,461,1382
92,89,3.07,1019,2177,307,649,237,509,0,0
93,41,0.04,1,2,0,1,0,1,0,0
93,42,0.96,27,53,7,13,7,13,0,0
93,71,1.56,89,90,72,73,6,6,0,0
93,72,10.75,1015,1808,751,1392,30,60,0,0
93,73,6.44,1343,3720,59,154,1166,3261,0,0
93,87,9,670,1376,471,995,32,59,0,0
93,88,7.17,696,1391,469,937,57,114,0,0
93,89,8.19,1020,2119,585,1247,131,263,0,0
94,71,0.47,60,60,60,60,0,0,0,0
94,72,4.29,352,742,198,499,51,81,0,0
94,73,4.61,617,976,422,629,51,101,0,0
94,74,0.87,129,388,129,388,0,0,0,0
94,75,0.03,197,591,0,0,197,591,0,0
94,89,1.09,512,1535,8,24,504,1511,0,0
95,73,3,287,797,240,704,16,31,0,0
95,74,1.87,2973,8830,109,238,2864,8592,0,0
95,75,0.54,3740,11221,0,0,3740,11221,0,0
96,69,0.01,14,57,0,0,14,57,0,0
96,73,0.62,73,145,73,145,0,0,0,0
96,74,7.08,839,1676,687,1257,139,406,0,0
96,75,3.68,540,1470,318,947,154,334,0,0
96,76,3.11,1088,2095,149,192,869,1746,0,0
97,69,1.99,1699,6290,0,0,1699,6290,0,0
97,74,1.67,187,374,187,374,0,0,0,0
97,75,6.82,962,1979,525,1134,146,282,0,0
97,76,3.72,397,654,89,91,270,523,0,0
98,75,1,71,71,18,18,18,18,0,0
99,69,0.44,53,106,53,106,0,0,0,0
99,70,1,27,54,27,54,0,0,0,0
99,74,1,47,95,12,24,12,24,0,0
100,67,3.14,675,1314,17,31,599,1196,0,0
100,68,1.41,54,108,9,19,26,52,0,0
100,69,1.56,138,277,86,172,18,35,0,0
101,67,6.51,591,1144,272,539,100,195,0,0
101,68,4.01,301,602,156,311,40,79,0,0
101,69,1,19,19,5,5,5,5,0,0
101,100,1,20,20,5,5,5,5,0,0
102,64,1,40,40,10,10,10,10,0,0
102,65,0.13,126,253,0,0,126,253,0,0
102,66,6.35,522,887,491,825,10,21,0,0
102,67,9.12,901,1887,453,927,146,313,0,0
102,68,1.26,65,94,16,24,16,24,0,0
102,122,0.41,21,62,5,15,5,15,0,0
102,123,0.59,29,88,7,22,7,22,0,0
103,4,0.97,91,182,23,45,23,45,0,0
103,5,0.03,3,6,1,2,1,2,0,0
103,64,0.07,67,134,0,0,67,134,0,0
103,65,3.77,1170,2141,208,249,850,1699,0,0
103,66,17.91,1236,2543,949,1891,69,164,0,0
103,67,16.8,1366,2932,777,1704,372,761,0,0
103,68,2.92,151,450,40,117,37,111,0,0
104,5,1,59,118,15,30,15,30,0,0
104,63,9.56,845,1627,697,1379,49,83,0,0
104,64,2.66,211,422,204,409,2,4,0,0
104,65,8.89,785,1332,503,744,81,155,0,0
104,66,12.15,1301,3135,808,1909,105,230,0,0
104,67,19.8,3000,7231,719,1440,2071,5475,0,0
104,68,1.67,1110,4292,48,56,1054,4214,0,0
105,63,1.9,209,418,209,418,0,0,0,0
105,64,14.96,1054,1679,948,1521,10,15,0,0
105,65,18.08,1199,2302,1008,1947,37,60,0,0
105,66,18.71,2393,4786,727,1409,1326,2646,0,0
105,67,26.48,1648,4308,781,2148,233,646,0,0
105,68,0.15,298,1194,0,0,298,1194,0,0
105,124,1,27,53,7,13,7,13,0,0
106,63,3.44,192,380,189,377,1,1,0,0
106,64,19.92,1470,2624,879,1525,97,176,0,0
106,65,25.91,1559,3433,796,1803,221,477,0,0
106,66,23.65,2376,5516,1073,2557,869,1953,0,0
106,67,9.98,884,1863,400,885,195,392,0,0
106,68,0.33,86,172,86,172,0,0,0,0
107,62,1.21,128,159,44,75,28,28,0,0
107,63,15.58,1330,2683,850,1699,139,301,0,0
107,64,18.36,1831,3932,873,1726,877,1921,30,119
107,65,15.74,904,1920,541,1251,74,141,0,0
107,66,7.5,581,1331,191,426,119,279,0,0
107,67,6.23,296,607,99,202,39,82,0,0
107,68,0.42,110,219,110,219,0,0,0,0
107,108,0.1,24,47,0,0,24,47,0,0
108,62,14.69,895,1439,749,1292,27,27,0,0
108,63,11.39,2786,7882,710,1674,1986,5953,0,0
108,64,4.53,730,2251,54,124,403,1172,208,833
108,65,4.81,401,802,100,201,100,201,0,0
108,66,13.49,818,1702,606,1305,71,132,0,0
108,67,6,356,713,246,493,37,73,0,0
108,108,0.9,207,414,0,0,207,414,0,0
109,62,5.62,529,868,386,724,48,48,0,0
109,63,5.84,1513,5074,544,2284,311,918,0,0
110,63,1,159,319,48,96,0,0,0,0
110,65,0.03,1,1,0,0,0,0,0,0
110,66,0.97,25,25,6,6,6,6,0,0
112,61,1.49,743,1487,0,0,743,1486,0,0
113,60,0.55,163,474,37,112,51,139,0,0
113,61,9.91,3233,8578,250,536,2851,7705,0,0
114,60,1.19,610,1830,53,159,451,1354,0,0
114,61,2.86,1404,4022,72,168,1189,3519,0,0
121,53,16.13,658,1081,496,862,52,71,0,0
121,54,7.77,451,1081,364,936,17,36,0,0
121,57,2.89,1335,2670,334,668,334,668,0,0
121,58,1,32,32,8,8,8,8,0,0
121,59,1.46,48,48,12,12,12,12,0,0
121,60,0.54,27,27,7,7,7,7,0,0
122,51,3.4,2450,5632,612,1408,612,1408,0,0
122,52,1,152,305,38,76,38,76,0,0
122,53,20.69,1409,2596,878,1609,143,268,0,0
122,54,9.3,772,2242,603,1883,47,109,0,0
122,55,11.88,1142,2367,685,1501,326,664,0,0
122,56,17.06,1778,4244,1063,2759,163,323,0,0
122,57,9.27,391,658,81,147,118,165,0,0
122,58,1,24,24,6,6,6,6,0,0
122,59,2,110,110,84,84,9,9,0,0
122,60,1,76,76,19,19,19,19,0,0
123,50,1.74,1429,4994,431,1397,332,1199,0,0
123,51,4.63,2910,9172,727,2293,727,2293,0,0
123,52,1.91,384,767,96,192,96,192,0,0
123,53,6.94,469,856,450,826,6,10,0,0
123,54,19.46,2365,6088,1086,2475,1145,3367,0,0
123,55,21.89,2629,6691,989,2335,1332,3840,0,0
123,56,38.73,2774,6791,1618,4159,284,681,0,0
123,57,2.2,37,47,5,7,5,7,0,0
123,59,1,145,145,36,36,36,36,0,0
124,31,0.1,47,93,0,0,47,93,0,0
124,32,6.02,2335,6168,425,1325,1628,3996,0,0
124,33,4.54,2768,8329,58,231,2710,8098,0,0
124,34,0.89,533,1600,0,0,533,1600,0,0
124,36,1.78,130,260,65,131,6,11,0,0
124,37,3.22,298,595,217,435,27,53,0,0
124,50,16.3,1357,2704,1142,2285,68,136,0,0
124,51,11.17,1292,2593,1063,2074,76,173,0,0
124,52,1.23,75,150,53,106,7,15,0,0
124,53,10.96,789,1716,478,990,70,175,0,0
124,54,23.56,4022,10475,865,1771,2805,8064,0,0
124,55,20.91,1837,4447,1275,3182,245,649,0,0
124,56,27.69,1728,3534,1166,2430,155,304,0,0
124,57,3,169,169,42,42,42,42,0,0
124,58,1,82,164,0,0,0,0,0,0
125,31,0.02,10,20,0,0,10,20,0,0
125,32,1.88,466,1053,52,135,309,648,0,0
125,33,0.55,39,78,0,0,39,78,0,0
125,49,0.64,71,142,71,142,0,0,0,0
125,50,8.18,778,1521,749,1493,6,6,0,0
125,51,12.88,1127,2018,1104,1991,8,9,0,0
125,52,10.02,984,1853,929,1790,18,21,0,0
125,53,20.49,1081,2496,630,1605,60,116,0,0
125,54,36.16,2376,5066,2048,4599,58,101,0,0
125,55,24.48,2442,6977,1892,6034,24,38,0,0
125,56,5.65,764,3365,687,3221,4,4,0,0
125,57,6.06,2414,4710,11,19,2381,4652,0,0
125,58,3.92,2747,4535,12,12,2712,4500,0,0
125,59,0.13,141,282,0,0,141,282,0,0
126,50,2,68,116,17,29,17,29,0,0
126,51,2.87,1820,3594,194,376,194,376,0,0
126,52,9.81,2969,6155,1107,2487,626,1233,0,0
126,53,20.78,1587,3480,1040,2481,309,599,0,0
126,54,25.98,2347,4579,1881,3865,62,63,0,0
126,55,33,2620,5092,1749,3592,51,76,0,0
126,56,6.88,382,935,331,840,13,23,0,0
126,57,6.85,1621,3244,447,1035,639,1215,227,453
126,59,1.97,195,195,170,170,8,8,0,0
126,60,0.03,6,6,6,6,0,0,0,0
127,49,17.32,1250,1958,1119,1786,37,50,0,0
127,50,9.54,945,1481,920,1456,8,8,0,0
127,51,5.11,386,941,362,900,6,10,0,0
127,52,27.62,1549,3366,739,1494,415,1134,0,0
127,53,23,2014,4464,775,1743,770,1859,0,0
127,54,39.39,3537,8382,2200,5440,757,1996,0,0
127,55,16.48,1206,2336,916,1890,49,74,0,0
127,56,1,69,69,17,17,17,17,0,0
127,57,2,301,529,0,0,301,529,0,0
127,58,0.93,767,2301,0,0,767,2301,0,0
127,59,0.07,58,175,0,0,58,175,0,0
