x,y,number,ground_area,floor_area,residential_ground_area,residential_floor_area,economic_activity_ground_area,economic_activity_floor_area,cultural_ground_area,cultural_floor_area
0,46,0.34,30,91,30,91,0,0,0,0
0,48,1,20,20,5,5,5,5,0,0
0,64,10.06,3070,9463,343,788,2041,7098,0,0
0,68,1,32,64,8,16,8,16,0,0
0,6,0.1,38,75,38,75,0,0,0,0
0,8,1.2,380,759,380,759,0,0,0,0
0,56,0.9,14,18,3,4,3,4,0,0
0,72,2,328,583,328,583,0,0,0,0
0,84,1,62,124,15,31,15,31,0,0
0,100,9.06,1177,2684,720,1811,153,291,0,0
0,102,5.06,1715,3970,117,231,1364,3278,0,0
0,104,5.31,960,1921,528,1056,321,642,0,0
0,106,1,353,705,88,176,88,176,0,0
0,110,0.05,44,88,11,22,11,22,0,0
0,112,16.94,2073,3706,845,1709,410,665,0,0
0,114,2.09,394,890,181,476,67,133,0,0
0,116,5.9,670,995,131,261,433,558,0,0
0,120,7,855,2066,214,516,214,516,0,0
0,122,16.75,1202,2023,418,707,261,438,0,0
0,124,2,213,213,89,89,123,123,0,0
0,126,1,163,163,41,41,41,41,0,0
0,82,2.83,367,733,92,183,92,183,0,0
0,108,1.09,70,70,12,12,33,33,0,0
0,118,0.46,117,233,117,233,0,0,0,0
2,6,4.96,7216,16646,0,0,7216,16646,0,0
2,8,8.58,5376,22961,406,1034,4700,21363,0,0
2,50,6,686,1283,204,385,337,652,0,0
2,52,1,138,415,138,415,0,0,0,0
2,54,3,358,675,89,169,89,169,0,0
2,56,4.1,328,646,294,585,11,20,0,0
2,48,2,213,426,96,193,39,78,0,0
2,66,1,49,98,12,25,12,25,0,0
2,68,0.54,381,1142,95,286,95,286,0,0
2,76,0.03,21,63,5,16,5,16,0,0
2,78,3.97,922,2811,344,1157,193,551,0,0
2,82,7.57,1526,4031,765,2201,686,1716,0,0
2,84,0.3,18,37,6,11,5,8,0,0
2,86,3.04,238,630,146,422,29,70,0,0
2,96,2,312,623,225,449,29,58,0,0
2,98,6,764,1370,320,629,225,324,0,0
2,100,5.94,520,1028,402,801,39,76,0,0
2,102,0.87,3821,11463,0,0,3821,11463,0,0
2,104,11.67,5341,14429,164,294,4846,13542,0,0
2,106,4,945,1720,435,827,424,806,0,0
2,108,3.44,512,718,146,294,326,346,0,0
2,118,5.67,509,792,328,612,43,43,0,0
2,122,6.05,535,1003,254,493,93,170,0,0
2,124,4.95,2162,2628,209,589,1889,1917,0,0
2,74,0.22,22,43,5,11,5,11,0,0
2,88,6,851,1922,630,1493,69,138,0,0
2,110,3,278,533,187,369,6,6,0,0
2,114,3,268,536,261,521,3,5,0,0
2,116,9,886,1817,647,1382,79,145,0,0
2,120,2,59,87,28,55,0,0,0,0
2,126,1,11,11,3,3,3,3,0,0
4,8,8.16,4807,24739,317,870,4333,23554,0,0
4,52,8,952,1449,416,844,136,159,0,0
4,66,1,166,332,42,83,42,83,0,0
4,68,5.46,736,1735,269,620,240,496,0,0
4,50,10.57,586,1427,320,922,191,373,0,0
4,74,0.78,78,155,19,39,19,39,0,0
4,82,0.6,57,113,57,113,0,0,0,0
4,86,0.65,69,138,17,34,17,34,0,0
4,88,4,419,836,295,589,42,82,0,0
4,94,1.54,409,1145,102,286,102,286,0,0
4,96,6.99,1050,2210,435,898,205,437,0,0
4,98,3.47,1071,2433,267,609,267,609,0,0
4,102,3.02,109,199,64,123,15,25,0,0
4,104,2.98,410,842,264,696,49,49,0,0
4,108,4.47,298,694,221,548,23,46,0,0
4,110,1,605,1816,0,0,605,1816,0,0
4,112,4,288,345,94,94,45,45,0,0
4,114,11.58,1818,3309,507,933,437,792,0,0
4,116,22.95,2216,4711,1398,3174,336,576,9,37
4,118,28.41,1904,3007,1061,1664,329,479,0,0
4,120,0.96,115,115,0,0,115,115,0,0
4,122,5.04,419,526,53,53,259,366,0,0
4,124,7,3099,3935,74,147,2878,3494,0,0
4,92,9,724,1581,308,649,139,311,0,0
4,126,2.38,490,721,0,0,490,721,0,0
6,18,1,12,12,3,3,3,3,0,0
6,50,15.33,1274,2643,1063,2322,37,55,0,0
6,52,5,544,919,135,230,135,230,0,0
6,64,1,35,71,9,18,9,18,0,0
6,30,1,29,29,7,7,7,7,0,0
6,48,0.09,10,19,2,5,2,5,0,0
6,72,2,42,42,11,11,11,11,0,0
6,90,1,10,21,3,5,3,5,0,0
6,96,4,373,695,309,607,20,29,0,0
6,100,10,1784,2073,597,821,393,412,0,0
6,102,2,626,1879,247,741,127,380,0,0
6,104,2,320,632,80,158,80,158,0,0
6,106,3,541,1217,295,623,82,198,0,0
6,110,3,255,643,134,372,40,90,0,0
6,112,6,392,714,199,380,64,112,0,0
6,114,7.41,1087,2158,566,1128,227,450,0,0
6,116,11.17,1301,2741,892,1933,86,170,0,0
6,118,9.87,784,1565,561,1133,43,81,0,0
6,122,9.79,784,1541,617,1222,49,87,0,0
6,124,6.24,1178,2269,471,922,484,935,0,0
6,126,4.59,358,870,4,4,345,857,0,0
6,98,4,398,568,227,398,57,57,0,0
6,108,3,113,146,51,59,21,29,0,0
6,120,2.89,405,812,379,759,80,160,0,0
8,48,0.91,102,204,25,51,25,51,0,0
8,50,7.42,1358,3679,710,1965,215,570,0,0
8,52,6.68,950,1742,259,479,114,189,0,0
8,54,4.02,683,1882,381,1101,101,260,0,0
8,56,3.05,922,1838,230,458,234,462,0,0
8,8,1.89,37,37,9,9,9,9,0,0
8,58,2.99,1514,3027,0,0,1514,3027,0,0
8,90,0.58,98,194,98,194,0,0,0,0
8,92,1.42,295,816,127,309,56,169,0,0
8,96,1,21,21,5,5,5,5,0,0
8,98,2,54,98,14,25,14,25,0,0
8,106,3.47,390,677,273,521,27,29,0,0
8,108,9.05,828,1379,421,684,116,192,0,0
8,112,3.01,270,535,207,412,21,40,0,0
8,114,2.99,187,341,162,317,8,8,0,0
8,116,7.48,292,508,111,202,44,67,0,0
8,120,3.23,693,1372,435,870,91,181,0,0
8,124,1.98,188,307,100,183,29,41,0,0
8,126,8.9,1100,2060,436,841,357,682,0,0
8,72,1,25,25,6,6,6,6,0,0
8,80,1,25,51,6,13,6,13,0,0
8,82,1.7,378,892,95,223,95,223,0,0
8,84,0.95,80,159,20,40,20,40,0,0
8,110,1,9,9,2,2,2,2,0,0
8,122,1,414,827,0,0,414,827,0,0
10,8,1.08,207,411,205,409,1,1,0,0
10,50,0.99,210,420,53,107,52,104,0,0
10,52,4,466,1138,249,548,73,196,0,0
10,54,4,1758,2475,730,1447,1001,1001,0,0
10,56,12.88,5293,10847,171,334,4779,9846,0,0
10,58,0.05,27,32,0,0,27,32,0,0
10,6,5.86,1145,3061,376,1113,256,649,0,0
10,48,4,196,442,133,379,10,10,0,0
10,82,2.29,570,1711,259,776,104,312,0,0
10,84,3.05,365,949,225,639,47,103,0,0
10,90,1,358,1073,89,268,89,268,0,0
10,92,2,26,53,6,13,6,13,0,0
10,106,0.48,95,95,24,24,24,24,0,0
10,108,13.06,1627,3504,695,1321,311,727,0,0
10,110,15.57,3789,6022,895,2264,2405,2694,0,0
10,112,1.68,921,1278,159,318,762,960,0,0
10,114,1.71,915,1690,35,35,810,1585,0,0
10,118,5,649,818,177,346,392,392,0,0
10,120,20.2,1620,2892,1037,2015,138,217,0,0
10,122,3.54,611,1618,214,528,132,364,0,0
10,124,19.93,2676,6110,1472,3342,401,922,0,0
10,126,62.85,6202,13977,1915,4474,1428,3168,0,0
10,74,2.97,199,399,50,100,50,100,0,0
10,76,1.03,65,129,16,32,16,32,0,0
10,98,2,422,1341,292,1082,43,86,0,0
12,0,4,403,498,322,417,10,10,0,0
12,6,0.17,84,248,21,62,21,62,0,0
12,8,1,126,252,32,63,32,63,0,0
12,28,1,22,22,6,6,6,6,0,0
12,50,0.01,0,1,0,0,0,0,0,0
12,52,9.11,1944,5018,636,1556,646,1575,0,0
12,54,1.98,2838,4280,0,0,2838,4280,0,0
12,56,0.05,47,55,0,0,47,55,0,0
12,62,0.95,1517,4551,455,1366,0,0,0,0
12,60,0.05,79,238,24,71,0,0,0,0
12,70,2.2,491,1421,451,1341,13,27,0,0
12,74,7,1825,4048,457,1011,457,1011,0,0
12,76,2,431,863,108,216,108,216,0,0
12,92,2,252,645,169,481,27,55,0,0
12,108,3.51,5437,5992,192,577,5186,5243,0,0
12,110,0.85,578,578,0,0,578,578,0,0
12,112,1.54,647,726,36,72,611,654,0,0
12,114,13.74,1431,2412,739,1215,446,838,0,0
12,116,13.21,1428,2597,636,1083,582,1152,0,0
12,118,3.82,346,741,202,417,48,109,0,0
12,120,15.23,1499,2780,646,1107,577,1159,0,0
12,122,7.53,445,955,357,851,27,31,0,0
12,124,60.06,6356,11936,5947,10942,125,312,0,0
12,126,51.45,5871,10332,4829,7911,341,794,0,0
12,72,0.98,1149,3318,1052,3124,32,65,0,0
12,94,1,374,747,0,0,374,747,0,0
14,8,7.24,1809,4855,762,1859,392,1259,0,0
14,52,0.88,146,293,37,73,37,73,0,0
14,54,5,394,685,270,514,41,57,0,0
14,70,2.63,406,778,102,194,102,194,0,0
14,0,1,59,59,15,15,15,15,0,0
14,72,3.19,1370,2739,342,685,342,685,0,0
14,80,3,892,1783,737,1475,51,103,0,0
14,92,1,5,5,1,1,1,1,0,0
14,108,20.6,3584,8813,3428,8374,52,146,0,0
14,110,75.78,7532,19030,6390,16305,482,1111,0,0
14,112,19.66,1509,3282,1300,2796,47,131,0,0
14,114,10.37,2234,7335,555,907,733,2407,0,0
14,116,9.72,2880,9355,386,915,2401,8313,0,0
14,118,16.46,1371,2687,1077,2318,61,69,0,0
14,120,4.08,636,1611,218,462,127,371,0,0
14,122,6.54,434,749,109,187,107,185,0,0
14,124,68.36,6340,11483,5698,10267,175,346,0,0
14,126,38.93,3139,4637,3005,4419,36,59,0,0
14,96,1,16,31,4,8,4,8,0,0
14,98,1,40,81,10,20,10,20,0,0
14,104,1,148,295,148,295,0,0,0,0
16,0,1,19,19,5,5,5,5,0,0
16,2,2.39,209,331,143,265,22,22,0,0
16,8,0.76,333,665,84,166,84,166,0,0
16,64,2,1068,3147,267,786,267,786,0,0
16,4,0.61,43,43,11,11,11,11,0,0
16,78,3,299,507,0,0,299,507,0,0
16,80,7,1995,4601,0,0,1995,4601,0,0
16,108,24.54,5189,13303,4860,12449,110,284,0,0
16,110,79.04,9361,25181,5773,15582,3349,9016,0,0
16,112,34.45,9879,35552,4154,11134,5563,23965,0,0
16,114,34.5,7028,22015,3259,7431,2882,10296,0,0
16,116,60.65,8593,22639,5486,15753,2582,5855,0,0
16,118,74.53,11313,34821,4468,12176,5751,19563,338,1692
16,120,42.64,7817,17953,4533,11436,3261,6546,140,279
16,122,10.49,2866,11393,2358,10031,335,1116,0,0
16,124,27.95,3714,9921,3596,9762,19,25,0,0
16,126,14.21,1363,2777,1053,2271,133,231,0,0
16,90,1,11,11,3,3,3,3,0,0
16,106,0.79,21,21,5,5,5,5,0,0
18,0,5,804,1609,549,1099,85,170,0,0
18,2,0.97,312,624,78,156,78,156,0,0
18,8,0.8,274,547,69,137,69,137,0,0
18,56,1.79,265,505,86,173,51,102,0,0
18,60,4,771,2036,193,509,193,509,0,0
18,88,5.99,643,1385,143,310,215,455,0,0
18,106,2.21,345,663,325,643,7,7,0,0
18,108,16.34,2243,4907,1291,3076,317,610,0,0
18,110,24.33,2659,6230,2028,4858,211,458,0,0
18,112,53.12,6041,16862,5006,14013,790,2177,0,0
18,114,33.03,9188,25511,2018,6259,6530,17136,0,0
18,116,88.76,12829,38645,7497,22849,4416,13197,0,0
18,118,107.99,15967,48726,11119,35063,2210,6031,20,101
18,120,81.24,12170,33760,7736,22345,1955,5185,883,1766
18,122,34.5,2106,4509,1704,3785,119,217,0,0
18,124,26.72,4110,13048,2176,7868,1666,4761,0,0
18,126,37.67,5434,11019,2695,5364,1900,4214,0,0
18,74,3,132,246,91,177,14,23,0,0
18,80,6,1564,4532,415,1157,383,1125,0,0
18,92,3,78,78,73,73,2,2,0,0
18,100,2,231,439,6,6,214,423,0,0
18,104,2,247,547,194,389,0,0,0,0
20,2,1.03,282,565,274,548,3,6,0,0
20,8,12.21,2096,4311,506,989,577,1345,0,0
20,56,10.21,1169,2584,567,1413,91,176,0,0
20,60,4,1696,4164,474,1134,306,705,0,0
20,62,4,1078,3232,500,1501,193,577,0,0
20,66,0.96,440,881,110,220,110,220,0,0
20,80,3,122,128,88,90,11,13,0,0
20,90,6,546,1038,121,241,332,665,0,0
20,104,1,13,13,3,3,3,3,0,0
20,110,26.85,3189,6253,2917,5875,56,92,0,0
20,112,44.88,5590,13230,5374,12805,60,113,0,0
20,114,75.97,10544,30181,7532,22084,2703,7770,0,0
20,116,285.98,21940,68405,16436,51314,3045,10338,0,0
20,118,233.88,23319,77336,15514,50306,6262,21031,667,3337
20,120,130.08,18431,59494,12764,41307,3186,10274,0,0
20,122,95.11,12978,38754,6408,17777,2650,8487,0,0
20,124,39.65,6493,16888,3561,10257,2464,6005,0,0
20,126,61.28,5927,11289,5263,10431,163,227,0,0
20,108,2,121,194,30,49,30,49,0,0
22,66,0.04,19,38,5,9,5,9,0,0
22,0,2,220,220,55,55,55,55,0,0
22,58,3,1099,3077,934,2748,55,110,0,0
22,78,1,32,65,32,65,0,0,0,0
22,94,2,171,304,43,76,43,76,0,0
22,112,32.42,3497,8000,3374,7798,27,43,0,0
22,114,96.81,11962,36991,8620,26648,945,2937,0,0
22,116,231.5,20799,54150,15756,42474,1244,2989,0,0
22,118,248.66,15766,46401,12188,34398,1721,6756,628,2389
22,120,135.37,13181,37345,10031,28540,1085,3341,0,0
22,122,101.05,10215,27002,8002,21680,1270,3506,0,0
22,124,10.27,7069,31169,4754,25445,2458,6311,0,0
22,126,76.78,9446,25294,8947,24545,701,2256,0,0
22,110,2.87,212,416,188,369,8,16,0,0
24,2,3,988,2743,247,686,247,686,0,0
24,8,1,27,27,7,7,7,7,0,0
24,58,5,394,539,251,288,47,84,0,0
24,60,3,499,1330,90,262,90,262,0,0
24,62,15.67,1623,3024,833,1636,231,430,0,0
24,64,0.09,4,4,1,1,1,1,0,0
24,82,1,20,20,5,5,5,5,0,0
24,84,1,11,11,3,3,3,3,0,0
24,86,5,276,792,213,622,13,21,0,0
24,96,1,19,19,5,5,5,5,0,0
24,110,4.13,456,1054,401,999,18,18,0,0
24,112,32.44,3715,8554,3264,7693,113,211,0,0
24,114,26.72,4439,12995,2411,5668,1755,6854,0,0
24,116,54.18,4790,12453,4251,11171,178,502,16,47
24,118,78.67,6687,20188,5779,17424,279,871,0,0
24,120,65.94,6451,14772,5748,13515,302,554,0,0
24,122,79.38,9489,20000,8855,18864,64,84,0,0
24,124,25.73,6855,29084,5798,26418,1109,3377,0,0
24,126,24.62,6993,23359,4619,16219,1189,3175,0,0
24,74,2.16,683,1887,89,176,419,1358,0,0
24,76,5.87,3320,9121,0,0,3320,9121,0,0
26,58,7,893,2222,776,1978,39,81,0,0
26,62,0.23,45,89,11,22,11,22,0,0
26,56,1,17,17,4,4,4,4,0,0
26,74,3.32,2711,9183,137,407,2561,8752,0,0
26,76,5.65,5305,15943,0,0,5305,15943,0,0
26,108,1,238,476,60,119,60,119,0,0
26,112,45.25,5376,11357,4846,10437,97,186,0,0
26,114,43.43,4186,7701,3852,7151,175,312,0,0
26,116,77.35,6957,13321,6471,12437,99,173,0,0
26,118,45.63,4696,9557,4059,8438,133,265,0,0
26,120,52.95,6388,15619,4024,10788,1798,3623,0,0
26,122,90.04,8253,16020,7858,15390,71,109,0,0
26,124,80.46,8095,17402,7561,16436,149,285,0,0
26,126,57.5,7367,17830,5950,14643,933,2112,0,0
26,82,0.67,579,1738,145,434,145,434,0,0
26,86,5.32,677,1926,550,1578,91,213,0,0
26,88,4.55,1143,3302,290,835,355,964,0,0
28,58,2.27,187,356,90,174,50,95,0,0
28,60,3.64,1679,3356,259,519,1296,2591,0,0
28,44,1,38,38,9,9,9,9,0,0
28,56,6,303,510,142,194,54,106,0,0
28,82,0.33,290,871,73,218,73,218,0,0
28,86,0.09,1,6,0,1,0,1,0,0
28,88,0.04,38,115,10,29,10,29,0,0
28,92,1,24,24,24,24,0,0,0,0
28,100,1.9,3094,6190,277,555,2817,5635,0,0
28,102,1,87,175,22,44,22,44,0,0
28,112,1.01,16,18,1,1,15,15,0,0
28,116,3.74,650,1301,650,1301,0,0,0,0
28,118,11.68,1811,4077,1545,3343,67,201,0,0
28,120,11.48,1322,5107,1231,4809,15,57,0,0
28,122,55.69,5283,11296,4910,10652,80,158,0,0
28,124,54.07,5373,10885,5072,10453,60,105,0,0
28,126,25.57,3230,6716,3061,6373,34,62,0,0
28,98,1.43,292,584,131,263,54,107,0,0
30,58,2,140,140,126,126,5,5,0,0
30,60,2.09,333,667,296,593,12,25,0,0
30,2,3,948,2759,277,809,629,1867,0,0
30,62,1,392,785,0,0,392,785,0,0
30,94,1,17,17,4,4,4,4,0,0
30,98,0.57,102,205,102,205,0,0,0,0
30,100,0.1,322,645,0,0,322,645,0,0
30,118,4,113,130,28,33,28,33,0,0
30,120,14.53,1089,1647,419,722,223,307,0,0
30,122,11.17,1376,3401,1359,3385,6,6,0,0
30,124,12.11,1159,2584,914,2184,75,127,0,0
30,72,6,1057,2996,926,2734,44,88,0,0
30,112,1,35,35,9,9,9,9,0,0
30,116,2,46,46,12,12,12,12,0,0
32,2,1,40,40,10,10,10,10,0,0
32,62,50,4225,8796,3128,6736,936,1881,0,0
32,64,17.15,1394,2873,995,1939,134,313,0,0
32,66,32.59,3347,7114,2039,4422,863,1751,0,0
32,68,5.77,380,863,317,692,0,0,0,0
32,70,5.41,711,1376,574,1179,46,66,0,0
32,56,1,272,545,68,136,68,136,0,0
32,58,18.49,1393,2541,1170,2189,111,198,0,0
32,60,12.57,1033,2270,537,1164,143,346,0,0
32,96,5,443,608,291,456,16,16,0,0
32,118,2,207,342,136,271,0,0,0,0
32,120,1.51,111,111,28,28,28,28,0,0
32,122,4,424,829,243,481,60,116,0,0
32,124,1,20,39,5,10,5,10,0,0
32,72,0.8,57,114,57,114,0,0,0,0
32,74,3,844,2416,211,604,211,604,0,0
32,90,4.1,724,1974,515,1582,70,131,0,0
32,92,2,78,174,19,43,19,43,0,0
32,112,1,20,39,5,10,5,10,0,0
34,56,5.8,201,399,137,274,21,41,0,0
34,58,59.03,5120,10701,3291,6971,1034,2287,0,0
34,60,90.58,8418,17617,5840,12415,1005,2170,165,329
34,62,115.42,14069,35867,6427,13029,6064,19613,349,980
34,64,74.93,7863,15395,7129,14055,286,542,0,0
34,66,44.99,4763,10027,4472,9432,55,118,0,0
34,68,3.95,461,900,241,476,5,5,0,0
34,70,2.05,175,464,175,464,0,0,0,0
34,72,6.2,247,417,247,417,0,0,0,0
34,74,4,220,326,182,250,38,76,0,0
34,78,2,276,276,229,229,16,16,0,0
34,90,0.9,227,454,57,114,57,114,0,0
34,102,1,83,165,21,41,21,41,0,0
34,120,4,553,680,138,170,138,170,0,0
34,106,1,58,117,15,29,15,29,0,0
34,122,1,18,36,5,9,5,9,0,0
36,58,1.14,145,419,145,419,0,0,0,0
36,60,17.86,1491,2815,1226,2298,76,160,0,0
36,62,48.23,4846,9071,4463,8355,117,228,0,0
36,64,26.66,3276,6482,1966,3913,406,798,0,0
36,66,3.42,485,970,485,970,0,0,0,0
36,88,4,272,783,258,765,5,6,0,0
36,90,1.14,779,1522,752,1495,232,454,0,0
36,92,0.86,895,1773,882,1760,268,531,0,0
36,104,1,25,25,6,6,6,6,0,0
36,106,2,160,319,40,80,40,80,0,0
36,110,3,144,234,25,47,25,47,0,0
36,114,2,66,66,17,17,17,17,0,0
36,118,1,66,132,16,33,16,33,0,0
36,120,4,102,113,25,28,25,28,0,0
36,124,3,231,460,104,209,42,83,0,0
36,80,6.04,430,768,289,556,47,71,0,0
36,82,0.12,120,361,30,90,30,90,0,0
36,86,0.8,25,50,6,12,6,12,0,0
36,112,0.89,56,112,14,28,14,28,0,0
38,62,11.26,1159,2841,877,2312,37,63,0,0
38,64,5.61,1369,3301,521,1344,192,471,0,0
38,66,0.1,29,59,7,15,7,15,0,0
38,68,1,19,39,5,10,5,10,0,0
38,60,5,719,1102,180,276,180,276,0,0
38,76,3.99,2130,4324,533,1081,533,1081,0,0
38,80,5.12,884,2749,152,408,431,1526,0,0
38,82,0.73,529,1526,132,381,132,381,0,0
38,86,0.2,6,13,2,3,2,3,0,0
38,112,0.11,7,14,2,4,2,4,0,0
38,118,2,123,191,82,150,14,14,0,0
38,124,2.78,320,823,158,362,54,153,0,0
38,114,1,49,98,12,24,12,24,0,0
38,126,1.22,182,364,68,135,38,76,0,0
40,60,2,211,421,155,310,18,37,0,0
40,62,4,278,636,182,455,32,60,0,0
40,64,4,958,2853,317,944,214,637,0,0
40,66,2,212,352,158,298,18,18,0,0
40,80,1,76,76,19,19,19,19,0,0
40,94,3.59,566,1133,141,283,141,283,0,0
40,96,2.65,426,794,106,199,106,199,0,0
40,98,1,14,28,3,7,3,7,0,0
40,116,1,33,131,8,33,8,33,0,0
40,84,0.45,362,1086,91,272,91,272,0,0
40,92,3,1098,3280,274,820,274,820,0,0
40,122,1,10,10,3,3,3,3,0,0
42,62,1,414,829,103,207,103,207,0,0
42,64,1,46,46,11,11,11,11,0,0
42,68,1,26,26,7,7,7,7,0,0
42,66,1,174,348,174,348,0,0,0,0
42,72,2,576,1656,143,414,143,414,0,0
42,74,2,159,438,40,110,40,110,0,0
42,82,2.28,151,408,38,102,38,102,0,0
42,84,3.27,918,2572,230,643,230,643,0,0
42,90,3,210,505,124,341,29,54,0,0
42,94,3.85,512,1100,128,275,128,275,0,0
42,96,1.92,486,1446,121,361,121,361,0,0
42,104,1,26,77,6,19,6,19,0,0
42,126,0.92,66,132,17,34,16,33,0,0
42,86,1,27,81,7,20,7,20,0,0
42,100,1,34,68,8,17,8,17,0,0
44,64,2,262,765,66,192,66,192,0,0
44,66,6,1596,4483,534,1393,353,1030,0,0
44,86,3,328,754,79,183,79,183,0,0
44,110,2,42,67,11,17,11,17,0,0
44,116,1,57,115,14,29,14,29,0,0
44,124,2,118,234,98,194,7,13,0,0
44,76,1,482,1447,121,362,121,362,0,0
44,104,1,32,65,8,16,8,16,0,0
46,62,1,9,9,2,2,2,2,0,0
46,68,1,44,44,11,11,11,11,0,0
46,92,4,456,1365,113,341,113,341,0,0
46,106,1,16,31,4,8,4,8,0,0
46,120,5.02,465,905,237,466,77,146,0,0
46,122,1.98,150,311,38,78,38,78,0,0
46,96,2.36,77,190,47,132,10,20,0,0
46,98,1.64,74,215,68,203,2,4,0,0
48,36,5.18,517,838,457,778,20,20,0,0
48,38,0.82,65,65,65,65,0,0,0,0
48,62,0.72,53,158,20,60,11,33,0,0
48,64,5.86,1168,3197,579,1661,196,513,0,0
48,66,1.42,98,144,25,36,25,36,0,0
48,68,12,729,2150,558,1664,54,153,0,0
48,70,2.54,111,221,9,18,9,18,0,0
48,74,6.5,1103,2151,276,538,276,538,0,0
48,76,4.54,1688,3807,757,1956,311,617,0,0
48,86,1,34,68,8,17,8,17,0,0
48,118,7,417,833,146,292,59,117,0,0
48,96,1,40,79,10,20,10,20,0,0
48,104,1,25,75,6,19,6,19,0,0
48,116,2.03,752,1696,188,424,188,424,0,0
50,68,6,741,1918,680,1846,4,7,0,0
50,70,20.45,2482,6209,1350,3761,317,710,0,0
50,64,4,146,291,103,207,14,28,0,0
50,74,0.96,495,990,124,247,124,247,0,0
50,80,7,1139,3364,891,2661,14,31,0,0
50,90,1,40,79,10,20,10,20,0,0
50,92,1,37,37,9,9,9,9,0,0
50,98,1,40,81,10,20,10,20,0,0
50,104,3,1105,1364,359,589,249,258,0,0
50,116,0.64,57,57,14,14,14,14,0,0
50,118,1.33,122,122,30,30,30,30,0,0
50,86,1,60,120,15,30,15,30,0,0
50,96,1,24,24,6,6,6,6,0,0
52,64,7.04,952,2083,466,1100,140,284,0,0
52,66,3,246,539,223,493,8,15,0,0
52,62,1,27,27,7,7,7,7,0,0
52,68,2.83,742,1271,165,298,515,910,0,0
52,70,0.45,328,656,0,0,328,656,0,0
52,90,1.07,61,75,16,19,16,19,0,0
52,102,1,5,11,1,3,1,3,0,0
52,104,1,80,160,20,40,20,40,0,0
52,106,1,25,25,6,6,6,6,0,0
52,116,5.99,554,1106,456,911,33,65,0,0
52,118,1.05,308,615,84,169,74,149,0,0
52,120,0.96,237,473,237,473,0,0,0,0
52,92,0.93,191,383,48,96,48,96,0,0
52,100,1,37,112,9,28,9,28,0,0
52,114,1,59,118,15,29,15,29,0,0
54,12,1,593,1779,148,445,148,445,0,0
54,64,9.96,1163,2722,684,1467,112,322,0,0
54,68,6.72,912,1801,707,1409,68,130,0,0
54,116,1.9,348,446,87,112,87,112,0,0
56,24,1,36,36,9,9,9,9,0,0
56,64,1,28,56,7,14,7,14,0,0
56,62,1,242,242,61,61,61,61,0,0
56,94,3,735,1471,686,1373,16,32,0,0
56,98,1,253,505,63,126,63,126,0,0
56,104,1,119,238,30,59,30,59,0,0
56,116,5.1,616,815,195,287,211,318,0,0
56,122,0.74,13,26,3,6,3,6,0,0
56,124,0.26,4,9,1,2,1,2,0,0
56,82,1,120,120,30,30,30,30,0,0
56,106,0.43,71,171,71,171,0,0,0,0
56,108,3.1,436,970,227,479,70,164,0,0
56,110,0.53,151,452,38,113,38,113,0,0
58,68,7,891,2487,614,1736,93,251,0,0
58,92,1,44,88,11,21,11,21,0,0
58,106,3.57,720,1633,418,1028,101,202,0,0
58,108,2.37,685,1370,353,706,111,221,0,0
58,110,2.99,778,1556,435,868,115,229,0,0
58,118,1,22,22,6,6,6,6,0,0
60,22,1,25,49,6,12,6,12,0,0
60,18,0.84,369,738,92,184,92,184,0,0
60,68,1,12,12,3,3,3,3,0,0
60,72,8.02,4715,16206,1280,4254,1145,3984,0,0
60,74,1.98,270,590,67,147,67,147,0,0
60,92,1,62,123,15,31,15,31,0,0
60,112,1,55,110,14,27,14,27,0,0
60,102,2,36,62,9,15,9,15,0,0
60,108,1,65,130,16,32,16,32,0,0
62,16,4,402,673,288,545,37,42,0,0
62,18,12.62,2811,7181,1088,2857,1001,2727,0,0
62,12,2.2,424,913,219,454,68,153,0,0
62,26,1,33,33,8,8,8,8,0,0
62,74,4,406,1007,266,745,47,87,0,0
62,106,2,39,78,10,20,10,20,0,0
62,90,1,33,66,8,17,8,17,0,0
62,96,1,92,184,23,46,23,46,0,0
64,12,0.8,256,768,64,192,64,192,0,0
64,18,2.54,304,400,148,243,52,52,0,0
64,110,1.93,2596,7559,29,29,2510,7473,0,0
64,86,2,735,1470,395,790,113,227,0,0
64,106,1,11,22,3,6,3,6,0,0
64,112,0.07,185,556,0,0,185,556,0,0
66,108,3,205,553,10,16,173,505,0,0
66,118,1,479,960,120,240,120,240,0,0
66,122,1,24,24,6,6,6,6,0,0
68,62,1,98,196,98,196,0,0,0,0
68,64,2,152,152,115,115,12,12,0,0
68,96,2.98,1694,3388,424,848,424,848,0,0
68,118,4,504,1180,126,295,126,295,0,0
68,76,0.76,1884,3767,0,0,1884,3767,0,0
68,94,1,14,14,3,3,3,3,0,0
70,16,1,38,75,9,19,9,19,0,0
70,70,5.01,366,576,112,166,147,201,0,0
70,64,1,73,146,18,36,18,36,0,0
70,68,2.4,202,395,50,98,50,98,0,0
70,76,9.96,2555,4867,952,1843,922,1783,0,0
70,84,6,1836,6066,545,1689,430,1459,0,0
70,96,0.02,4,9,1,2,1,2,0,0
70,74,0.09,63,126,16,31,16,31,0,0
70,80,0.02,55,164,0,0,55,164,0,0
70,82,1.53,1846,5367,0,0,1846,5367,0,0
70,100,1,45,91,11,23,11,23,0,0
70,114,1,53,53,14,14,14,14,0,0
72,68,8.35,673,1325,613,1216,20,36,0,0
72,76,8.19,1624,4468,818,2190,268,759,0,0
72,80,0.05,170,511,0,0,170,511,0,0
72,82,0.4,1268,3803,0,0,1268,3803,0,0
72,102,1,165,495,165,495,0,0,0,0
72,98,1,36,107,9,27,9,27,0,0
72,120,1,47,93,12,23,12,23,0,0
74,66,91.59,9052,25136,5127,14751,1390,3822,95,191
74,68,51.18,4087,8973,2775,5940,542,1378,0,0
74,70,5.69,524,905,349,668,53,74,0,0
74,64,0.29,25,49,6,12,6,12,0,0
74,106,1,32,63,8,16,8,16,0,0
76,64,1.71,85,169,21,42,21,42,0,0
76,66,5.68,466,911,308,713,44,49,0,0
76,68,16.08,2475,5856,1013,2676,593,1166,0,0
76,54,1,50,50,13,13,13,13,0,0
76,88,5,2577,5467,879,2072,566,1132,0,0
76,92,1.01,129,261,31,61,36,75,0,0
76,102,2.25,690,2311,303,840,129,491,0,0
76,104,0.74,1409,5637,352,1409,352,1409,0,0
76,94,1.8,2454,7362,586,1757,1868,5604,0,0
76,96,1,154,307,38,77,38,77,0,0
76,116,1,36,36,9,9,9,9,0,0
78,68,5,705,865,238,278,156,196,0,0
78,16,0.19,4,4,1,1,1,1,0,0
78,18,0.81,18,18,5,5,5,5,0,0
78,76,1,163,325,41,81,41,81,0,0
78,94,1.19,596,1789,81,244,515,1544,0,0
78,112,1,53,105,13,26,13,26,0,0
78,74,1,97,194,97,194,0,0,0,0
78,92,1,123,246,31,61,31,61,0,0
78,118,0.21,4,4,1,1,1,1,0,0
78,126,1,15,15,4,4,4,4,0,0
80,10,1,32,64,8,16,8,16,0,0
80,16,3.01,808,1439,251,504,303,430,0,0
80,18,0.49,171,342,43,86,43,86,0,0
80,20,3,143,143,35,35,35,35,0,0
80,70,2,136,136,34,34,34,34,0,0
80,76,1,14,29,4,7,4,7,0,0
80,110,1,46,92,11,23,11,23,0,0
80,116,1.9,441,1052,0,0,441,1052,0,0
80,118,0.89,45,74,4,4,33,62,0,0
80,74,1.98,587,1175,308,616,93,186,0,0
80,90,0.03,3,6,1,2,1,2,0,0
80,92,0.03,3,5,1,1,1,1,0,0
80,106,1,37,75,9,19,9,19,0,0
80,120,3.05,419,699,25,58,369,598,0,0
82,16,0.5,125,250,125,250,0,0,0,0
82,20,1,164,164,41,41,41,41,0,0
82,18,0.73,299,299,75,75,75,75,0,0
82,72,1,90,90,23,23,23,23,0,0
82,74,3.02,972,1945,335,671,212,425,0,0
82,90,1.33,477,953,119,238,119,238,0,0
82,92,4.61,1572,3144,672,1344,300,600,0,0
82,94,1,71,142,18,36,18,36,0,0
82,104,1,45,90,11,23,11,23,0,0
82,120,4.95,1101,3151,301,866,668,1965,305,914
84,18,0.27,110,110,27,27,27,27,0,0
84,90,1,24,24,6,6,6,6,0,0
84,76,1,106,212,26,53,26,53,0,0
86,14,0.42,138,138,34,34,34,34,0,0
86,16,0.58,188,188,47,47,47,47,0,0
86,74,1,46,92,12,23,12,23,0,0
86,76,2.89,1131,2263,393,784,247,492,0,0
86,78,0.11,17,34,17,34,0,0,0,0
86,100,1,28,28,7,7,7,7,0,0
86,102,1,25,25,6,6,6,6,0,0
86,114,1,101,201,25,50,25,50,0,0
88,76,1,187,375,47,94,47,94,0,0
88,122,2.75,543,1402,264,607,93,265,0,0
88,124,0.12,51,154,14,45,12,36,0,0
90,8,1,182,363,45,91,45,91,0,0
90,72,1,93,93,23,23,23,23,0,0
90,80,3,742,1485,40,79,623,1246,0,0
90,122,2.16,198,442,61,152,46,97,0,0
90,124,1.98,488,1489,309,1122,60,122,0,0
90,92,0.21,2769,5537,0,0,2769,5537,0,0
92,92,0.48,2876,5733,5,5,2862,5719,0,0
92,94,2.16,7640,15187,23,23,7571,15117,0,0
92,110,4,983,3054,220,666,325,1054,0,0
92,84,0.05,145,291,36,73,36,73,0,0
92,96,0.23,10,10,2,2,2,2,0,0
92,112,1.71,778,2309,0,0,778,2309,0,0
92,126,3,194,367,194,367,0,0,0,0
94,4,11,1432,2266,703,1108,243,386,0,0
94,84,6.93,6171,16411,1758,5185,1470,3742,0,0
94,92,0.7,10229,30687,0,0,10229,30687,0,0
94,94,4.15,727,1365,403,784,173,324,0,0
94,96,0.77,33,33,8,8,8,8,0,0
94,112,14.29,3231,9748,369,1031,2760,8565,17,52
94,80,1,18,18,4,4,4,4,0,0
94,82,4.03,182,480,118,287,21,64,0,0
94,102,1,49,49,12,12,12,12,0,0
96,38,7,2268,3048,978,1235,431,605,0,0
96,40,1,346,693,87,173,87,173,0,0
96,92,1.3,4636,13447,58,58,4463,13273,0,0
96,114,0.15,21,21,5,5,5,5,0,0
98,16,7.98,1298,2410,689,1662,203,249,0,0
98,108,3.62,835,1675,281,564,184,370,0,0
98,112,2,165,329,165,329,0,0,0,0
98,114,0.85,125,125,31,31,31,31,0,0
98,98,4.99,1683,4905,420,1227,420,1227,0,0
98,106,6.44,689,1694,172,424,172,424,0,0
100,16,0.02,0,0,0,0,0,0,0,0
100,98,3.01,316,630,79,157,79,157,0,0
100,106,2.02,109,280,99,249,3,10,0,0
100,108,4.92,1107,2923,350,922,804,2321,0,0
100,80,1,644,1288,161,322,161,322,0,0
102,16,1,11,11,3,3,3,3,0,0
102,18,2,149,280,136,267,4,4,0,0
102,90,5,2479,7200,982,2886,644,1872,0,0
102,100,6.36,2014,5363,852,2270,387,1031,0,0
102,102,2.63,2231,5602,347,978,1190,2665,0,0
102,80,1,102,102,25,25,25,25,0,0
102,82,1,123,370,123,370,0,0,0,0
102,104,0.38,135,406,34,102,34,102,0,0
102,126,0.59,8,8,2,2,2,2,0,0
104,16,1,338,676,85,169,85,169,0,0
104,18,1.12,444,1289,111,322,111,322,0,0
104,100,0.01,15,46,4,12,4,12,0,0
104,102,0.01,15,46,4,12,4,12,0,0
104,104,0.62,217,652,54,163,54,163,0,0
104,126,0.41,6,6,1,1,1,1,0,0
106,18,0.86,223,446,56,112,56,112,0,0
106,20,1.02,119,238,30,59,30,59,0,0
106,62,2.31,92,92,23,23,23,23,0,0
106,64,0.69,20,20,5,5,5,5,0,0
106,96,5.01,1522,3659,325,859,444,978,0,0
106,122,4,866,2132,158,358,391,1058,0,0
106,124,9,2275,5817,1198,2741,356,1020,526,1193
106,80,0.04,6,13,0,0,6,13,0,0
106,84,2,1414,3799,686,1615,243,728,0,0
106,98,1,121,362,121,362,0,0,0,0
106,110,0.76,457,1647,389,1512,23,46,0,0
108,20,2,268,775,67,194,67,194,0,0
108,78,1.5,270,541,68,135,68,135,0,0
108,80,9.47,1513,3748,396,907,657,1689,0,0
108,88,1,40,40,10,10,10,10,0,0
108,96,2,465,930,303,605,54,108,0,0
108,98,1,34,67,8,17,8,17,0,0
108,108,1,1317,3951,0,0,1317,3951,0,0
108,110,2.24,936,3061,732,2753,69,102,0,0
108,124,2,251,469,21,34,8,8,218,436
108,76,1,25,25,6,6,6,6,0,0
110,30,1.18,324,649,38,76,0,0,0,0
110,32,0.25,47,47,12,12,12,12,0,0
110,72,2,1189,1507,297,376,297,376,0,0
110,84,2.99,351,700,270,539,26,54,0,0
110,88,2,379,757,94,189,94,189,0,0
110,92,8.75,2229,5881,705,1914,507,1322,0,0
110,90,0.24,132,395,33,99,33,99,0,0
110,102,1.58,457,914,255,510,67,134,0,0
110,106,0.4,698,2093,0,0,698,2093,0,0
110,108,5.2,2134,7638,532,1391,1558,6146,0,0
110,110,0.33,63,127,63,127,0,0,0,0
112,30,0.82,175,350,175,350,0,0,0,0
112,32,0.75,143,143,36,36,36,36,0,0
112,90,2,48,96,12,24,12,24,0,0
112,98,1,87,174,22,44,22,44,0,0
112,102,0.42,151,302,52,104,33,66,0,0
112,106,0.41,722,2214,0,0,722,2214,0,0
112,108,11,3581,12767,61,168,3399,12263,0,0
112,110,1.67,421,843,421,843,0,0,0,0
112,124,2,458,1344,447,1333,4,4,0,0
112,100,0.81,15,15,4,4,4,4,0,0
112,126,2,381,381,95,95,95,95,0,0
114,30,1,35,35,9,9,9,9,0,0
114,52,1,38,38,10,10,10,10,0,0
114,80,1,51,51,13,13,13,13,0,0
114,84,7,636,1214,366,729,73,144,0,0
114,86,0.99,352,352,88,88,88,88,0,0
114,100,1.19,19,19,5,5,5,5,0,0
114,110,2,1511,3023,38,75,1398,2797,0,0
114,106,1,51,51,13,13,13,13,0,0
114,126,2,831,1662,0,0,831,1662,0,0
116,46,2,219,219,55,55,55,55,0,0
116,56,1,30,30,7,7,7,7,0,0
116,82,3,191,382,47,96,47,96,0,0
116,116,1,44,44,11,11,11,11,0,0
116,126,2.4,668,1674,12,23,634,1605,0,0
116,80,1.44,149,419,34,100,47,119,0,0
116,86,1,33,33,8,8,8,8,0,0
116,96,2,462,923,115,231,115,231,0,0
116,104,1,82,82,21,21,21,21,0,0
118,24,5,1041,1909,260,477,260,477,0,0
118,56,2.9,2618,10383,654,2595,654,2595,1270,5078
118,58,7.88,3980,10546,2258,5817,574,1577,0,0
118,46,1.5,72,72,18,18,18,18,0,0
118,48,1.5,26,26,7,7,7,7,0,0
118,74,1.38,90,90,22,22,22,22,0,0
118,76,1,15,15,4,4,4,4,0,0
118,80,8.97,1008,1973,252,523,416,730,0,0
118,82,2.59,629,1366,35,97,525,1076,0,0
118,110,3,679,1846,170,462,170,461,0,0
118,112,2,310,621,245,491,22,44,0,0
118,84,0.21,916,1832,0,0,916,1832,0,0
118,86,0.55,2411,4823,0,0,2411,4823,0,0
118,88,2.69,281,281,25,25,207,207,0,0
118,108,2,49,97,12,24,12,24,0,0
118,122,0.75,26,51,7,13,6,13,0,0
118,124,0.57,2248,4619,0,0,2248,4619,0,0
118,126,0.59,3398,6796,0,0,3398,6796,0,0
120,56,0.02,25,99,6,25,6,25,25,99
120,58,1.2,181,347,170,336,4,4,0,0
120,50,1,116,232,116,232,0,0,0,0
120,72,1,74,148,19,37,19,37,0,0
120,74,0.62,15,15,4,4,4,4,0,0
120,80,5,220,346,41,59,41,59,0,0
120,82,3,374,815,316,757,0,0,0,0
120,84,0.05,219,438,0,0,219,438,0,0
120,86,8.13,2975,7400,211,465,1062,2166,0,0
120,88,1.33,254,467,213,424,37,37,0,0
120,100,1,20,60,20,60,0,0,0,0
120,114,2.17,3819,7620,5,5,3805,7606,0,0
120,116,0.83,2694,5387,0,0,2694,5387,0,0
120,122,1.2,180,360,173,347,2,4,0,0
120,124,14.86,3025,6436,560,1108,1364,3147,0,0
120,126,0.04,210,421,0,0,210,421,0,0
120,76,1.67,227,455,211,421,6,11,0,0
120,78,0.81,197,394,197,394,0,0,0,0
120,98,1,54,108,13,27,13,27,0,0
120,104,1,37,37,9,9,9,9,0,0
120,112,3,527,1028,279,551,83,159,0,0
120,120,4,465,901,116,225,116,225,0,0
122,52,1,32,65,8,16,8,16,0,0
122,54,2,54,107,13,27,13,27,0,0
122,72,1,66,133,17,33,17,33,0,0
122,76,2.16,231,406,154,294,25,37,0,0
122,78,5.36,434,783,186,351,82,144,0,0
122,80,4,3701,8494,118,237,3345,7783,0,0
122,84,0.88,51,51,13,13,13,13,0,0
122,86,9.17,957,1362,497,843,343,363,0,0
122,88,3.47,533,1066,247,492,67,134,0,0
122,90,1,41,41,10,10,10,10,0,0
122,100,3.55,335,670,178,357,52,105,0,0
122,102,7.93,1136,2766,588,1302,170,462,0,0
122,104,0.56,17,17,4,4,4,4,0,0
122,108,1,30,30,8,8,8,8,0,0
122,114,6.99,644,1377,280,746,179,269,0,0
122,116,1,76,76,19,19,19,19,0,0
122,120,1,31,31,31,31,0,0,0,0
122,122,0.41,5119,10237,0,0,5119,10237,0,0
122,124,1.58,7407,14670,0,0,7407,14670,0,0
122,82,4,426,768,391,733,11,11,0,0
122,110,1.24,7579,15159,0,0,7579,15159,0,0
122,112,0.13,812,1624,0,0,812,1624,0,0
122,126,0.79,10242,20482,0,0,10242,20482,0,0
124,24,4,1151,2199,329,590,275,536,0,0
124,74,1,207,414,207,414,0,0,0,0
124,76,1.5,97,165,76,144,7,7,0,0
124,78,3.5,789,1149,210,313,193,279,0,0
124,86,3,270,270,67,67,67,67,0,0
124,88,12.52,1446,3221,893,1977,127,299,0,0
124,92,1,128,256,32,64,32,64,0,0
124,100,0.97,140,281,140,281,0,0,0,0
124,102,5.99,453,735,244,445,70,97,0,0
124,110,12.14,20072,41182,548,2181,19518,38994,0,0
124,112,1.33,390,1248,253,993,123,241,0,0
124,114,0.99,2093,6021,0,0,2093,6021,0,0
124,116,2.03,1992,4032,3,3,1982,4021,0,0
124,124,0.16,1222,2445,0,0,1222,2445,0,0
124,126,1.61,15915,31830,0,0,15915,31830,0,0
124,72,2,163,325,41,81,41,81,0,0
124,80,1,19,19,5,5,5,5,0,0
126,28,0.19,73,146,73,146,0,0,0,0
126,70,1,249,748,62,187,62,187,0,0
126,84,1,58,58,15,15,15,15,0,0
126,88,17.8,2147,3183,1212,1965,311,406,0,0
126,110,1.18,2214,4387,10,10,2183,4356,0,0
126,114,3.26,16946,33891,9,17,16920,33840,0,0
126,116,1.67,17002,50439,0,0,17002,50439,0,0
126,118,1.39,18968,50160,0,0,18968,50160,0,0
126,120,0.41,2241,5876,5,16,2225,5830,0,0
126,122,2.75,287,638,72,159,72,159,0,0
126,126,2.23,13971,41350,277,542,13669,40783,0,0
126,74,1.52,133,266,103,206,10,20,0,0
126,76,2,89,89,22,22,22,22,0,0
126,90,17.44,1521,2426,922,1690,159,163,0,0
126,92,17.33,2070,3856,2000,3714,16,32,0,0
126,94,10.64,1031,2042,918,1817,12,24,0,0
126,96,15.79,1374,2427,1290,2275,23,45,0,0
126,98,0.61,25,50,6,13,6,13,0,0
126,106,1,17,17,4,4,4,4,0,0
