x,y,number,ground_area,floor_area,residential_ground_area,residential_floor_area,economic_activity_ground_area,economic_activity_floor_area,cultural_ground_area,cultural_floor_area
0,1,0.77,54,54,0,0,0,0,0,0
0,2,1,22,22,0,0,0,0,0,0
0,3,0.9,104,104,104,104,0,0,0,0
0,4,6.12,2326,2326,2326,2326,0,0,0,0
0,5,7.29,2850,2850,2850,2850,0,0,0,0
0,6,2.15,404,404,404,404,0,0,0,0
0,7,4,617,617,423,423,0,0,0,0
0,23,2,115,115,115,115,0,0,0,0
0,26,1,12,12,0,0,0,0,0,0
0,89,1,39,39,39,39,0,0,0,0
0,94,0.1,65,65,65,65,0,0,0,0
0,95,3.55,875,875,864,864,11,11,0,0
0,96,7.31,1493,1493,1401,1401,53,53,0,0
0,97,4,614,614,614,614,0,0,0,0
0,98,3.62,561,561,216,216,345,345,0,0
0,99,17.6,2029,2029,2008,2008,20,20,0,0
0,100,9.34,2217,2217,947,947,1270,1270,0,0
0,101,13.17,2693,2693,2693,2693,0,0,0,0
0,102,8.74,1740,1740,1334,1334,406,406,0,0
0,103,3.12,414,414,414,414,0,0,0,0
0,104,1,21,21,21,21,0,0,0,0
0,106,2,44,44,44,44,0,0,0,0
0,110,0.17,11,11,11,11,0,0,0,0
0,111,0.79,53,53,53,53,0,0,0,0
0,112,0.71,119,119,119,119,0,0,0,0
1,5,0.71,189,189,189,189,0,0,0,0
1,6,10.37,2075,2075,2075,2075,0,0,0,0
1,7,5.18,992,992,841,841,0,0,0,0
1,12,1,15,15,0,0,0,0,0,0
1,37,0.88,53,53,53,53,0,0,0,0
1,38,0.12,7,7,7,7,0,0,0,0
1,42,0.02,1,1,1,1,0,0,0,0
1,45,1,28,28,0,0,0,0,0,0
1,49,1,16,16,0,0,0,0,0,0
1,59,1,20,20,0,0,0,0,0,0
1,94,0.28,180,180,180,180,0,0,0,0
1,95,1.6,310,310,310,310,0,0,0,0
1,96,1.87,433,433,433,433,0,0,0,0
1,97,17.23,1719,1719,1719,1719,0,0,0,0
1,98,23.77,3314,3314,3314,3314,0,0,0,0
1,99,26.67,3702,3702,3702,3702,0,0,0,0
1,100,13.57,2429,2429,1523,1523,906,906,0,0
1,101,6.52,911,911,911,911,0,0,0,0
1,102,5.06,718,718,718,718,0,0,0,0
1,107,1,16,16,0,0,0,0,0,0
1,111,1,34,34,34,34,0,0,0,0
1,112,1.29,110,110,110,110,0,0,0,0
2,6,1,46,46,0,0,0,0,0,0
2,21,1,21,21,0,0,0,0,0,0
2,42,0.98,42,42,42,42,0,0,0,0
2,53,1.98,433,433,99,99,334,334,0,0
2,54,0.02,2,2,2,2,0,0,0,0
2,93,1,45,45,45,45,0,0,0,0
2,95,1.53,496,496,496,496,0,0,0,0
2,96,1.28,158,158,158,158,0,0,0,0
2,97,35.39,3866,3866,3866,3866,0,0,0,0
2,98,45.33,4515,4515,4515,4515,0,0,0,0
2,99,50.55,4992,4992,4992,4992,0,0,0,0
2,100,21.95,1787,1787,1787,1787,0,0,0,0
2,101,0.82,189,189,189,189,0,0,0,0
2,108,1.4,89,89,89,89,0,0,0,0
2,111,1,26,26,0,0,0,0,0,0
2,114,1,10,10,0,0,0,0,0,0
2,118,1,42,42,0,0,0,0,0,0
3,15,0.02,1,1,0,0,0,0,0,0
3,16,0.98,32,32,0,0,0,0,0,0
3,17,1,39,39,0,0,0,0,0,0
3,20,2,244,244,0,0,0,0,0,0
3,26,0.71,21,21,0,0,0,0,0,0
3,27,0.29,9,9,0,0,0,0,0,0
3,52,1,12,12,0,0,0,0,0,0
3,53,1,215,215,0,0,215,215,0,0
3,90,1,6,6,0,0,0,0,0,0
3,93,3,417,417,417,417,0,0,0,0
3,95,1,22,22,22,22,0,0,0,0
3,96,7.89,742,742,726,726,0,0,0,0
3,97,43.07,3784,3784,3362,3362,0,0,422,422
3,98,53.88,4774,4774,4774,4774,0,0,0,0
3,99,43.37,5090,5090,5047,5047,0,0,43,43
3,100,19.13,1826,1826,1677,1677,0,0,149,149
3,101,2.94,221,221,221,221,0,0,0,0
3,102,1,23,23,23,23,0,0,0,0
3,104,2,67,67,0,0,0,0,0,0
3,105,2,21,21,15,15,0,0,0,0
3,106,1,78,78,0,0,0,0,0,0
3,107,0.81,110,110,110,110,0,0,0,0
3,108,0.79,92,92,92,92,0,0,0,0
4,18,1,33,33,0,0,0,0,0,0
4,20,0.01,0,0,0,0,0,0,0,0
4,21,0.99,20,20,0,0,0,0,0,0
4,24,1,14,14,0,0,0,0,0,0
4,25,1,36,36,0,0,0,0,0,0
4,26,1,40,40,0,0,0,0,0,0
4,40,1,20,20,0,0,0,0,0,0
4,43,1,21,21,0,0,0,0,0,0
4,46,2,64,64,0,0,0,0,0,0
4,48,1,126,126,0,0,0,0,0,0
4,92,1.94,147,147,0,0,137,137,0,0
4,93,0.06,1,1,0,0,0,0,0,0
4,94,2.24,165,165,165,165,0,0,0,0
4,95,2.72,166,166,166,166,0,0,0,0
4,96,8.09,391,391,344,344,0,0,0,0
4,97,34.07,2642,2642,2623,2623,0,0,0,0
4,98,39.48,4163,4163,4163,4163,0,0,0,0
4,99,64.13,5184,5184,4954,4954,230,230,0,0
4,100,27.93,2790,2790,2774,2774,0,0,16,16
4,101,12.95,1628,1628,1136,1136,492,492,0,0
4,103,1,38,38,38,38,0,0,0,0
4,109,4,362,362,362,362,0,0,0,0
4,112,2,291,291,291,291,0,0,0,0
4,113,1.01,44,44,44,44,0,0,0,0
4,115,2,206,206,0,0,206,206,0,0
5,5,0.04,4,4,0,0,0,0,0,0
5,6,1.64,436,436,142,142,294,294,0,0
5,7,1.04,109,109,109,109,0,0,0,0
5,8,0.98,46,46,46,46,0,0,0,0
5,10,1,41,41,41,41,0,0,0,0
5,11,0.99,422,422,0,0,422,422,0,0
5,13,0.66,232,232,0,0,232,232,0,0
5,14,0.34,121,121,0,0,121,121,0,0
5,19,1,50,50,0,0,0,0,0,0
5,20,2,72,72,0,0,0,0,0,0
5,22,1,14,14,0,0,0,0,0,0
5,23,1,27,27,0,0,0,0,0,0
5,94,0.05,3,3,3,3,0,0,0,0
5,95,3,205,205,205,205,0,0,0,0
5,96,18.22,1721,1721,1721,1721,0,0,0,0
5,97,28.76,3358,3358,3268,3268,0,0,90,90
5,98,51.51,4969,4969,4589,4589,0,0,381,381
5,99,69,4981,4981,4981,4981,0,0,0,0
5,100,29.84,2853,2853,2853,2853,0,0,0,0
5,101,2.91,179,179,179,179,0,0,0,0
5,103,0.49,76,76,76,76,0,0,0,0
5,105,1,26,26,26,26,0,0,0,0
5,107,1,60,60,60,60,0,0,0,0
5,113,0.99,28,28,28,28,0,0,0,0
6,5,0.96,80,80,0,0,0,0,0,0
6,7,1.32,52,52,52,52,0,0,0,0
6,8,3.02,148,148,148,148,0,0,0,0
6,11,1.72,288,288,74,74,214,214,0,0
6,12,0.29,57,57,8,8,49,49,0,0
6,14,0.16,62,62,62,62,0,0,0,0
6,15,0.84,334,334,334,334,0,0,0,0
6,22,1,103,103,103,103,0,0,0,0
6,40,0.95,97,97,97,97,0,0,0,0
6,91,1,97,97,97,97,0,0,0,0
6,93,3,449,449,449,449,0,0,0,0
6,95,2,127,127,127,127,0,0,0,0
6,96,5.43,551,551,551,551,0,0,0,0
6,97,5.98,247,247,195,195,0,0,52,52
6,98,3.57,240,240,159,159,0,0,81,81
6,99,9.85,400,400,333,333,0,0,0,0
6,100,37.57,3980,3980,3980,3980,0,0,0,0
6,101,0.54,54,54,54,54,0,0,0,0
6,103,0.51,77,77,77,77,0,0,0,0
6,108,2,311,311,311,311,0,0,0,0
6,109,1.03,102,102,102,102,0,0,0,0
6,110,0.97,101,101,101,101,0,0,0,0
7,21,1,34,34,0,0,0,0,0,0
7,22,1,13,13,0,0,0,0,0,0
7,24,1,25,25,0,0,0,0,0,0
7,40,0.05,5,5,5,5,0,0,0,0
7,45,1,7,7,7,7,0,0,0,0
7,80,1,31,31,0,0,0,0,0,0
7,97,1.59,55,55,55,55,0,0,0,0
7,98,1,18,18,0,0,0,0,0,0
7,99,3.64,287,287,287,287,0,0,0,0
7,100,21.89,1622,1622,1622,1622,0,0,0,0
7,101,6.61,358,358,317,317,0,0,0,0
8,14,1,59,59,59,59,0,0,0,0
8,22,2,51,51,0,0,0,0,0,0
8,23,1,45,45,0,0,0,0,0,0
8,25,1,30,30,0,0,0,0,0,0
8,37,1,87,87,87,87,0,0,0,0
8,39,1,14,14,0,0,0,0,0,0
8,48,3,165,165,165,165,0,0,0,0
8,51,1,37,37,0,0,0,0,0,0
8,95,1,503,503,0,0,503,503,0,0
8,97,2,112,112,112,112,0,0,0,0
8,99,1,71,71,71,71,0,0,0,0
8,100,6,317,317,317,317,0,0,0,0
8,101,1,32,32,32,32,0,0,0,0
8,103,1,83,83,83,83,0,0,0,0
8,105,1,47,47,47,47,0,0,0,0
9,22,1,50,50,0,0,0,0,0,0
9,24,1,11,11,0,0,0,0,0,0
9,25,2,35,35,0,0,0,0,0,0
9,35,1.67,142,142,142,142,0,0,0,0
9,40,1,176,176,0,0,0,0,0,0
9,42,1,11,11,0,0,0,0,0,0
9,55,1,36,36,0,0,0,0,0,0
9,85,1,89,89,89,89,0,0,0,0
9,86,1,11,11,11,11,0,0,0,0
9,94,0.46,65,65,65,65,0,0,0,0
9,95,1.38,128,128,128,128,0,0,0,0
9,97,1,16,16,16,16,0,0,0,0
9,98,4,313,313,313,313,0,0,0,0
9,100,3.98,162,162,162,162,0,0,0,0
9,101,0.02,1,1,1,1,0,0,0,0
9,102,1,88,88,88,88,0,0,0,0
9,110,2,58,58,17,17,0,0,0,0
10,7,1,50,50,50,50,0,0,0,0
10,24,0.84,25,25,0,0,0,0,0,0
10,31,1,67,67,67,67,0,0,0,0
10,35,2.33,198,198,198,198,0,0,0,0
10,51,2,38,38,0,0,0,0,0,0
10,76,2,170,170,136,136,0,0,0,0
10,77,1,32,32,32,32,0,0,0,0
10,83,1,19,19,19,19,0,0,0,0
10,85,1,5,5,5,5,0,0,0,0
10,95,0.16,10,10,10,10,0,0,0,0
11,24,0.16,5,5,0,0,0,0,0,0
11,47,1.71,187,187,187,187,0,0,0,0
11,86,1,45,45,0,0,0,0,0,0
11,88,1,240,240,240,240,0,0,0,0
11,94,1,3,3,3,3,0,0,0,0
11,100,2,100,100,66,66,0,0,0,0
11,102,1,90,90,90,90,0,0,0,0
11,103,1,54,54,54,54,0,0,0,0
12,12,1,23,23,0,0,0,0,0,0
12,47,3.85,893,893,605,605,288,288,0,0
12,48,4.23,935,935,709,709,226,226,0,0
12,49,5.16,918,918,918,918,0,0,0,0
12,54,1.03,77,77,77,77,0,0,0,0
12,55,0.97,61,61,61,61,0,0,0,0
12,86,1,26,26,0,0,0,0,0,0
12,102,1,23,23,0,0,0,0,0,0
13,25,1,50,50,0,0,0,0,0,0
13,48,12.01,2888,2888,2888,2888,0,0,0,0
13,49,4.21,1472,1472,1472,1472,0,0,0,0
13,61,1,29,29,0,0,0,0,0,0
13,78,1,50,50,50,50,0,0,0,0
14,48,3.62,703,703,703,703,0,0,0,0
14,49,10.54,3842,3842,3675,3675,0,0,167,167
14,50,0.01,2,2,2,2,0,0,0,0
14,51,1,28,28,28,28,0,0,0,0
14,73,1,51,51,51,51,0,0,0,0
14,100,1,76,76,76,76,0,0,0,0
15,8,1,21,21,21,21,0,0,0,0
15,33,3,120,120,45,45,0,0,0,0
15,48,0.98,60,60,60,60,0,0,0,0
15,49,11.84,4504,4504,4504,4504,0,0,0,0
15,50,7.63,937,937,937,937,0,0,0,0
15,54,1,50,50,0,0,0,0,0,0
15,71,1,40,40,40,40,0,0,0,0
15,90,1,124,124,124,124,0,0,0,0
15,103,1,36,36,36,36,0,0,0,0
16,31,1,278,278,0,0,278,278,0,0
16,48,0.02,4,4,4,4,0,0,0,0
16,49,10.69,3800,3800,3800,3800,0,0,0,0
16,50,3.4,561,561,561,561,0,0,0,0
16,64,1,24,24,0,0,0,0,0,0
16,92,1,5,5,0,0,0,0,0,0
16,103,1,27,27,27,27,0,0,0,0
17,26,0.5,10,10,0,0,0,0,0,0
17,27,1.5,90,90,0,0,0,0,0,0
17,30,1,59,59,59,59,0,0,0,0
17,35,1,209,209,209,209,0,0,0,0
17,47,0.36,33,33,33,33,0,0,0,0
17,48,0.64,58,58,58,58,0,0,0,0
17,49,5.1,1045,1045,1045,1045,0,0,0,0
17,55,1.3,74,74,74,74,0,0,0,0
17,56,0.7,41,41,41,41,0,0,0,0
17,95,1,18,18,0,0,0,0,0,0
17,110,1,61,61,61,61,0,0,0,0
18,22,1,75,75,0,0,0,0,0,0
18,27,1,123,123,0,0,123,123,0,0
18,49,1,60,60,60,60,0,0,0,0
18,55,1,40,40,0,0,0,0,0,0
18,103,1,14,14,0,0,0,0,0,0
18,106,1,34,34,0,0,0,0,0,0
18,107,1,14,14,0,0,0,0,0,0
19,6,1,65,65,65,65,0,0,0,0
19,23,1,37,37,0,0,0,0,0,0
19,47,0.02,3,3,0,0,0,0,3,3
19,48,1.98,328,328,0,0,157,157,171,171
19,101,1,93,93,93,93,0,0,0,0
19,106,1,70,70,70,70,0,0,0,0
20,22,2,73,73,0,0,0,0,0,0
20,23,1,253,253,253,253,0,0,0,0
20,100,1,42,42,42,42,0,0,0,0
21,3,1,157,157,157,157,0,0,0,0
21,76,2,87,87,0,0,0,0,0,0
21,99,1,22,22,22,22,0,0,0,0
21,101,0.36,15,15,15,15,0,0,0,0
21,102,0.64,26,26,26,26,0,0,0,0
21,110,2,63,63,5,5,0,0,0,0
22,1,3,524,524,16,16,508,508,0,0
22,29,0.39,33,33,33,33,0,0,0,0
22,54,1,71,71,0,0,0,0,0,0
23,20,2,45,45,0,0,0,0,0,0
23,29,0.61,51,51,51,51,0,0,0,0
23,48,0.17,4,4,0,0,0,0,0,0
23,49,0.83,19,19,0,0,0,0,0,0
24,21,1,78,78,78,78,0,0,0,0
24,107,1,25,25,25,25,0,0,0,0
25,16,1,26,26,26,26,0,0,0,0
25,93,0.01,1,1,1,1,0,0,0,0
25,94,0.99,77,77,77,77,0,0,0,0
26,14,0.17,9,9,9,9,0,0,0,0
26,15,0.83,44,44,44,44,0,0,0,0
26,23,1,21,21,21,21,0,0,0,0
26,93,1,109,109,0,0,0,0,0,0
26,102,1,22,22,0,0,0,0,0,0
26,104,1,6,6,0,0,0,0,0,0
27,17,0.96,142,142,0,0,142,142,0,0
27,18,1.14,46,46,0,0,46,46,0,0
27,26,0.09,21,21,21,21,0,0,0,0
27,74,0.58,25,25,0,0,0,0,0,0
27,75,0.42,18,18,0,0,0,0,0,0
28,17,1.9,148,148,0,0,148,148,0,0
28,26,3.62,866,866,866,866,0,0,0,0
28,27,0.24,72,72,72,72,0,0,0,0
28,30,0.9,148,148,148,148,0,0,0,0
28,31,0.1,17,17,17,17,0,0,0,0
28,47,1,33,33,33,33,0,0,0,0
28,56,1,47,47,0,0,0,0,0,0
29,6,1,43,43,0,0,0,0,0,0
29,26,0.04,3,3,3,3,0,0,0,0
29,29,0.49,122,122,122,122,0,0,0,0
29,30,4.11,749,749,749,749,0,0,0,0
29,31,0.4,112,112,112,112,0,0,0,0
29,93,1.23,254,254,254,254,0,0,0,0
29,94,0.77,105,105,105,105,0,0,0,0
30,30,1,90,90,0,0,0,0,0,0
30,36,1,26,26,0,0,0,0,0,0
30,43,1,397,397,397,397,0,0,0,0
30,55,1,21,21,0,0,0,0,0,0
30,93,1,4,4,0,0,0,0,0,0
31,32,2.44,287,287,287,287,0,0,0,0
31,33,0.56,18,18,18,18,0,0,0,0
31,36,1,49,49,49,49,0,0,0,0
31,43,1,86,86,86,86,0,0,0,0
31,45,0.11,33,33,33,33,0,0,0,0
31,56,2,282,282,0,0,0,0,0,0
32,19,1.27,145,145,145,145,0,0,0,0
32,33,1,203,203,203,203,0,0,0,0
32,34,3,549,549,107,107,442,442,0,0
32,36,0.97,275,275,275,275,0,0,0,0
32,37,0.03,9,9,9,9,0,0,0,0
32,38,0.99,506,506,0,0,0,0,506,506
32,45,0.89,261,261,261,261,0,0,0,0
32,93,1,50,50,50,50,0,0,0,0
33,19,0.73,108,108,108,108,0,0,0,0
33,38,0.01,5,5,0,0,0,0,5,5
33,109,0.71,88,88,88,88,0,0,0,0
33,110,0.29,36,36,36,36,0,0,0,0
34,39,1,489,489,489,489,0,0,0,0
34,44,1,189,189,0,0,189,189,0,0
34,58,1,36,36,0,0,0,0,0,0
34,96,1,14,14,0,0,0,0,0,0
34,97,1,4,4,4,4,0,0,0,0
35,15,0.41,10,10,10,10,0,0,0,0
35,29,1,51,51,0,0,0,0,0,0
35,43,1,193,193,0,0,193,193,0,0
35,73,1,9,9,0,0,0,0,0,0
35,90,0.11,2,2,0,0,0,0,0,0
35,92,1,22,22,0,0,0,0,0,0
35,97,2,28,28,28,28,0,0,0,0
36,1,0.47,47,47,47,47,0,0,0,0
36,2,0.53,54,54,54,54,0,0,0,0
36,15,1.59,67,67,67,67,0,0,0,0
36,30,1,18,18,0,0,0,0,0,0
36,40,1,32,32,32,32,0,0,0,0
36,42,1.7,138,138,138,138,0,0,0,0
36,43,1.3,504,504,504,504,0,0,0,0
36,44,0.38,84,84,84,84,0,0,0,0
36,90,0.89,15,15,0,0,0,0,0,0
37,1,2,437,437,0,0,264,264,0,0
37,15,1,102,102,102,102,0,0,0,0
37,38,5.11,890,890,890,890,0,0,0,0
37,39,0.06,10,10,10,10,0,0,0,0
37,43,1.81,202,202,202,202,0,0,0,0
37,44,0.81,169,169,169,169,0,0,0,0
37,98,1,13,13,13,13,0,0,0,0
37,99,1,15,15,15,15,0,0,0,0
38,27,1,32,32,0,0,0,0,0,0
38,30,1,13,13,0,0,0,0,0,0
38,38,4.84,1030,1030,1030,1030,0,0,0,0
38,39,2,527,527,527,527,0,0,0,0
38,51,1.1,38,38,0,0,0,0,15,15
38,52,1,70,70,0,0,0,0,0,0
38,55,1,41,41,0,0,0,0,0,0
38,56,1,51,51,0,0,0,0,0,0
39,6,2,179,179,179,179,0,0,0,0
39,30,0.8,27,27,0,0,0,0,0,0
39,34,1,427,427,427,427,0,0,0,0
39,35,0.09,25,25,25,25,0,0,0,0
39,36,1.32,318,318,318,318,0,0,0,0
39,37,0.56,144,144,144,144,0,0,0,0
39,38,3.59,755,755,755,755,0,0,0,0
39,39,0.85,839,839,839,839,0,0,0,0
39,51,0.9,139,139,0,0,0,0,139,139
40,30,0.2,7,7,0,0,0,0,0,0
40,33,3,152,152,152,152,0,0,0,0
40,34,1.98,488,488,488,488,0,0,0,0
40,35,4.39,828,828,828,828,0,0,0,0
40,36,2.44,692,692,692,692,0,0,0,0
40,38,1.84,720,720,720,720,0,0,0,0
40,39,2.16,1244,1244,1244,1244,0,0,0,0
40,42,1,71,71,0,0,0,0,0,0
40,101,3,357,357,37,37,320,320,0,0
41,25,1,82,82,82,82,0,0,0,0
41,33,0.32,10,10,10,10,0,0,0,0
41,34,2.93,224,224,224,224,0,0,0,0
41,35,0.84,252,252,252,252,0,0,0,0
41,36,2.99,974,974,974,974,0,0,0,0
41,37,0.14,36,36,36,36,0,0,0,0
41,38,5.12,805,805,805,805,0,0,0,0
41,39,0.88,477,477,477,477,0,0,0,0
41,43,1,69,69,0,0,0,0,0,0
41,121,0.18,22,22,0,0,0,0,0,0
42,32,1,29,29,0,0,0,0,0,0
42,33,1.68,68,68,68,68,0,0,0,0
42,35,1,23,23,0,0,0,0,0,0
42,37,2.87,269,269,269,269,0,0,0,0
42,38,7.03,1562,1562,1562,1562,0,0,0,0
42,44,1.97,146,146,146,146,0,0,0,0
42,46,0.98,36,36,36,36,0,0,0,0
42,47,0.18,14,14,1,1,0,0,0,0
42,48,0.84,70,70,0,0,0,0,0,0
42,54,1,24,24,0,0,0,0,0,0
42,98,2,9,9,9,9,0,0,0,0
42,121,0.82,100,100,0,0,0,0,0,0
43,38,6.3,1464,1464,1464,1464,0,0,0,0
43,44,1.03,246,246,246,246,0,0,0,0
43,45,1,351,351,0,0,351,351,0,0
43,55,0.27,15,15,15,15,0,0,0,0
43,93,1,216,216,216,216,0,0,0,0
44,37,0.88,66,66,66,66,0,0,0,0
44,38,6.2,1728,1728,1728,1728,0,0,0,0
44,39,12.78,3793,3793,3793,3793,0,0,0,0
44,40,3.01,809,809,551,551,258,258,0,0
44,50,1,470,470,0,0,470,470,0,0
44,55,0.73,41,41,41,41,0,0,0,0
45,1,0.63,61,61,61,61,0,0,0,0
45,2,0.37,35,35,35,35,0,0,0,0
45,27,0.98,44,44,0,0,0,0,0,0
45,28,0.02,1,1,0,0,0,0,0,0
45,29,1,92,92,0,0,0,0,0,0
45,38,9.33,1706,1706,1587,1587,0,0,0,0
45,39,9.76,2034,2034,2034,2034,0,0,0,0
45,40,7.72,2433,2433,2433,2433,0,0,0,0
45,41,4.02,1857,1857,1857,1857,0,0,0,0
45,47,2,21,21,0,0,0,0,0,0
45,52,1,63,63,63,63,0,0,0,0
46,36,0.22,9,9,0,0,0,0,0,0
46,37,0.78,32,32,0,0,0,0,0,0
46,38,0.56,189,189,189,189,0,0,0,0
46,39,2.71,640,640,640,640,0,0,0,0
46,40,4.09,1203,1203,1203,1203,0,0,0,0
46,41,13.65,3968,3968,3968,3968,0,0,0,0
46,42,0.44,66,66,66,66,0,0,0,0
46,77,1,123,123,123,123,0,0,0,0
46,96,1,43,43,43,43,0,0,0,0
46,97,1,54,54,54,54,0,0,0,0
46,105,1,35,35,35,35,0,0,0,0
47,20,1.76,493,493,0,0,493,493,0,0
47,21,0.22,52,52,0,0,52,52,0,0
47,36,21.26,1578,1578,1267,1267,0,0,0,0
47,37,12.25,2528,2528,2528,2528,0,0,0,0
47,38,8.49,1068,1068,1068,1068,0,0,0,0
47,39,3.48,745,745,745,745,0,0,0,0
47,40,6.1,2011,2011,2011,2011,0,0,0,0
47,41,9.72,3411,3411,3411,3411,0,0,0,0
47,42,3.65,856,856,856,856,0,0,0,0
47,46,1,33,33,0,0,0,0,0,0
47,50,1,66,66,66,66,0,0,0,0
47,54,0.02,2,2,2,2,0,0,0,0
47,77,1,8,8,0,0,0,0,0,0
47,96,1,104,104,104,104,0,0,0,0
48,20,1.01,110,110,108,108,2,2,0,0
48,21,0.02,4,4,0,0,4,4,0,0
48,36,2.44,308,308,308,308,0,0,0,0
48,37,22.4,3472,3472,3472,3472,0,0,0,0
48,38,17.84,5840,5840,5840,5840,0,0,0,0
48,39,19.5,5405,5405,5405,5405,0,0,0,0
48,40,16.16,4150,4150,4127,4127,0,0,0,0
48,41,13.61,4024,4024,4024,4024,0,0,0,0
48,42,2.89,861,861,861,861,0,0,0,0
48,43,1.07,334,334,334,334,0,0,0,0
48,54,0.98,88,88,88,88,0,0,0,0
49,37,16.27,3464,3464,3464,3464,0,0,0,0
49,38,22.05,4923,4923,4923,4923,0,0,0,0
49,39,18.8,4591,4591,4591,4591,0,0,0,0
49,40,14.07,3100,3100,3098,3098,0,0,0,0
49,41,1.17,1079,1079,1079,1079,0,0,0,0
49,94,2,383,383,0,0,383,383,0,0
50,10,1,80,80,80,80,0,0,0,0
50,37,22.35,2955,2955,2955,2955,0,0,0,0
50,38,17.47,4587,4587,3612,3612,467,467,509,509
50,39,22.54,4882,4882,4882,4882,0,0,0,0
50,40,10.57,4462,4462,4462,4462,0,0,0,0
50,41,3.4,1210,1210,1210,1210,0,0,0,0
50,89,1,31,31,0,0,0,0,0,0
50,93,1,288,288,288,288,0,0,0,0
50,102,1,18,18,0,0,0,0,0,0
50,105,3,212,212,61,61,151,151,0,0
50,106,0.01,12,12,0,0,12,12,0,0
50,107,0.99,998,998,0,0,998,998,0,0
51,5,1,75,75,75,75,0,0,0,0
51,6,2,74,74,74,74,0,0,0,0
51,23,0.62,119,119,0,0,119,119,0,0
51,35,3,239,239,239,239,0,0,0,0
51,37,12.24,2326,2326,2326,2326,0,0,0,0
51,38,15.33,5958,5958,5958,5958,0,0,0,0
51,39,18.86,5325,5325,5325,5325,0,0,0,0
51,40,12.88,4546,4546,4546,4546,0,0,0,0
51,41,6.74,2295,2295,2295,2295,0,0,0,0
51,48,0.37,17,17,17,17,0,0,0,0
51,49,0.63,28,28,28,28,0,0,0,0
51,80,1,32,32,0,0,0,0,0,0
51,87,0.3,24,24,0,0,0,0,0,0
51,88,0.7,58,58,0,0,0,0,0,0
51,89,1,66,66,66,66,0,0,0,0
51,91,1,3,3,3,3,0,0,0,0
52,0,1,96,96,96,96,0,0,0,0
52,21,0.08,16,16,0,0,16,16,0,0
52,23,0.38,71,71,0,0,71,71,0,0
52,25,1,73,73,73,73,0,0,0,0
52,34,1,15,15,0,0,0,0,0,0
52,37,1,154,154,154,154,0,0,0,0
52,38,11.15,3088,3088,2998,2998,0,0,0,0
52,39,11.4,4512,4512,4512,4512,0,0,0,0
52,40,1.73,431,431,431,431,0,0,0,0
52,43,1,147,147,147,147,0,0,0,0
52,62,1.43,137,137,105,105,0,0,0,0
52,83,1,24,24,0,0,0,0,0,0
52,122,1,19,19,0,0,0,0,0,0
53,21,0.92,191,191,0,0,191,191,0,0
53,23,1,31,31,31,31,0,0,0,0
53,33,0.56,17,17,17,17,0,0,0,0
53,34,3,174,174,119,119,0,0,0,0
53,35,2,247,247,247,247,0,0,0,0
53,37,1.1,225,225,0,0,225,225,0,0
53,38,4.57,1241,1241,910,910,331,331,0,0
53,39,14.75,3508,3508,3508,3508,0,0,0,0
53,40,5.48,1332,1332,1332,1332,0,0,0,0
53,62,2.57,119,119,46,46,0,0,0,0
53,68,1,290,290,0,0,290,290,0,0
53,91,3,818,818,284,284,534,534,0,0
53,103,1,125,125,125,125,0,0,0,0
53,117,1,26,26,0,0,0,0,0,0
53,123,1,40,40,0,0,0,0,0,0
54,7,1,139,139,0,0,139,139,0,0
54,12,1,217,217,0,0,217,217,0,0
54,33,0.44,13,13,13,13,0,0,0,0
54,36,1,46,46,46,46,0,0,0,0
54,39,3.14,645,645,645,645,0,0,0,0
54,40,8.62,2351,2351,2279,2279,0,0,0,0
54,41,3.43,1119,1119,1119,1119,0,0,0,0
54,42,0.75,47,47,0,0,0,0,0,0
54,59,0.95,94,94,93,93,0,0,0,0
54,83,1,44,44,0,0,0,0,0,0
54,89,0.69,203,203,203,203,0,0,0,0
54,90,4.12,1034,1034,1034,1034,0,0,0,0
54,95,1,56,56,0,0,0,0,0,0
54,103,0.23,27,27,27,27,0,0,0,0
54,104,2.77,173,173,173,173,0,0,0,0
55,0,2,493,493,43,43,450,450,0,0
55,5,1,49,49,0,0,0,0,0,0
55,6,2.97,685,685,685,685,0,0,0,0
55,7,3.03,1083,1083,1083,1083,0,0,0,0
55,17,1,118,118,118,118,0,0,0,0
55,33,1,670,670,670,670,0,0,0,0
55,39,2,647,647,647,647,0,0,0,0
55,40,6,2145,2145,2145,2145,0,0,0,0
55,41,1.57,411,411,411,411,0,0,0,0
55,42,0.25,15,15,0,0,0,0,0,0
55,58,1,76,76,76,76,0,0,0,0
55,59,1.05,45,45,8,8,0,0,0,0
55,84,1,18,18,0,0,0,0,0,0
55,86,0.5,119,119,119,119,0,0,0,0
55,87,4.74,1095,1095,1095,1095,0,0,0,0
55,88,5.98,1624,1624,1624,1624,0,0,0,0
55,89,8.78,1589,1589,1589,1589,0,0,0,0
55,90,0.2,61,61,61,61,0,0,0,0
55,99,1,123,123,123,123,0,0,0,0
55,101,8.45,1677,1677,1677,1677,0,0,0,0
55,102,2.37,243,243,243,243,0,0,0,0
55,106,0.6,144,144,144,144,0,0,0,0
56,0,1,167,167,167,167,0,0,0,0
56,4,0.73,128,128,0,0,0,0,0,0
56,5,0.97,404,404,0,0,357,357,0,0
56,6,1.3,430,430,281,281,150,150,0,0
56,26,1,27,27,27,27,0,0,0,0
56,39,0.96,226,226,226,226,0,0,0,0
56,40,6.54,529,529,529,529,0,0,0,0
56,60,0.86,111,111,0,0,0,0,0,0
56,61,0.14,19,19,0,0,0,0,0,0
56,79,1,23,23,0,0,0,0,0,0
56,80,1,78,78,0,0,0,0,0,0
56,86,6.02,1272,1272,1272,1272,0,0,0,0
56,87,12.01,3586,3586,3415,3415,172,172,0,0
56,88,11.12,3143,3143,2867,2867,276,276,0,0
56,89,2.05,703,703,703,703,0,0,0,0
56,100,0.08,12,12,12,12,0,0,0,0
56,101,4.75,946,946,876,876,70,70,0,0
56,102,6.58,1039,1039,908,908,131,131,0,0
56,105,1.72,134,134,0,0,0,0,0,0
56,106,2.68,229,229,97,97,0,0,0,0
57,3,1.57,385,385,282,282,0,0,0,0
57,36,1,166,166,166,166,0,0,0,0
57,39,1,61,61,61,61,0,0,0,0
57,40,2.46,684,684,684,684,0,0,0,0
57,53,2,85,85,85,85,0,0,0,0
57,60,1,33,33,0,0,0,0,0,0
57,65,1,117,117,0,0,0,0,0,0
57,73,2,51,51,0,0,0,0,0,0
57,77,1,67,67,67,67,0,0,0,0
57,86,14.64,4293,4293,4293,4293,0,0,0,0
57,87,16.67,5522,5522,4250,4250,379,379,570,570
57,88,8.58,3577,3577,3568,3568,9,9,0,0
57,89,1.39,96,96,96,96,0,0,0,0
57,90,0.12,19,19,19,19,0,0,0,0
57,100,0.92,143,143,143,143,0,0,0,0
57,101,4.75,760,760,760,760,0,0,0,0
57,102,7.15,1240,1240,1240,1240,0,0,0,0
57,103,5.61,1844,1844,1844,1844,0,0,0,0
57,104,1.77,595,595,595,595,0,0,0,0
57,105,6.01,1284,1284,1284,1284,0,0,0,0
57,106,7.59,2471,2471,2471,2471,0,0,0,0
57,107,3.07,710,710,710,710,0,0,0,0
57,108,4.98,1728,1728,1728,1728,0,0,0,0
57,109,1.58,665,665,665,665,0,0,0,0
57,110,1.45,487,487,487,487,0,0,0,0
57,111,2.17,526,526,526,526,0,0,0,0
57,112,2.48,464,464,464,464,0,0,0,0
58,3,1.43,394,394,394,394,0,0,0,0
58,10,1,59,59,0,0,0,0,0,0
58,30,1,89,89,89,89,0,0,0,0
58,33,2,386,386,5,5,381,381,0,0
58,43,1,56,56,0,0,0,0,0,0
58,60,1,35,35,35,35,0,0,0,0
58,62,1,191,191,0,0,0,0,0,0
58,76,1,16,16,0,0,0,0,0,0
58,83,1,19,19,0,0,0,0,0,0
58,84,0.97,130,130,130,130,0,0,0,0
58,85,5.08,775,775,565,565,0,0,0,0
58,86,18.67,5047,5047,4991,4991,0,0,0,0
58,87,19.53,6219,6219,6075,6075,0,0,0,0
58,88,2.19,1123,1123,1123,1123,0,0,0,0
58,90,0.87,139,139,139,139,0,0,0,0
58,102,0.84,151,151,151,151,0,0,0,0
58,103,0.75,215,215,215,215,0,0,0,0
58,104,10.65,3067,3067,2823,2823,244,244,0,0
58,105,16.8,3786,3786,3786,3786,0,0,0,0
58,106,7.03,2553,2553,2553,2553,0,0,0,0
58,107,2.97,595,595,595,595,0,0,0,0
58,108,1,21,21,0,0,0,0,0,0
58,109,1,93,93,93,93,0,0,0,0
58,110,0.99,93,93,93,93,0,0,0,0
58,111,2.34,539,539,539,539,0,0,0,0
59,0,2.31,415,415,415,415,0,0,0,0
59,2,0.01,3,3,0,0,0,0,0,0
59,62,0.77,27,27,0,0,0,0,0,0
59,63,0.23,8,8,0,0,0,0,0,0
59,73,1,41,41,41,41,0,0,0,0
59,76,1,22,22,0,0,0,0,0,0
59,83,1,145,145,145,145,0,0,0,0
59,84,2.78,530,530,511,511,0,0,0,0
59,85,16.43,4202,4202,4116,4116,0,0,85,85
59,86,19.42,5759,5759,5643,5643,0,0,0,0
59,87,10.63,2774,2774,2773,2773,0,0,0,0
59,88,0.03,7,7,7,7,0,0,0,0
59,102,0.64,13,13,0,0,0,0,0,0
59,103,3.14,738,738,24,24,707,707,0,0
59,104,5.76,2892,2892,2889,2889,2,2,0,0
59,105,5.88,1663,1663,1663,1663,0,0,0,0
59,106,0.88,172,172,172,172,0,0,0,0
59,107,0.12,23,23,23,23,0,0,0,0
59,110,0.9,73,73,73,73,0,0,0,0
59,111,2.1,318,318,318,318,0,0,0,0
60,1,0.41,73,73,55,55,0,0,0,0
60,2,1.58,283,283,124,124,0,0,0,0
60,7,1,37,37,0,0,0,0,0,0
60,34,1,31,31,0,0,0,0,0,0
60,60,0.09,5,5,5,5,0,0,0,0
60,61,0.19,133,133,4,4,129,129,0,0
60,62,0.83,642,642,0,0,642,642,0,0
60,64,2,86,86,58,58,0,0,0,0
60,65,1,19,19,19,19,0,0,0,0
60,74,1,20,20,20,20,0,0,0,0
60,77,1,19,19,19,19,0,0,0,0
60,81,1,123,123,123,123,0,0,0,0
60,83,1,48,48,48,48,0,0,0,0
60,84,8.42,1466,1466,1442,1442,0,0,0,0
60,85,12.58,4493,4493,4479,4479,0,0,0,0
60,86,8.53,4184,4184,4184,4184,0,0,0,0
60,87,0.52,135,135,135,135,0,0,0,0
60,88,0.05,13,13,13,13,0,0,0,0
60,100,0.23,1,1,0,0,0,0,0,0
60,102,7.13,1416,1416,1358,1358,0,0,58,58
60,103,16.69,3796,3796,3471,3471,98,98,211,211
60,104,5.68,2208,2208,2208,2208,0,0,0,0
60,106,0.97,200,200,200,200,0,0,0,0
61,0,0.91,98,98,98,98,0,0,0,0
61,1,0.09,10,10,10,10,0,0,0,0
61,12,1,43,43,43,43,0,0,0,0
61,31,1,171,171,0,0,0,0,0,0
61,35,1,260,260,0,0,260,260,0,0
61,60,0.91,58,58,58,58,0,0,0,0
61,61,0.98,144,144,144,144,0,0,0,0
61,62,1,40,40,40,40,0,0,0,0
61,64,1,80,80,80,80,0,0,0,0
61,74,1,20,20,20,20,0,0,0,0
61,82,2.36,567,567,567,567,0,0,0,0
61,83,1.28,554,554,554,554,0,0,0,0
61,84,13.07,2747,2747,2747,2747,0,0,0,0
61,85,7.25,2898,2898,2898,2898,0,0,0,0
61,86,2.1,494,494,251,251,243,243,0,0
61,100,0.77,5,5,0,0,0,0,0,0
61,101,9.91,1331,1331,1316,1316,0,0,0,0
61,102,10.16,3070,3070,3070,3070,0,0,0,0
61,103,19.25,4745,4745,3969,3969,777,777,0,0
61,104,12.72,3766,3766,3766,3766,0,0,0,0
61,105,9.72,3309,3309,3309,3309,0,0,0,0
61,106,6.84,1511,1511,1511,1511,0,0,0,0
61,111,1,184,184,184,184,0,0,0,0
62,1,1,179,179,179,179,0,0,0,0
62,3,1,246,246,246,246,0,0,0,0
62,32,1,28,28,28,28,0,0,0,0
62,34,1,77,77,77,77,0,0,0,0
62,35,1,256,256,256,256,0,0,0,0
62,55,0.04,2,2,0,0,0,0,0,0
62,81,1,8,8,0,0,0,0,0,0
62,82,4.53,822,822,822,822,0,0,0,0
62,83,11.23,2575,2575,2575,2575,0,0,0,0
62,84,11.14,3730,3730,3730,3730,0,0,0,0
62,85,2.52,473,473,473,473,0,0,0,0
62,100,2,357,357,357,357,0,0,0,0
62,102,1.4,219,219,219,219,0,0,0,0
62,103,14.28,4087,4087,4087,4087,0,0,0,0
62,104,7.47,2994,2994,2994,2994,0,0,0,0
62,105,1.82,372,372,372,372,0,0,0,0
63,2,0.25,50,50,50,50,0,0,0,0
63,3,0.75,146,146,146,146,0,0,0,0
63,31,1,250,250,250,250,0,0,0,0
63,32,3.9,329,329,329,329,0,0,0,0
63,34,1,161,161,161,161,0,0,0,0
63,35,1,336,336,0,0,336,336,0,0
63,37,1,195,195,0,0,195,195,0,0
63,47,1,16,16,0,0,0,0,0,0
63,55,0.96,38,38,0,0,0,0,0,0
63,56,1,107,107,107,107,0,0,0,0
63,61,1,93,93,93,93,0,0,0,0
63,63,0.38,23,23,0,0,0,0,0,0
63,64,0.62,36,36,0,0,0,0,0,0
63,66,1,14,14,0,0,0,0,0,0
63,72,0.7,66,66,66,66,0,0,0,0
63,76,0.05,1,1,0,0,0,0,0,0
63,77,1.95,37,37,0,0,0,0,0,0
63,81,1,5,5,0,0,0,0,0,0
63,82,0.13,55,55,55,55,0,0,0,0
63,83,5.21,913,913,913,913,0,0,0,0
63,84,3.8,675,675,675,675,0,0,0,0
63,102,8.34,492,492,445,445,0,0,0,0
63,103,10.46,2264,2264,2264,2264,0,0,0,0
63,104,2.2,326,326,326,326,0,0,0,0
63,105,2.02,397,397,397,397,0,0,0,0
64,28,1,232,232,232,232,0,0,0,0
64,29,2.16,308,308,291,291,0,0,0,0
64,30,1.32,266,266,67,67,190,190,0,0
64,32,0.1,18,18,18,18,0,0,0,0
64,58,1,35,35,0,0,0,0,0,0
64,60,2,212,212,175,175,0,0,0,0
64,64,1,99,99,0,0,0,0,0,0
64,72,0.3,29,29,29,29,0,0,0,0
64,81,1,78,78,0,0,0,0,0,0
64,82,2,303,303,303,303,0,0,0,0
64,83,1,204,204,204,204,0,0,0,0
64,84,2.86,776,776,526,526,251,251,0,0
64,85,1.03,93,93,0,0,11,11,0,0
64,102,3.2,31,31,0,0,0,0,0,0
64,103,3.14,793,793,793,793,0,0,0,0
64,104,0.21,86,86,86,86,0,0,0,0
64,105,3.84,382,382,382,382,0,0,0,0
65,4,3,586,586,0,0,536,536,0,0
65,30,0.52,206,206,0,0,206,206,0,0
65,36,3,148,148,148,148,0,0,0,0
65,55,1,254,254,254,254,0,0,0,0
65,79,19,1109,1109,1109,1109,0,0,0,0
65,81,0.95,59,59,28,28,31,31,0,0
65,82,0.39,85,85,0,0,85,85,0,0
65,83,3,374,374,374,374,0,0,0,0
65,84,0.11,34,34,0,0,34,34,0,0
65,85,0.07,21,21,0,0,21,21,0,0
65,103,1,62,62,62,62,0,0,0,0
65,105,1,142,142,142,142,0,0,0,0
66,8,1.99,997,997,0,0,765,765,0,0
66,9,0.42,185,185,0,0,43,43,0,0
66,31,1,595,595,0,0,595,595,0,0
66,32,0.97,42,42,42,42,0,0,0,0
66,33,2,50,50,0,0,0,0,0,0
66,46,1,34,34,0,0,0,0,0,0
66,53,2,73,73,46,46,0,0,0,0
66,62,1,35,35,0,0,0,0,0,0
66,64,1,33,33,0,0,0,0,0,0
66,70,1,44,44,44,44,0,0,0,0
66,73,1,20,20,20,20,0,0,0,0
66,81,0.41,56,56,7,7,49,49,0,0
66,82,0.24,53,53,0,0,53,53,0,0
66,88,0.95,130,130,0,0,130,130,0,0
66,89,0.05,7,7,0,0,7,7,0,0
66,103,2,45,45,28,28,0,0,0,0
67,3,1,127,127,127,127,0,0,0,0
67,8,3.59,404,404,0,0,143,143,0,0
67,9,1,229,229,227,227,0,0,0,0
67,29,1,24,24,24,24,0,0,0,0
67,31,1,1501,1501,0,0,1501,1501,0,0
67,32,4.03,1231,1231,90,90,1141,1141,0,0
67,55,3,71,71,63,63,0,0,0,0
67,107,1,27,27,27,27,0,0,0,0
67,124,1,11,11,11,11,0,0,0,0
68,30,0.75,25,25,25,25,0,0,0,0
68,31,3.61,614,614,197,197,417,417,0,0
68,32,0.39,189,189,0,0,189,189,0,0
68,36,1,80,80,80,80,0,0,0,0
68,47,1,27,27,27,27,0,0,0,0
68,52,1,28,28,0,0,0,0,0,0
68,53,0.78,74,74,74,74,0,0,0,0
68,54,0.22,21,21,21,21,0,0,0,0
68,68,2,38,38,0,0,0,0,0,0
68,69,1,18,18,0,0,0,0,0,0
68,72,1,39,39,0,0,0,0,0,0
68,90,0.06,3,3,3,3,0,0,0,0
68,91,0.94,39,39,39,39,0,0,0,0
68,117,0.6,51,51,0,0,0,0,0,0
68,118,1.4,235,235,0,0,201,201,0,0
69,31,3.61,528,528,241,241,287,287,0,0
69,32,0.01,6,6,0,0,6,6,0,0
69,56,1,29,29,0,0,0,0,0,0
69,61,0.3,13,13,13,13,0,0,0,0
69,62,0.11,5,5,5,5,0,0,0,0
70,30,0.65,593,593,0,0,593,593,0,0
70,31,0.64,511,511,0,0,511,511,0,0
70,32,0.03,27,27,0,0,27,27,0,0
70,34,1,269,269,269,269,0,0,0,0
70,50,1,34,34,0,0,0,0,0,0
70,52,0.28,10,10,0,0,0,0,0,0
70,53,2,49,49,0,0,0,0,0,0
70,61,0.45,19,19,19,19,0,0,0,0
70,62,0.15,6,6,6,6,0,0,0,0
70,124,1,37,37,37,37,0,0,0,0
71,2,0.49,27,27,0,0,0,0,0,0
71,30,2.31,646,646,199,199,447,447,0,0
71,31,1.99,1633,1633,0,0,1633,1633,0,0
71,47,2,53,53,34,34,0,0,0,0
71,52,0.72,27,27,0,0,0,0,0,0
71,66,1,27,27,27,27,0,0,0,0
71,67,1,40,40,40,40,0,0,0,0
72,2,0.51,28,28,0,0,0,0,0,0
72,30,2.29,172,172,109,109,63,63,0,0
72,31,0.71,53,53,44,44,9,9,0,0
72,40,1,540,540,0,0,540,540,0,0
72,41,0.05,5,5,5,5,0,0,0,0
72,52,2,135,135,135,135,0,0,0,0
72,53,1,28,28,0,0,0,0,0,0
72,55,1,29,29,0,0,0,0,0,0
72,56,0.97,31,31,0,0,0,0,0,0
72,67,1,22,22,0,0,0,0,0,0
72,103,1,32,32,32,32,0,0,0,0
73,10,1,27,27,27,27,0,0,0,0
73,12,1,15,15,0,0,0,0,0,0
73,15,1,21,21,0,0,0,0,0,0
73,29,0.78,1099,1099,97,97,1002,1002,0,0
73,30,2.71,1347,1347,86,86,1262,1262,0,0
73,41,1.95,104,104,104,104,0,0,0,0
73,50,1,25,25,25,25,0,0,0,0
73,56,0.03,1,1,0,0,0,0,0,0
73,63,1,48,48,48,48,0,0,0,0
73,105,1,30,30,30,30,0,0,0,0
74,27,1,402,402,0,0,402,402,0,0
74,29,0.3,1240,1240,0,0,1240,1240,0,0
74,30,0.22,881,881,0,0,881,881,0,0
74,53,1,18,18,0,0,0,0,0,0
74,55,0.14,8,8,0,0,0,0,0,0
74,57,1,32,32,0,0,0,0,0,0
74,127,1,41,41,41,41,0,0,0,0
75,15,1,32,32,32,32,0,0,0,0
75,34,1,12,12,0,0,0,0,0,0
75,50,1.99,92,92,41,41,0,0,0,0
75,52,3,14,14,14,14,0,0,0,0
75,53,6,62,62,25,25,0,0,0,0
75,54,3,16,16,16,16,0,0,0,0
75,55,3.86,58,58,10,10,0,0,0,0
75,61,1,19,19,19,19,0,0,0,0
75,63,1,37,37,37,37,0,0,0,0
75,87,1.52,62,62,0,0,0,0,0,0
75,88,3.48,219,219,109,109,0,0,0,0
75,123,0.21,7,7,7,7,0,0,0,0
75,124,0.79,28,28,28,28,0,0,0,0
75,125,1,73,73,73,73,0,0,0,0
76,43,1,59,59,0,0,0,0,0,0
76,47,3.8,22,22,22,22,0,0,0,0
76,48,1,6,6,6,6,0,0,0,0
76,49,5,29,29,29,29,0,0,0,0
76,50,4.01,22,22,22,22,0,0,0,0
76,51,2,8,8,8,8,0,0,0,0
76,58,0.27,22,22,22,22,0,0,0,0
76,59,1,61,61,61,61,0,0,0,0
76,87,0.95,158,158,0,0,0,0,0,0
76,88,0.05,9,9,0,0,0,0,0,0
77,2,0.45,27,27,27,27,0,0,0,0
77,3,1.55,80,80,80,80,0,0,0,0
77,4,1,162,162,162,162,0,0,0,0
77,45,4,24,24,24,24,0,0,0,0
77,46,7.36,35,35,35,35,0,0,0,0
77,47,4.84,23,23,23,23,0,0,0,0
77,58,0.73,59,59,59,59,0,0,0,0
77,122,1,19,19,0,0,0,0,0,0
78,33,1,86,86,86,86,0,0,0,0
78,42,0.55,21,21,21,21,0,0,0,0
78,43,1,7,7,7,7,0,0,0,0
78,44,1,9,9,9,9,0,0,0,0
78,46,1.05,30,30,30,30,0,0,0,0
78,47,0.95,27,27,27,27,0,0,0,0
78,52,1,163,163,163,163,0,0,0,0
78,67,1,36,36,0,0,0,0,0,0
78,88,2,118,118,41,41,0,0,0,0
78,110,0.26,4,4,4,4,0,0,0,0
78,111,0.74,12,12,12,12,0,0,0,0
78,126,1,17,17,17,17,0,0,0,0
79,28,1,501,501,0,0,501,501,0,0
79,38,0.02,1,1,1,1,0,0,0,0
79,39,0.98,36,36,36,36,0,0,0,0
79,42,2.34,31,31,31,31,0,0,0,0
79,43,0.12,1,1,1,1,0,0,0,0
79,44,1,40,40,40,40,0,0,0,0
79,49,1,16,16,16,16,0,0,0,0
79,62,1,25,25,0,0,0,0,0,0
79,94,1,6,6,0,0,0,0,0,0
79,106,0.34,20,20,20,20,0,0,0,0
79,107,0.66,39,39,39,39,0,0,0,0
79,112,1,34,34,34,34,0,0,0,0
79,126,1.01,49,49,49,49,0,0,0,0
80,26,1,46,46,46,46,0,0,0,0
80,31,2,69,69,34,34,0,0,0,0
80,52,0.05,2,2,2,2,0,0,0,0
80,53,0.95,30,30,30,30,0,0,0,0
80,87,1,20,20,20,20,0,0,0,0
80,94,2,204,204,204,204,0,0,0,0
80,126,0.99,100,100,100,100,0,0,0,0
80,127,1,25,25,25,25,0,0,0,0
81,18,1,39,39,39,39,0,0,0,0
81,33,1,61,61,61,61,0,0,0,0
81,60,1,114,114,114,114,0,0,0,0
81,66,0.6,73,73,0,0,0,0,0,0
81,70,1,128,128,0,0,0,0,0,0
81,93,0.98,256,256,256,256,0,0,0,0
81,94,0.02,6,6,6,6,0,0,0,0
82,12,1,18,18,18,18,0,0,0,0
82,44,0.08,9,9,0,0,0,0,0,0
82,45,0.92,109,109,0,0,0,0,0,0
82,66,1.4,118,118,0,0,0,0,0,0
83,63,2,132,132,0,0,0,0,0,0
83,64,1,400,400,0,0,0,0,0,0
83,84,1.96,284,284,284,284,0,0,0,0
83,121,1,21,21,21,21,0,0,0,0
84,14,1,3,3,3,3,0,0,0,0
84,73,0.82,32,32,0,0,0,0,0,0
84,83,0.88,32,32,32,32,0,0,0,0
84,84,1.04,124,124,124,124,0,0,0,0
84,107,1,30,30,30,30,0,0,0,0
84,108,2.66,317,317,4,4,313,313,0,0
84,109,0.34,2,2,2,2,0,0,0,0
84,110,1,13,13,0,0,0,0,0,0
85,5,1,11,11,0,0,11,11,0,0
85,34,1,108,108,108,108,0,0,0,0
85,72,4.45,277,277,0,0,0,0,0,0
85,73,0.18,7,7,0,0,0,0,0,0
85,83,1.12,74,74,74,74,0,0,0,0
85,89,1,25,25,0,0,0,0,0,0
85,104,1,36,36,36,36,0,0,0,0
86,32,1,43,43,43,43,0,0,0,0
86,39,2,128,128,128,128,0,0,0,0
86,40,3,158,158,114,114,0,0,0,0
86,53,0.52,58,58,58,58,0,0,0,0
86,54,1.48,98,98,55,55,0,0,0,0
86,72,2.55,274,274,0,0,0,0,0,0
86,73,2,63,63,0,0,0,0,0,0
86,74,0.27,7,7,0,0,0,0,0,0
86,75,1,32,32,0,0,0,0,0,0
86,102,1,14,14,14,14,0,0,0,0
87,61,1,23,23,23,23,0,0,0,0
87,74,0.73,18,18,0,0,0,0,0,0
87,88,2.26,697,697,0,0,697,697,0,0
87,89,2.57,1323,1323,0,0,1323,1323,0,0
87,93,1,69,69,69,69,0,0,0,0
87,95,1,11,11,0,0,0,0,0,0
87,99,0.43,50,50,50,50,0,0,0,0
87,100,0.57,66,66,66,66,0,0,0,0
88,17,0.05,10,10,10,10,0,0,0,0
88,18,0.08,19,19,19,19,0,0,0,0
88,30,1,99,99,99,99,0,0,0,0
88,44,1,24,24,0,0,24,24,0,0
88,71,0.32,11,11,11,11,0,0,0,0
88,73,1,32,32,0,0,0,0,0,0
88,75,1,19,19,19,19,0,0,0,0
88,89,3.56,1562,1562,0,0,1562,1562,0,0
88,90,0.61,90,90,0,0,90,90,0,0
89,17,0.17,38,38,38,38,0,0,0,0
89,18,2.7,277,277,277,277,0,0,0,0
89,19,1.02,98,98,98,98,0,0,0,0
89,20,0.98,77,77,77,77,0,0,0,0
89,39,2,169,169,85,85,0,0,0,0
89,49,1,199,199,0,0,199,199,0,0
89,71,0.68,23,23,23,23,0,0,0,0
89,73,1,20,20,0,0,0,0,0,0
89,83,1,19,19,0,0,0,0,0,0
89,88,1,1131,1131,0,0,1131,1131,0,0
89,89,0.14,16,16,16,16,0,0,0,0
89,97,1,187,187,187,187,0,0,0,0
89,112,3,129,129,129,129,0,0,0,0
89,114,1,82,82,82,82,0,0,0,0
90,22,1,142,142,0,0,0,0,0,0
90,26,1,119,119,119,119,0,0,0,0
90,53,1.23,53,53,0,0,0,0,0,0
90,80,0.2,52,52,52,52,0,0,0,0
90,82,1,61,61,0,0,0,0,0,0
90,86,3,296,296,97,97,199,199,0,0
90,89,0.86,100,100,100,100,0,0,0,0
90,94,1,264,264,264,264,0,0,0,0
90,114,1,71,71,71,71,0,0,0,0
90,117,0.32,21,21,21,21,0,0,0,0
90,127,0.48,19,19,19,19,0,0,0,0
91,25,1,89,89,89,89,0,0,0,0
91,45,1,34,34,0,0,0,0,0,0
91,46,1,63,63,0,0,0,0,0,0
91,53,0.77,54,54,0,0,0,0,0,0
91,77,0.36,106,106,0,0,0,0,0,0
91,80,0.8,201,201,201,201,0,0,0,0
91,84,1,28,28,0,0,0,0,0,0
91,87,1,32,32,0,0,0,0,0,0
91,94,1.3,736,736,736,736,0,0,0,0
91,99,2,144,144,115,115,30,30,0,0
91,100,1,88,88,88,88,0,0,0,0
91,117,0.68,45,45,45,45,0,0,0,0
92,18,1,37,37,37,37,0,0,0,0
92,49,0.93,132,132,132,132,0,0,0,0
92,50,1,10,10,0,0,0,0,0,0
92,52,0.91,51,51,0,0,0,0,0,0
92,53,0.09,5,5,0,0,0,0,0,0
92,76,1,80,80,0,0,0,0,0,0
92,77,0.64,188,188,0,0,0,0,0,0
92,84,0.3,16,16,16,16,0,0,0,0
92,89,1,198,198,198,198,0,0,0,0
92,94,0.7,73,73,73,73,0,0,0,0
92,101,1,26,26,26,26,0,0,0,0
92,105,0.99,33,33,33,33,0,0,0,0
93,17,1,5,5,5,5,0,0,0,0
93,47,1,50,50,0,0,0,0,0,0
93,48,1.1,19,19,4,4,0,0,0,0
93,49,0.97,47,47,47,47,0,0,0,0
93,74,2,321,321,0,0,0,0,0,0
93,75,0.32,10,10,0,0,0,0,0,0
93,84,0.7,37,37,37,37,0,0,0,0
93,89,1.47,834,834,0,0,834,834,0,0
93,105,0.01,0,0,0,0,0,0,0,0
94,18,1,29,29,29,29,0,0,0,0
94,75,1.68,42,42,0,0,0,0,0,0
94,88,1,86,86,86,86,0,0,0,0
94,89,1.53,691,691,0,0,691,691,0,0
94,125,0.34,23,23,23,23,0,0,0,0
95,63,1,56,56,0,0,0,0,0,0
95,93,1,200,200,200,200,0,0,0,0
95,125,0.66,45,45,45,45,0,0,0,0
96,15,1,14,14,14,14,0,0,0,0
96,89,1,5,5,0,0,0,0,0,0
96,90,1,187,187,187,187,0,0,0,0
96,92,1,114,114,114,114,0,0,0,0
97,14,0.6,189,189,189,189,0,0,0,0
97,15,1.4,298,298,298,298,0,0,0,0
97,19,2.47,132,132,60,60,0,0,0,0
97,63,1,239,239,239,239,0,0,0,0
97,75,1,26,26,0,0,0,0,0,0
97,77,1,14,14,14,14,0,0,0,0
97,90,2,195,195,195,195,0,0,0,0
97,91,0.69,13,13,0,0,0,0,0,0
97,93,1,49,49,49,49,0,0,0,0
97,94,0.82,280,280,280,280,0,0,0,0
97,95,1.18,208,208,208,208,0,0,0,0
97,97,0.95,61,61,61,61,0,0,0,0
97,98,0.05,3,3,3,3,0,0,0,0
98,19,0.53,12,12,0,0,0,0,0,0
98,23,1,47,47,47,47,0,0,0,0
98,91,2.3,649,649,643,643,0,0,0,0
98,92,0.01,7,7,7,7,0,0,0,0
98,96,3.41,539,539,539,539,0,0,0,0
98,97,12.48,3476,3476,3476,3476,0,0,0,0
98,98,9.98,2316,2316,2316,2316,0,0,0,0
98,99,16.07,2862,2862,2862,2862,0,0,0,0
98,100,4.87,1061,1061,1061,1061,0,0,0,0
98,101,5.68,1080,1080,1080,1080,0,0,0,0
98,102,3.17,562,562,553,553,0,0,0,0
98,103,0.18,2,2,0,0,0,0,0,0
98,124,1,23,23,0,0,0,0,0,0
98,125,1,31,31,0,0,0,0,0,0
99,97,3.37,376,376,376,376,0,0,0,0
99,98,2.88,223,223,223,223,0,0,0,0
99,99,7.63,963,963,963,963,0,0,0,0
99,100,16.84,3051,3051,3042,3042,0,0,0,0
99,101,18.93,3044,3044,3044,3044,0,0,0,0
99,102,13.46,2171,2171,2171,2171,0,0,0,0
99,103,11.46,1068,1068,895,895,0,0,0,0
99,104,6.49,866,866,723,723,0,0,0,0
99,105,0.24,16,16,16,16,0,0,0,0
99,106,0.55,31,31,0,0,0,0,0,0
100,19,1,76,76,76,76,0,0,0,0
100,31,1,13,13,0,0,0,0,0,0
100,71,5.29,530,530,24,24,0,0,0,0
100,72,1,8,8,0,0,0,0,0,0
100,73,1,16,16,0,0,0,0,0,0
100,100,2,11,11,0,0,0,0,0,0
100,101,6.16,660,660,649,649,0,0,0,0
100,102,12.67,1498,1498,1346,1346,0,0,152,152
100,103,38.62,3882,3882,3882,3882,0,0,0,0
100,104,38.67,6341,6341,5943,5943,0,0,398,398
100,105,26.63,4460,4460,4004,4004,127,127,320,320
100,106,1.57,314,314,289,289,0,0,0,0
100,107,1,42,42,42,42,0,0,0,0
100,115,1.44,199,199,0,0,0,0,0,0
100,116,0.56,174,174,0,0,0,0,0,0
101,28,1,32,32,0,0,0,0,0,0
101,71,9.86,2685,2685,0,0,0,0,0,0
101,72,3.85,689,689,236,236,0,0,0,0
101,77,1,80,80,0,0,0,0,0,0
101,100,2,137,137,0,0,137,137,0,0
101,102,6,618,618,581,581,0,0,0,0
101,103,1,163,163,163,163,0,0,0,0
101,104,10.48,1370,1370,1351,1351,0,0,0,0
101,105,15.92,3292,3292,3180,3180,0,0,112,112
101,106,21.68,3778,3778,3602,3602,0,0,174,174
101,107,10.17,2138,2138,2121,2121,0,0,0,0
101,111,1.07,17,17,7,7,0,0,0,0
101,112,1.04,31,31,3,3,0,0,0,0
101,114,1,28,28,0,0,0,0,0,0
101,118,1,20,20,20,20,0,0,0,0
101,127,1,32,32,0,0,0,0,0,0
102,55,2,120,120,0,0,0,0,0,0
102,71,3,148,148,0,0,0,0,0,0
102,73,4,390,390,70,70,0,0,0,0
102,74,1.42,95,95,0,0,0,0,0,0
102,100,1,36,36,0,0,0,0,0,0
102,101,1,42,42,42,42,0,0,0,0
102,102,0.94,114,114,114,114,0,0,0,0
102,103,0.79,230,230,230,230,0,0,0,0
102,104,0.26,80,80,80,80,0,0,0,0
102,105,1,228,228,228,228,0,0,0,0
102,106,2.45,226,226,190,190,0,0,0,0
102,107,6.83,1576,1576,1414,1414,161,161,0,0
102,108,4.53,859,859,420,420,439,439,0,0
102,109,2.24,1263,1263,579,579,684,684,0,0
102,110,1,12,12,0,0,0,0,0,0
102,111,4.05,425,425,425,425,0,0,0,0
102,112,10.73,1353,1353,1353,1353,0,0,0,0
102,123,2,86,86,86,86,0,0,0,0
102,126,3,247,247,54,54,193,193,0,0
103,28,0.46,18,18,0,0,0,0,0,0
103,40,2,173,173,173,173,0,0,0,0
103,70,0.8,212,212,212,212,0,0,0,0
103,71,0.2,54,54,54,54,0,0,0,0
103,74,0.58,94,94,0,0,0,0,0,0
103,94,1,101,101,101,101,0,0,0,0
103,98,1.88,240,240,125,125,0,0,0,0
103,99,3.1,202,202,189,189,0,0,0,0
103,109,1.35,392,392,392,392,0,0,0,0
103,110,2.78,243,243,225,225,0,0,0,0
103,111,9.62,2342,2342,2342,2342,0,0,0,0
103,112,6.9,1688,1688,1688,1688,0,0,0,0
103,113,1,53,53,53,53,0,0,0,0
103,125,2,56,56,0,0,0,0,0,0
103,127,1,46,46,0,0,0,0,0,0
104,28,0.54,21,21,0,0,0,0,0,0
104,60,1,32,32,0,0,0,0,0,0
104,61,2,88,88,0,0,0,0,0,0
104,91,2,266,266,266,266,0,0,0,0
104,93,0.3,47,47,47,47,0,0,0,0
104,94,0.7,111,111,111,111,0,0,0,0
104,98,1.02,51,51,3,3,0,0,0,0
104,109,2.04,462,462,462,462,0,0,0,0
104,110,6.27,1250,1250,750,750,500,500,0,0
104,111,12.65,3903,3903,3550,3550,4,4,349,349
104,112,9.41,2592,2592,2592,2592,0,0,0,0
104,113,3.86,507,507,499,499,0,0,0,0
104,114,6.47,771,771,771,771,0,0,0,0
104,115,1.53,232,232,95,95,137,137,0,0
104,116,1,372,372,372,372,0,0,0,0
104,117,0.07,5,5,5,5,0,0,0,0
104,118,0.93,71,71,71,71,0,0,0,0
104,126,1,172,172,0,0,172,172,0,0
105,82,3,208,208,131,131,0,0,0,0
105,95,1,51,51,51,51,0,0,0,0
105,97,0.31,29,29,29,29,0,0,0,0
105,100,0.53,62,62,62,62,0,0,0,0
105,101,1.47,180,180,54,54,126,126,0,0
105,102,1,5,5,5,5,0,0,0,0
105,103,1,82,82,82,82,0,0,0,0
105,106,2,449,449,449,449,0,0,0,0
105,108,1,183,183,183,183,0,0,0,0
105,109,6.32,1422,1422,1422,1422,0,0,0,0
105,110,12.18,3645,3645,3645,3645,0,0,0,0
105,111,18.1,4835,4835,4835,4835,0,0,0,0
105,112,2.29,457,457,457,457,0,0,0,0
105,113,1.24,92,92,87,87,0,0,0,0
105,114,3,139,139,127,127,0,0,0,0
105,117,0.44,43,43,43,43,0,0,0,0
105,118,0.56,56,56,56,56,0,0,0,0
105,121,2,107,107,107,107,0,0,0,0
106,10,1,149,149,0,0,0,0,0,0
106,19,0.31,93,93,0,0,93,93,0,0
106,22,1,74,74,0,0,0,0,0,0
106,23,1.04,91,91,0,0,91,91,0,0
106,33,1,40,40,0,0,0,0,0,0
106,71,0.04,8,8,0,0,0,0,0,0
106,97,0.69,65,65,65,65,0,0,0,0
106,107,1,333,333,333,333,0,0,0,0
106,108,1,157,157,157,157,0,0,0,0
106,109,5.9,1570,1570,1570,1570,0,0,0,0
106,110,13.75,4379,4379,4379,4379,0,0,0,0
106,111,14.72,2502,2502,2502,2502,0,0,0,0
106,112,2.12,252,252,252,252,0,0,0,0
106,115,1.7,35,35,35,35,0,0,0,0
106,116,4.3,350,350,326,326,0,0,0,0
106,120,1,32,32,32,32,0,0,0,0
106,124,1,27,27,27,27,0,0,0,0
107,19,2.69,262,262,0,0,205,205,0,0
107,22,0.82,107,107,107,107,0,0,0,0
107,23,3.14,309,309,70,70,239,239,0,0
107,71,2.96,308,308,0,0,0,0,0,0
107,100,1,163,163,163,163,0,0,0,0
107,101,1,73,73,73,73,0,0,0,0
107,103,0.94,221,221,221,221,0,0,0,0
107,104,0.57,39,39,39,39,0,0,0,0
107,105,0.87,39,39,0,0,0,0,0,0
107,106,1,67,67,67,67,0,0,0,0
107,107,2,407,407,407,407,0,0,0,0
107,108,2.96,684,684,684,684,0,0,0,0
107,109,4.1,1044,1044,1044,1044,0,0,0,0
107,110,3.17,666,666,666,666,0,0,0,0
107,111,5.05,1597,1597,1597,1597,0,0,0,0
107,112,0.58,200,200,200,200,0,0,0,0
107,113,1,30,30,30,30,0,0,0,0
107,114,1,76,76,76,76,0,0,0,0
108,19,1,10,10,10,10,0,0,0,0
108,53,3.86,274,274,214,214,0,0,0,0
108,67,1,8,8,0,0,0,0,0,0
108,93,1.71,222,222,222,222,0,0,0,0
108,97,1,17,17,0,0,0,0,0,0
108,100,1,35,35,35,35,0,0,0,0
108,103,0.06,15,15,15,15,0,0,0,0
108,104,1.43,117,117,117,117,0,0,0,0
108,105,0.13,6,6,0,0,0,0,0,0
108,106,3,195,195,0,0,0,0,0,0
108,108,3.46,954,954,954,954,0,0,0,0
108,111,4,688,688,613,613,0,0,0,0
108,112,3.97,871,871,871,871,0,0,0,0
108,113,3,328,328,328,328,0,0,0,0
109,10,1,70,70,0,0,0,0,0,0
109,39,0.93,122,122,0,0,0,0,0,0
109,53,0.14,10,10,0,0,0,0,0,0
109,56,1.01,44,44,0,0,0,0,0,0
109,78,0.86,145,145,0,0,0,0,0,0
109,93,0.29,39,39,39,39,0,0,0,0
109,104,0.38,22,22,22,22,0,0,0,0
109,105,0.62,36,36,36,36,0,0,0,0
109,106,1,92,92,92,92,0,0,0,0
109,108,3.01,292,292,256,256,0,0,0,0
109,110,1,314,314,314,314,0,0,0,0
109,111,5.61,1108,1108,1108,1108,0,0,0,0
109,112,4.07,981,981,981,981,0,0,0,0
109,120,2.75,491,491,0,0,402,402,0,0
109,121,1.22,303,303,0,0,303,303,0,0
109,122,2,147,147,147,147,0,0,0,0
110,20,2,110,110,80,80,0,0,0,0
110,21,1,52,52,52,52,0,0,0,0
110,39,0.07,10,10,0,0,0,0,0,0
110,56,0.99,226,226,0,0,0,0,0,0
110,78,0.14,23,23,0,0,0,0,0,0
110,104,1,64,64,64,64,0,0,0,0
110,107,1,29,29,29,29,0,0,0,0
110,108,3,302,302,273,273,0,0,0,0
110,110,2.03,362,362,362,362,0,0,0,0
110,111,4.14,990,990,990,990,0,0,0,0
110,112,1.86,222,222,222,222,0,0,0,0
110,113,1.36,438,438,438,438,0,0,0,0
110,114,0.23,66,66,66,66,0,0,0,0
110,120,0.03,8,8,0,0,8,8,0,0
110,126,1,4,4,4,4,0,0,0,0
111,35,1,185,185,185,185,0,0,0,0
111,48,1,79,79,79,79,0,0,0,0
111,76,1,69,69,0,0,0,0,0,0
111,103,2,389,389,389,389,0,0,0,0
111,106,1,50,50,50,50,0,0,0,0
111,107,1,69,69,0,0,0,0,0,0
111,110,3.43,318,318,318,318,0,0,0,0
111,111,3.72,807,807,807,807,0,0,0,0
111,112,0.52,52,52,52,52,0,0,0,0
111,113,6.19,1483,1483,1233,1233,250,250,0,0
111,114,2.77,1282,1282,218,218,1064,1064,0,0
112,9,1,18,18,18,18,0,0,0,0
112,31,3,124,124,0,0,124,124,0,0
112,45,1.98,833,833,0,0,833,833,0,0
112,54,2,149,149,0,0,0,0,0,0
112,57,1,63,63,0,0,0,0,0,0
112,62,0.27,23,23,23,23,0,0,0,0
112,109,1,147,147,0,0,147,147,0,0
112,111,2,138,138,138,138,0,0,0,0
112,113,0.07,20,20,0,0,20,20,0,0
112,114,2.4,481,481,142,142,0,0,0,0
112,127,2,143,143,100,100,0,0,0,0
113,18,1,144,144,144,144,0,0,0,0
113,33,0.88,29,29,0,0,0,0,0,0
113,34,0.12,4,4,0,0,0,0,0,0
113,45,1.02,77,77,0,0,9,9,0,0
113,57,0.27,45,45,0,0,0,0,0,0
113,61,1,18,18,18,18,0,0,0,0
113,62,0.73,62,62,62,62,0,0,0,0
113,98,1,9,9,0,0,0,0,0,0
113,110,4,543,543,158,158,385,385,0,0
113,111,2,237,237,194,194,0,0,0,0
113,114,2.6,77,77,43,43,0,0,0,0
114,18,0.63,65,65,65,65,0,0,0,0
114,19,0.37,39,39,39,39,0,0,0,0
114,43,0.1,42,42,0,0,42,42,0,0
114,57,0.73,122,122,0,0,0,0,0,0
114,60,1.47,319,319,96,96,224,224,0,0
114,111,1,48,48,48,48,0,0,0,0
115,0,1,17,17,17,17,0,0,0,0
115,6,2,83,83,75,75,0,0,0,0
115,26,2,374,374,374,374,0,0,0,0
115,27,1.78,1028,1028,313,313,715,715,0,0
115,42,5.82,1611,1611,0,0,1611,1611,0,0
115,43,2.08,769,769,0,0,769,769,0,0
115,53,2,340,340,316,316,0,0,0,0
115,60,2.53,344,344,344,344,0,0,0,0
115,113,2,247,247,247,247,0,0,0,0
116,0,1,25,25,25,25,0,0,0,0
116,19,0.1,5,5,5,5,0,0,0,0
116,20,0.9,45,45,45,45,0,0,0,0
116,27,0.22,206,206,0,0,206,206,0,0
116,51,2.97,717,717,0,0,479,479,0,0
116,53,4,171,171,108,108,0,0,0,0
116,55,1.8,87,87,0,0,0,0,0,0
116,58,3.64,431,431,233,233,188,188,0,0
116,95,1,40,40,40,40,0,0,0,0
116,109,1,177,177,177,177,0,0,0,0
116,110,2,313,313,33,33,280,280,0,0
117,4,2,546,546,0,0,546,546,0,0
117,36,0.93,514,514,0,0,514,514,0,0
117,37,0.02,9,9,0,0,9,9,0,0
117,38,0.03,10,10,10,10,0,0,0,0
117,51,4.03,568,568,180,180,0,0,0,0
117,52,0.99,55,55,0,0,0,0,0,0
117,55,0.2,14,14,0,0,0,0,0,0
117,56,1.76,165,165,0,0,0,0,0,0
117,57,0.76,303,303,0,0,303,303,0,0
117,58,4.6,1317,1317,213,213,1104,1104,0,0
117,112,1,31,31,0,0,0,0,0,0
118,19,1,98,98,98,98,0,0,0,0
118,36,3.1,657,657,0,0,601,601,0,0
118,37,0.95,581,581,0,0,581,581,0,0
118,38,0.97,302,302,302,302,0,0,0,0
118,51,0.6,58,58,58,58,0,0,0,0
118,52,1.41,76,76,38,38,0,0,0,0
118,56,1.24,56,56,0,0,0,0,0,0
118,73,0.3,40,40,0,0,0,0,0,0
118,74,0.7,92,92,0,0,0,0,0,0
118,99,1,20,20,20,20,0,0,0,0
118,102,1.22,154,154,88,88,66,66,0,0
118,103,1.55,394,394,0,0,394,394,0,0
118,104,2,165,165,165,165,0,0,0,0
118,113,1,44,44,0,0,0,0,0,0
118,124,1,165,165,0,0,0,0,0,0
119,1,2.71,175,175,0,0,0,0,0,0
119,19,1,40,40,0,0,0,0,0,0
119,40,1.89,388,388,388,388,0,0,0,0
119,44,0.3,35,35,35,35,0,0,0,0
119,45,0.7,83,83,83,83,0,0,0,0
119,53,1,398,398,0,0,0,0,0,0
119,73,1,11,11,0,0,0,0,0,0
119,102,0.09,20,20,2,2,18,18,0,0
119,103,1.14,167,167,131,131,36,36,0,0
119,106,2,346,346,196,196,149,149,0,0
119,113,0.34,15,15,15,15,0,0,0,0
119,114,0.66,29,29,29,29,0,0,0,0
119,117,1.58,428,428,0,0,428,428,0,0
119,118,0.42,64,64,0,0,64,64,0,0
120,1,2.29,133,133,75,75,0,0,0,0
120,2,1.69,664,664,0,0,356,356,0,0
120,10,4,114,114,114,114,0,0,0,0
120,31,1,54,54,0,0,0,0,0,0
120,40,0.11,12,12,12,12,0,0,0,0
120,89,1,60,60,60,60,0,0,0,0
120,98,1,48,48,48,48,0,0,0,0
120,102,1,55,55,55,55,0,0,0,0
120,113,1,27,27,27,27,0,0,0,0
120,117,1,64,64,64,64,0,0,0,0
120,126,1,46,46,0,0,0,0,0,0
121,1,1,5,5,5,5,0,0,0,0
121,2,0.31,158,158,0,0,158,158,0,0
121,16,2,122,122,71,71,0,0,0,0
121,17,2.98,204,204,164,164,0,0,0,0
121,32,1.98,336,336,336,336,0,0,0,0
121,33,1.02,126,126,126,126,0,0,0,0
121,35,1,225,225,225,225,0,0,0,0
121,55,3,170,170,11,11,0,0,0,0
121,103,1,23,23,23,23,0,0,0,0
122,17,0.02,0,0,0,0,0,0,0,0
122,22,2.41,627,627,627,627,0,0,0,0
122,23,0.59,145,145,145,145,0,0,0,0
122,27,1,203,203,0,0,203,203,0,0
122,38,1,55,55,0,0,0,0,0,0
122,52,1,79,79,79,79,0,0,0,0
122,64,1,78,78,0,0,78,78,0,0
122,106,1,63,63,63,63,0,0,0,0
122,108,1,48,48,0,0,0,0,0,0
122,112,2,116,116,116,116,0,0,0,0
122,114,1,20,20,20,20,0,0,0,0
123,27,1,212,212,0,0,212,212,0,0
123,35,1,236,236,236,236,0,0,0,0
123,39,1,74,74,74,74,0,0,0,0
123,69,1,542,542,0,0,542,542,0,0
123,73,1,66,66,66,66,0,0,0,0
123,100,0.14,21,21,21,21,0,0,0,0
123,116,1,106,106,106,106,0,0,0,0
123,121,2,72,72,72,72,0,0,0,0
124,0,0.99,164,164,0,0,164,164,0,0
124,1,0.01,1,1,0,0,1,1,0,0
124,22,2,200,200,200,200,0,0,0,0
124,39,1,23,23,0,0,0,0,0,0
124,55,1,87,87,0,0,0,0,0,0
124,58,1,2,2,2,2,0,0,0,0
124,69,3,195,195,195,195,0,0,0,0
124,71,1.05,378,378,0,0,378,378,0,0
124,72,3.72,1062,1062,246,246,816,816,0,0
124,100,0.86,129,129,129,129,0,0,0,0
124,101,2.66,259,259,259,259,0,0,0,0
124,110,1,42,42,42,42,0,0,0,0
125,24,1,5,5,5,5,0,0,0,0
125,26,1,45,45,45,45,0,0,0,0
125,36,1,45,45,0,0,0,0,0,0
125,63,11.14,2203,2203,2203,2203,0,0,0,0
125,64,20.67,3501,3501,2177,2177,0,0,1324,1324
125,65,4.51,438,438,438,438,0,0,0,0
125,70,1,369,369,0,0,369,369,0,0
125,72,1.22,149,149,149,149,0,0,0,0
125,74,1,104,104,0,0,0,0,0,0
125,100,0.54,26,26,26,26,0,0,0,0
125,101,0.8,53,53,53,53,0,0,0,0
125,110,4,276,276,276,276,0,0,0,0
126,12,0.18,18,18,0,0,0,0,0,0
126,41,1,16,16,0,0,0,0,0,0
126,61,1.08,6,6,0,0,0,0,0,0
126,62,0.08,40,40,40,40,0,0,0,0
126,63,18.81,4573,4573,4527,4527,0,0,0,0
126,64,34.83,4245,4245,4097,4097,0,0,147,147
126,65,24.32,2671,2671,2671,2671,0,0,0,0
126,66,18.21,3055,3055,2890,2890,0,0,0,0
126,67,10.06,1088,1088,1039,1039,0,0,0,0
126,69,2,126,126,0,0,0,0,0,0
127,12,1.82,84,84,3,3,0,0,0,0
127,38,1,68,68,68,68,0,0,0,0
127,60,3.68,95,95,0,0,0,0,0,0
127,61,11.5,2860,2860,2078,2078,0,0,734,734
127,62,19.49,5249,5249,5249,5249,0,0,0,0
127,63,29.81,6549,6549,6546,6546,0,0,3,3
127,64,30.48,6099,6099,5948,5948,0,0,151,151
127,65,18.54,3607,3607,3607,3607,0,0,0,0
127,66,27.59,4982,4982,4944,4944,0,0,0,0
127,67,6.11,703,703,703,703,0,0,0,0
127,110,2,57,57,57,57,0,0,0,0
127,115,1.78,567,567,567,567,0,0,0,0
127,116,1.12,118,118,118,118,0,0,0,0
0,1,0.77,54,54,0,0,0,0,0,0
0,2,1,22,22,0,0,0,0,0,0
0,3,0.9,104,104,104,104,0,0,0,0
0,4,6.12,2326,2326,2326,2326,0,0,0,0
0,5,7.29,2850,2850,2850,2850,0,0,0,0
0,6,2.15,404,404,404,404,0,0,0,0
0,7,4,617,617,423,423,0,0,0,0
0,23,2,115,115,115,115,0,0,0,0
0,26,1,12,12,0,0,0,0,0,0
0,89,1,39,39,39,39,0,0,0,0
0,94,0.1,65,65,65,65,0,0,0,0
0,95,3.55,875,875,864,864,11,11,0,0
0,96,7.31,1493,1493,1401,1401,53,53,0,0
0,97,4,614,614,614,614,0,0,0,0
0,98,3.62,561,561,216,216,345,345,0,0
0,99,17.6,2029,2029,2008,2008,20,20,0,0
0,100,9.34,2217,2217,947,947,1270,1270,0,0
0,101,13.17,2693,2693,2693,2693,0,0,0,0
0,102,8.74,1740,1740,1334,1334,406,406,0,0
0,103,3.12,414,414,414,414,0,0,0,0
0,104,1,21,21,21,21,0,0,0,0
0,106,2,44,44,44,44,0,0,0,0
0,110,0.17,11,11,11,11,0,0,0,0
0,111,0.79,53,53,53,53,0,0,0,0
0,112,0.71,119,119,119,119,0,0,0,0
1,5,0.71,189,189,189,189,0,0,0,0
1,6,10.37,2075,2075,2075,2075,0,0,0,0
1,7,5.18,992,992,841,841,0,0,0,0
1,12,1,15,15,0,0,0,0,0,0
1,37,0.88,53,53,53,53,0,0,0,0
1,38,0.12,7,7,7,7,0,0,0,0
1,42,0.02,1,1,1,1,0,0,0,0
1,45,1,28,28,0,0,0,0,0,0
1,49,1,16,16,0,0,0,0,0,0
1,59,1,20,20,0,0,0,0,0,0
1,94,0.28,180,180,180,180,0,0,0,0
1,95,1.6,310,310,310,310,0,0,0,0
1,96,1.87,433,433,433,433,0,0,0,0
1,97,17.23,1719,1719,1719,1719,0,0,0,0
1,98,23.77,3314,3314,3314,3314,0,0,0,0
1,99,26.67,3702,3702,3702,3702,0,0,0,0
1,100,13.57,2429,2429,1523,1523,906,906,0,0
1,101,6.52,911,911,911,911,0,0,0,0
1,102,5.06,718,718,718,718,0,0,0,0
1,107,1,16,16,0,0,0,0,0,0
1,111,1,34,34,34,34,0,0,0,0
1,112,1.29,110,110,110,110,0,0,0,0
2,6,1,46,46,0,0,0,0,0,0
2,21,1,21,21,0,0,0,0,0,0
2,42,0.98,42,42,42,42,0,0,0,0
2,53,1.98,433,433,99,99,334,334,0,0
2,54,0.02,2,2,2,2,0,0,0,0
2,93,1,45,45,45,45,0,0,0,0
2,95,1.53,496,496,496,496,0,0,0,0
2,96,1.28,158,158,158,158,0,0,0,0
2,97,35.39,3866,3866,3866,3866,0,0,0,0
2,98,45.33,4515,4515,4515,4515,0,0,0,0
2,99,50.55,4992,4992,4992,4992,0,0,0,0
2,100,21.95,1787,1787,1787,1787,0,0,0,0
2,101,0.82,189,189,189,189,0,0,0,0
2,108,1.4,89,89,89,89,0,0,0,0
2,111,1,26,26,0,0,0,0,0,0
2,114,1,10,10,0,0,0,0,0,0
2,118,1,42,42,0,0,0,0,0,0
3,15,0.02,1,1,0,0,0,0,0,0
3,16,0.98,32,32,0,0,0,0,0,0
3,17,1,39,39,0,0,0,0,0,0
3,20,2,244,244,0,0,0,0,0,0
3,26,0.71,21,21,0,0,0,0,0,0
3,27,0.29,9,9,0,0,0,0,0,0
3,52,1,12,12,0,0,0,0,0,0
3,53,1,215,215,0,0,215,215,0,0
3,90,1,6,6,0,0,0,0,0,0
3,93,3,417,417,417,417,0,0,0,0
3,95,1,22,22,22,22,0,0,0,0
3,96,7.89,742,742,726,726,0,0,0,0
3,97,43.07,3784,3784,3362,3362,0,0,422,422
3,98,53.88,4774,4774,4774,4774,0,0,0,0
3,99,43.37,5090,5090,5047,5047,0,0,43,43
3,100,19.13,1826,1826,1677,1677,0,0,149,149
3,101,2.94,221,221,221,221,0,0,0,0
3,102,1,23,23,23,23,0,0,0,0
3,104,2,67,67,0,0,0,0,0,0
3,105,2,21,21,15,15,0,0,0,0
3,106,1,78,78,0,0,0,0,0,0
3,107,0.81,110,110,110,110,0,0,0,0
3,108,0.79,92,92,92,92,0,0,0,0
4,18,1,33,33,0,0,0,0,0,0
4,20,0.01,0,0,0,0,0,0,0,0
4,21,0.99,20,20,0,0,0,0,0,0
4,24,1,14,14,0,0,0,0,0,0
4,25,1,36,36,0,0,0,0,0,0
4,26,1,40,40,0,0,0,0,0,0
4,40,1,20,20,0,0,0,0,0,0
4,43,1,21,21,0,0,0,0,0,0
4,46,2,64,64,0,0,0,0,0,0
4,48,1,126,126,0,0,0,0,0,0
4,92,1.94,147,147,0,0,137,137,0,0
4,93,0.06,1,1,0,0,0,0,0,0
4,94,2.24,165,165,165,165,0,0,0,0
4,95,2.72,166,166,166,166,0,0,0,0
4,96,8.09,391,391,344,344,0,0,0,0
4,97,34.07,2642,2642,2623,2623,0,0,0,0
4,98,39.48,4163,4163,4163,4163,0,0,0,0
4,99,64.13,5184,5184,4954,4954,230,230,0,0
4,100,27.93,2790,2790,2774,2774,0,0,16,16
4,101,12.95,1628,1628,1136,1136,492,492,0,0
4,103,1,38,38,38,38,0,0,0,0
4,109,4,362,362,362,362,0,0,0,0
4,112,2,291,291,291,291,0,0,0,0
4,113,1.01,44,44,44,44,0,0,0,0
4,115,2,206,206,0,0,206,206,0,0
5,5,0.04,4,4,0,0,0,0,0,0
5,6,1.64,436,436,142,142,294,294,0,0
5,7,1.04,109,109,109,109,0,0,0,0
5,8,0.98,46,46,46,46,0,0,0,0
5,10,1,41,41,41,41,0,0,0,0
5,11,0.99,422,422,0,0,422,422,0,0
5,13,0.66,232,232,0,0,232,232,0,0
5,14,0.34,121,121,0,0,121,121,0,0
5,19,1,50,50,0,0,0,0,0,0
5,20,2,72,72,0,0,0,0,0,0
5,22,1,14,14,0,0,0,0,0,0
5,23,1,27,27,0,0,0,0,0,0
5,94,0.05,3,3,3,3,0,0,0,0
5,95,3,205,205,205,205,0,0,0,0
5,96,18.22,1721,1721,1721,1721,0,0,0,0
5,97,28.76,3358,3358,3268,3268,0,0,90,90
5,98,51.51,4969,4969,4589,4589,0,0,381,381
5,99,69,4981,4981,4981,4981,0,0,0,0
5,100,29.84,2853,2853,2853,2853,0,0,0,0
5,101,2.91,179,179,179,179,0,0,0,0
5,103,0.49,76,76,76,76,0,0,0,0
5,105,1,26,26,26,26,0,0,0,0
5,107,1,60,60,60,60,0,0,0,0
5,113,0.99,28,28,28,28,0,0,0,0
6,5,0.96,80,80,0,0,0,0,0,0
6,7,1.32,52,52,52,52,0,0,0,0
6,8,3.02,148,148,148,148,0,0,0,0
6,11,1.72,288,288,74,74,214,214,0,0
6,12,0.29,57,57,8,8,49,49,0,0
6,14,0.16,62,62,62,62,0,0,0,0
6,15,0.84,334,334,334,334,0,0,0,0
6,22,1,103,103,103,103,0,0,0,0
6,40,0.95,97,97,97,97,0,0,0,0
6,91,1,97,97,97,97,0,0,0,0
6,93,3,449,449,449,449,0,0,0,0
6,95,2,127,127,127,127,0,0,0,0
6,96,5.43,551,551,551,551,0,0,0,0
6,97,5.98,247,247,195,195,0,0,52,52
6,98,3.57,240,240,159,159,0,0,81,81
6,99,9.85,400,400,333,333,0,0,0,0
6,100,37.57,3980,3980,3980,3980,0,0,0,0
6,101,0.54,54,54,54,54,0,0,0,0
6,103,0.51,77,77,77,77,0,0,0,0
6,108,2,311,311,311,311,0,0,0,0
6,109,1.03,102,102,102,102,0,0,0,0
6,110,0.97,101,101,101,101,0,0,0,0
7,21,1,34,34,0,0,0,0,0,0
7,22,1,13,13,0,0,0,0,0,0
7,24,1,25,25,0,0,0,0,0,0
7,40,0.05,5,5,5,5,0,0,0,0
7,45,1,7,7,7,7,0,0,0,0
7,80,1,31,31,0,0,0,0,0,0
7,97,1.59,55,55,55,55,0,0,0,0
7,98,1,18,18,0,0,0,0,0,0
7,99,3.64,287,287,287,287,0,0,0,0
7,100,21.89,1622,1622,1622,1622,0,0,0,0
7,101,6.61,358,358,317,317,0,0,0,0
8,14,1,59,59,59,59,0,0,0,0
8,22,2,51,51,0,0,0,0,0,0
8,23,1,45,45,0,0,0,0,0,0
8,25,1,30,30,0,0,0,0,0,0
8,37,1,87,87,87,87,0,0,0,0
8,39,1,14,14,0,0,0,0,0,0
8,48,3,165,165,165,165,0,0,0,0
8,51,1,37,37,0,0,0,0,0,0
8,95,1,503,503,0,0,503,503,0,0
8,97,2,112,112,112,112,0,0,0,0
8,99,1,71,71,71,71,0,0,0,0
8,100,6,317,317,317,317,0,0,0,0
8,101,1,32,32,32,32,0,0,0,0
8,103,1,83,83,83,83,0,0,0,0
8,105,1,47,47,47,47,0,0,0,0
9,22,1,50,50,0,0,0,0,0,0
9,24,1,11,11,0,0,0,0,0,0
9,25,2,35,35,0,0,0,0,0,0
9,35,1.67,142,142,142,142,0,0,0,0
9,40,1,176,176,0,0,0,0,0,0
9,42,1,11,11,0,0,0,0,0,0
9,55,1,36,36,0,0,0,0,0,0
9,85,1,89,89,89,89,0,0,0,0
9,86,1,11,11,11,11,0,0,0,0
9,94,0.46,65,65,65,65,0,0,0,0
9,95,1.38,128,128,128,128,0,0,0,0
9,97,1,16,16,16,16,0,0,0,0
9,98,4,313,313,313,313,0,0,0,0
9,100,3.98,162,162,162,162,0,0,0,0
9,101,0.02,1,1,1,1,0,0,0,0
9,102,1,88,88,88,88,0,0,0,0
9,110,2,58,58,17,17,0,0,0,0
10,7,1,50,50,50,50,0,0,0,0
10,24,0.84,25,25,0,0,0,0,0,0
10,31,1,67,67,67,67,0,0,0,0
10,35,2.33,198,198,198,198,0,0,0,0
10,51,2,38,38,0,0,0,0,0,0
10,76,2,170,170,136,136,0,0,0,0
10,77,1,32,32,32,32,0,0,0,0
10,83,1,19,19,19,19,0,0,0,0
10,85,1,5,5,5,5,0,0,0,0
10,95,0.16,10,10,10,10,0,0,0,0
11,24,0.16,5,5,0,0,0,0,0,0
11,47,1.71,187,187,187,187,0,0,0,0
11,86,1,45,45,0,0,0,0,0,0
11,88,1,240,240,240,240,0,0,0,0
11,94,1,3,3,3,3,0,0,0,0
11,100,2,100,100,66,66,0,0,0,0
11,102,1,90,90,90,90,0,0,0,0
11,103,1,54,54,54,54,0,0,0,0
12,12,1,23,23,0,0,0,0,0,0
12,47,3.85,893,893,605,605,288,288,0,0
12,48,4.23,935,935,709,709,226,226,0,0
12,49,5.16,918,918,918,918,0,0,0,0
12,54,1.03,77,77,77,77,0,0,0,0
12,55,0.97,61,61,61,61,0,0,0,0
12,86,1,26,26,0,0,0,0,0,0
12,102,1,23,23,0,0,0,0,0,0
13,25,1,50,50,0,0,0,0,0,0
13,48,12.01,2888,2888,2888,2888,0,0,0,0
13,49,4.21,1472,1472,1472,1472,0,0,0,0
13,61,1,29,29,0,0,0,0,0,0
13,78,1,50,50,50,50,0,0,0,0
14,48,3.62,703,703,703,703,0,0,0,0
14,49,10.54,3842,3842,3675,3675,0,0,167,167
14,50,0.01,2,2,2,2,0,0,0,0
14,51,1,28,28,28,28,0,0,0,0
14,73,1,51,51,51,51,0,0,0,0
14,100,1,76,76,76,76,0,0,0,0
15,8,1,21,21,21,21,0,0,0,0
15,33,3,120,120,45,45,0,0,0,0
15,48,0.98,60,60,60,60,0,0,0,0
15,49,11.84,4504,4504,4504,4504,0,0,0,0
15,50,7.63,937,937,937,937,0,0,0,0
15,54,1,50,50,0,0,0,0,0,0
15,71,1,40,40,40,40,0,0,0,0
15,90,1,124,124,124,124,0,0,0,0
15,103,1,36,36,36,36,0,0,0,0
16,31,1,278,278,0,0,278,278,0,0
16,48,0.02,4,4,4,4,0,0,0,0
16,49,10.69,3800,3800,3800,3800,0,0,0,0
16,50,3.4,561,561,561,561,0,0,0,0
16,64,1,24,24,0,0,0,0,0,0
16,92,1,5,5,0,0,0,0,0,0
16,103,1,27,27,27,27,0,0,0,0
17,26,0.5,10,10,0,0,0,0,0,0
17,27,1.5,90,90,0,0,0,0,0,0
17,30,1,59,59,59,59,0,0,0,0
17,35,1,209,209,209,209,0,0,0,0
17,47,0.36,33,33,33,33,0,0,0,0
17,48,0.64,58,58,58,58,0,0,0,0
17,49,5.1,1045,1045,1045,1045,0,0,0,0
17,55,1.3,74,74,74,74,0,0,0,0
17,56,0.7,41,41,41,41,0,0,0,0
17,95,1,18,18,0,0,0,0,0,0
17,110,1,61,61,61,61,0,0,0,0
18,22,1,75,75,0,0,0,0,0,0
18,27,1,123,123,0,0,123,123,0,0
18,49,1,60,60,60,60,0,0,0,0
18,55,1,40,40,0,0,0,0,0,0
18,103,1,14,14,0,0,0,0,0,0
18,106,1,34,34,0,0,0,0,0,0
18,107,1,14,14,0,0,0,0,0,0
19,6,1,65,65,65,65,0,0,0,0
19,23,1,37,37,0,0,0,0,0,0
19,47,0.02,3,3,0,0,0,0,3,3
19,48,1.98,328,328,0,0,157,157,171,171
19,101,1,93,93,93,93,0,0,0,0
19,106,1,70,70,70,70,0,0,0,0
20,22,2,73,73,0,0,0,0,0,0
20,23,1,253,253,253,253,0,0,0,0
20,100,1,42,42,42,42,0,0,0,0
21,3,1,157,157,157,157,0,0,0,0
21,76,2,87,87,0,0,0,0,0,0
21,99,1,22,22,22,22,0,0,0,0
21,101,0.36,15,15,15,15,0,0,0,0
21,102,0.64,26,26,26,26,0,0,0,0
21,110,2,63,63,5,5,0,0,0,0
22,1,3,524,524,16,16,508,508,0,0
22,29,0.39,33,33,33,33,0,0,0,0
22,54,1,71,71,0,0,0,0,0,0
23,20,2,45,45,0,0,0,0,0,0
23,29,0.61,51,51,51,51,0,0,0,0
23,48,0.17,4,4,0,0,0,0,0,0
23,49,0.83,19,19,0,0,0,0,0,0
24,21,1,78,78,78,78,0,0,0,0
24,107,1,25,25,25,25,0,0,0,0
25,16,1,26,26,26,26,0,0,0,0
25,93,0.01,1,1,1,1,0,0,0,0
25,94,0.99,77,77,77,77,0,0,0,0
26,14,0.17,9,9,9,9,0,0,0,0
26,15,0.83,44,44,44,44,0,0,0,0
26,23,1,21,21,21,21,0,0,0,0
26,93,1,109,109,0,0,0,0,0,0
26,102,1,22,22,0,0,0,0,0,0
26,104,1,6,6,0,0,0,0,0,0
27,17,0.96,142,142,0,0,142,142,0,0
27,18,1.14,46,46,0,0,46,46,0,0
27,26,0.09,21,21,21,21,0,0,0,0
27,74,0.58,25,25,0,0,0,0,0,0
27,75,0.42,18,18,0,0,0,0,0,0
28,17,1.9,148,148,0,0,148,148,0,0
28,26,3.62,866,866,866,866,0,0,0,0
28,27,0.24,72,72,72,72,0,0,0,0
28,30,0.9,148,148,148,148,0,0,0,0
28,31,0.1,17,17,17,17,0,0,0,0
28,47,1,33,33,33,33,0,0,0,0
28,56,1,47,47,0,0,0,0,0,0
29,6,1,43,43,0,0,0,0,0,0
29,26,0.04,3,3,3,3,0,0,0,0
29,29,0.49,122,122,122,122,0,0,0,0
29,30,4.11,749,749,749,749,0,0,0,0
29,31,0.4,112,112,112,112,0,0,0,0
29,93,1.23,254,254,254,254,0,0,0,0
29,94,0.77,105,105,105,105,0,0,0,0
30,30,1,90,90,0,0,0,0,0,0
30,36,1,26,26,0,0,0,0,0,0
30,43,1,397,397,397,397,0,0,0,0
30,55,1,21,21,0,0,0,0,0,0
30,93,1,4,4,0,0,0,0,0,0
31,32,2.44,287,287,287,287,0,0,0,0
31,33,0.56,18,18,18,18,0,0,0,0
31,36,1,49,49,49,49,0,0,0,0
31,43,1,86,86,86,86,0,0,0,0
31,45,0.11,33,33,33,33,0,0,0,0
31,56,2,282,282,0,0,0,0,0,0
32,19,1.27,145,145,145,145,0,0,0,0
32,33,1,203,203,203,203,0,0,0,0
32,34,3,549,549,107,107,442,442,0,0
32,36,0.97,275,275,275,275,0,0,0,0
32,37,0.03,9,9,9,9,0,0,0,0
32,38,0.99,506,506,0,0,0,0,506,506
32,45,0.89,261,261,261,261,0,0,0,0
32,93,1,50,50,50,50,0,0,0,0
33,19,0.73,108,108,108,108,0,0,0,0
33,38,0.01,5,5,0,0,0,0,5,5
33,109,0.71,88,88,88,88,0,0,0,0
33,110,0.29,36,36,36,36,0,0,0,0
34,39,1,489,489,489,489,0,0,0,0
34,44,1,189,189,0,0,189,189,0,0
34,58,1,36,36,0,0,0,0,0,0
34,96,1,14,14,0,0,0,0,0,0
34,97,1,4,4,4,4,0,0,0,0
35,15,0.41,10,10,10,10,0,0,0,0
35,29,1,51,51,0,0,0,0,0,0
35,43,1,193,193,0,0,193,193,0,0
35,73,1,9,9,0,0,0,0,0,0
35,90,0.11,2,2,0,0,0,0,0,0
35,92,1,22,22,0,0,0,0,0,0
35,97,2,28,28,28,28,0,0,0,0
36,1,0.47,47,47,47,47,0,0,0,0
36,2,0.53,54,54,54,54,0,0,0,0
36,15,1.59,67,67,67,67,0,0,0,0
36,30,1,18,18,0,0,0,0,0,0
36,40,1,32,32,32,32,0,0,0,0
36,42,1.7,138,138,138,138,0,0,0,0
36,43,1.3,504,504,504,504,0,0,0,0
36,44,0.38,84,84,84,84,0,0,0,0
36,90,0.89,15,15,0,0,0,0,0,0
37,1,2,437,437,0,0,264,264,0,0
37,15,1,102,102,102,102,0,0,0,0
37,38,5.11,890,890,890,890,0,0,0,0
37,39,0.06,10,10,10,10,0,0,0,0
37,43,1.81,202,202,202,202,0,0,0,0
37,44,0.81,169,169,169,169,0,0,0,0
37,98,1,13,13,13,13,0,0,0,0
37,99,1,15,15,15,15,0,0,0,0
38,27,1,32,32,0,0,0,0,0,0
38,30,1,13,13,0,0,0,0,0,0
38,38,4.84,1030,1030,1030,1030,0,0,0,0
38,39,2,527,527,527,527,0,0,0,0
38,51,1.1,38,38,0,0,0,0,15,15
38,52,1,70,70,0,0,0,0,0,0
38,55,1,41,41,0,0,0,0,0,0
38,56,1,51,51,0,0,0,0,0,0
39,6,2,179,179,179,179,0,0,0,0
39,30,0.8,27,27,0,0,0,0,0,0
39,34,1,427,427,427,427,0,0,0,0
39,35,0.09,25,25,25,25,0,0,0,0
39,36,1.32,318,318,318,318,0,0,0,0
39,37,0.56,144,144,144,144,0,0,0,0
39,38,3.59,755,755,755,755,0,0,0,0
39,39,0.85,839,839,839,839,0,0,0,0
39,51,0.9,139,139,0,0,0,0,139,139
40,30,0.2,7,7,0,0,0,0,0,0
40,33,3,152,152,152,152,0,0,0,0
40,34,1.98,488,488,488,488,0,0,0,0
40,35,4.39,828,828,828,828,0,0,0,0
40,36,2.44,692,692,692,692,0,0,0,0
40,38,1.84,720,720,720,720,0,0,0,0
40,39,2.16,1244,1244,1244,1244,0,0,0,0
40,42,1,71,71,0,0,0,0,0,0
40,101,3,357,357,37,37,320,320,0,0
41,25,1,82,82,82,82,0,0,0,0
41,33,0.32,10,10,10,10,0,0,0,0
41,34,2.93,224,224,224,224,0,0,0,0
41,35,0.84,252,252,252,252,0,0,0,0
41,36,2.99,974,974,974,974,0,0,0,0
41,37,0.14,36,36,36,36,0,0,0,0
41,38,5.12,805,805,805,805,0,0,0,0
41,39,0.88,477,477,477,477,0,0,0,0
41,43,1,69,69,0,0,0,0,0,0
41,121,0.18,22,22,0,0,0,0,0,0
42,32,1,29,29,0,0,0,0,0,0
42,33,1.68,68,68,68,68,0,0,0,0
42,35,1,23,23,0,0,0,0,0,0
42,37,2.87,269,269,269,269,0,0,0,0
42,38,7.03,1562,1562,1562,1562,0,0,0,0
42,44,1.97,146,146,146,146,0,0,0,0
42,46,0.98,36,36,36,36,0,0,0,0
42,47,0.18,14,14,1,1,0,0,0,0
42,48,0.84,70,70,0,0,0,0,0,0
42,54,1,24,24,0,0,0,0,0,0
42,98,2,9,9,9,9,0,0,0,0
42,121,0.82,100,100,0,0,0,0,0,0
43,38,6.3,1464,1464,1464,1464,0,0,0,0
43,44,1.03,246,246,246,246,0,0,0,0
43,45,1,351,351,0,0,351,351,0,0
43,55,0.27,15,15,15,15,0,0,0,0
43,93,1,216,216,216,216,0,0,0,0
44,37,0.88,66,66,66,66,0,0,0,0
44,38,6.2,1728,1728,1728,1728,0,0,0,0
44,39,12.78,3793,3793,3793,3793,0,0,0,0
44,40,3.01,809,809,551,551,258,258,0,0
44,50,1,470,470,0,0,470,470,0,0
44,55,0.73,41,41,41,41,0,0,0,0
45,1,0.63,61,61,61,61,0,0,0,0
45,2,0.37,35,35,35,35,0,0,0,0
45,27,0.98,44,44,0,0,0,0,0,0
45,28,0.02,1,1,0,0,0,0,0,0
45,29,1,92,92,0,0,0,0,0,0
45,38,9.33,1706,1706,1587,1587,0,0,0,0
45,39,9.76,2034,2034,2034,2034,0,0,0,0
45,40,7.72,2433,2433,2433,2433,0,0,0,0
45,41,4.02,1857,1857,1857,1857,0,0,0,0
45,47,2,21,21,0,0,0,0,0,0
45,52,1,63,63,63,63,0,0,0,0
46,36,0.22,9,9,0,0,0,0,0,0
46,37,0.78,32,32,0,0,0,0,0,0
46,38,0.56,189,189,189,189,0,0,0,0
46,39,2.71,640,640,640,640,0,0,0,0
46,40,4.09,1203,1203,1203,1203,0,0,0,0
46,41,13.65,3968,3968,3968,3968,0,0,0,0
46,42,0.44,66,66,66,66,0,0,0,0
46,77,1,123,123,123,123,0,0,0,0
46,96,1,43,43,43,43,0,0,0,0
46,97,1,54,54,54,54,0,0,0,0
46,105,1,35,35,35,35,0,0,0,0
47,20,1.76,493,493,0,0,493,493,0,0
47,21,0.22,52,52,0,0,52,52,0,0
47,36,21.26,1578,1578,1267,1267,0,0,0,0
47,37,12.25,2528,2528,2528,2528,0,0,0,0
47,38,8.49,1068,1068,1068,1068,0,0,0,0
47,39,3.48,745,745,745,745,0,0,0,0
47,40,6.1,2011,2011,2011,2011,0,0,0,0
47,41,9.72,3411,3411,3411,3411,0,0,0,0
47,42,3.65,856,856,856,856,0,0,0,0
47,46,1,33,33,0,0,0,0,0,0
47,50,1,66,66,66,66,0,0,0,0
47,54,0.02,2,2,2,2,0,0,0,0
47,77,1,8,8,0,0,0,0,0,0
47,96,1,104,104,104,104,0,0,0,0
48,20,1.01,110,110,108,108,2,2,0,0
48,21,0.02,4,4,0,0,4,4,0,0
48,36,2.44,308,308,308,308,0,0,0,0
48,37,22.4,3472,3472,3472,3472,0,0,0,0
48,38,17.84,5840,5840,5840,5840,0,0,0,0
48,39,19.5,5405,5405,5405,5405,0,0,0,0
48,40,16.16,4150,4150,4127,4127,0,0,0,0
48,41,13.61,4024,4024,4024,4024,0,0,0,0
48,42,2.89,861,861,861,861,0,0,0,0
48,43,1.07,334,334,334,334,0,0,0,0
48,54,0.98,88,88,88,88,0,0,0,0
49,37,16.27,3464,3464,3464,3464,0,0,0,0
49,38,22.05,4923,4923,4923,4923,0,0,0,0
49,39,18.8,4591,4591,4591,4591,0,0,0,0
49,40,14.07,3100,3100,3098,3098,0,0,0,0
49,41,1.17,1079,1079,1079,1079,0,0,0,0
49,94,2,383,383,0,0,383,383,0,0
50,10,1,80,80,80,80,0,0,0,0
50,37,22.35,2955,2955,2955,2955,0,0,0,0
50,38,17.47,4587,4587,3612,3612,467,467,509,509
50,39,22.54,4882,4882,4882,4882,0,0,0,0
50,40,10.57,4462,4462,4462,4462,0,0,0,0
50,41,3.4,1210,1210,1210,1210,0,0,0,0
50,89,1,31,31,0,0,0,0,0,0
50,93,1,288,288,288,288,0,0,0,0
50,102,1,18,18,0,0,0,0,0,0
50,105,3,212,212,61,61,151,151,0,0
50,106,0.01,12,12,0,0,12,12,0,0
50,107,0.99,998,998,0,0,998,998,0,0
51,5,1,75,75,75,75,0,0,0,0
51,6,2,74,74,74,74,0,0,0,0
51,23,0.62,119,119,0,0,119,119,0,0
51,35,3,239,239,239,239,0,0,0,0
51,37,12.24,2326,2326,2326,2326,0,0,0,0
51,38,15.33,5958,5958,5958,5958,0,0,0,0
51,39,18.86,5325,5325,5325,5325,0,0,0,0
51,40,12.88,4546,4546,4546,4546,0,0,0,0
51,41,6.74,2295,2295,2295,2295,0,0,0,0
51,48,0.37,17,17,17,17,0,0,0,0
51,49,0.63,28,28,28,28,0,0,0,0
51,80,1,32,32,0,0,0,0,0,0
51,87,0.3,24,24,0,0,0,0,0,0
51,88,0.7,58,58,0,0,0,0,0,0
51,89,1,66,66,66,66,0,0,0,0
51,91,1,3,3,3,3,0,0,0,0
52,0,1,96,96,96,96,0,0,0,0
52,21,0.08,16,16,0,0,16,16,0,0
52,23,0.38,71,71,0,0,71,71,0,0
52,25,1,73,73,73,73,0,0,0,0
52,34,1,15,15,0,0,0,0,0,0
52,37,1,154,154,154,154,0,0,0,0
52,38,11.15,3088,3088,2998,2998,0,0,0,0
52,39,11.4,4512,4512,4512,4512,0,0,0,0
52,40,1.73,431,431,431,431,0,0,0,0
52,43,1,147,147,147,147,0,0,0,0
52,62,1.43,137,137,105,105,0,0,0,0
52,83,1,24,24,0,0,0,0,0,0
52,122,1,19,19,0,0,0,0,0,0
53,21,0.92,191,191,0,0,191,191,0,0
53,23,1,31,31,31,31,0,0,0,0
53,33,0.56,17,17,17,17,0,0,0,0
53,34,3,174,174,119,119,0,0,0,0
53,35,2,247,247,247,247,0,0,0,0
53,37,1.1,225,225,0,0,225,225,0,0
53,38,4.57,1241,1241,910,910,331,331,0,0
53,39,14.75,3508,3508,3508,3508,0,0,0,0
53,40,5.48,1332,1332,1332,1332,0,0,0,0
53,62,2.57,119,119,46,46,0,0,0,0
53,68,1,290,290,0,0,290,290,0,0
53,91,3,818,818,284,284,534,534,0,0
53,103,1,125,125,125,125,0,0,0,0
53,117,1,26,26,0,0,0,0,0,0
53,123,1,40,40,0,0,0,0,0,0
54,7,1,139,139,0,0,139,139,0,0
54,12,1,217,217,0,0,217,217,0,0
54,33,0.44,13,13,13,13,0,0,0,0
54,36,1,46,46,46,46,0,0,0,0
54,39,3.14,645,645,645,645,0,0,0,0
54,40,8.62,2351,2351,2279,2279,0,0,0,0
54,41,3.43,1119,1119,1119,1119,0,0,0,0
54,42,0.75,47,47,0,0,0,0,0,0
54,59,0.95,94,94,93,93,0,0,0,0
54,83,1,44,44,0,0,0,0,0,0
54,89,0.69,203,203,203,203,0,0,0,0
54,90,4.12,1034,1034,1034,1034,0,0,0,0
54,95,1,56,56,0,0,0,0,0,0
54,103,0.23,27,27,27,27,0,0,0,0
54,104,2.77,173,173,173,173,0,0,0,0
55,0,2,493,493,43,43,450,450,0,0
55,5,1,49,49,0,0,0,0,0,0
55,6,2.97,685,685,685,685,0,0,0,0
55,7,3.03,1083,1083,1083,1083,0,0,0,0
55,17,1,118,118,118,118,0,0,0,0
55,33,1,670,670,670,670,0,0,0,0
55,39,2,647,647,647,647,0,0,0,0
55,40,6,2145,2145,2145,2145,0,0,0,0
55,41,1.57,411,411,411,411,0,0,0,0
55,42,0.25,15,15,0,0,0,0,0,0
55,58,1,76,76,76,76,0,0,0,0
55,59,1.05,45,45,8,8,0,0,0,0
55,84,1,18,18,0,0,0,0,0,0
55,86,0.5,119,119,119,119,0,0,0,0
55,87,4.74,1095,1095,1095,1095,0,0,0,0
55,88,5.98,1624,1624,1624,1624,0,0,0,0
55,89,8.78,1589,1589,1589,1589,0,0,0,0
55,90,0.2,61,61,61,61,0,0,0,0
55,99,1,123,123,123,123,0,0,0,0
55,101,8.45,1677,1677,1677,1677,0,0,0,0
55,102,2.37,243,243,243,243,0,0,0,0
55,106,0.6,144,144,144,144,0,0,0,0
56,0,1,167,167,167,167,0,0,0,0
56,4,0.73,128,128,0,0,0,0,0,0
56,5,0.97,404,404,0,0,357,357,0,0
56,6,1.3,430,430,281,281,150,150,0,0
56,26,1,27,27,27,27,0,0,0,0
56,39,0.96,226,226,226,226,0,0,0,0
56,40,6.54,529,529,529,529,0,0,0,0
56,60,0.86,111,111,0,0,0,0,0,0
56,61,0.14,19,19,0,0,0,0,0,0
56,79,1,23,23,0,0,0,0,0,0
56,80,1,78,78,0,0,0,0,0,0
56,86,6.02,1272,1272,1272,1272,0,0,0,0
56,87,12.01,3586,3586,3415,3415,172,172,0,0
56,88,11.12,3143,3143,2867,2867,276,276,0,0
56,89,2.05,703,703,703,703,0,0,0,0
56,100,0.08,12,12,12,12,0,0,0,0
56,101,4.75,946,946,876,876,70,70,0,0
56,102,6.58,1039,1039,908,908,131,131,0,0
56,105,1.72,134,134,0,0,0,0,0,0
56,106,2.68,229,229,97,97,0,0,0,0
57,3,1.57,385,385,282,282,0,0,0,0
57,36,1,166,166,166,166,0,0,0,0
57,39,1,61,61,61,61,0,0,0,0
57,40,2.46,684,684,684,684,0,0,0,0
57,53,2,85,85,85,85,0,0,0,0
57,60,1,33,33,0,0,0,0,0,0
57,65,1,117,117,0,0,0,0,0,0
57,73,2,51,51,0,0,0,0,0,0
57,77,1,67,67,67,67,0,0,0,0
57,86,14.64,4293,4293,4293,4293,0,0,0,0
57,87,16.67,5522,5522,4250,4250,379,379,570,570
57,88,8.58,3577,3577,3568,3568,9,9,0,0
57,89,1.39,96,96,96,96,0,0,0,0
57,90,0.12,19,19,19,19,0,0,0,0
57,100,0.92,143,143,143,143,0,0,0,0
57,101,4.75,760,760,760,760,0,0,0,0
57,102,7.15,1240,1240,1240,1240,0,0,0,0
57,103,5.61,1844,1844,1844,1844,0,0,0,0
57,104,1.77,595,595,595,595,0,0,0,0
57,105,6.01,1284,1284,1284,1284,0,0,0,0
57,106,7.59,2471,2471,2471,2471,0,0,0,0
57,107,3.07,710,710,710,710,0,0,0,0
57,108,4.98,1728,1728,1728,1728,0,0,0,0
57,109,1.58,665,665,665,665,0,0,0,0
57,110,1.45,487,487,487,487,0,0,0,0
57,111,2.17,526,526,526,526,0,0,0,0
57,112,2.48,464,464,464,464,0,0,0,0
58,3,1.43,394,394,394,394,0,0,0,0
58,10,1,59,59,0,0,0,0,0,0
58,30,1,89,89,89,89,0,0,0,0
58,33,2,386,386,5,5,381,381,0,0
58,43,1,56,56,0,0,0,0,0,0
58,60,1,35,35,35,35,0,0,0,0
58,62,1,191,191,0,0,0,0,0,0
58,76,1,16,16,0,0,0,0,0,0
58,83,1,19,19,0,0,0,0,0,0
58,84,0.97,130,130,130,130,0,0,0,0
58,85,5.08,775,775,565,565,0,0,0,0
58,86,18.67,5047,5047,4991,4991,0,0,0,0
58,87,19.53,6219,6219,6075,6075,0,0,0,0
58,88,2.19,1123,1123,1123,1123,0,0,0,0
58,90,0.87,139,139,139,139,0,0,0,0
58,102,0.84,151,151,151,151,0,0,0,0
58,103,0.75,215,215,215,215,0,0,0,0
58,104,10.65,3067,3067,2823,2823,244,244,0,0
58,105,16.8,3786,3786,3786,3786,0,0,0,0
58,106,7.03,2553,2553,2553,2553,0,0,0,0
58,107,2.97,595,595,595,595,0,0,0,0
58,108,1,21,21,0,0,0,0,0,0
58,109,1,93,93,93,93,0,0,0,0
58,110,0.99,93,93,93,93,0,0,0,0
58,111,2.34,539,539,539,539,0,0,0,0
59,0,2.31,415,415,415,415,0,0,0,0
59,2,0.01,3,3,0,0,0,0,0,0
59,62,0.77,27,27,0,0,0,0,0,0
59,63,0.23,8,8,0,0,0,0,0,0
59,73,1,41,41,41,41,0,0,0,0
59,76,1,22,22,0,0,0,0,0,0
59,83,1,145,145,145,145,0,0,0,0
59,84,2.78,530,530,511,511,0,0,0,0
59,85,16.43,4202,4202,4116,4116,0,0,85,85
59,86,19.42,5759,5759,5643,5643,0,0,0,0
59,87,10.63,2774,2774,2773,2773,0,0,0,0
59,88,0.03,7,7,7,7,0,0,0,0
59,102,0.64,13,13,0,0,0,0,0,0
59,103,3.14,738,738,24,24,707,707,0,0
59,104,5.76,2892,2892,2889,2889,2,2,0,0
59,105,5.88,1663,1663,1663,1663,0,0,0,0
59,106,0.88,172,172,172,172,0,0,0,0
59,107,0.12,23,23,23,23,0,0,0,0
59,110,0.9,73,73,73,73,0,0,0,0
59,111,2.1,318,318,318,318,0,0,0,0
60,1,0.41,73,73,55,55,0,0,0,0
60,2,1.58,283,283,124,124,0,0,0,0
60,7,1,37,37,0,0,0,0,0,0
60,34,1,31,31,0,0,0,0,0,0
60,60,0.09,5,5,5,5,0,0,0,0
60,61,0.19,133,133,4,4,129,129,0,0
60,62,0.83,642,642,0,0,642,642,0,0
60,64,2,86,86,58,58,0,0,0,0
60,65,1,19,19,19,19,0,0,0,0
60,74,1,20,20,20,20,0,0,0,0
60,77,1,19,19,19,19,0,0,0,0
60,81,1,123,123,123,123,0,0,0,0
60,83,1,48,48,48,48,0,0,0,0
60,84,8.42,1466,1466,1442,1442,0,0,0,0
60,85,12.58,4493,4493,4479,4479,0,0,0,0
60,86,8.53,4184,4184,4184,4184,0,0,0,0
60,87,0.52,135,135,135,135,0,0,0,0
60,88,0.05,13,13,13,13,0,0,0,0
60,100,0.23,1,1,0,0,0,0,0,0
60,102,7.13,1416,1416,1358,1358,0,0,58,58
60,103,16.69,3796,3796,3471,3471,98,98,211,211
60,104,5.68,2208,2208,2208,2208,0,0,0,0
60,106,0.97,200,200,200,200,0,0,0,0
61,0,0.91,98,98,98,98,0,0,0,0
61,1,0.09,10,10,10,10,0,0,0,0
61,12,1,43,43,43,43,0,0,0,0
61,31,1,171,171,0,0,0,0,0,0
61,35,1,260,260,0,0,260,260,0,0
61,60,0.91,58,58,58,58,0,0,0,0
61,61,0.98,144,144,144,144,0,0,0,0
61,62,1,40,40,40,40,0,0,0,0
61,64,1,80,80,80,80,0,0,0,0
61,74,1,20,20,20,20,0,0,0,0
61,82,2.36,567,567,567,567,0,0,0,0
61,83,1.28,554,554,554,554,0,0,0,0
61,84,13.07,2747,2747,2747,2747,0,0,0,0
61,85,7.25,2898,2898,2898,2898,0,0,0,0
61,86,2.1,494,494,251,251,243,243,0,0
61,100,0.77,5,5,0,0,0,0,0,0
61,101,9.91,1331,1331,1316,1316,0,0,0,0
61,102,10.16,3070,3070,3070,3070,0,0,0,0
61,103,19.25,4745,4745,3969,3969,777,777,0,0
61,104,12.72,3766,3766,3766,3766,0,0,0,0
61,105,9.72,3309,3309,3309,3309,0,0,0,0
61,106,6.84,1511,1511,1511,1511,0,0,0,0
61,111,1,184,184,184,184,0,0,0,0
62,1,1,179,179,179,179,0,0,0,0
62,3,1,246,246,246,246,0,0,0,0
62,32,1,28,28,28,28,0,0,0,0
62,34,1,77,77,77,77,0,0,0,0
62,35,1,256,256,256,256,0,0,0,0
62,55,0.04,2,2,0,0,0,0,0,0
62,81,1,8,8,0,0,0,0,0,0
62,82,4.53,822,822,822,822,0,0,0,0
62,83,11.23,2575,2575,2575,2575,0,0,0,0
62,84,11.14,3730,3730,3730,3730,0,0,0,0
62,85,2.52,473,473,473,473,0,0,0,0
62,100,2,357,357,357,357,0,0,0,0
62,102,1.4,219,219,219,219,0,0,0,0
62,103,14.28,4087,4087,4087,4087,0,0,0,0
62,104,7.47,2994,2994,2994,2994,0,0,0,0
62,105,1.82,372,372,372,372,0,0,0,0
63,2,0.25,50,50,50,50,0,0,0,0
63,3,0.75,146,146,146,146,0,0,0,0
63,31,1,250,250,250,250,0,0,0,0
63,32,3.9,329,329,329,329,0,0,0,0
63,34,1,161,161,161,161,0,0,0,0
63,35,1,336,336,0,0,336,336,0,0
63,37,1,195,195,0,0,195,195,0,0
63,47,1,16,16,0,0,0,0,0,0
63,55,0.96,38,38,0,0,0,0,0,0
63,56,1,107,107,107,107,0,0,0,0
63,61,1,93,93,93,93,0,0,0,0
63,63,0.38,23,23,0,0,0,0,0,0
63,64,0.62,36,36,0,0,0,0,0,0
63,66,1,14,14,0,0,0,0,0,0
63,72,0.7,66,66,66,66,0,0,0,0
63,76,0.05,1,1,0,0,0,0,0,0
63,77,1.95,37,37,0,0,0,0,0,0
63,81,1,5,5,0,0,0,0,0,0
63,82,0.13,55,55,55,55,0,0,0,0
63,83,5.21,913,913,913,913,0,0,0,0
63,84,3.8,675,675,675,675,0,0,0,0
63,102,8.34,492,492,445,445,0,0,0,0
63,103,10.46,2264,2264,2264,2264,0,0,0,0
63,104,2.2,326,326,326,326,0,0,0,0
63,105,2.02,397,397,397,397,0,0,0,0
64,28,1,232,232,232,232,0,0,0,0
64,29,2.16,308,308,291,291,0,0,0,0
64,30,1.32,266,266,67,67,190,190,0,0
64,32,0.1,18,18,18,18,0,0,0,0
64,58,1,35,35,0,0,0,0,0,0
64,60,2,212,212,175,175,0,0,0,0
64,64,1,99,99,0,0,0,0,0,0
64,72,0.3,29,29,29,29,0,0,0,0
64,81,1,78,78,0,0,0,0,0,0
64,82,2,303,303,303,303,0,0,0,0
64,83,1,204,204,204,204,0,0,0,0
64,84,2.86,776,776,526,526,251,251,0,0
64,85,1.03,93,93,0,0,11,11,0,0
64,102,3.2,31,31,0,0,0,0,0,0
64,103,3.14,793,793,793,793,0,0,0,0
64,104,0.21,86,86,86,86,0,0,0,0
64,105,3.84,382,382,382,382,0,0,0,0
65,4,3,586,586,0,0,536,536,0,0
65,30,0.52,206,206,0,0,206,206,0,0
65,36,3,148,148,148,148,0,0,0,0
65,55,1,254,254,254,254,0,0,0,0
65,79,19,1109,1109,1109,1109,0,0,0,0
65,81,0.95,59,59,28,28,31,31,0,0
65,82,0.39,85,85,0,0,85,85,0,0
65,83,3,374,374,374,374,0,0,0,0
65,84,0.11,34,34,0,0,34,34,0,0
65,85,0.07,21,21,0,0,21,21,0,0
65,103,1,62,62,62,62,0,0,0,0
65,105,1,142,142,142,142,0,0,0,0
66,8,1.99,997,997,0,0,765,765,0,0
66,9,0.42,185,185,0,0,43,43,0,0
66,31,1,595,595,0,0,595,595,0,0
66,32,0.97,42,42,42,42,0,0,0,0
66,33,2,50,50,0,0,0,0,0,0
66,46,1,34,34,0,0,0,0,0,0
66,53,2,73,73,46,46,0,0,0,0
66,62,1,35,35,0,0,0,0,0,0
66,64,1,33,33,0,0,0,0,0,0
66,70,1,44,44,44,44,0,0,0,0
66,73,1,20,20,20,20,0,0,0,0
66,81,0.41,56,56,7,7,49,49,0,0
66,82,0.24,53,53,0,0,53,53,0,0
66,88,0.95,130,130,0,0,130,130,0,0
66,89,0.05,7,7,0,0,7,7,0,0
66,103,2,45,45,28,28,0,0,0,0
67,3,1,127,127,127,127,0,0,0,0
67,8,3.59,404,404,0,0,143,143,0,0
67,9,1,229,229,227,227,0,0,0,0
67,29,1,24,24,24,24,0,0,0,0
67,31,1,1501,1501,0,0,1501,1501,0,0
67,32,4.03,1231,1231,90,90,1141,1141,0,0
67,55,3,71,71,63,63,0,0,0,0
67,107,1,27,27,27,27,0,0,0,0
67,124,1,11,11,11,11,0,0,0,0
68,30,0.75,25,25,25,25,0,0,0,0
68,31,3.61,614,614,197,197,417,417,0,0
68,32,0.39,189,189,0,0,189,189,0,0
68,36,1,80,80,80,80,0,0,0,0
68,47,1,27,27,27,27,0,0,0,0
68,52,1,28,28,0,0,0,0,0,0
68,53,0.78,74,74,74,74,0,0,0,0
68,54,0.22,21,21,21,21,0,0,0,0
68,68,2,38,38,0,0,0,0,0,0
68,69,1,18,18,0,0,0,0,0,0
68,72,1,39,39,0,0,0,0,0,0
68,90,0.06,3,3,3,3,0,0,0,0
68,91,0.94,39,39,39,39,0,0,0,0
68,117,0.6,51,51,0,0,0,0,0,0
68,118,1.4,235,235,0,0,201,201,0,0
69,31,3.61,528,528,241,241,287,287,0,0
69,32,0.01,6,6,0,0,6,6,0,0
69,56,1,29,29,0,0,0,0,0,0
69,61,0.3,13,13,13,13,0,0,0,0
69,62,0.11,5,5,5,5,0,0,0,0
70,30,0.65,593,593,0,0,593,593,0,0
70,31,0.64,511,511,0,0,511,511,0,0
70,32,0.03,27,27,0,0,27,27,0,0
70,34,1,269,269,269,269,0,0,0,0
70,50,1,34,34,0,0,0,0,0,0
70,52,0.28,10,10,0,0,0,0,0,0
70,53,2,49,49,0,0,0,0,0,0
70,61,0.45,19,19,19,19,0,0,0,0
70,62,0.15,6,6,6,6,0,0,0,0
70,124,1,37,37,37,37,0,0,0,0
71,2,0.49,27,27,0,0,0,0,0,0
71,30,2.31,646,646,199,199,447,447,0,0
71,31,1.99,1633,1633,0,0,1633,1633,0,0
71,47,2,53,53,34,34,0,0,0,0
71,52,0.72,27,27,0,0,0,0,0,0
71,66,1,27,27,27,27,0,0,0,0
71,67,1,40,40,40,40,0,0,0,0
72,2,0.51,28,28,0,0,0,0,0,0
72,30,2.29,172,172,109,109,63,63,0,0
72,31,0.71,53,53,44,44,9,9,0,0
72,40,1,540,540,0,0,540,540,0,0
72,41,0.05,5,5,5,5,0,0,0,0
72,52,2,135,135,135,135,0,0,0,0
72,53,1,28,28,0,0,0,0,0,0
72,55,1,29,29,0,0,0,0,0,0
72,56,0.97,31,31,0,0,0,0,0,0
72,67,1,22,22,0,0,0,0,0,0
72,103,1,32,32,32,32,0,0,0,0
73,10,1,27,27,27,27,0,0,0,0
73,12,1,15,15,0,0,0,0,0,0
73,15,1,21,21,0,0,0,0,0,0
73,29,0.78,1099,1099,97,97,1002,1002,0,0
73,30,2.71,1347,1347,86,86,1262,1262,0,0
73,41,1.95,104,104,104,104,0,0,0,0
73,50,1,25,25,25,25,0,0,0,0
73,56,0.03,1,1,0,0,0,0,0,0
73,63,1,48,48,48,48,0,0,0,0
73,105,1,30,30,30,30,0,0,0,0
74,27,1,402,402,0,0,402,402,0,0
74,29,0.3,1240,1240,0,0,1240,1240,0,0
74,30,0.22,881,881,0,0,881,881,0,0
74,53,1,18,18,0,0,0,0,0,0
74,55,0.14,8,8,0,0,0,0,0,0
74,57,1,32,32,0,0,0,0,0,0
74,127,1,41,41,41,41,0,0,0,0
75,15,1,32,32,32,32,0,0,0,0
75,34,1,12,12,0,0,0,0,0,0
75,50,1.99,92,92,41,41,0,0,0,0
75,52,3,14,14,14,14,0,0,0,0
75,53,6,62,62,25,25,0,0,0,0
75,54,3,16,16,16,16,0,0,0,0
75,55,3.86,58,58,10,10,0,0,0,0
75,61,1,19,19,19,19,0,0,0,0
75,63,1,37,37,37,37,0,0,0,0
75,87,1.52,62,62,0,0,0,0,0,0
75,88,3.48,219,219,109,109,0,0,0,0
75,123,0.21,7,7,7,7,0,0,0,0
75,124,0.79,28,28,28,28,0,0,0,0
75,125,1,73,73,73,73,0,0,0,0
76,43,1,59,59,0,0,0,0,0,0
76,47,3.8,22,22,22,22,0,0,0,0
76,48,1,6,6,6,6,0,0,0,0
76,49,5,29,29,29,29,0,0,0,0
76,50,4.01,22,22,22,22,0,0,0,0
76,51,2,8,8,8,8,0,0,0,0
76,58,0.27,22,22,22,22,0,0,0,0
76,59,1,61,61,61,61,0,0,0,0
76,87,0.95,158,158,0,0,0,0,0,0
76,88,0.05,9,9,0,0,0,0,0,0
77,2,0.45,27,27,27,27,0,0,0,0
77,3,1.55,80,80,80,80,0,0,0,0
77,4,1,162,162,162,162,0,0,0,0
77,45,4,24,24,24,24,0,0,0,0
77,46,7.36,35,35,35,35,0,0,0,0
77,47,4.84,23,23,23,23,0,0,0,0
77,58,0.73,59,59,59,59,0,0,0,0
77,122,1,19,19,0,0,0,0,0,0
78,33,1,86,86,86,86,0,0,0,0
78,42,0.55,21,21,21,21,0,0,0,0
78,43,1,7,7,7,7,0,0,0,0
78,44,1,9,9,9,9,0,0,0,0
78,46,1.05,30,30,30,30,0,0,0,0
78,47,0.95,27,27,27,27,0,0,0,0
78,52,1,163,163,163,163,0,0,0,0
78,67,1,36,36,0,0,0,0,0,0
78,88,2,118,118,41,41,0,0,0,0
78,110,0.26,4,4,4,4,0,0,0,0
78,111,0.74,12,12,12,12,0,0,0,0
78,126,1,17,17,17,17,0,0,0,0
79,28,1,501,501,0,0,501,501,0,0
79,38,0.02,1,1,1,1,0,0,0,0
79,39,0.98,36,36,36,36,0,0,0,0
79,42,2.34,31,31,31,31,0,0,0,0
79,43,0.12,1,1,1,1,0,0,0,0
79,44,1,40,40,40,40,0,0,0,0
79,49,1,16,16,16,16,0,0,0,0
79,62,1,25,25,0,0,0,0,0,0
79,94,1,6,6,0,0,0,0,0,0
79,106,0.34,20,20,20,20,0,0,0,0
79,107,0.66,39,39,39,39,0,0,0,0
79,112,1,34,34,34,34,0,0,0,0
79,126,1.01,49,49,49,49,0,0,0,0
80,26,1,46,46,46,46,0,0,0,0
80,31,2,69,69,34,34,0,0,0,0
80,52,0.05,2,2,2,2,0,0,0,0
80,53,0.95,30,30,30,30,0,0,0,0
80,87,1,20,20,20,20,0,0,0,0
80,94,2,204,204,204,204,0,0,0,0
80,126,0.99,100,100,100,100,0,0,0,0
80,127,1,25,25,25,25,0,0,0,0
81,18,1,39,39,39,39,0,0,0,0
81,33,1,61,61,61,61,0,0,0,0
81,60,1,114,114,114,114,0,0,0,0
81,66,0.6,73,73,0,0,0,0,0,0
81,70,1,128,128,0,0,0,0,0,0
81,93,0.98,256,256,256,256,0,0,0,0
81,94,0.02,6,6,6,6,0,0,0,0
82,12,1,18,18,18,18,0,0,0,0
82,44,0.08,9,9,0,0,0,0,0,0
82,45,0.92,109,109,0,0,0,0,0,0
82,66,1.4,118,118,0,0,0,0,0,0
83,63,2,132,132,0,0,0,0,0,0
83,64,1,400,400,0,0,0,0,0,0
83,84,1.96,284,284,284,284,0,0,0,0
83,121,1,21,21,21,21,0,0,0,0
84,14,1,3,3,3,3,0,0,0,0
84,73,0.82,32,32,0,0,0,0,0,0
84,83,0.88,32,32,32,32,0,0,0,0
84,84,1.04,124,124,124,124,0,0,0,0
84,107,1,30,30,30,30,0,0,0,0
84,108,2.66,317,317,4,4,313,313,0,0
84,109,0.34,2,2,2,2,0,0,0,0
84,110,1,13,13,0,0,0,0,0,0
85,5,1,11,11,0,0,11,11,0,0
85,34,1,108,108,108,108,0,0,0,0
85,72,4.45,277,277,0,0,0,0,0,0
85,73,0.18,7,7,0,0,0,0,0,0
85,83,1.12,74,74,74,74,0,0,0,0
85,89,1,25,25,0,0,0,0,0,0
85,104,1,36,36,36,36,0,0,0,0
86,32,1,43,43,43,43,0,0,0,0
86,39,2,128,128,128,128,0,0,0,0
86,40,3,158,158,114,114,0,0,0,0
86,53,0.52,58,58,58,58,0,0,0,0
86,54,1.48,98,98,55,55,0,0,0,0
86,72,2.55,274,274,0,0,0,0,0,0
86,73,2,63,63,0,0,0,0,0,0
86,74,0.27,7,7,0,0,0,0,0,0
86,75,1,32,32,0,0,0,0,0,0
86,102,1,14,14,14,14,0,0,0,0
87,61,1,23,23,23,23,0,0,0,0
87,74,0.73,18,18,0,0,0,0,0,0
87,88,2.26,697,697,0,0,697,697,0,0
87,89,2.57,1323,1323,0,0,1323,1323,0,0
87,93,1,69,69,69,69,0,0,0,0
87,95,1,11,11,0,0,0,0,0,0
87,99,0.43,50,50,50,50,0,0,0,0
87,100,0.57,66,66,66,66,0,0,0,0
88,17,0.05,10,10,10,10,0,0,0,0
88,18,0.08,19,19,19,19,0,0,0,0
88,30,1,99,99,99,99,0,0,0,0
88,44,1,24,24,0,0,24,24,0,0
88,71,0.32,11,11,11,11,0,0,0,0
88,73,1,32,32,0,0,0,0,0,0
88,75,1,19,19,19,19,0,0,0,0
88,89,3.56,1562,1562,0,0,1562,1562,0,0
88,90,0.61,90,90,0,0,90,90,0,0
89,17,0.17,38,38,38,38,0,0,0,0
89,18,2.7,277,277,277,277,0,0,0,0
89,19,1.02,98,98,98,98,0,0,0,0
89,20,0.98,77,77,77,77,0,0,0,0
89,39,2,169,169,85,85,0,0,0,0
89,49,1,199,199,0,0,199,199,0,0
89,71,0.68,23,23,23,23,0,0,0,0
89,73,1,20,20,0,0,0,0,0,0
89,83,1,19,19,0,0,0,0,0,0
89,88,1,1131,1131,0,0,1131,1131,0,0
89,89,0.14,16,16,16,16,0,0,0,0
89,97,1,187,187,187,187,0,0,0,0
89,112,3,129,129,129,129,0,0,0,0
89,114,1,82,82,82,82,0,0,0,0
90,22,1,142,142,0,0,0,0,0,0
90,26,1,119,119,119,119,0,0,0,0
90,53,1.23,53,53,0,0,0,0,0,0
90,80,0.2,52,52,52,52,0,0,0,0
90,82,1,61,61,0,0,0,0,0,0
90,86,3,296,296,97,97,199,199,0,0
90,89,0.86,100,100,100,100,0,0,0,0
90,94,1,264,264,264,264,0,0,0,0
90,114,1,71,71,71,71,0,0,0,0
90,117,0.32,21,21,21,21,0,0,0,0
90,127,0.48,19,19,19,19,0,0,0,0
91,25,1,89,89,89,89,0,0,0,0
91,45,1,34,34,0,0,0,0,0,0
91,46,1,63,63,0,0,0,0,0,0
91,53,0.77,54,54,0,0,0,0,0,0
91,77,0.36,106,106,0,0,0,0,0,0
91,80,0.8,201,201,201,201,0,0,0,0
91,84,1,28,28,0,0,0,0,0,0
91,87,1,32,32,0,0,0,0,0,0
91,94,1.3,736,736,736,736,0,0,0,0
91,99,2,144,144,115,115,30,30,0,0
91,100,1,88,88,88,88,0,0,0,0
91,117,0.68,45,45,45,45,0,0,0,0
92,18,1,37,37,37,37,0,0,0,0
92,49,0.93,132,132,132,132,0,0,0,0
92,50,1,10,10,0,0,0,0,0,0
92,52,0.91,51,51,0,0,0,0,0,0
92,53,0.09,5,5,0,0,0,0,0,0
92,76,1,80,80,0,0,0,0,0,0
92,77,0.64,188,188,0,0,0,0,0,0
92,84,0.3,16,16,16,16,0,0,0,0
92,89,1,198,198,198,198,0,0,0,0
92,94,0.7,73,73,73,73,0,0,0,0
92,101,1,26,26,26,26,0,0,0,0
92,105,0.99,33,33,33,33,0,0,0,0
93,17,1,5,5,5,5,0,0,0,0
93,47,1,50,50,0,0,0,0,0,0
93,48,1.1,19,19,4,4,0,0,0,0
93,49,0.97,47,47,47,47,0,0,0,0
93,74,2,321,321,0,0,0,0,0,0
93,75,0.32,10,10,0,0,0,0,0,0
93,84,0.7,37,37,37,37,0,0,0,0
93,89,1.47,834,834,0,0,834,834,0,0
93,105,0.01,0,0,0,0,0,0,0,0
94,18,1,29,29,29,29,0,0,0,0
94,75,1.68,42,42,0,0,0,0,0,0
94,88,1,86,86,86,86,0,0,0,0
94,89,1.53,691,691,0,0,691,691,0,0
94,125,0.34,23,23,23,23,0,0,0,0
95,63,1,56,56,0,0,0,0,0,0
95,93,1,200,200,200,200,0,0,0,0
95,125,0.66,45,45,45,45,0,0,0,0
96,15,1,14,14,14,14,0,0,0,0
96,89,1,5,5,0,0,0,0,0,0
96,90,1,187,187,187,187,0,0,0,0
96,92,1,114,114,114,114,0,0,0,0
97,14,0.6,189,189,189,189,0,0,0,0
97,15,1.4,298,298,298,298,0,0,0,0
97,19,2.47,132,132,60,60,0,0,0,0
97,63,1,239,239,239,239,0,0,0,0
97,75,1,26,26,0,0,0,0,0,0
97,77,1,14,14,14,14,0,0,0,0
97,90,2,195,195,195,195,0,0,0,0
97,91,0.69,13,13,0,0,0,0,0,0
97,93,1,49,49,49,49,0,0,0,0
97,94,0.82,280,280,280,280,0,0,0,0
97,95,1.18,208,208,208,208,0,0,0,0
97,97,0.95,61,61,61,61,0,0,0,0
97,98,0.05,3,3,3,3,0,0,0,0
98,19,0.53,12,12,0,0,0,0,0,0
98,23,1,47,47,47,47,0,0,0,0
98,91,2.3,649,649,643,643,0,0,0,0
98,92,0.01,7,7,7,7,0,0,0,0
98,96,3.41,539,539,539,539,0,0,0,0
98,97,12.48,3476,3476,3476,3476,0,0,0,0
98,98,9.98,2316,2316,2316,2316,0,0,0,0
98,99,16.07,2862,2862,2862,2862,0,0,0,0
98,100,4.87,1061,1061,1061,1061,0,0,0,0
98,101,5.68,1080,1080,1080,1080,0,0,0,0
98,102,3.17,562,562,553,553,0,0,0,0
98,103,0.18,2,2,0,0,0,0,0,0
98,124,1,23,23,0,0,0,0,0,0
98,125,1,31,31,0,0,0,0,0,0
99,97,3.37,376,376,376,376,0,0,0,0
99,98,2.88,223,223,223,223,0,0,0,0
99,99,7.63,963,963,963,963,0,0,0,0
99,100,16.84,3051,3051,3042,3042,0,0,0,0
99,101,18.93,3044,3044,3044,3044,0,0,0,0
99,102,13.46,2171,2171,2171,2171,0,0,0,0
99,103,11.46,1068,1068,895,895,0,0,0,0
99,104,6.49,866,866,723,723,0,0,0,0
99,105,0.24,16,16,16,16,0,0,0,0
99,106,0.55,31,31,0,0,0,0,0,0
100,19,1,76,76,76,76,0,0,0,0
100,31,1,13,13,0,0,0,0,0,0
100,71,5.29,530,530,24,24,0,0,0,0
100,72,1,8,8,0,0,0,0,0,0
100,73,1,16,16,0,0,0,0,0,0
100,100,2,11,11,0,0,0,0,0,0
100,101,6.16,660,660,649,649,0,0,0,0
100,102,12.67,1498,1498,1346,1346,0,0,152,152
100,103,38.62,3882,3882,3882,3882,0,0,0,0
100,104,38.67,6341,6341,5943,5943,0,0,398,398
100,105,26.63,4460,4460,4004,4004,127,127,320,320
100,106,1.57,314,314,289,289,0,0,0,0
100,107,1,42,42,42,42,0,0,0,0
100,115,1.44,199,199,0,0,0,0,0,0
100,116,0.56,174,174,0,0,0,0,0,0
101,28,1,32,32,0,0,0,0,0,0
101,71,9.86,2685,2685,0,0,0,0,0,0
101,72,3.85,689,689,236,236,0,0,0,0
101,77,1,80,80,0,0,0,0,0,0
101,100,2,137,137,0,0,137,137,0,0
101,102,6,618,618,581,581,0,0,0,0
101,103,1,163,163,163,163,0,0,0,0
101,104,10.48,1370,1370,1351,1351,0,0,0,0
101,105,15.92,3292,3292,3180,3180,0,0,112,112
101,106,21.68,3778,3778,3602,3602,0,0,174,174
101,107,10.17,2138,2138,2121,2121,0,0,0,0
101,111,1.07,17,17,7,7,0,0,0,0
101,112,1.04,31,31,3,3,0,0,0,0
101,114,1,28,28,0,0,0,0,0,0
101,118,1,20,20,20,20,0,0,0,0
101,127,1,32,32,0,0,0,0,0,0
102,55,2,120,120,0,0,0,0,0,0
102,71,3,148,148,0,0,0,0,0,0
102,73,4,390,390,70,70,0,0,0,0
102,74,1.42,95,95,0,0,0,0,0,0
102,100,1,36,36,0,0,0,0,0,0
102,101,1,42,42,42,42,0,0,0,0
102,102,0.94,114,114,114,114,0,0,0,0
102,103,0.79,230,230,230,230,0,0,0,0
102,104,0.26,80,80,80,80,0,0,0,0
102,105,1,228,228,228,228,0,0,0,0
102,106,2.45,226,226,190,190,0,0,0,0
102,107,6.83,1576,1576,1414,1414,161,161,0,0
102,108,4.53,859,859,420,420,439,439,0,0
102,109,2.24,1263,1263,579,579,684,684,0,0
102,110,1,12,12,0,0,0,0,0,0
102,111,4.05,425,425,425,425,0,0,0,0
102,112,10.73,1353,1353,1353,1353,0,0,0,0
102,123,2,86,86,86,86,0,0,0,0
102,126,3,247,247,54,54,193,193,0,0
103,28,0.46,18,18,0,0,0,0,0,0
103,40,2,173,173,173,173,0,0,0,0
103,70,0.8,212,212,212,212,0,0,0,0
103,71,0.2,54,54,54,54,0,0,0,0
103,74,0.58,94,94,0,0,0,0,0,0
103,94,1,101,101,101,101,0,0,0,0
103,98,1.88,240,240,125,125,0,0,0,0
103,99,3.1,202,202,189,189,0,0,0,0
103,109,1.35,392,392,392,392,0,0,0,0
103,110,2.78,243,243,225,225,0,0,0,0
103,111,9.62,2342,2342,2342,2342,0,0,0,0
103,112,6.9,1688,1688,1688,1688,0,0,0,0
103,113,1,53,53,53,53,0,0,0,0
103,125,2,56,56,0,0,0,0,0,0
103,127,1,46,46,0,0,0,0,0,0
104,28,0.54,21,21,0,0,0,0,0,0
104,60,1,32,32,0,0,0,0,0,0
104,61,2,88,88,0,0,0,0,0,0
104,91,2,266,266,266,266,0,0,0,0
104,93,0.3,47,47,47,47,0,0,0,0
104,94,0.7,111,111,111,111,0,0,0,0
104,98,1.02,51,51,3,3,0,0,0,0
104,109,2.04,462,462,462,462,0,0,0,0
104,110,6.27,1250,1250,750,750,500,500,0,0
104,111,12.65,3903,3903,3550,3550,4,4,349,349
104,112,9.41,2592,2592,2592,2592,0,0,0,0
104,113,3.86,507,507,499,499,0,0,0,0
104,114,6.47,771,771,771,771,0,0,0,0
104,115,1.53,232,232,95,95,137,137,0,0
104,116,1,372,372,372,372,0,0,0,0
104,117,0.07,5,5,5,5,0,0,0,0
104,118,0.93,71,71,71,71,0,0,0,0
104,126,1,172,172,0,0,172,172,0,0
105,82,3,208,208,131,131,0,0,0,0
105,95,1,51,51,51,51,0,0,0,0
105,97,0.31,29,29,29,29,0,0,0,0
105,100,0.53,62,62,62,62,0,0,0,0
105,101,1.47,180,180,54,54,126,126,0,0
105,102,1,5,5,5,5,0,0,0,0
105,103,1,82,82,82,82,0,0,0,0
105,106,2,449,449,449,449,0,0,0,0
105,108,1,183,183,183,183,0,0,0,0
105,109,6.32,1422,1422,1422,1422,0,0,0,0
105,110,12.18,3645,3645,3645,3645,0,0,0,0
105,111,18.1,4835,4835,4835,4835,0,0,0,0
105,112,2.29,457,457,457,457,0,0,0,0
105,113,1.24,92,92,87,87,0,0,0,0
105,114,3,139,139,127,127,0,0,0,0
105,117,0.44,43,43,43,43,0,0,0,0
105,118,0.56,56,56,56,56,0,0,0,0
105,121,2,107,107,107,107,0,0,0,0
106,10,1,149,149,0,0,0,0,0,0
106,19,0.31,93,93,0,0,93,93,0,0
106,22,1,74,74,0,0,0,0,0,0
106,23,1.04,91,91,0,0,91,91,0,0
106,33,1,40,40,0,0,0,0,0,0
106,71,0.04,8,8,0,0,0,0,0,0
106,97,0.69,65,65,65,65,0,0,0,0
106,107,1,333,333,333,333,0,0,0,0
106,108,1,157,157,157,157,0,0,0,0
106,109,5.9,1570,1570,1570,1570,0,0,0,0
106,110,13.75,4379,4379,4379,4379,0,0,0,0
106,111,14.72,2502,2502,2502,2502,0,0,0,0
106,112,2.12,252,252,252,252,0,0,0,0
106,115,1.7,35,35,35,35,0,0,0,0
106,116,4.3,350,350,326,326,0,0,0,0
106,120,1,32,32,32,32,0,0,0,0
106,124,1,27,27,27,27,0,0,0,0
107,19,2.69,262,262,0,0,205,205,0,0
107,22,0.82,107,107,107,107,0,0,0,0
107,23,3.14,309,309,70,70,239,239,0,0
107,71,2.96,308,308,0,0,0,0,0,0
107,100,1,163,163,163,163,0,0,0,0
107,101,1,73,73,73,73,0,0,0,0
107,103,0.94,221,221,221,221,0,0,0,0
107,104,0.57,39,39,39,39,0,0,0,0
107,105,0.87,39,39,0,0,0,0,0,0
107,106,1,67,67,67,67,0,0,0,0
107,107,2,407,407,407,407,0,0,0,0
107,108,2.96,684,684,684,684,0,0,0,0
107,109,4.1,1044,1044,1044,1044,0,0,0,0
107,110,3.17,666,666,666,666,0,0,0,0
107,111,5.05,1597,1597,1597,1597,0,0,0,0
107,112,0.58,200,200,200,200,0,0,0,0
107,113,1,30,30,30,30,0,0,0,0
107,114,1,76,76,76,76,0,0,0,0
108,19,1,10,10,10,10,0,0,0,0
108,53,3.86,274,274,214,214,0,0,0,0
108,67,1,8,8,0,0,0,0,0,0
108,93,1.71,222,222,222,222,0,0,0,0
108,97,1,17,17,0,0,0,0,0,0
108,100,1,35,35,35,35,0,0,0,0
108,103,0.06,15,15,15,15,0,0,0,0
108,104,1.43,117,117,117,117,0,0,0,0
108,105,0.13,6,6,0,0,0,0,0,0
108,106,3,195,195,0,0,0,0,0,0
108,108,3.46,954,954,954,954,0,0,0,0
108,111,4,688,688,613,613,0,0,0,0
108,112,3.97,871,871,871,871,0,0,0,0
108,113,3,328,328,328,328,0,0,0,0
109,10,1,70,70,0,0,0,0,0,0
109,39,0.93,122,122,0,0,0,0,0,0
109,53,0.14,10,10,0,0,0,0,0,0
109,56,1.01,44,44,0,0,0,0,0,0
109,78,0.86,145,145,0,0,0,0,0,0
109,93,0.29,39,39,39,39,0,0,0,0
109,104,0.38,22,22,22,22,0,0,0,0
109,105,0.62,36,36,36,36,0,0,0,0
109,106,1,92,92,92,92,0,0,0,0
109,108,3.01,292,292,256,256,0,0,0,0
109,110,1,314,314,314,314,0,0,0,0
109,111,5.61,1108,1108,1108,1108,0,0,0,0
109,112,4.07,981,981,981,981,0,0,0,0
109,120,2.75,491,491,0,0,402,402,0,0
109,121,1.22,303,303,0,0,303,303,0,0
109,122,2,147,147,147,147,0,0,0,0
110,20,2,110,110,80,80,0,0,0,0
110,21,1,52,52,52,52,0,0,0,0
110,39,0.07,10,10,0,0,0,0,0,0
110,56,0.99,226,226,0,0,0,0,0,0
110,78,0.14,23,23,0,0,0,0,0,0
110,104,1,64,64,64,64,0,0,0,0
110,107,1,29,29,29,29,0,0,0,0
110,108,3,302,302,273,273,0,0,0,0
110,110,2.03,362,362,362,362,0,0,0,0
110,111,4.14,990,990,990,990,0,0,0,0
110,112,1.86,222,222,222,222,0,0,0,0
110,113,1.36,438,438,438,438,0,0,0,0
110,114,0.23,66,66,66,66,0,0,0,0
110,120,0.03,8,8,0,0,8,8,0,0
110,126,1,4,4,4,4,0,0,0,0
111,35,1,185,185,185,185,0,0,0,0
111,48,1,79,79,79,79,0,0,0,0
111,76,1,69,69,0,0,0,0,0,0
111,103,2,389,389,389,389,0,0,0,0
111,106,1,50,50,50,50,0,0,0,0
111,107,1,69,69,0,0,0,0,0,0
111,110,3.43,318,318,318,318,0,0,0,0
111,111,3.72,807,807,807,807,0,0,0,0
111,112,0.52,52,52,52,52,0,0,0,0
111,113,6.19,1483,1483,1233,1233,250,250,0,0
111,114,2.77,1282,1282,218,218,1064,1064,0,0
112,9,1,18,18,18,18,0,0,0,0
112,31,3,124,124,0,0,124,124,0,0
112,45,1.98,833,833,0,0,833,833,0,0
112,54,2,149,149,0,0,0,0,0,0
112,57,1,63,63,0,0,0,0,0,0
112,62,0.27,23,23,23,23,0,0,0,0
112,109,1,147,147,0,0,147,147,0,0
112,111,2,138,138,138,138,0,0,0,0
112,113,0.07,20,20,0,0,20,20,0,0
112,114,2.4,481,481,142,142,0,0,0,0
112,127,2,143,143,100,100,0,0,0,0
113,18,1,144,144,144,144,0,0,0,0
113,33,0.88,29,29,0,0,0,0,0,0
113,34,0.12,4,4,0,0,0,0,0,0
113,45,1.02,77,77,0,0,9,9,0,0
113,57,0.27,45,45,0,0,0,0,0,0
113,61,1,18,18,18,18,0,0,0,0
113,62,0.73,62,62,62,62,0,0,0,0
113,98,1,9,9,0,0,0,0,0,0
113,110,4,543,543,158,158,385,385,0,0
113,111,2,237,237,194,194,0,0,0,0
113,114,2.6,77,77,43,43,0,0,0,0
114,18,0.63,65,65,65,65,0,0,0,0
114,19,0.37,39,39,39,39,0,0,0,0
114,43,0.1,42,42,0,0,42,42,0,0
114,57,0.73,122,122,0,0,0,0,0,0
114,60,1.47,319,319,96,96,224,224,0,0
114,111,1,48,48,48,48,0,0,0,0
115,0,1,17,17,17,17,0,0,0,0
115,6,2,83,83,75,75,0,0,0,0
115,26,2,374,374,374,374,0,0,0,0
115,27,1.78,1028,1028,313,313,715,715,0,0
115,42,5.82,1611,1611,0,0,1611,1611,0,0
115,43,2.08,769,769,0,0,769,769,0,0
115,53,2,340,340,316,316,0,0,0,0
115,60,2.53,344,344,344,344,0,0,0,0
115,113,2,247,247,247,247,0,0,0,0
116,0,1,25,25,25,25,0,0,0,0
116,19,0.1,5,5,5,5,0,0,0,0
116,20,0.9,45,45,45,45,0,0,0,0
116,27,0.22,206,206,0,0,206,206,0,0
116,51,2.97,717,717,0,0,479,479,0,0
116,53,4,171,171,108,108,0,0,0,0
116,55,1.8,87,87,0,0,0,0,0,0
116,58,3.64,431,431,233,233,188,188,0,0
116,95,1,40,40,40,40,0,0,0,0
116,109,1,177,177,177,177,0,0,0,0
116,110,2,313,313,33,33,280,280,0,0
117,4,2,546,546,0,0,546,546,0,0
117,36,0.93,514,514,0,0,514,514,0,0
117,37,0.02,9,9,0,0,9,9,0,0
117,38,0.03,10,10,10,10,0,0,0,0
117,51,4.03,568,568,180,180,0,0,0,0
117,52,0.99,55,55,0,0,0,0,0,0
117,55,0.2,14,14,0,0,0,0,0,0
117,56,1.76,165,165,0,0,0,0,0,0
117,57,0.76,303,303,0,0,303,303,0,0
117,58,4.6,1317,1317,213,213,1104,1104,0,0
117,112,1,31,31,0,0,0,0,0,0
118,19,1,98,98,98,98,0,0,0,0
118,36,3.1,657,657,0,0,601,601,0,0
118,37,0.95,581,581,0,0,581,581,0,0
118,38,0.97,302,302,302,302,0,0,0,0
118,51,0.6,58,58,58,58,0,0,0,0
118,52,1.41,76,76,38,38,0,0,0,0
118,56,1.24,56,56,0,0,0,0,0,0
118,73,0.3,40,40,0,0,0,0,0,0
118,74,0.7,92,92,0,0,0,0,0,0
118,99,1,20,20,20,20,0,0,0,0
118,102,1.22,154,154,88,88,66,66,0,0
118,103,1.55,394,394,0,0,394,394,0,0
118,104,2,165,165,165,165,0,0,0,0
118,113,1,44,44,0,0,0,0,0,0
118,124,1,165,165,0,0,0,0,0,0
119,1,2.71,175,175,0,0,0,0,0,0
119,19,1,40,40,0,0,0,0,0,0
119,40,1.89,388,388,388,388,0,0,0,0
119,44,0.3,35,35,35,35,0,0,0,0
119,45,0.7,83,83,83,83,0,0,0,0
119,53,1,398,398,0,0,0,0,0,0
119,73,1,11,11,0,0,0,0,0,0
119,102,0.09,20,20,2,2,18,18,0,0
119,103,1.14,167,167,131,131,36,36,0,0
119,106,2,346,346,196,196,149,149,0,0
119,113,0.34,15,15,15,15,0,0,0,0
119,114,0.66,29,29,29,29,0,0,0,0
119,117,1.58,428,428,0,0,428,428,0,0
119,118,0.42,64,64,0,0,64,64,0,0
120,1,2.29,133,133,75,75,0,0,0,0
120,2,1.69,664,664,0,0,356,356,0,0
120,10,4,114,114,114,114,0,0,0,0
120,31,1,54,54,0,0,0,0,0,0
120,40,0.11,12,12,12,12,0,0,0,0
120,89,1,60,60,60,60,0,0,0,0
120,98,1,48,48,48,48,0,0,0,0
120,102,1,55,55,55,55,0,0,0,0
120,113,1,27,27,27,27,0,0,0,0
120,117,1,64,64,64,64,0,0,0,0
120,126,1,46,46,0,0,0,0,0,0
121,1,1,5,5,5,5,0,0,0,0
121,2,0.31,158,158,0,0,158,158,0,0
121,16,2,122,122,71,71,0,0,0,0
121,17,2.98,204,204,164,164,0,0,0,0
121,32,1.98,336,336,336,336,0,0,0,0
121,33,1.02,126,126,126,126,0,0,0,0
121,35,1,225,225,225,225,0,0,0,0
121,55,3,170,170,11,11,0,0,0,0
121,103,1,23,23,23,23,0,0,0,0
122,17,0.02,0,0,0,0,0,0,0,0
122,22,2.41,627,627,627,627,0,0,0,0
122,23,0.59,145,145,145,145,0,0,0,0
122,27,1,203,203,0,0,203,203,0,0
122,38,1,55,55,0,0,0,0,0,0
122,52,1,79,79,79,79,0,0,0,0
122,64,1,78,78,0,0,78,78,0,0
122,106,1,63,63,63,63,0,0,0,0
122,108,1,48,48,0,0,0,0,0,0
122,112,2,116,116,116,116,0,0,0,0
122,114,1,20,20,20,20,0,0,0,0
123,27,1,212,212,0,0,212,212,0,0
123,35,1,236,236,236,236,0,0,0,0
123,39,1,74,74,74,74,0,0,0,0
123,69,1,542,542,0,0,542,542,0,0
123,73,1,66,66,66,66,0,0,0,0
123,100,0.14,21,21,21,21,0,0,0,0
123,116,1,106,106,106,106,0,0,0,0
123,121,2,72,72,72,72,0,0,0,0
124,0,0.99,164,164,0,0,164,164,0,0
124,1,0.01,1,1,0,0,1,1,0,0
124,22,2,200,200,200,200,0,0,0,0
124,39,1,23,23,0,0,0,0,0,0
124,55,1,87,87,0,0,0,0,0,0
124,58,1,2,2,2,2,0,0,0,0
124,69,3,195,195,195,195,0,0,0,0
124,71,1.05,378,378,0,0,378,378,0,0
124,72,3.72,1062,1062,246,246,816,816,0,0
124,100,0.86,129,129,129,129,0,0,0,0
124,101,2.66,259,259,259,259,0,0,0,0
124,110,1,42,42,42,42,0,0,0,0
125,24,1,5,5,5,5,0,0,0,0
125,26,1,45,45,45,45,0,0,0,0
125,36,1,45,45,0,0,0,0,0,0
125,63,11.14,2203,2203,2203,2203,0,0,0,0
125,64,20.67,3501,3501,2177,2177,0,0,1324,1324
125,65,4.51,438,438,438,438,0,0,0,0
125,70,1,369,369,0,0,369,369,0,0
125,72,1.22,149,149,149,149,0,0,0,0
125,74,1,104,104,0,0,0,0,0,0
125,100,0.54,26,26,26,26,0,0,0,0
125,101,0.8,53,53,53,53,0,0,0,0
125,110,4,276,276,276,276,0,0,0,0
126,12,0.18,18,18,0,0,0,0,0,0
126,41,1,16,16,0,0,0,0,0,0
126,61,1.08,6,6,0,0,0,0,0,0
126,62,0.08,40,40,40,40,0,0,0,0
126,63,18.81,4573,4573,4527,4527,0,0,0,0
126,64,34.83,4245,4245,4097,4097,0,0,147,147
126,65,24.32,2671,2671,2671,2671,0,0,0,0
126,66,18.21,3055,3055,2890,2890,0,0,0,0
126,67,10.06,1088,1088,1039,1039,0,0,0,0
126,69,2,126,126,0,0,0,0,0,0
127,12,1.82,84,84,3,3,0,0,0,0
127,38,1,68,68,68,68,0,0,0,0
127,60,3.68,95,95,0,0,0,0,0,0
127,61,11.5,2860,2860,2078,2078,0,0,734,734
127,62,19.49,5249,5249,5249,5249,0,0,0,0
127,63,29.81,6549,6549,6546,6546,0,0,3,3
127,64,30.48,6099,6099,5948,5948,0,0,151,151
127,65,18.54,3607,3607,3607,3607,0,0,0,0
127,66,27.59,4982,4982,4944,4944,0,0,0,0
127,67,6.11,703,703,703,703,0,0,0,0
127,110,2,57,57,57,57,0,0,0,0
127,115,1.78,567,567,567,567,0,0,0,0
127,116,1.12,118,118,118,118,0,0,0,0
