x,y,number,ground_area,floor_area,residential_ground_area,residential_floor_area,economic_activity_ground_area,economic_activity_floor_area,cultural_ground_area,cultural_floor_area
8,5,2.12,112,173,75,136,13,13,0,0
8,15,7.42,1320,2640,468,936,284,567,0,0
8,16,9.58,4005,8719,1051,2279,985,2147,0,0
8,20,2.38,608,1197,53,100,450,896,0,0
8,21,5.62,2458,4375,424,714,1185,2234,0,0
8,23,8.43,1363,3151,402,970,321,727,0,0
8,24,0.02,7,21,2,5,2,5,0,0
8,29,5.25,1646,2333,602,797,348,511,0,0
8,30,12.59,2796,6307,981,2370,579,1261,0,0
8,32,0.05,9,27,2,7,2,7,0,0
8,37,6.26,1808,3958,631,1347,392,870,0,0
8,41,1,5829,11658,0,0,5829,11658,0,0
8,43,0.14,139,416,35,104,35,104,0,0
8,47,34.56,2430,4984,1544,3573,213,290,0,0
8,6,0.88,469,938,469,938,0,0,0,0
8,10,1,260,521,0,0,260,521,0,0
8,33,4.25,401,942,328,819,17,33,0,0
8,34,3.37,217,382,110,208,36,58,0,0
8,48,5.07,340,816,229,673,85,96,0,0
8,49,6.27,581,1162,225,451,57,114,0,0
8,50,1.09,375,749,115,230,87,173,0,0
8,51,0.21,53,105,13,26,13,26,0,0
8,54,4,1710,6092,208,416,1365,5402,0,0
8,55,28.11,1732,3892,982,2351,243,501,0,0
8,60,0.24,14,14,4,4,4,4,0,0
8,81,21.08,1243,1248,1182,1182,20,22,0,0
8,82,48.1,5300,8188,4356,6465,279,502,0,0
8,83,2.17,195,308,27,54,0,0,0,0
8,84,7.16,1654,3570,121,307,1291,2648,0,0
8,85,2.03,2196,3259,0,0,2196,3259,0,0
8,87,0.04,23,47,0,0,23,47,0,0
8,96,2,655,1005,88,175,393,480,0,0
8,97,3,241,414,60,103,60,103,0,0
8,98,1.57,147,295,110,220,12,25,0,0
8,99,13.77,3625,7747,756,1677,2558,5475,0,0
8,100,2.66,773,2199,83,162,683,2030,0,0
8,103,8,1076,2116,336,665,702,1396,0,0
8,105,10.02,667,1234,329,642,32,55,0,0
8,106,7.35,826,1449,446,694,52,105,0,0
8,111,13,2519,5019,706,1408,1511,3017,0,0
8,114,7,1291,2440,444,853,646,1256,0,0
8,117,3.62,286,497,71,124,71,124,0,0
8,121,1.03,1242,3727,0,0,1242,3727,0,0
8,122,9.97,2770,3852,461,918,2272,2897,0,0
8,125,1.76,449,897,29,59,360,720,0,0
8,126,0.01,20,40,0,0,20,40,0,0
8,74,1,6,6,2,2,2,2,0,0
8,91,0.34,168,337,0,0,168,337,0,0
8,92,2.66,978,1936,5,5,963,1921,0,0
9,5,1.13,1308,6008,0,0,1308,6008,0,0
9,6,3.86,1300,4785,0,0,1300,4785,0,0
9,21,4.65,2109,5939,108,229,1783,5252,0,0
9,22,28.66,4404,10418,1552,3725,939,2285,0,0
9,26,12.99,1459,3313,774,1642,152,416,0,0
9,28,10,1191,2227,483,857,97,179,0,0
9,33,16.79,1712,3549,636,1313,301,644,0,0
9,34,9.86,744,1857,266,591,79,216,0,0
9,46,18.8,2139,7050,913,2554,409,1499,0,0
9,47,64.26,4841,9460,4351,8588,138,233,0,0
9,48,26.35,3528,7113,1260,2154,1121,3194,0,0
9,49,36.37,4625,9264,2205,4667,1835,3648,0,0
9,50,36.51,3766,7681,2463,4887,817,2004,0,0
9,51,36,3718,7436,2214,4636,441,872,0,0
9,8,0.4,47,93,47,93,0,0,0,0
9,9,1.17,313,809,124,293,82,208,0,0
9,10,5.2,531,1282,343,852,63,143,0,0
9,13,2.44,180,359,142,285,11,21,0,0
9,14,2.52,262,521,260,519,1,1,0,0
9,20,1,2069,6206,517,1551,517,1551,0,0
9,25,1.01,28,55,8,16,7,13,0,0
9,27,3,171,341,133,267,13,25,0,0
9,32,4.91,2093,4046,523,1012,523,1012,0,0
9,45,0.46,42,127,42,127,0,0,0,0
9,81,37.9,2806,4604,2458,4213,59,73,0,0
9,82,49.39,4015,6984,3476,6264,121,173,0,0
9,87,2,431,1059,282,613,50,149,0,0
9,90,26,2740,5897,672,1556,1494,3331,0,0
9,91,8,1110,2203,121,238,929,1853,0,0
9,104,6.36,634,918,95,119,348,562,0,0
9,105,8.29,1102,2030,393,690,642,1250,0,0
9,106,12.97,908,1748,586,1156,87,157,0,0
9,116,7,2253,5465,365,970,1294,2828,0,0
9,123,3,149,429,136,404,4,8,0,0
9,52,2.3,40,60,25,45,5,5,0,0
9,69,0.02,45,90,0,0,45,90,0,0
9,70,2.41,1740,4482,433,1299,927,2044,0,0
9,80,11.71,1352,2464,975,1916,71,128,0,0
9,83,6.25,573,1097,534,1055,13,14,0,0
9,84,6.18,982,1328,67,122,922,1246,0,0
9,86,1,45,179,0,0,0,0,0,0
9,93,2,205,410,201,402,1,3,0,0
9,117,4,515,997,158,316,108,216,0,0
9,120,6.74,709,1371,592,1172,39,66,0,0
9,122,5.56,2392,5023,202,405,1785,3808,0,0
10,9,8.13,2058,4745,237,631,1348,2853,0,0
10,10,10.11,2131,4662,189,427,1562,3380,0,0
10,13,20.19,1835,3443,813,1618,120,232,0,0
10,14,36.86,2370,4685,1585,3154,230,447,0,0
10,20,1,380,1140,95,285,95,285,0,0
10,22,16.7,2279,4667,987,2072,414,850,0,0
10,25,8,607,1153,271,527,43,71,0,0
10,32,3.08,1276,2553,319,638,319,638,0,0
10,33,0.72,84,168,21,42,21,42,0,0
10,45,13.6,2569,5016,814,1608,537,1054,0,0
10,46,2.39,589,1178,400,799,63,126,0,0
10,47,51.72,4062,8070,3404,7015,151,257,0,0
10,48,167.74,11316,30347,6846,17482,2589,6971,644,3222
10,49,72.77,5379,11957,3267,7818,827,1646,0,0
10,50,26.26,2157,4619,1684,3768,69,127,0,0
10,51,31.54,5641,11053,2562,4918,3016,6025,0,0
10,1,6,689,1522,137,310,58,152,0,0
10,8,1.29,1359,2718,0,0,1359,2718,0,0
10,21,1.72,833,1366,208,342,208,342,0,0
10,23,1.21,116,232,114,228,1,1,0,0
10,27,0.12,8,12,2,3,2,3,0,0
10,28,6.15,489,722,272,479,72,81,0,0
10,52,2,155,311,137,273,0,0,0,0
10,65,9,2647,5376,424,1001,2022,4020,0,0
10,66,1,73,147,18,37,18,37,0,0
10,69,6.46,2664,6061,481,1145,1222,2628,0,0
10,70,18.42,3236,6948,792,1827,1293,2687,0,0
10,71,2,141,281,131,262,3,6,0,0
10,76,2,29,29,8,8,8,8,0,0
10,81,4.6,274,496,219,427,16,20,0,0
10,82,12.53,1254,2484,1079,2157,53,104,15,15
10,83,1.61,115,230,80,160,12,24,0,0
10,84,3.82,671,1315,0,0,671,1315,0,0
10,90,0.63,49,49,12,12,12,12,0,0
10,91,0.37,29,29,7,7,7,7,0,0
10,93,6.9,1553,2919,140,233,1312,2578,0,0
10,106,1,320,640,320,640,0,0,0,0
10,113,13.19,1954,3943,645,1535,996,1686,0,0
10,120,0.26,37,73,25,49,4,8,0,0
10,121,2,224,440,218,434,2,2,0,0
10,122,7.15,708,1357,537,1070,26,47,0,0
10,123,3.29,600,1179,584,1164,5,5,0,0
10,95,5.49,1022,1824,415,775,161,267,0,0
10,108,9,1497,2941,157,301,915,1818,0,0
11,5,4,351,702,300,600,17,34,0,0
11,8,7.54,2732,6645,328,790,1762,4300,0,0
11,13,28.37,2355,4528,839,1632,499,952,0,0
11,21,0.01,5,5,1,1,1,1,0,0
11,22,0.02,3,5,3,5,0,0,0,0
11,23,0.04,5,10,5,10,0,0,0,0
11,27,9.93,2425,4813,666,1324,586,1163,0,0
11,28,11.11,1174,2074,725,1429,86,151,0,0
11,45,0.01,6,12,1,3,1,3,0,0
11,46,2.8,1672,4479,204,408,112,224,0,0
11,47,28.41,2279,4774,1021,2354,705,1390,0,0
11,48,113.61,6937,16464,4576,11043,266,600,0,0
11,49,42.48,4275,8319,3182,6203,471,918,0,0
11,50,22.12,2139,4456,2075,4326,22,43,0,0
11,51,0.01,27,55,0,0,27,55,0,0
11,7,0.2,163,490,0,0,163,490,0,0
11,14,0.63,37,74,9,18,9,18,0,0
11,26,0.04,25,49,6,12,6,12,0,0
11,69,1.69,1496,3451,115,343,1153,2420,0,0
11,70,4,1426,2851,85,169,1189,2378,0,0
11,74,13.4,2221,3491,796,1500,1016,1424,0,0
11,75,1.95,850,1282,0,0,850,1282,0,0
11,80,3,194,388,170,340,8,16,0,0
11,86,6.87,2855,7290,126,377,2729,6913,0,0
11,93,8.51,773,1422,348,665,114,195,0,0
11,94,4,1023,2048,196,392,671,1340,0,0
11,95,4.51,800,1328,338,461,405,792,0,0
11,110,12,448,867,337,670,15,25,0,0
11,113,2.81,416,832,104,208,104,208,0,0
11,55,2,175,316,141,283,0,0,0,0
11,57,0.01,10,20,0,0,10,20,0,0
11,58,6.55,2409,4655,378,590,1769,3537,0,0
11,62,1,244,1220,244,1220,0,0,244,1220
11,81,1,307,615,0,0,0,0,0,0
11,87,0.13,35,71,0,0,35,71,0,0
11,109,1,41,41,10,10,10,10,0,0
11,115,6,522,1043,230,460,92,184,0,0
12,8,15.96,3331,7548,544,1226,2263,5000,0,0
12,22,3.72,2114,5428,239,490,1395,3957,0,0
12,23,0.31,155,461,18,54,100,301,0,0
12,28,27.05,2621,4637,2239,4033,121,161,0,0
12,46,5.19,1085,1933,250,441,250,441,0,0
12,47,4.34,433,1073,154,427,75,192,0,0
12,48,13.62,1179,2307,934,1857,24,36,0,0
12,49,52.62,3984,7627,3336,6616,109,204,0,0
12,50,33.21,3291,6720,3077,6307,56,92,0,0
12,51,1.72,2189,6407,665,1839,507,1523,0,0
12,2,2,223,873,56,218,56,218,217,866
12,21,0.83,634,634,158,158,158,158,0,0
12,26,1.93,531,1029,133,257,133,257,0,0
12,27,0.07,35,70,9,18,9,18,0,0
12,30,2.23,130,172,33,43,33,43,0,0
12,33,3.11,815,2097,204,525,204,525,0,0
12,53,3.99,3807,9968,146,439,3368,8652,0,0
12,54,22,2900,5893,1225,2583,1286,2567,0,0
12,58,2.44,451,903,102,205,7,14,0,0
12,62,6.28,928,1773,232,443,232,443,0,0
12,63,8,369,739,92,185,92,185,0,0
12,74,11.65,2398,4600,13,13,2360,4562,0,0
12,86,3,218,218,202,202,5,5,0,0
12,92,0.67,47,94,0,0,0,0,0,0
12,93,2.93,432,866,409,819,0,0,0,0
12,120,8,746,1155,316,418,143,245,0,0
12,126,3.72,1352,2702,138,275,1211,2422,0,0
12,127,6.4,1372,2461,232,394,872,1674,0,0
12,59,4,235,381,128,253,10,17,0,0
12,87,4,236,473,188,376,16,32,0,0
12,89,1,77,153,19,38,19,38,0,0
12,94,0.02,23,92,0,0,23,92,0,0
12,103,1,14,14,0,0,0,0,14,14
12,113,1,4,4,1,1,1,1,0,0
12,121,0.14,63,63,0,0,63,63,0,0
13,1,1,46,138,11,34,11,34,0,0
13,2,14.99,2060,4276,720,1480,326,691,0,0
13,5,6,1460,3049,149,331,1012,2057,0,0
13,16,1,75,226,0,0,0,0,75,226
13,22,5.41,926,1689,549,1057,126,211,0,0
13,23,4.88,638,1033,365,670,91,121,0,0
13,27,4.65,1714,3427,246,490,1217,2435,0,0
13,28,44.28,5185,10368,4461,9023,228,426,0,0
13,29,16.39,1318,2674,918,1965,78,127,0,0
13,30,5.05,879,2090,240,481,178,456,0,0
13,31,4.72,1069,2998,24,49,283,823,0,0
13,33,6.89,1366,3352,342,838,342,838,0,0
13,41,11,1797,3515,780,1648,307,590,0,0
13,42,5,1946,4193,486,1048,486,1048,0,0
13,48,1,35,69,9,17,9,17,0,0
13,49,27.71,2294,4608,1824,3762,71,131,0,0
13,50,23.51,3438,6853,3173,6347,82,163,0,0
13,17,1,16,48,4,12,4,12,0,0
13,18,0.01,3,9,1,2,1,2,0,0
13,21,2.24,282,552,116,229,3,3,0,0
13,56,19.77,3517,6934,1084,2164,839,1593,0,0
13,58,0.86,120,241,30,60,30,60,0,0
13,59,1.14,165,329,150,300,5,10,0,0
13,62,8.72,1888,4350,495,1133,435,1013,0,0
13,66,0.01,1,2,1,2,0,0,0,0
13,67,3.37,1223,2446,261,521,962,1925,0,0
13,68,0.2,43,85,37,74,6,11,0,0
13,80,5,1967,3899,244,479,1706,3403,0,0
13,83,11,1494,3481,339,736,943,2205,0,0
13,84,9,1453,2988,230,451,1173,2457,0,0
13,85,1.34,1371,2743,0,0,1371,2743,0,0
13,86,6.66,1977,4507,489,977,1277,3108,0,0
13,92,1,212,636,53,159,53,159,0,0
13,93,10.58,2534,6563,415,962,1640,4620,0,0
13,94,1.4,1004,3225,0,0,1004,3225,0,0
13,110,7,766,2217,495,1544,17,35,240,960
13,113,5.05,4406,9066,205,474,4040,8145,0,0
13,121,6.85,1849,2964,317,774,1176,1478,0,0
13,123,10,1596,3239,644,1457,775,1533,0,0
13,126,5.75,1183,2364,456,913,688,1376,0,0
13,127,7.12,729,1588,436,864,17,25,0,0
13,63,1,208,415,52,104,52,104,0,0
13,96,0.95,551,1102,0,0,551,1102,0,0
13,97,2.04,2126,6246,13,13,2087,6207,0,0
13,101,4.78,1712,3420,1,1,1710,3418,0,0
13,108,5,690,1519,282,713,127,249,0,0
13,120,3,1272,1571,299,597,974,974,0,0
14,17,33.05,3045,6205,919,1952,709,1417,0,0
14,18,5.94,872,1982,452,964,140,340,0,0
14,21,6.41,1128,2511,226,451,323,646,128,511
14,22,6.2,1222,3213,352,991,290,741,0,0
14,26,2.9,1214,2929,306,737,303,731,0,0
14,27,23.18,2787,5680,1391,2927,575,1137,0,0
14,28,49.78,5370,10706,3486,6923,552,1114,0,0
14,29,72.65,6058,12728,3727,8199,874,1726,0,0
14,43,15.88,1610,3157,787,1566,226,443,0,0
14,44,3.95,365,721,225,448,41,79,0,0
14,46,4,2311,4601,0,0,2290,4580,21,21
14,49,2.32,139,278,75,150,6,12,0,0
14,30,38.61,2720,5736,844,1784,692,1395,0,0
14,31,7.99,754,1604,435,894,107,237,0,0
14,33,0.28,121,242,30,60,30,60,0,0
14,37,12,2619,5354,472,868,1482,3028,0,0
14,56,3.24,556,1113,498,996,19,39,0,0
14,67,0.42,417,834,0,0,417,834,0,0
14,80,0.01,2,4,0,0,2,4,0,0
14,94,1,66,66,16,16,16,16,0,0
14,97,4.01,1341,2970,223,511,674,1437,0,0
14,101,6.22,595,1176,367,731,191,379,0,0
14,108,4,512,965,41,42,452,904,18,18
14,109,7,611,1205,500,996,37,70,0,0
14,112,6.95,2853,5707,148,296,2694,5386,0,0
14,113,21.74,7478,12994,334,690,6745,11460,0,0
14,121,4.99,3562,7125,155,310,3332,6664,0,0
14,69,0.02,3,6,3,6,0,0,0,0
14,73,6,1336,2201,5,5,1320,2186,0,0
14,74,0.08,92,185,0,0,92,185,0,0
14,76,3.44,429,1122,277,714,102,306,0,0
14,87,5,453,905,146,292,15,29,0,0
14,98,1,432,864,0,0,432,864,0,0
14,114,0.21,112,112,0,0,112,112,0,0
15,4,5.03,596,1191,458,917,45,91,0,0
15,14,27,1427,2800,725,1439,207,404,0,0
15,21,3,1030,2880,414,1034,205,616,0,0
15,22,1,35,104,9,26,9,26,0,0
15,28,32.94,3476,6650,2329,4461,372,707,0,0
15,29,70.5,6857,14541,3362,7163,1432,2959,0,0
15,30,156.55,11365,26991,4115,9605,2668,5914,677,2600
15,31,10.57,1101,2392,246,538,97,241,0,0
15,32,4,1584,2067,483,966,1101,1101,0,0
15,33,5.71,2211,4259,553,1065,553,1065,0,0
15,43,2,91,183,19,38,19,38,0,0
15,44,2.18,42,74,6,10,6,10,0,0
15,50,11,1111,2626,531,1328,193,432,0,0
15,3,5.32,610,1220,303,606,89,178,0,0
15,13,1,13,13,3,3,3,3,0,0
15,15,1,69,138,0,0,0,0,0,0
15,16,2,182,362,182,362,0,0,0,0
15,41,2.56,602,714,234,345,123,123,0,0
15,62,1,46,92,11,23,11,23,0,0
15,69,4.98,1118,2138,379,751,224,440,0,0
15,73,8.67,1582,3067,253,492,1301,2548,0,0
15,74,0.25,277,554,0,0,277,554,0,0
15,76,7.56,1712,4006,239,687,1442,3287,0,0
15,97,10.44,1254,3231,415,944,458,1295,0,0
15,98,1.89,798,2104,69,134,591,1702,0,0
15,104,6,1191,2361,485,965,235,465,0,0
15,112,34.04,4554,8623,720,1319,3023,5927,0,0
15,113,6.01,813,1312,432,785,127,175,0,0
15,115,0.05,19,37,5,9,5,9,0,0
15,116,3.95,787,1575,377,753,137,274,0,0
15,121,0.01,30,59,0,0,30,59,0,0
15,52,1.51,347,694,347,694,0,0,0,0
15,58,9,2281,6250,645,1711,502,1424,0,0
15,59,5,316,627,256,511,20,39,0,0
15,78,1,911,2732,0,0,911,2732,0,0
15,95,30.64,2421,2945,2158,2680,88,88,0,0
15,96,9.94,1054,1080,1015,1023,13,19,0,0
16,3,26.16,3121,6613,2021,4101,316,782,0,0
16,4,7.48,545,1007,432,847,33,49,0,0
16,12,0.59,643,1286,0,0,643,1286,0,0
16,13,18.42,2965,5890,354,698,2083,4156,0,0
16,15,16,1559,3035,825,1628,245,468,0,0
16,16,2,159,318,133,266,9,17,0,0
16,27,3.27,394,887,253,532,47,119,0,0
16,28,22.16,3884,7755,2658,5311,409,815,0,0
16,29,23.33,2668,5302,1580,3168,338,686,0,0
16,30,8.81,1645,2611,449,730,398,627,0,0
16,35,8.76,3113,6121,469,911,1968,3908,0,0
16,41,0.44,87,173,87,173,0,0,0,0
16,11,6,413,820,103,205,103,205,0,0
16,32,1.27,68,134,18,34,17,33,0,0
16,47,8.37,1045,2032,329,643,239,463,0,0
16,48,9.63,837,1633,316,622,174,337,0,0
16,50,2.16,674,1315,169,328,169,328,0,0
16,52,17.47,4696,9199,1555,2938,1037,2077,0,0
16,53,6.08,465,930,122,254,114,226,0,0
16,78,12,2041,3645,685,1120,1018,1978,0,0
16,86,2,342,476,186,320,52,52,0,0
16,89,4.04,228,394,137,270,16,27,0,0
16,90,2.41,419,665,419,665,0,0,0,0
16,94,42.6,3435,6494,3044,5777,93,173,0,0
16,95,32.57,2728,4805,1160,1701,647,1305,0,0
16,96,11.09,2268,5260,888,1338,25,29,0,0
16,97,10.27,5533,15896,198,395,5335,15501,0,0
16,98,1.41,555,1566,12,12,518,1529,0,0
16,101,12.07,1185,2883,486,1194,222,564,0,0
16,105,3.6,553,1168,337,691,72,159,63,189
16,106,6.4,979,2436,218,554,327,774,477,1431
16,54,2.74,2913,10374,78,311,2836,10063,0,0
16,58,9.22,1117,2443,430,911,230,510,0,0
16,63,1,51,101,13,25,13,25,0,0
16,91,3.06,200,373,27,43,17,33,0,0
16,93,17.97,1218,2338,1048,2079,46,75,0,0
16,102,1,249,497,242,484,7,13,0,0
16,109,7.29,1424,2429,371,637,637,1168,0,0
16,119,5.18,1646,2963,199,394,1437,2560,0,0
17,2,1,517,1034,129,259,129,259,0,0
17,3,1,466,466,0,0,466,466,0,0
17,8,14.99,3746,6109,61,128,3387,5374,0,0
17,9,1.18,1726,3524,0,0,1726,3524,0,0
17,11,19,1640,3552,833,1966,225,442,0,0
17,27,4.36,5371,19203,17,33,5321,19104,0,0
17,28,2.64,994,2913,0,0,994,2913,0,0
17,31,15,1246,2664,863,1713,37,61,0,0
17,32,6.73,809,1264,614,905,55,109,0,0
17,35,2.24,256,688,226,659,10,10,0,0
17,36,5,1386,2770,629,1257,252,505,0,0
17,45,22.14,3626,8847,1276,2680,1687,4818,0,0
17,50,0.84,459,919,115,230,115,230,0,0
17,4,3.75,1263,2527,59,118,1087,2174,0,0
17,5,5.51,766,1349,270,495,314,583,0,0
17,21,0.18,41,83,41,83,0,0,0,0
17,44,10.06,597,997,363,678,78,106,0,0
17,54,1.19,1466,6734,0,0,1466,6734,0,0
17,58,5.79,944,1593,515,957,144,213,0,0
17,66,1,2,2,1,1,1,1,0,0
17,70,0.16,77,155,0,0,77,155,0,0
17,71,5.85,1271,2543,223,445,945,1890,0,0
17,86,10.01,2115,3585,230,442,1841,3093,0,0
17,89,3,219,410,56,103,56,103,0,0
17,90,2.51,253,422,191,360,21,21,0,0
17,93,40.68,4816,8821,4000,7478,271,446,0,0
17,94,143.76,9907,20290,7167,15558,948,1971,0,0
17,95,94.41,8730,18186,4877,9724,2335,4654,614,2386
17,96,27.17,2917,5771,1771,3037,879,2285,0,0
17,101,1.91,1064,2129,0,0,1064,2129,0,0
17,102,0.03,12,25,0,0,12,25,0,0
17,103,1,28,111,28,111,0,0,28,111
17,104,10.92,1886,2773,348,493,1130,1871,0,0
17,109,23.61,1819,3064,566,965,687,1241,0,0
17,114,1.13,190,371,181,361,0,0,0,0
17,115,5.87,2001,4043,486,996,486,996,0,0
17,118,0.27,341,682,0,0,341,682,0,0
17,119,0.56,513,1006,0,0,513,1006,0,0
17,63,10.98,992,1912,546,1041,133,258,0,0
17,64,0.28,58,116,58,116,0,0,0,0
17,68,4.05,960,1920,225,451,285,569,0,0
17,85,1,17,17,0,0,0,0,0,0
17,88,1,22,22,0,0,0,0,0,0
17,92,0.02,12,24,3,6,3,6,0,0
18,3,2,940,940,235,235,235,235,0,0
18,4,0.74,290,579,1,3,285,571,0,0
18,8,25.15,2734,5586,1042,2188,1144,2332,0,0
18,9,0.52,1099,2252,0,0,1099,2252,0,0
18,11,1,96,192,24,48,24,48,0,0
18,21,12.82,3425,7664,816,1663,1315,3345,0,0
18,26,2,2174,8296,543,2074,543,2074,0,0
18,36,12.92,4316,7513,1257,2073,2007,3790,0,0
18,37,1.08,1450,2899,163,325,962,1924,0,0
18,44,2.42,714,1415,82,160,626,1248,0,0
18,45,4.38,1095,2167,260,508,811,1635,0,0
18,10,2,563,1126,0,0,563,1126,0,0
18,22,1.12,541,1080,135,270,135,270,0,0
18,31,1,1323,2646,0,0,1323,2646,0,0
18,32,0.08,13,25,13,25,0,0,0,0
18,50,1,378,756,95,189,95,189,0,0
18,63,1.74,311,622,280,561,10,20,0,0
18,64,9.4,4908,13552,459,1154,3533,10091,0,0
18,65,3.33,1101,2971,522,1445,193,508,0,0
18,68,9.83,4552,11529,923,2640,2270,4829,0,0
18,71,2,160,313,154,306,2,2,0,0
18,92,1.82,1669,3281,15,15,1625,3237,0,0
18,93,45.26,4314,8631,2400,5140,719,1348,0,0
18,94,35.35,2629,5988,1390,2962,572,1330,0,0
18,95,5.55,589,1522,42,67,453,1300,0,0
18,96,0.15,23,46,23,46,0,0,0,0
18,104,0.08,12,24,12,24,0,0,0,0
18,109,0.09,1,1,0,0,0,0,0,0
18,110,5,1084,1369,479,758,202,204,0,0
18,119,0.66,542,1627,0,0,542,1627,0,0
18,120,14.36,7064,14385,813,1293,5940,12550,0,0
18,121,1.3,298,658,25,51,222,508,0,0
18,123,3,371,553,215,397,32,32,0,0
18,78,3.1,553,954,386,734,40,42,0,0
18,87,2,41,41,30,30,4,4,0,0
18,88,4,144,144,24,24,24,24,0,0
18,89,1,34,34,8,8,8,8,0,0
18,97,1,420,420,0,0,420,420,0,0
19,5,31.73,3528,7255,1071,2255,1519,3226,0,0
19,8,0.6,20,20,0,0,0,0,0,0
19,9,14.57,1908,3875,711,1365,825,1798,0,0
19,10,15.49,2221,4438,582,1216,1340,2662,0,0
19,18,7.53,1815,3739,765,1672,350,689,0,0
19,19,2.56,873,1550,432,815,147,245,0,0
19,20,1.9,524,703,265,443,86,86,0,0
19,22,2.88,1343,2684,336,671,336,671,0,0
19,32,6.04,975,1950,432,865,537,1075,0,0
19,33,8.87,3529,7010,363,725,2990,5978,0,0
19,39,1,153,307,153,307,0,0,0,0
19,6,3.27,1308,4126,123,300,939,3227,0,0
19,29,0.11,22,45,0,0,22,45,0,0
19,30,8.52,1505,3091,487,974,1007,2095,0,0
19,50,1,113,225,113,225,0,0,0,0
19,64,0.36,65,130,16,31,18,36,0,0
19,65,6.9,712,1424,255,510,152,305,0,0
19,68,0.13,162,486,41,122,41,122,0,0
19,76,8.55,1655,4047,441,878,1097,2939,0,0
19,78,4.9,608,1156,189,363,287,559,0,0
19,92,2,987,987,0,0,987,987,0,0
19,97,12,2624,3857,459,918,1779,2167,0,0
19,98,1,10,10,2,2,2,2,0,0
19,113,3,1994,3988,654,1307,447,893,0,0
19,116,3.44,5527,15975,237,558,4818,14302,0,0
19,117,5.56,1399,2634,488,935,304,566,0,0
19,120,1.55,9152,27098,0,0,9152,27098,0,0
19,121,0.12,1338,4014,0,0,1338,4014,0,0
19,53,1,5,14,1,3,1,3,0,0
19,77,0.13,115,346,0,0,115,346,0,0
19,83,0.13,60,241,60,241,0,0,0,0
19,84,2.25,384,1423,320,1252,21,57,0,0
19,88,0.71,512,1024,128,256,128,256,0,0
19,89,0.29,209,418,52,104,52,104,0,0
19,99,1.49,12,20,3,5,3,5,0,0
19,100,1.2,292,583,62,124,105,210,0,0
19,101,2.38,423,827,106,207,106,207,0,0
19,104,1,22,87,0,0,0,0,0,0
19,124,1.52,92,161,75,144,6,6,0,0
20,5,1,112,223,28,56,28,56,0,0
20,6,2,195,389,179,357,5,11,0,0
20,9,8.52,1865,4289,584,1168,799,2157,0,0
20,11,1,5,5,1,1,1,1,0,0
20,25,15.05,1829,4178,847,2058,239,469,0,0
20,26,2,119,237,30,59,30,59,0,0
20,29,1,456,2284,114,571,114,571,456,2284
20,30,1.37,95,109,86,89,3,7,0,0
20,0,2.63,274,549,224,448,0,0,0,0
20,1,3.37,193,380,188,375,2,2,0,0
20,31,0.37,567,1134,0,0,567,1134,0,0
20,45,10.39,1668,3732,955,2354,210,405,0,0
20,49,7.59,2393,5188,773,1646,540,1181,0,0
20,50,0.42,84,167,83,165,0,1,0,0
20,54,26.89,2747,6766,1306,3240,438,1085,0,0
20,55,5.81,2227,4485,281,640,1852,3697,0,0
20,72,12,1677,3114,620,1181,489,918,0,0
20,76,2.32,204,403,163,325,14,27,0,0
20,78,1,177,353,177,353,0,0,0,0
20,83,2.51,343,1478,165,688,59,264,0,0
20,84,5.11,391,1824,352,1743,5,11,345,1725
20,89,6.12,3513,5150,942,1679,1562,1862,0,0
20,99,8.51,2083,3308,720,1224,455,695,0,0
20,100,9.35,2271,4394,394,752,1323,2608,0,0
20,101,5.07,878,1739,519,1034,119,235,0,0
20,102,5.99,1993,3158,45,89,1948,3069,0,0
20,109,3,249,611,147,408,34,68,0,0
20,124,16.48,2346,4584,1667,3306,227,426,0,0
20,57,1,309,618,77,155,77,155,0,0
20,60,1.75,289,566,280,557,3,3,0,0
20,61,0.12,76,152,19,38,19,38,0,0
20,67,9,1677,3267,636,1252,346,671,0,0
20,71,1,732,2197,0,0,732,2197,0,0
20,88,4.73,399,720,190,361,69,120,0,0
21,0,18,2562,5163,899,1694,1133,2314,0,0
21,1,9,1253,2885,231,504,616,1486,0,0
21,13,1,18,18,0,0,0,0,0,0
21,16,15.83,3987,9998,1108,2730,935,2385,0,0
21,17,9.69,1089,1700,490,862,182,245,0,0
21,24,1.86,291,582,169,338,41,81,0,0
21,25,9.09,927,1978,394,922,178,352,0,0
21,29,10,812,1600,224,490,159,296,0,0
21,30,3,163,395,88,245,19,39,0,0
21,31,0.63,984,1968,0,0,984,1968,0,0
21,41,1,5,5,1,1,1,1,0,0
21,45,10.61,2346,4814,597,1225,531,1092,0,0
21,50,1.03,26,34,7,15,0,0,19,19
21,51,7,995,2447,572,1259,141,396,0,0
21,6,1,219,438,55,109,55,109,0,0
21,27,1.09,519,1038,0,0,519,1038,0,0
21,28,5.18,1867,3695,194,388,1633,3266,0,0
21,54,0.95,311,623,78,156,78,156,0,0
21,55,0.35,376,753,4,8,364,728,0,0
21,56,15,3570,6509,1066,1975,811,1463,0,0
21,60,17.29,3742,7385,1133,2229,1583,3172,0,0
21,61,8.62,2604,6615,769,1876,1286,3601,0,0
21,64,5.11,1592,3184,492,984,366,733,0,0
21,66,6,673,1284,247,479,142,268,0,0
21,71,3,214,409,169,332,15,25,0,0
21,81,3,888,1688,222,422,222,422,0,0
21,86,3,274,539,263,524,4,5,0,0
21,88,2.02,202,403,50,101,50,101,0,0
21,89,0.12,61,121,15,30,15,30,0,0
21,103,24.98,5310,11700,1500,2990,2626,6360,0,0
21,109,3,574,890,337,415,79,158,0,0
21,111,4.58,7495,15541,872,1668,6263,13153,0,0
21,122,4,552,1058,288,564,12,12,0,0
21,63,0.55,125,249,125,249,0,0,0,0
21,104,0.18,24,48,24,48,0,0,0,0
22,6,7,3883,11331,640,1745,2217,6603,0,0
22,16,38.05,3528,7073,1593,3382,723,1405,0,0
22,17,1.42,167,251,84,168,0,0,0,0
22,27,0.95,210,420,0,0,210,420,0,0
22,28,9.78,1009,2013,765,1536,126,256,0,0
22,42,1,25,49,6,12,6,12,0,0
22,50,6.97,1005,1737,553,1039,151,234,0,0
22,51,4.03,3265,8705,139,143,2850,8278,0,0
22,9,3.98,2393,6248,0,0,2393,6248,0,0
22,15,1,119,238,30,59,30,59,0,0
22,60,1.01,1037,3112,0,0,1037,3112,0,0
22,61,0.22,165,495,3,9,156,468,0,0
22,63,0.16,36,71,36,71,0,0,0,0
22,64,0.19,43,86,43,86,0,0,0,0
22,77,5.63,719,1330,397,783,238,464,0,0
22,78,1.37,243,488,113,225,131,263,0,0
22,81,1,15,15,4,4,4,4,0,0
22,86,6.74,3024,5713,271,459,2208,4334,0,0
22,87,0.26,50,50,13,13,13,13,0,0
22,93,16.9,4060,7372,828,1684,3027,5222,0,0
22,94,1.23,826,826,0,0,826,826,0,0
22,100,1,4,4,1,1,1,1,0,0
22,103,1.85,685,1371,171,343,171,343,0,0
22,106,6,2504,4196,746,1291,585,969,0,0
22,111,0.42,450,1349,0,0,450,1349,0,0
22,122,2,1473,2946,0,0,1473,2946,0,0
22,123,2,401,803,401,803,0,0,0,0
22,126,5,1018,1154,491,627,175,175,0,0
22,127,1,38,38,9,9,9,9,0,0
22,52,0.97,546,1091,136,273,136,273,0,0
22,72,0.17,153,458,0,0,153,458,0,0
22,92,2.48,414,1092,19,55,358,926,0,0
22,112,1,132,265,33,66,33,66,0,0
22,113,2.35,181,230,53,64,151,163,0,0
23,9,21.02,3814,7886,1263,2742,1517,3171,0,0
23,22,11,918,1718,438,847,160,291,0,0
23,30,1,424,846,1,1,422,844,0,0
23,31,5.99,857,1801,440,1131,144,234,0,0
23,2,1,44,88,11,22,11,22,0,0
23,3,12.68,2029,4059,1361,2783,185,369,0,0
23,32,7.39,614,1698,229,727,128,323,242,969
23,33,5.61,617,1233,127,293,101,190,26,103
23,46,3,401,714,313,626,0,0,0,0
23,72,6.84,2224,5160,220,425,1977,4708,0,0
23,79,24.46,2316,4552,834,1855,1156,2072,0,0
23,86,5,356,797,200,422,52,126,0,0
23,87,8,2991,5001,391,761,2492,4061,0,0
23,88,2,636,762,0,0,636,762,0,0
23,89,1,25,74,0,0,0,0,0,0
23,91,5,126,331,31,83,31,83,0,0
23,92,2.56,433,866,20,39,374,748,0,0
23,93,1.83,425,910,0,0,425,910,0,0
23,112,2,208,208,139,139,23,23,0,0
23,113,6.65,1329,2046,1063,1692,286,315,0,0
23,122,2,314,628,269,538,0,0,0,0
23,125,11.49,2578,4909,536,1011,1823,3584,0,0
23,126,6.51,1121,2585,205,205,891,2354,0,0
23,70,2.98,580,1344,182,449,127,282,0,0
23,90,1,27,27,7,7,7,7,0,0
23,114,0.67,10,20,3,5,3,5,0,0
23,115,0.33,5,10,1,2,1,2,0,0
24,3,16.57,3129,7245,1160,2753,609,1384,0,0
24,22,7.83,3027,7000,633,1504,1500,3237,0,0
24,27,33,2013,3926,918,1835,269,539,0,0
24,31,10,1223,2436,734,1464,55,108,0,0
24,38,8,1337,2564,311,618,311,618,0,0
24,43,26.39,3953,8000,1270,2563,876,1777,0,0
24,45,21.83,3116,6103,817,1602,1827,3620,0,0
24,46,5.18,1257,2678,314,670,314,670,0,0
24,17,2,256,512,235,469,7,14,0,0
24,53,0.98,887,1773,222,443,222,443,0,0
24,69,1,413,826,0,0,413,826,0,0
24,70,10.03,2224,7643,1509,6098,210,429,521,2084
24,79,2.54,498,996,18,35,446,890,0,0
24,90,2,39,39,10,10,10,10,0,0
24,91,1,42,125,10,31,10,31,0,0
24,95,4,257,513,130,261,17,36,22,43
24,97,1,14,14,4,4,4,4,0,0
24,99,13.78,2747,4519,1373,2447,458,691,0,0
24,100,0.91,915,1830,229,457,229,457,0,0
24,108,6,1646,2673,688,1237,296,453,0,0
24,120,9,636,965,322,558,56,87,0,0
24,121,6,1467,2338,353,571,353,571,0,0
24,125,11.46,2160,4702,223,435,1750,3913,0,0
24,126,16.71,2738,5239,767,1472,1694,3301,0,0
24,54,11.66,1247,2464,600,1192,182,356,0,0
24,61,0.02,3,5,3,5,0,0,0,0
24,82,1.07,547,1144,156,361,130,261,0,0
24,87,4,225,440,146,289,26,50,0,0
24,89,1,313,627,0,0,313,627,0,0
24,113,4,578,954,310,570,89,128,0,0
24,127,1.29,35,35,35,35,0,0,0,0
25,3,30.1,2554,5434,1732,3915,153,266,0,0
25,4,36.37,3418,6390,2691,5219,154,289,0,0
25,5,15.74,1408,2885,1307,2723,8,15,0,0
25,16,16.22,1596,3022,1053,2076,79,130,0,0
25,17,12.79,821,1520,601,1173,72,114,0,0
25,22,0.17,96,289,24,72,24,72,0,0
25,27,1,55,111,14,28,14,28,0,0
25,43,5.61,546,1150,233,580,99,180,0,0
25,48,2.09,1209,3023,418,988,488,1127,0,0
25,49,1.91,1506,3012,205,409,1016,2031,0,0
25,1,0.08,9,9,2,2,2,2,0,0
25,12,3,302,704,167,359,45,115,0,0
25,54,11.36,931,1726,350,666,178,323,0,0
25,56,3.98,569,1138,142,285,142,285,0,0
25,57,2.82,507,1015,127,254,379,759,0,0
25,61,3.98,3520,12647,420,839,2903,11411,0,0
25,62,1,983,2948,0,0,983,2948,0,0
25,80,1,104,104,26,26,26,26,0,0
25,81,0.01,3,13,3,13,0,0,0,0
25,82,0.92,337,1348,337,1348,0,0,0,0
25,89,8,1821,3697,739,1408,1037,2114,0,0
25,91,2,107,397,8,61,8,61,0,0
25,95,2.02,777,1183,48,145,632,748,0,0
25,96,12.98,2901,6359,326,642,2345,5281,0,0
25,97,1,3,7,1,2,1,2,0,0
25,99,1.31,942,1377,236,346,235,344,0,0
25,107,8,1789,3270,603,1128,396,714,0,0
25,108,3,825,1561,512,934,104,209,0,0
25,119,2.2,217,364,196,343,0,0,0,0
25,120,5.8,791,1179,609,955,13,27,0,0
25,126,7.55,1768,3199,405,880,1175,1803,0,0
25,127,0.09,32,96,8,24,8,24,0,0
25,58,0.2,95,191,0,0,95,191,0,0
25,75,1.19,54,108,49,98,2,3,0,0
25,76,0.41,105,210,105,210,0,0,0,0
25,77,2,286,573,187,374,33,66,0,0
25,90,1,27,54,0,0,0,0,0,0
25,109,4.52,677,1114,480,900,66,71,0,0
25,125,1,74,74,18,18,18,18,0,0
26,0,12,1542,3898,397,1082,577,1329,0,0
26,1,1.92,119,119,30,30,30,30,0,0
26,2,36.02,2440,5184,1754,3659,289,616,0,0
26,3,49.46,4990,10983,1707,3566,1208,1896,0,0
26,4,52.18,5214,10728,3843,8050,645,1270,0,0
26,5,28.74,2370,5032,1411,3226,237,434,0,0
26,12,29.42,3287,6593,1671,3387,485,961,0,0
26,13,5.08,289,502,117,216,57,95,0,0
26,14,3,338,587,249,498,0,0,0,0
26,16,18.11,1982,3764,1445,2868,134,247,0,0
26,17,11.88,1370,2510,1185,2324,45,45,0,0
26,42,2.86,3510,7524,126,378,3133,6391,0,0
26,49,3.99,1839,4087,460,1022,460,1022,0,0
26,9,11.04,490,1015,259,599,52,93,0,0
26,10,0.29,13,25,3,6,3,6,0,0
26,15,1,176,528,176,528,0,0,0,0
26,25,1.05,25,65,6,16,6,16,0,0
26,26,0.95,297,892,74,223,74,223,0,0
26,36,7.89,376,682,206,409,27,50,0,0
26,37,2.11,227,436,212,421,3,3,0,0
26,40,3.02,2546,5396,409,1106,1318,2075,0,0
26,41,1.52,1171,2490,111,259,838,1713,0,0
26,47,0.08,4,4,1,1,1,1,0,0
26,57,0.33,97,97,24,24,24,24,0,0
26,58,2.67,709,1219,177,305,177,305,0,0
26,59,0.87,1708,3414,0,0,1708,3414,0,0
26,75,3.81,1217,2434,182,365,990,1981,0,0
26,76,7.6,2095,3285,376,752,1713,2520,0,0
26,77,6.93,1871,4414,244,656,1139,2447,0,0
26,78,15.56,3157,6263,361,721,2726,5400,0,0
26,81,2.93,669,669,168,168,168,168,0,0
26,83,13.46,2146,3904,514,1012,1495,2654,0,0
26,94,2,1110,2220,0,0,1110,2220,0,0
26,100,1.01,1424,2849,0,0,1424,2849,0,0
26,103,3,1137,2775,1137,2775,0,0,0,0
26,109,3.48,1000,1608,331,483,188,340,0,0
26,125,1,39,39,10,10,10,10,0,0
26,126,2.89,621,1340,155,335,155,335,0,0
26,127,2,501,748,310,557,64,64,0,0
26,52,1,34,101,0,0,0,0,0,0
26,53,1,67,67,17,17,17,17,0,0
26,60,0.12,237,475,0,0,237,475,0,0
26,79,0.15,107,107,0,0,107,107,0,0
26,80,0.07,10,10,3,3,3,3,0,0
26,84,2.53,536,1072,0,0,536,1072,0,0
26,90,1,29,29,7,7,7,7,0,0
26,97,1,436,871,109,218,109,218,0,0
26,98,0.09,14,28,14,28,0,0,0,0
26,99,3.99,2302,4149,214,313,1961,3808,0,0
26,101,1.32,361,723,361,723,0,0,0,0
27,1,2,24,24,6,6,6,6,0,0
27,2,41.07,3326,8090,1501,2939,980,3509,0,0
27,3,110.51,8467,19527,4165,10087,2285,5340,0,0
27,4,97.2,7013,15040,4982,10832,873,1881,0,0
27,5,55.87,4288,8423,3748,7667,122,171,0,0
27,7,4.97,582,1056,551,992,11,21,0,0
27,9,23.43,2392,4523,1622,3071,250,478,0,0
27,10,5.25,255,449,174,344,12,20,0,0
27,12,2.5,238,614,86,207,50,136,0,0
27,25,7.01,1089,3769,531,2261,175,481,356,1781
27,26,7,1725,4135,192,555,1150,2471,0,0
27,36,7.14,1091,1719,546,848,350,628,0,0
27,37,14,992,1655,431,780,165,248,0,0
27,40,2.12,932,2169,233,542,233,542,0,0
27,41,0.48,296,813,74,203,74,203,0,0
27,47,0.93,49,49,12,12,12,12,0,0
27,49,1,170,507,168,504,1,1,0,0
27,50,4.98,3159,6319,524,1049,2345,4690,0,0
27,6,7.28,731,1449,487,948,202,407,0,0
27,8,1,119,238,119,238,0,0,0,0
27,58,1.62,549,1098,309,619,80,160,0,0
27,59,9.17,1380,2627,598,1166,624,1200,0,0
27,60,10.74,5252,10504,0,0,5252,10504,0,0
27,70,3.22,1892,3991,93,184,1614,3437,0,0
27,71,6.18,1429,3476,106,262,1110,2685,0,0
27,72,2,127,252,32,63,32,63,0,0
27,75,2,796,2219,188,565,627,1882,0,0
27,76,2,599,599,0,0,599,599,0,0
27,77,11.85,1881,5671,256,620,1338,4255,0,0
27,78,26.65,3720,6798,1317,2475,1873,3267,21,21
27,79,15.64,1959,3876,1236,2635,604,1119,0,0
27,82,1.73,60,111,16,28,16,28,0,0
27,89,6.74,2902,4278,687,1373,2136,2746,0,0
27,90,2.26,677,677,191,191,436,436,0,0
27,98,0.91,139,278,139,278,0,0,0,0
27,99,5,2803,5441,398,755,1609,3176,0,0
27,100,0.08,35,35,9,9,9,9,0,0
27,101,2.61,602,770,245,382,119,129,0,0
27,103,1,22,22,0,0,0,0,0,0
27,112,7,1545,3046,385,762,385,762,0,0
27,119,5,1667,4537,573,1290,366,1083,0,0
27,61,4.08,462,883,14,17,421,831,0,0
27,69,0.61,547,1094,137,273,137,273,0,0
27,83,0.27,18,37,5,9,5,9,0,0
27,94,6.24,3281,3533,246,481,2998,3004,0,0
27,109,5.75,724,1271,449,855,92,139,0,0
27,113,3,577,771,290,484,96,96,0,0
27,118,3,1668,3254,610,1201,352,685,0,0
28,1,21.26,2068,4233,1436,2989,59,116,0,0
28,2,92.01,7384,15887,4803,10623,1118,2334,0,0
28,3,113.8,9633,24621,5900,13714,1547,3737,728,4366
28,4,57.71,7024,14959,3118,6312,2164,5334,0,0
28,5,20.63,3550,9134,1453,3246,1266,3858,0,0
28,6,12.75,896,1706,576,1144,25,40,0,0
28,8,1,5,5,1,1,1,1,0,0
28,14,15,1415,2796,478,982,291,543,0,0
28,20,5.86,901,2006,551,1330,116,225,0,0
28,22,2,613,1226,154,306,154,306,0,0
28,23,2,798,1597,200,399,200,399,0,0
28,35,1.62,851,1861,0,0,851,1861,0,0
28,36,14.94,4641,9290,647,1271,3932,7937,0,0
28,37,0.94,1779,3559,0,0,1779,3559,0,0
28,43,25.74,4255,8807,1729,3505,826,1706,0,0
28,44,0.24,171,342,43,85,43,85,0,0
28,50,4.01,3314,7311,665,1657,1316,2341,0,0
28,15,1,193,385,193,385,0,0,0,0
28,16,3,2302,4604,576,1151,576,1151,0,0
28,21,0.98,1039,2078,260,520,260,520,0,0
28,30,2.08,258,516,101,203,19,38,0,0
28,31,0.92,388,775,377,753,0,0,0,0
28,42,3.72,252,441,198,381,18,20,0,0
28,56,2,163,303,146,286,6,6,0,0
28,57,5,1070,2098,224,438,824,1639,0,0
28,59,1.06,139,279,139,279,0,0,0,0
28,60,4.94,657,1288,637,1268,7,7,0,0
28,61,2.4,193,385,170,339,8,15,0,0
28,76,3,43,86,11,22,11,22,0,0
28,77,15.36,2876,7752,1150,2765,1592,4747,0,0
28,78,26.13,4451,10862,1260,2824,2012,5095,0,0
28,79,5.33,1392,2757,444,884,315,625,0,0
28,94,14.1,3582,7516,486,1081,2451,4929,0,0
28,106,8.59,2419,4791,251,435,1665,3486,0,0
28,109,3.26,1927,4870,15,15,1883,4825,0,0
28,112,1,769,1539,193,384,193,384,0,0
28,58,1,577,1154,0,0,577,1154,0,0
28,73,2.03,281,560,278,554,1,2,0,0
28,75,2,168,336,42,84,42,84,0,0
28,85,8.75,2771,7104,282,615,2362,6131,0,0
28,93,3.03,2134,2192,0,0,2134,2192,0,0
28,105,0.46,480,480,0,0,480,480,0,0
28,121,3.06,660,1413,267,660,131,251,0,0
29,1,0.5,72,145,72,145,0,0,0,0
29,2,46.16,4061,7309,3440,6226,185,330,0,0
29,3,56.87,6289,12402,5548,11045,222,427,0,0
29,4,23.41,4483,11055,1856,3703,2189,6182,0,0
29,5,4.7,1243,2456,30,53,1152,2297,0,0
29,15,1,18,18,0,0,0,0,18,18
29,16,3,1110,2979,278,745,278,745,0,0
29,17,31,2182,5213,819,1950,452,1083,0,0
29,20,3.16,290,580,73,145,73,145,0,0
29,25,17.62,4672,9228,614,1421,3633,7024,0,0
29,30,8.99,1292,2867,542,1386,215,459,0,0
29,31,7,520,1025,239,500,79,146,0,0
29,36,4.35,935,1963,0,0,935,1963,0,0
29,43,1.3,296,592,130,262,55,110,0,0
29,44,1,317,633,79,158,79,158,0,0
29,19,9,888,2325,731,2064,53,87,0,0
29,26,11.05,3143,5284,237,475,2431,3860,0,0
29,49,4,448,1048,107,258,107,258,0,0
29,58,7,1301,2443,894,1747,120,200,0,0
29,60,3.99,389,725,350,686,13,13,0,0
29,71,14,3726,8702,207,378,3127,7610,0,0
29,72,15.41,1733,3013,1633,2870,30,44,0,0
29,73,43.27,4897,9363,3131,5245,183,220,0,0
29,74,63.81,4235,9042,3076,6725,277,613,0,0
29,75,10.53,831,1570,716,1358,3,4,0,0
29,76,57.78,3052,7976,2287,5991,281,1036,241,962
29,77,108.36,10174,25325,5414,13457,2098,5954,0,0
29,78,127.52,10237,24411,7140,18180,747,1677,0,0
29,79,36.6,4348,10361,1867,3662,959,1945,768,3070
29,80,1.54,190,280,48,70,48,70,0,0
29,85,0.25,73,220,18,55,18,55,0,0
29,94,2.44,801,1919,269,765,450,988,0,0
29,105,0.25,261,261,0,0,261,261,0,0
29,106,20.07,5380,11084,1425,2528,2353,5549,0,0
29,107,3.62,571,1085,254,458,106,209,0,0
29,121,2.94,314,777,238,673,25,34,0,0
29,95,1.73,1231,3498,267,605,964,2893,0,0
29,102,1,53,53,53,53,0,0,0,0
29,103,2,344,615,271,542,0,0,0,0
30,2,19.72,1266,2334,1119,2119,12,12,0,0
30,3,59.37,5552,10875,4736,9445,213,417,0,0
30,4,32.78,4941,9835,3629,7251,1083,2151,0,0
30,5,9.67,10124,27905,714,1763,8699,24091,0,0
30,6,1.91,851,2553,213,639,213,639,0,0
30,15,5.81,453,905,176,353,80,161,0,0
30,17,2,263,527,66,132,66,132,0,0
30,23,29.76,2840,5578,1288,2448,503,1024,0,0
30,24,1.42,381,923,91,344,290,580,0,0
30,25,4.84,302,614,277,565,9,16,0,0
30,26,1.47,1676,3338,291,584,800,1587,0,0
30,30,1,419,1259,0,0,419,1259,0,0
30,42,7.47,1958,3894,46,120,1513,2916,0,0
30,45,7,3082,6649,0,0,3082,6649,0,0
30,8,0.41,235,471,41,81,195,389,0,0
30,9,4.84,502,1002,178,356,55,109,0,0
30,14,0.03,6,12,6,12,0,0,0,0
30,41,4.71,615,742,58,79,396,416,0,0
30,51,7.77,2059,4345,274,675,1734,3468,50,199
30,53,21.68,1458,3073,1345,2857,38,71,0,0
30,54,18.14,1199,2411,738,1480,57,118,0,0
30,55,21.27,2666,4885,1954,3521,237,455,0,0
30,56,1,1785,5353,0,0,1785,5353,0,0
30,65,3,699,1028,261,522,370,370,0,0
30,67,9.02,2676,5197,347,689,2285,4428,0,0
30,71,0.25,44,109,44,109,0,0,0,0
30,72,37.55,3073,6205,2770,5722,114,205,0,0
30,73,33.65,2928,5247,2148,3459,169,325,0,0
30,74,49,3510,7424,2134,4108,744,1967,61,183
30,75,41.52,3840,11472,1891,5336,1117,3888,72,215
30,76,160.41,10778,31994,7444,22775,2071,7127,43,171
30,77,63.84,5808,14072,3866,10165,1046,2182,0,0
30,78,63.13,5757,9014,4910,7706,627,987,0,0
30,79,41.99,3130,6009,2699,5336,76,128,0,0
30,80,16,1269,1504,710,770,177,236,0,0
30,91,4,406,810,192,385,209,417,0,0
30,92,7,915,1781,712,1414,39,67,0,0
30,94,0.1,195,586,0,0,195,586,0,0
30,95,4.37,4426,9772,0,0,4426,9772,0,0
30,97,0.85,1429,2858,0,0,1429,2858,0,0
30,98,2.58,1638,3227,93,173,1361,2711,0,0
30,101,3,470,581,118,145,118,145,0,0
30,104,6,750,1355,417,818,28,41,0,0
30,106,2,1583,5293,130,260,1193,4512,0,0
30,110,4.55,1569,3030,634,1240,312,597,0,0
30,111,0.45,179,351,45,87,45,87,0,0
30,52,9.12,897,2097,888,2079,3,6,0,0
30,58,0.43,120,240,34,68,29,57,0,0
30,59,1.57,330,659,197,394,44,88,0,0
30,68,0.97,158,315,0,0,158,315,0,0
30,93,0.12,4,8,1,2,1,2,0,0
30,102,4.42,1617,4486,476,1338,467,1311,0,0
30,113,3,518,1093,185,504,26,26,0,0
30,117,3.8,1684,6072,422,1522,442,1581,1684,6072
30,121,5,1215,3335,324,1234,780,1776,0,0
30,122,1,260,519,0,0,260,519,0,0
31,3,4.02,725,1451,182,363,182,363,0,0
31,4,13.56,2237,5476,334,835,1304,3175,0,0
31,7,6,1786,3894,0,0,1786,3894,0,0
31,8,5.59,1381,2951,411,823,927,2043,0,0
31,9,4.16,587,893,147,223,147,223,0,0
31,14,2.35,1564,3129,106,212,1360,2722,0,0
31,15,26.82,3012,6086,1555,3131,641,1302,0,0
31,20,17.55,827,1539,602,1167,41,67,0,0
31,23,3.28,457,909,86,171,368,735,0,0
31,24,3.91,1097,2447,436,936,496,1056,0,0
31,42,0.82,515,1544,129,386,129,386,0,0
31,48,1,5,20,1,5,1,5,0,0
31,50,9.51,2658,4541,819,1497,619,1020,0,0
31,51,4.09,782,1828,209,593,446,921,0,0
31,5,6.76,1691,4623,487,1187,973,2859,0,0
31,6,0.02,79,236,0,0,79,236,0,0
31,52,42.17,3739,8149,2507,5780,743,1475,0,0
31,53,114.96,8552,20231,4468,10958,1728,3785,526,1552
31,54,55.57,4811,9864,3775,7808,449,860,0,0
31,55,37.4,5621,11810,1920,3655,2793,6638,0,0
31,56,20.07,13074,40661,393,838,12558,39473,0,0
31,67,3,187,375,47,94,47,94,0,0
31,70,7,1737,3815,312,709,942,1970,0,0
31,71,36.56,2877,5946,2769,5781,22,40,0,0
31,72,21.83,2072,4228,1851,3816,98,190,0,0
31,73,36.46,3545,7982,2489,4671,745,2742,0,0
31,74,40.89,3515,8147,2471,5600,666,1859,0,0
31,75,96.13,8865,27582,5068,13247,2688,11462,40,320
31,76,149.2,11710,38506,6845,20516,1791,5817,963,7702
31,77,26.48,1983,4581,1395,3189,433,1223,0,0
31,78,47.83,3444,7417,3267,7050,31,68,0,0
31,79,14.36,1356,2706,959,1917,132,263,0,0
31,80,32.12,3532,5919,2313,4158,729,891,0,0
31,92,4.42,2130,4259,354,708,1606,3210,0,0
31,93,7.45,1672,3711,269,630,1163,2418,0,0
31,98,15.52,4366,7933,1247,2296,1265,2332,0,0
31,102,1.58,791,1581,198,395,198,395,0,0
31,103,1,171,341,171,341,0,0,0,0
31,117,2.2,190,371,48,93,48,93,78,156
31,121,2.32,224,437,101,198,3,3,0,0
31,122,3.68,1764,3503,6,6,1746,3485,0,0
31,57,1,30,121,8,30,8,30,0,0
31,97,4.05,1504,3008,0,1,1503,3005,0,0
31,123,1,560,560,0,0,560,560,0,0
31,127,2,2073,5227,270,810,1263,2797,0,0
32,4,0.86,188,376,0,0,188,376,0,0
32,5,2.64,4585,12398,340,679,3567,10360,0,0
32,6,0.16,811,2433,0,0,811,2433,0,0
32,19,1.95,20,20,2,2,2,2,0,0
32,20,11.57,694,1068,484,806,52,69,0,0
32,21,11.1,3412,7260,499,901,2390,5503,0,0
32,24,8.58,743,1311,532,934,21,42,0,0
32,25,0.05,7,7,7,7,0,0,0,0
32,51,3.65,658,1305,4,4,645,1292,0,0
32,26,1.17,71,86,38,41,11,14,0,0
32,41,0.02,3,7,0,0,3,7,0,0
32,42,1.6,238,476,0,0,238,476,0,0
32,49,0.02,16,62,0,0,16,62,0,0
32,50,0.79,539,2156,0,0,539,2156,0,0
32,52,24.13,2697,6049,2591,5830,72,146,0,0
32,53,43.37,3758,7135,3197,5921,193,451,0,0
32,54,20.17,1982,3885,1148,2277,422,826,0,0
32,55,3.04,2327,6874,21,43,2262,6746,0,0
32,56,3.97,3271,9435,251,660,2516,7454,0,0
32,69,1.88,142,283,134,267,3,5,0,0
32,70,0.12,18,36,18,36,0,0,0,0
32,71,15.98,1131,2246,909,1813,53,100,0,0
32,72,50.19,3993,7602,3462,6626,115,219,0,0
32,73,76.12,5651,9198,5341,8683,90,138,0,0
32,74,41.2,3516,7234,2495,4807,454,1208,0,0
32,75,81.22,8951,22672,5172,12760,2027,5099,0,0
32,76,38.61,7567,22141,1831,5357,4696,13532,0,0
32,77,28.66,5259,13176,1203,3190,840,3062,0,0
32,78,19.12,1528,3374,1327,3033,51,79,0,0
32,79,17.78,1724,3770,698,1476,573,1228,0,0
32,80,12.02,1531,2653,1397,2370,45,94,0,0
32,61,1.74,155,309,130,260,8,16,0,0
32,62,2,308,616,308,616,0,0,0,0
32,103,0.6,98,197,98,197,0,0,0,0
32,104,1,35,35,9,9,9,9,0,0
32,105,2,483,1246,483,1246,0,0,0,0
32,106,1.97,532,1062,166,331,122,243,0,0
32,107,2,1392,2785,307,613,473,946,0,0
32,127,0.26,88,176,22,44,22,44,0,0
33,7,11,2094,5333,506,1282,791,2139,0,0
33,13,13.44,2040,4679,891,2152,375,825,0,0
33,19,1,227,910,227,910,0,0,0,0
33,21,0.83,1216,1216,0,0,1216,1216,0,0
33,26,7.83,837,1480,336,552,95,185,0,0
33,33,13.65,1804,3406,798,1401,352,703,0,0
33,34,21.05,2691,4026,776,1387,1306,1538,0,0
33,35,3.01,723,1447,327,654,132,264,0,0
33,39,2.02,1571,3142,0,0,1571,3142,0,0
33,41,1.38,90,179,20,39,32,62,0,0
33,42,13.2,3611,7145,890,1759,2565,5113,0,0
33,49,2,176,352,124,248,0,0,0,0
33,50,3.19,503,1529,93,251,224,775,0,0
33,8,6.9,545,1058,364,720,60,112,0,0
33,9,8.64,1083,2179,849,1701,59,121,0,0
33,40,4.32,458,888,424,840,11,16,0,0
33,43,1.78,193,386,184,368,3,6,0,0
33,52,0.87,146,292,146,292,0,0,0,0
33,53,2.07,277,494,232,449,15,15,0,0
33,61,5.26,928,2031,234,343,120,228,0,0
33,64,4.69,1624,3352,139,278,1475,3051,0,0
33,65,9.7,2311,5666,299,544,1871,4949,0,0
33,71,8,469,914,441,877,9,12,0,0
33,72,38.2,3680,7504,2784,5743,641,1262,0,0
33,73,55.78,4911,8786,4016,7134,267,519,0,0
33,74,67.82,6480,13435,4199,8826,1285,2600,66,263
33,75,53.31,10215,27500,3811,9466,2590,7228,132,527
33,76,66.5,7032,16879,4110,9994,1443,3070,0,0
33,77,53.99,5337,11265,4148,7402,905,3422,0,0
33,78,21.71,2242,4439,2091,4066,22,32,0,0
33,103,1.4,203,406,203,406,0,0,0,0
33,104,9.92,4205,8411,1367,2734,947,1893,0,0
33,105,1.42,183,366,46,91,46,91,0,0
33,106,7.37,1489,2897,957,1898,172,327,0,0
33,107,7.24,2136,3450,278,334,1795,2990,0,0
33,111,1,36,73,0,0,36,73,0,0
33,121,9.01,2104,4155,583,1153,858,1702,0,0
33,127,8.12,2462,5925,651,1282,1650,4360,0,0
33,57,1,45,45,11,11,11,11,0,0
33,66,0.54,884,3106,0,0,884,3106,0,0
33,79,2,502,1361,107,322,107,322,0,0
33,109,1.98,625,884,430,495,65,130,0,0
33,110,0.02,5,11,1,3,1,3,0,0
33,117,2,752,1504,0,0,752,1504,0,0
33,126,4.29,2788,12775,121,235,2587,12394,0,0
34,0,14.44,3148,6222,622,1231,1941,3870,0,0
34,3,1,41,81,10,20,10,20,0,0
34,5,1,56,110,14,27,14,27,0,0
34,6,8.09,2159,8898,550,2245,537,2218,530,4238
34,7,5,826,1583,762,1520,5,5,0,0
34,8,20.9,3873,9444,641,1236,2796,7428,0,0
34,9,1.45,324,912,128,323,65,196,0,0
34,13,0.56,383,766,96,191,96,191,0,0
34,33,5.26,1652,4989,99,200,1352,4390,0,0
34,34,11.05,1436,2587,477,882,285,499,0,0
34,39,5.13,1673,2053,23,46,1604,1914,0,0
34,40,9.65,5182,10644,526,1051,4374,9054,0,0
34,42,4.8,2825,6882,25,49,2751,6734,0,0
34,43,1.22,765,1532,23,48,740,1484,0,0
34,2,1,129,387,129,387,0,0,0,0
34,14,0.13,83,165,21,41,21,41,0,0
34,15,1.87,1211,2422,303,606,303,606,0,0
34,30,6,740,1681,284,623,103,263,0,0
34,63,5,214,428,171,342,9,17,0,0
34,64,0.82,303,915,0,0,303,915,0,0
34,65,0.83,1905,7618,0,0,1905,7618,0,0
34,66,7.42,3040,9185,246,492,2700,8508,0,0
34,72,21.4,2457,4359,2027,3513,144,282,0,0
34,73,27.02,2395,5044,2292,4859,23,38,0,0
34,74,74.81,6033,11063,5188,9651,367,692,0,0
34,75,74.37,6433,14628,3681,7551,2204,6222,0,0
34,76,47.46,5082,10366,3809,7846,574,1261,0,0
34,77,48,5064,7842,4391,6615,329,616,0,0
34,78,0.36,55,55,55,55,0,0,0,0
34,79,1,57,113,0,0,0,0,0,0
34,89,20.98,3446,6040,685,1283,2538,4490,0,0
34,104,2.07,137,273,48,96,29,59,0,0
34,118,20.07,2844,6220,1039,2027,1572,3758,0,0
34,121,2,478,651,478,651,0,0,0,0
34,125,3.9,675,756,240,240,419,500,0,0
34,126,20.73,5245,10944,574,1292,4307,9110,0,0
34,127,21.94,6345,15293,435,857,5886,14410,0,0
34,57,0.7,508,1016,0,0,508,1016,0,0
34,58,0.47,294,588,0,0,294,588,0,0
34,90,0.02,5,10,0,0,5,10,0,0
34,95,4.54,2074,4663,372,882,983,2091,0,0
34,96,0.53,689,1378,0,0,689,1378,0,0
34,110,7,1405,2405,444,694,321,571,0,0
34,111,2,157,266,121,229,12,12,0,0
34,117,4.93,359,460,90,115,90,115,0,0
34,122,3.85,700,700,250,250,441,441,0,0
34,123,3,816,1633,66,133,617,1234,0,0
34,124,2.05,118,227,13,24,93,185,0,0
35,0,13.31,1359,2527,998,1948,97,146,0,0
35,1,1,109,219,109,219,0,0,0,0
35,6,26.83,2974,6375,2144,4613,147,303,0,0
35,8,0.09,39,78,0,0,32,63,0,0
35,15,9.79,5009,14217,889,2462,2348,6837,0,0
35,21,23.94,2448,4810,2075,4130,124,227,0,0
35,22,15.01,1240,2398,814,1626,114,230,0,0
35,26,7,3603,10913,234,537,2901,9302,0,0
35,40,0.86,450,900,0,0,450,900,0,0
35,48,4,1193,2755,492,936,605,1722,0,0
35,14,0.43,86,172,86,172,0,0,0,0
35,16,1.13,360,830,90,208,90,208,0,0
35,23,0.01,0,0,0,0,0,0,0,0
35,25,0.03,16,32,0,0,16,32,0,0
35,46,2.25,330,654,325,649,2,2,0,0
35,47,1.93,652,1420,323,675,271,571,0,0
35,54,9.24,3063,6529,205,552,2496,4971,0,0
35,55,1,451,901,113,225,113,225,0,0
35,57,1.07,202,405,175,351,27,54,0,0
35,58,2.76,692,1302,343,665,309,597,0,0
35,65,3.92,214,429,137,274,26,52,0,0
35,66,6.08,1185,2992,121,362,821,1907,0,0
35,72,15.93,1801,3187,1689,3019,19,31,0,0
35,73,38.05,5294,11082,4780,9925,261,710,0,0
35,74,47.8,9246,24222,3070,6292,5911,17463,0,0
35,75,44.89,4776,9299,3918,7558,465,949,0,0
35,76,42.53,7315,17131,2284,4673,4503,11384,0,0
35,77,10.43,7040,14637,1623,3384,2174,4485,0,0
35,85,10.91,3361,6567,248,496,3043,5932,0,0
35,95,0.94,139,415,137,411,1,1,0,0
35,97,4,1738,4624,468,931,1201,3567,0,0
35,104,1,136,272,34,68,34,68,0,0
35,122,12.88,1643,3436,1416,3031,47,52,0,0
35,123,17.9,2225,4772,1938,4217,78,150,0,0
35,124,19.87,2284,4506,1176,2338,1073,2131,0,0
35,125,40.01,5677,12427,1656,3560,3463,7772,0,0
35,126,25.76,17709,46749,350,800,17139,45315,0,0
35,127,14.12,10360,28953,12,17,10321,28902,0,0
35,52,1,23,46,0,0,0,0,23,46
35,53,1.93,850,1641,0,0,850,1641,0,0
35,59,4,774,1507,259,508,410,809,0,0
35,60,1.7,786,2359,0,0,786,2359,0,0
35,78,1,98,195,24,49,24,49,0,0
35,86,4.91,1222,2855,179,462,683,1470,0,0
35,105,1,82,163,20,41,20,41,0,0
35,106,1,51,51,13,13,13,13,0,0
35,110,1,29,29,0,0,0,0,0,0
35,114,3.69,832,1514,341,756,75,75,0,0
36,5,15,2672,5231,443,711,2026,4188,0,0
36,6,6.38,637,1240,254,501,125,242,0,0
36,14,1.57,124,236,115,228,3,3,0,0
36,15,3.08,369,766,242,490,43,93,0,0
36,21,29.65,2562,5037,2274,4466,75,150,0,0
36,22,72.15,6121,13787,4962,10830,418,824,353,1414
36,24,0.43,190,190,48,48,48,48,0,0
36,25,2.54,1279,2311,62,62,1093,2125,0,0
36,36,8.25,1815,4124,92,184,1539,3573,0,0
36,37,15.76,2010,3774,955,1679,560,1120,0,0
36,42,5.31,2463,5387,267,533,1859,4179,0,0
36,46,6.74,2206,5645,340,679,1775,4783,0,0
36,47,5.05,3777,8570,40,80,3657,8330,0,0
36,50,3,1404,2808,332,664,1034,2068,0,0
36,23,1.81,217,435,155,309,0,0,0,0
36,28,2.42,1845,4152,345,690,808,2082,0,0
36,41,1.15,2125,4353,26,78,2046,4118,0,0
36,53,20.97,4232,10665,589,1493,3560,9022,0,0
36,54,2.86,293,585,271,543,10,20,0,0
36,56,10.01,2996,6039,720,1437,1675,3424,0,0
36,60,1.3,398,1016,0,0,398,1016,0,0
36,73,2.7,1878,4818,109,122,1552,4453,0,0
36,74,7.97,3440,9886,210,421,3217,9442,0,0
36,75,8.87,4854,10928,118,234,4503,10232,0,0
36,76,9.4,5378,10868,46,92,5241,10593,0,0
36,77,15.92,5705,13790,774,1967,3261,7783,0,0
36,83,3.58,4377,5123,0,0,4377,5123,0,0
36,84,7.4,2198,5354,544,1378,795,1677,0,0
36,85,5.09,2588,5125,274,535,2285,4558,0,0
36,86,5.1,1474,2242,155,304,1300,1910,0,0
36,93,3,1276,3399,320,850,320,850,0,0
36,97,1,18,37,5,9,5,9,0,0
36,102,7.15,1593,3520,685,1411,249,540,336,1009
36,105,4,236,456,217,429,6,8,0,0
36,111,10.22,1437,2452,837,1289,170,329,0,0
36,112,57.13,4050,5282,3761,4941,53,70,0,0
36,114,11,976,1582,671,978,35,69,0,0
36,122,20.91,2313,4727,1789,3729,187,370,0,0
36,123,40.36,3464,6891,2683,5564,251,480,0,0
36,124,48.69,5682,12195,2587,5380,2519,5714,0,0
36,125,39.15,4301,8577,2076,3695,1401,3290,0,0
36,126,17.31,6881,18562,1241,3569,3394,8775,0,0
36,127,1.06,537,1350,0,0,537,1350,0,0
36,59,5,1400,2800,355,709,882,1763,0,0
36,63,1,114,228,114,228,0,0,0,0
36,64,1,147,293,147,293,0,0,0,0
36,70,4.6,667,1379,357,814,103,188,0,0
36,79,3.99,862,2253,270,540,590,1711,0,0
36,80,0.84,195,204,55,64,47,47,0,0
36,109,1.5,842,1931,62,186,656,1374,0,0
36,110,2.48,482,482,482,482,0,0,0,0
36,113,9.88,801,1149,792,1136,3,4,0,0
36,115,1,304,911,76,228,76,228,0,0
36,118,1,55,110,14,28,14,28,0,0
37,6,4.71,659,1318,222,445,146,291,0,0
37,16,5.85,859,2441,215,610,215,610,0,0
37,21,14.05,1427,3533,830,2306,167,323,0,0
37,22,16.75,1113,2330,775,1550,204,534,0,0
37,23,1,20,41,5,10,5,10,0,0
37,28,7.58,1649,3280,635,1267,338,671,0,0
37,41,3.86,734,1907,488,1086,58,226,0,0
37,42,14.68,3435,7145,1123,2550,1760,3510,0,0
37,45,2,475,950,343,686,44,88,0,0
37,46,2.03,1022,2044,255,511,255,511,0,0
37,15,3.15,631,1788,158,447,158,447,0,0
37,20,1.84,565,2402,355,1772,0,0,355,1772
37,27,2.51,182,365,86,171,18,36,0,0
37,44,1,201,802,50,201,50,201,201,802
37,51,2.26,912,2697,0,0,912,2697,0,0
37,63,1.89,866,1732,0,0,866,1732,0,0
37,64,14.11,1830,4463,445,901,1013,2830,0,0
37,70,4.39,3461,6999,63,146,3270,6561,0,0
37,71,0.01,16,31,0,0,16,31,0,0
37,73,5.66,1214,2816,257,610,445,986,0,0
37,74,14.18,1857,3684,324,648,950,1900,0,0
37,76,9,1325,2859,541,1062,123,227,0,0
37,77,4.32,1689,3974,0,0,1689,3974,0,0
37,79,0.02,5,5,1,1,1,1,0,0
37,80,1.15,66,66,17,17,17,17,0,0
37,100,1,52,104,0,0,0,0,0,0
37,102,7.89,1170,2085,655,1098,172,329,0,0
37,103,10.27,1809,3014,659,1167,370,590,0,0
37,108,1,1260,5040,0,0,1260,5040,0,0
37,109,15.91,11080,34969,524,1965,9511,29072,0,0
37,110,13.11,4745,14036,651,858,4083,13163,0,0
37,111,58.33,4703,5968,4563,5804,46,55,0,0
37,112,50.27,3750,6248,3422,5849,70,93,0,0
37,113,49.85,4500,8114,4011,7067,152,335,0,0
37,114,9.31,1401,1491,678,701,240,263,0,0
37,121,1.16,1668,3080,128,128,1539,2952,0,0
37,122,50.44,5721,9837,2590,4349,2576,4479,0,0
37,123,83.56,6236,12170,4955,10049,211,379,0,0
37,124,35.55,5532,11511,3196,5990,1732,4470,0,0
37,125,6.82,4328,16826,23,46,4259,16688,0,0
37,65,1,101,204,25,50,26,54,0,0
37,90,1.71,339,677,158,314,60,121,0,0
37,101,1,166,166,0,0,166,166,0,0
37,107,1.34,284,569,284,569,0,0,0,0
37,120,1.47,521,1043,0,0,521,1043,0,0
38,2,1,55,55,14,14,14,14,0,0
38,3,7,1396,2793,337,675,937,1876,0,0
38,9,3.49,341,651,111,215,198,389,0,0
38,20,1.35,118,353,19,57,19,57,0,0
38,21,15.44,2502,5268,816,1817,1260,2508,0,0
38,23,0.13,2,2,0,0,0,0,0,0
38,24,0.87,12,12,3,3,3,3,0,0
38,27,15.49,2322,4196,595,1029,466,834,0,0
38,33,14.99,3411,5579,1097,1427,1817,3476,0,0
38,51,4.75,1492,3555,264,529,1210,2992,0,0
38,10,6,888,2092,607,1294,83,245,0,0
38,11,0.03,1,1,0,0,0,0,0,0
38,12,9.42,1225,2305,562,1088,252,468,0,0
38,15,1.25,125,350,31,87,31,87,56,281
38,34,5.15,919,1838,352,705,189,378,0,0
38,52,1,101,305,101,305,0,0,0,0
38,53,5,1235,1534,219,421,916,948,0,0
38,64,1,32,32,0,0,0,0,0,0
38,65,18.27,3118,7542,733,1566,2092,5440,0,0
38,66,5.45,2236,5736,152,416,1781,4487,0,0
38,74,0.02,1,3,0,1,0,1,0,0
38,90,7.29,2919,4535,412,727,2315,3616,0,0
38,100,5,452,782,262,403,50,101,0,0
38,102,4.16,1591,2822,357,664,520,827,0,0
38,103,1.54,330,661,32,64,234,469,0,0
38,106,7.4,2358,4313,590,1079,590,1079,0,0
38,107,7.26,608,1180,359,709,49,90,0,0
38,109,7.96,1206,3410,197,394,998,2992,0,0
38,110,32.56,5497,12070,1285,2418,3480,8482,0,0
38,111,61.31,8859,17674,4130,6697,3215,7036,0,0
38,112,48.33,5197,10097,2992,5504,921,1992,0,0
38,113,57.17,5918,11794,3129,5560,1566,3966,0,0
38,114,7.75,796,1550,486,947,111,208,0,0
38,117,4.69,916,1920,401,889,172,344,0,0
38,118,4.31,343,662,60,113,60,113,0,0
38,119,2,117,213,6,6,101,196,0,0
38,120,7.53,1193,2243,54,96,1033,1952,0,0
38,121,16,777,1264,482,632,130,273,16,33
38,122,68.88,6295,13518,3834,8095,1231,2886,146,583
38,123,17.97,7173,20342,1286,3233,4139,12363,0,0
38,124,15.55,4658,12599,901,1736,3597,10584,0,0
38,68,3.06,1053,1956,95,191,767,1383,0,0
38,79,0.02,6,13,0,0,6,13,0,0
38,80,5.64,1027,1955,179,334,489,954,0,0
38,88,1.02,45,60,30,30,0,0,0,0
38,89,1.98,71,122,8,8,0,0,0,0
38,127,11,3669,8341,0,0,3669,8341,0,0
39,9,4.5,699,1351,187,363,294,576,0,0
39,10,2,160,289,136,265,8,8,0,0
39,11,0.93,55,110,14,27,14,27,0,0
39,12,13.61,1407,3247,1186,2806,71,141,0,0
39,14,2,93,253,23,63,23,63,0,0
39,15,4.47,707,2325,141,511,141,511,169,843
39,16,0.28,33,66,0,0,0,0,0,0
39,21,19.92,3599,7502,888,1759,2125,4643,0,0
39,34,1.86,383,657,96,164,96,164,0,0
39,41,1.61,3648,7295,0,0,3648,7295,0,0
39,46,6.01,2939,7023,446,892,2445,6036,0,0
39,4,2,128,243,115,230,0,0,0,0
39,13,1.01,62,64,17,19,15,15,0,0
39,22,2.07,211,437,167,330,37,100,0,0
39,40,0.39,950,1900,0,0,950,1900,0,0
39,45,4,278,535,193,381,6,6,0,0
39,58,1,24,142,0,0,0,0,24,142
39,65,1.28,1375,2087,0,0,1375,2087,0,0
39,68,6.95,2896,6996,44,88,2764,6733,0,0
39,79,0.49,106,212,0,0,106,212,0,0
39,80,9.86,1757,3421,569,1116,949,1875,0,0
39,97,4,873,1674,383,748,163,308,0,0
39,102,1,136,136,34,34,34,34,0,0
39,109,19.13,1441,2285,1244,1988,65,99,0,0
39,110,42.55,5606,10667,4320,8415,368,666,0,0
39,111,78.4,7179,12203,5775,10119,303,472,0,0
39,112,135.1,11992,27725,6147,13609,1843,3778,739,2832
39,113,59.76,4264,8688,2943,5923,823,1879,0,0
39,114,11.39,1323,2546,536,1016,493,970,0,0
39,117,5,460,830,191,360,22,22,0,0
39,121,9.2,3136,13651,694,3579,2592,12015,1653,10727
39,122,96.6,7055,18497,4093,11590,2333,5671,20,123
39,123,41.57,9309,27882,1637,4638,3750,11350,0,0
39,124,2.9,2361,7083,0,0,2361,7083,0,0
39,126,50.75,3932,6077,3746,5779,56,93,0,0
39,76,4.82,538,1414,498,1335,13,26,169,677
39,93,2.82,331,797,33,54,231,635,0,0
39,106,3,56,56,14,14,14,14,0,0
39,115,0.02,7,14,0,0,7,14,0,0
39,119,3,261,521,7,15,239,477,0,0
39,125,13.95,1238,2236,1105,2014,30,60,0,0
40,3,1.6,84,169,76,152,3,5,0,0
40,4,2.81,382,733,70,142,312,591,0,0
40,5,9.59,4432,9909,408,815,3981,9006,0,0
40,12,4,1550,3949,652,1518,299,811,0,0
40,38,2,244,488,199,399,15,30,0,0
40,2,10.55,2906,6106,389,777,2412,5132,0,0
40,11,4,669,1680,356,972,283,567,0,0
40,18,1,14,82,3,20,3,20,0,0
40,19,6.5,544,1293,306,664,67,185,0,0
40,45,8.15,618,1542,397,1112,74,143,0,0
40,46,2.22,764,1451,191,363,191,363,0,0
40,53,8,2537,6300,159,305,2064,5383,0,0
40,58,2.99,1630,4600,160,320,1383,4106,0,0
40,59,1,48,48,12,12,12,12,0,0
40,76,1.19,271,541,268,536,1,2,0,0
40,77,6.99,3230,6342,117,117,3112,6224,0,0
40,91,12.84,4670,11403,747,2011,2737,5989,0,0
40,93,7.18,834,1569,357,694,317,614,0,0
40,109,19.04,1995,3092,678,954,439,713,0,0
40,110,22.71,1938,3553,1149,2056,234,454,0,0
40,111,44.69,3942,6374,3087,5088,205,348,0,0
40,112,24.02,2426,4229,1500,2866,129,228,0,0
40,113,34.85,2722,5422,2174,4576,196,291,0,0
40,114,1,15,15,4,4,4,4,0,0
40,121,7.43,522,987,41,77,399,757,0,0
40,122,121.65,12310,34604,5964,15535,4358,10447,1110,6661
40,123,137.06,10886,25953,7605,18523,1431,3833,0,0
40,124,58.66,5607,11406,4339,8997,566,1102,0,0
40,125,70.05,5571,10589,4906,9307,273,518,0,0
40,126,55.79,4909,8578,4602,7985,103,197,0,0
40,65,1,125,249,31,62,31,62,0,0
40,84,1,21,21,5,5,5,5,0,0
40,92,0.17,423,1270,106,317,106,317,0,0
40,107,1,149,598,0,0,0,0,149,598
40,118,1,96,193,24,48,24,48,0,0
40,119,1.91,750,1428,0,0,750,1428,0,0
40,120,10.47,2076,5262,347,999,1576,3926,0,0
41,2,1.45,123,206,10,11,92,174,0,0
41,8,8.91,2472,4867,446,892,1732,3386,0,0
41,9,1.1,118,236,30,59,30,59,0,0
41,11,7,1499,2770,730,1048,256,574,0,0
41,12,1,71,141,18,35,18,35,0,0
41,19,4.5,2307,5113,337,799,1295,2716,0,0
41,34,14.01,4029,8389,617,1216,2741,5861,0,0
41,35,14.42,1476,2636,929,1445,133,270,0,0
41,36,5.98,1536,3973,533,1291,249,724,0,0
41,45,11.01,4983,13624,300,731,4081,11433,0,0
41,46,0.62,199,391,50,98,50,98,0,0
41,3,1,124,247,124,247,0,0,0,0
41,40,6.93,2620,5104,378,721,2025,4017,0,0
41,43,0.64,98,244,42,96,21,56,0,0
41,61,6.14,1117,2110,455,879,422,812,0,0
41,62,4.47,1794,2247,214,294,1150,1363,0,0
41,63,2,358,358,0,0,358,358,0,0
41,70,6,833,1667,177,355,424,848,0,0
41,91,2,456,913,403,806,18,36,0,0
41,92,2,398,796,100,199,100,199,0,0
41,103,3.97,1627,3153,240,454,1333,2642,0,0
41,104,2.03,476,953,129,259,151,302,0,0
41,106,2,889,1779,5,9,876,1751,0,0
41,107,4,644,1394,435,803,197,578,0,0
41,109,15.82,1680,3176,420,794,420,794,0,0
41,110,2.5,267,512,61,117,83,161,0,0
41,111,1.3,210,407,3,3,200,398,0,0
41,113,5,1186,2243,503,874,228,457,0,0
41,120,2.63,314,604,21,36,250,495,0,0
41,121,11.98,802,1609,713,1447,21,35,0,0
41,122,128.41,8391,18754,6837,16041,296,513,0,0
41,123,77.79,6819,13414,5572,11623,186,283,0,0
41,124,71.87,6037,11520,5606,10897,134,245,0,0
41,125,90.08,7397,14222,7075,13673,74,119,0,0
41,126,19.01,1814,3196,1785,3157,4,6,0,0
41,81,8.21,1502,3125,224,588,1123,2239,0,0
41,85,2.28,544,1235,309,537,78,233,0,0
41,96,6.85,1871,3766,459,915,495,1021,0,0
41,97,0.14,44,133,0,0,44,133,0,0
42,3,1.48,201,403,167,334,11,23,0,0
42,4,2.52,388,723,334,667,0,0,0,0
42,6,8.52,1921,3703,134,239,1519,2986,0,0
42,7,8.49,939,1683,358,669,193,339,0,0
42,11,6,452,1258,392,1062,14,33,0,0
42,20,6.79,1705,4014,539,1452,686,1448,0,0
42,25,1,67,67,17,17,17,17,0,0
42,27,3,134,366,104,306,5,11,0,0
42,32,12.89,2043,4043,958,1906,305,598,0,0
42,35,5.6,495,1043,188,392,98,213,0,0
42,40,1.07,750,1498,153,306,289,579,0,0
42,43,28.39,7557,15573,679,1553,6032,11971,0,0
42,44,2.05,2782,8132,855,2353,642,1927,0,0
42,12,5,712,1685,482,1225,77,153,0,0
42,19,0.51,455,910,0,0,455,910,0,0
42,47,1.13,333,986,83,246,83,246,0,0
42,60,1.73,169,338,133,266,12,24,0,0
42,61,2.66,211,402,132,259,26,48,0,0
42,62,2,253,376,0,0,253,376,0,0
42,68,8.21,2322,3792,110,210,2164,3507,0,0
42,69,0.8,124,230,1,1,121,228,0,0
42,76,12,2430,4655,582,1070,1693,3350,0,0
42,77,2,898,898,114,114,557,557,0,0
42,81,2.79,157,364,116,321,15,17,0,0
42,85,6.72,2152,4304,760,1519,1128,2257,0,0
42,96,1.64,708,2359,147,501,266,859,413,1650
42,97,2.37,202,523,21,41,140,399,0,0
42,110,4.99,1003,2004,158,315,509,1018,0,0
42,121,37.78,3578,7584,2388,5293,377,744,0,0
42,122,60.9,5595,10679,5125,9870,301,567,0,0
42,123,50.28,5210,9838,4764,8993,87,135,0,0
42,124,56.2,6369,11663,6190,11414,17,29,0,0
42,125,57.93,5528,9605,5103,8812,269,519,0,0
42,64,1,185,370,46,92,46,92,0,0
42,71,0.55,69,139,69,139,0,0,0,0
42,72,0.1,13,26,13,26,0,0,0,0
42,73,2.66,399,798,327,654,24,48,0,0
42,78,0.83,123,247,31,62,31,62,0,0
42,80,0.22,374,1495,0,0,374,1495,0,0
43,3,1.6,101,148,47,94,0,0,0,0
43,4,12.4,1590,2762,318,535,886,1670,0,0
43,12,3,222,444,172,345,16,33,0,0
43,13,6,886,1764,376,750,170,338,0,0
43,19,4.78,446,804,111,201,111,201,0,0
43,20,14.93,2076,3959,931,2044,381,638,0,0
43,23,0.28,62,186,0,0,0,0,0,0
43,24,7.73,975,2068,358,706,75,141,0,0
43,25,13,1807,3590,522,1036,429,851,0,0
43,29,31.08,2730,5686,1268,2658,213,422,0,0
43,31,1.15,49,94,11,23,11,23,0,0
43,32,12.95,1128,1827,572,848,165,307,0,0
43,39,4,298,533,223,440,12,18,0,0
43,43,0.91,248,495,0,0,248,495,0,0
43,47,6.51,1694,3808,423,952,423,952,0,0
43,48,1.37,286,572,228,456,19,39,0,0
43,60,5,1761,3522,129,258,1588,3176,0,0
43,70,4,1117,2027,40,80,997,1787,0,0
43,71,5.03,1230,2307,200,375,662,1299,0,0
43,72,0.31,25,25,0,0,0,0,0,0
43,73,6.35,722,1443,396,792,288,576,0,0
43,78,3.01,492,864,123,216,123,216,0,0
43,79,12.19,3657,10568,464,921,2811,8895,0,0
43,80,9.13,3825,13980,4,4,3812,13967,0,0
43,121,39.87,4148,8165,3880,7633,62,151,0,0
43,122,50.01,4703,7896,4492,7539,60,109,0,0
43,123,48.55,4223,7407,3710,6455,139,261,0,0
43,124,59.88,4804,7605,4644,7386,41,61,0,0
43,125,21.17,1667,3185,1602,3070,21,39,0,0
43,126,1,33,33,8,8,8,8,0,0
43,127,2,41,49,10,12,10,12,0,0
43,56,1,14,29,4,7,4,7,0,0
43,61,2.26,937,1815,122,227,833,1606,0,0
43,69,8.44,1379,2413,962,1839,139,192,0,0
43,102,0.04,8,8,8,8,0,0,0,0
43,112,1.8,620,1240,64,128,64,128,0,0
43,119,1.47,199,497,124,348,25,50,0,0
44,8,6.58,1222,3015,565,1783,220,410,228,1138
44,9,2.43,441,881,110,221,110,221,0,0
44,10,7.94,2344,3221,586,805,586,805,0,0
44,11,8.68,1022,1914,475,938,179,322,0,0
44,16,6,302,634,76,159,76,159,0,0
44,21,1,42,84,10,21,10,21,0,0
44,24,14.38,4643,9863,436,1255,4102,8395,0,0
44,29,11.91,776,1532,500,1000,12,25,18,18
44,30,4.48,345,806,331,777,5,10,0,0
44,31,9.52,1224,2350,836,1739,86,95,0,0
44,32,2,1313,2639,0,0,1313,2639,0,0
44,34,2,435,844,415,823,7,7,0,0
44,43,0.54,30,61,8,15,8,15,0,0
44,44,0.46,26,52,7,13,7,13,0,0
44,14,0.63,9,18,2,4,2,4,0,0
44,15,0.18,8,10,2,2,2,2,0,0
44,56,4.82,1271,3253,509,1011,746,2224,0,0
44,60,1,105,210,26,52,26,52,0,0
44,61,9.74,1335,2387,396,764,836,1353,0,0
44,65,12,2190,4278,713,1399,1315,2606,0,0
44,69,22.65,3022,5901,2852,5593,56,102,0,0
44,70,16.12,1691,3240,815,1622,406,805,0,0
44,71,7.94,691,1013,388,595,52,90,0,0
44,78,3.62,407,424,102,106,102,106,0,0
44,79,13,2448,4787,542,1064,1814,3610,0,0
44,80,1,437,437,0,0,437,437,0,0
44,81,14.01,1339,2439,606,1152,432,804,0,0
44,89,10.55,1887,3149,597,618,1259,2502,0,0
44,90,1.45,440,880,71,142,369,738,0,0
44,99,5,1076,2152,469,937,188,376,0,0
44,102,6.59,1328,2190,652,1043,225,382,0,0
44,103,1.37,171,171,43,43,43,43,0,0
44,112,0.2,66,131,16,33,16,33,0,0
44,115,10.31,3872,7527,715,1323,2959,5810,0,0
44,116,1.7,197,197,185,185,4,4,0,0
44,119,1.53,482,1024,165,390,106,212,0,0
44,121,3,216,451,192,385,2,4,0,0
44,122,2.2,338,676,338,676,0,0,0,0
44,123,24.15,2135,4100,2047,3963,21,38,0,0
44,124,3,559,1119,0,0,0,0,0,0
44,55,1.93,227,478,131,261,62,184,0,0
44,109,1,39,39,39,39,0,0,0,0
45,0,13.44,957,1759,847,1567,19,29,0,0
45,1,7,1471,2940,610,1220,80,159,0,0
45,3,1,20,60,0,0,0,0,0,0
45,10,2.98,201,392,195,386,2,2,0,0
45,11,3.4,222,225,111,113,8,8,0,0
45,14,1.21,18,20,4,5,4,5,0,0
45,15,21.98,2202,3832,935,1730,387,633,0,0
45,22,1,14,14,3,3,3,3,0,0
45,23,0.02,14,42,0,0,14,42,0,0
45,24,5.59,3762,9501,198,396,3477,8931,0,0
45,26,10.96,4804,10313,1022,2304,2187,4753,0,0
45,28,7,1088,2663,716,1678,71,196,0,0
45,31,10.37,922,1856,378,820,181,346,0,0
45,32,9.12,733,1124,396,706,113,140,0,0
45,48,5.66,5424,22560,1357,5639,1357,5639,0,0
45,50,2.09,392,794,214,431,71,144,0,0
45,51,3.92,2819,5767,148,327,2248,4528,0,0
45,6,4.57,416,832,161,323,84,169,0,0
45,16,1,8,8,2,2,2,2,0,0
45,25,1,24,24,0,0,0,0,0,0
45,30,4,881,1686,330,641,183,348,0,0
45,37,2.67,467,934,300,599,56,112,0,0
45,44,0.55,136,408,34,102,34,102,0,0
45,47,0.35,607,2429,152,607,152,607,0,0
45,55,3.94,1004,1992,269,535,727,1449,0,0
45,56,1.32,476,1059,0,0,476,1059,0,0
45,68,7.63,1193,1345,163,306,984,987,0,0
45,69,25.84,2781,5029,2639,4828,42,57,0,0
45,70,37.59,2676,5264,1722,3224,503,1048,0,0
45,71,20.71,1708,3396,1502,2992,34,56,0,0
45,107,0.78,122,245,122,245,0,0,0,0
45,108,1.22,132,166,59,94,24,24,0,0
45,114,0.59,122,122,122,122,0,0,0,0
45,115,0.41,84,84,84,84,0,0,0,0
45,58,0.03,7,13,7,13,0,0,0,0
45,76,1,168,168,168,168,0,0,0,0
45,110,2,92,92,45,45,16,16,0,0
45,111,1,46,91,46,91,0,0,0,0
45,120,3,563,1429,511,1326,0,0,0,0
46,0,2.56,83,166,13,26,13,26,0,0
46,6,8.43,717,1139,452,699,21,27,0,0
46,9,15.78,2377,4564,1100,2050,687,1359,0,0
46,10,3.16,1788,2699,450,680,900,1581,0,0
46,26,2.04,201,402,51,100,51,100,0,0
46,28,0.01,0,1,0,0,0,0,0,0
46,32,4.03,387,768,134,256,72,132,0,0
46,33,5.87,1113,1825,215,389,781,1286,0,0
46,36,2,154,307,146,292,3,5,0,0
46,37,3.33,659,1317,387,775,90,181,0,0
46,41,14.1,2037,4414,1924,4206,6,6,0,0
46,44,14.45,3497,9109,744,1552,2152,6222,0,0
46,8,0.21,36,36,36,36,0,0,0,0
46,12,0.98,668,1335,0,0,668,1335,0,0
46,13,5,1465,2930,190,380,895,1789,0,0
46,30,1,19,19,5,5,5,5,0,0
46,34,4.6,492,985,462,923,10,20,0,0
46,35,0.75,28,56,7,14,7,14,0,0
46,40,0.1,20,41,20,41,0,0,0,0
46,45,0.99,119,239,30,60,30,60,0,0
46,58,2.7,173,345,161,321,4,8,0,0
46,59,11.27,2222,4443,211,445,1844,3637,0,0
46,68,10.7,1252,2393,374,748,735,1360,0,0
46,69,29.55,3370,7732,858,1754,869,2128,0,0
46,70,58.37,5671,12335,3287,6243,1197,2901,475,1899
46,71,27.51,3478,7259,1955,4299,856,1697,0,0
46,76,4,993,1684,178,351,459,632,0,0
46,114,1.15,503,1006,162,324,114,227,0,0
46,115,0.85,255,509,251,501,1,3,0,0
46,118,15.01,1851,3883,482,949,959,2144,0,0
46,55,0.79,1524,4572,0,0,1524,4572,0,0
46,56,5.05,727,1453,405,809,105,210,0,0
46,60,5,607,1037,375,706,49,55,0,0
46,61,2,85,85,21,21,21,21,0,0
46,72,0.11,157,315,0,0,157,315,0,0
46,73,1.29,417,833,0,0,417,833,0,0
46,74,0.06,44,88,0,0,44,88,0,0
46,82,0.13,30,122,30,122,0,0,30,122
46,83,5.87,631,1634,346,1090,72,136,203,812
46,101,3,399,399,246,246,51,51,0,0
46,121,3,415,729,266,507,25,25,0,0
46,122,3,245,471,204,403,14,23,0,0
46,127,1.22,277,555,223,447,18,36,0,0
47,4,5.65,1891,4286,291,813,1301,2692,0,0
47,8,35.55,4594,9689,1729,3576,769,1503,487,1482
47,9,77.29,4507,8916,3117,6529,303,524,73,145
47,10,27.46,4233,7907,1047,2093,2591,4624,0,0
47,12,9.99,972,1929,524,1045,126,248,0,0
47,13,60.93,3794,6245,3038,5046,411,766,11,11
47,26,4,400,878,100,220,100,220,0,0
47,29,5.89,883,1770,465,1050,114,190,0,0
47,30,3.66,699,1398,175,349,175,349,0,0
47,32,3.48,536,962,263,498,91,155,0,0
47,33,6,461,683,403,625,19,19,0,0
47,34,16.63,1904,3654,1330,2623,78,117,0,0
47,35,9.44,1034,1942,927,1819,11,17,0,0
47,36,3,201,320,129,238,24,27,0,0
47,40,50.99,5056,9282,4296,8030,205,329,0,0
47,41,8.72,476,973,251,507,36,77,0,0
47,5,4.01,97,164,12,28,18,38,0,0
47,14,2.57,228,340,219,331,3,3,0,0
47,15,0.04,6,17,6,17,0,0,0,0
47,16,7.31,592,1139,395,779,27,42,0,0
47,17,12.31,1361,2699,951,1902,129,258,0,0
47,18,1.4,248,362,248,362,0,0,0,0
47,22,1,79,79,79,79,0,0,0,0
47,38,9.78,1236,2833,823,1989,94,194,0,0
47,39,0.12,12,32,6,13,2,6,0,0
47,55,13.75,4904,10858,765,1580,2865,6624,0,0
47,56,14.42,1774,3443,1167,2320,178,339,0,0
47,60,3,271,482,202,388,23,31,0,0
47,68,36.7,2778,5303,2626,5097,39,47,0,0
47,69,99.86,5707,11454,3687,7935,752,1312,0,0
47,70,62.78,7811,18965,3575,7236,3685,10634,0,0
47,71,9.79,2709,5925,991,1940,1457,3551,0,0
47,72,1.59,2782,5565,0,0,2782,5565,0,0
47,73,4.71,635,1269,265,531,316,631,0,0
47,74,0.94,728,1457,0,0,728,1457,0,0
47,78,10.55,3064,6612,164,277,2655,5899,0,0
47,90,5,2230,5676,140,279,1812,4839,0,0
47,114,14.18,4131,8373,633,1119,2974,6570,0,0
47,79,2.45,224,427,151,296,66,127,0,0
47,83,1.08,236,472,5,11,220,440,0,0
47,84,5.92,852,1247,507,596,141,268,0,0
47,86,1.96,336,672,173,345,164,327,0,0
47,87,1.46,395,791,0,0,395,791,0,0
47,89,3,494,990,124,247,124,247,0,0
47,100,1,28,28,7,7,7,7,0,0
47,101,8.81,1023,1858,468,888,185,323,0,0
47,106,0.32,51,101,13,25,13,25,0,0
47,109,0.12,419,1256,0,0,419,1256,0,0
47,113,1.64,1231,2585,0,0,1231,2585,0,0
48,4,1.26,1346,2693,0,0,1346,2693,0,0
48,5,0.08,85,169,0,0,85,169,0,0
48,8,12.32,2741,6423,731,2172,1390,2862,0,0
48,9,19.13,1751,3349,1406,2807,26,43,0,0
48,10,46.16,3928,7601,3029,5973,254,472,0,0
48,11,14.04,728,1269,555,1086,28,32,0,0
48,12,4.53,114,151,19,19,19,19,0,0
48,13,63.64,7238,16969,3225,6111,3686,10400,0,0
48,14,20.97,3243,8137,616,1201,2082,5967,0,0
48,15,37.99,2673,5793,2280,5071,99,176,0,0
48,16,14.32,2097,4270,839,1849,1100,2170,0,0
48,17,18.66,1807,3526,1410,2800,78,138,0,0
48,22,1.84,853,1708,484,969,123,246,0,0
48,23,2.17,265,513,112,220,51,98,0,0
48,30,0.46,118,236,30,59,30,59,0,0
48,35,0.71,78,78,78,78,0,0,0,0
48,37,5,285,384,135,234,36,36,0,0
48,38,13.88,3178,7575,732,1435,1708,4726,0,0
48,39,23.91,2935,5916,1541,3214,130,232,0,0
48,40,16.54,2935,5254,1840,3677,602,1020,0,0
48,41,2.44,1105,2222,153,432,301,580,0,0
48,7,3.31,702,1877,251,640,57,133,0,0
48,21,0.17,23,23,6,6,6,6,0,0
48,27,1,24,24,24,24,0,0,0,0
48,55,7.99,7701,17874,1175,2968,4176,8970,0,0
48,64,4,743,1485,183,365,536,1071,0,0
48,65,13.03,1098,2074,712,1302,129,258,0,0
48,66,10.94,2036,4602,581,1305,1024,2190,0,0
48,68,27.08,2262,4447,1905,3934,42,60,0,0
48,69,45.88,3690,7465,2737,5415,561,1343,0,0
48,70,25.52,2026,4059,1735,3623,73,121,0,0
48,81,3,256,504,199,397,2,2,0,0
48,82,1,94,188,23,47,23,47,0,0
48,85,9.27,3305,5832,495,961,2314,3957,0,0
48,86,0.39,265,386,0,0,265,386,0,0
48,87,0.36,200,400,0,0,200,400,0,0
48,89,5,1413,2806,154,303,1230,2456,0,0
48,90,2,206,366,172,332,11,11,0,0
48,101,0.19,34,68,9,17,9,17,0,0
48,105,12.37,2421,4821,880,1770,494,997,0,0
48,106,13.68,2174,4255,917,1814,274,530,0,0
48,109,0.87,2919,8758,0,0,2919,8758,0,0
48,113,1.37,596,1454,0,0,596,1454,0,0
48,114,1.81,222,534,90,270,1,2,0,0
48,116,5,1808,3616,301,603,1247,2494,0,0
48,125,7.39,2425,4831,194,383,2221,4437,0,0
48,67,2,183,303,120,239,0,0,0,0
48,103,1.12,293,410,73,102,73,102,0,0
48,104,0.49,48,95,12,24,12,24,0,0
48,110,6.21,1390,2780,177,353,1134,2268,0,0
48,117,2,381,762,381,762,0,0,0,0
48,118,2.13,1381,3225,0,0,1381,3225,0,0
49,7,26.09,2821,6291,1350,3004,420,944,0,0
49,8,2.87,1056,2113,0,0,1056,2113,0,0
49,9,0.06,13,26,13,26,0,0,0,0
49,10,4.83,770,1404,758,1392,0,0,0,0
49,13,22.74,4631,9132,982,1786,3455,6927,0,0
49,14,57.31,3728,6386,3018,5252,189,329,0,0
49,15,21.96,3423,8255,1070,2460,759,1881,0,0
49,21,0.83,113,113,28,28,28,28,0,0
49,27,0.13,25,50,25,50,0,0,0,0
49,28,20.74,2404,5122,1094,2342,373,799,0,0
49,29,2,74,130,14,28,14,28,0,0
49,38,0.53,107,214,107,214,0,0,0,0
49,39,64.22,4843,9307,4008,7930,219,388,0,0
49,40,80.28,6767,13518,3712,7742,1586,2922,0,0
49,41,10.2,3611,7083,434,849,2475,4932,0,0
49,42,0.81,689,1372,0,0,683,1366,0,0
49,48,8,1598,3346,879,1908,239,480,0,0
49,4,0.37,74,74,74,74,0,0,0,0
49,12,12.84,1364,2718,1281,2560,28,53,0,0
49,26,1,42,135,30,110,4,8,0,0
49,49,2.47,1047,2339,262,585,262,585,0,0
49,52,4.88,1358,3024,339,757,339,757,0,0
49,65,12,546,836,170,277,124,186,0,0
49,66,14.03,6628,13473,718,1490,4909,9871,0,0
49,68,5.16,389,778,361,720,10,19,0,0
49,69,2.48,188,376,178,356,3,7,0,0
49,80,4.99,846,1692,831,1660,5,10,0,0
49,85,2.54,861,2390,176,352,675,2020,0,0
49,86,0.01,13,13,0,0,13,13,0,0
49,103,1.88,1103,1798,276,450,276,450,0,0
49,105,0.14,104,209,26,52,26,52,0,0
49,110,3.79,1050,2100,366,731,611,1222,0,0
49,113,10.21,1466,2402,169,339,1252,2001,0,0
49,118,7.58,1901,4315,541,1037,1163,2974,216,432
49,125,17.62,3685,7295,496,974,2587,5155,0,0
49,53,1.56,161,321,102,203,20,39,0,0
49,67,1,78,156,19,39,19,39,0,0
49,112,0.76,128,154,0,0,128,154,0,0
49,119,0.76,77,153,77,153,0,0,0,0
49,124,8.37,630,1190,501,986,28,41,0,0
50,4,26.58,7548,17640,1088,2246,5049,12300,0,0
50,5,1.39,957,2196,0,0,957,2196,0,0
50,6,8,544,1058,445,884,33,58,0,0
50,7,16.76,1296,2668,971,2097,109,190,0,0
50,11,20.12,2019,3556,978,1975,255,435,0,0
50,12,27.12,3194,6325,2667,5317,176,336,0,0
50,13,17.27,1002,1856,735,1452,65,111,0,0
50,14,37.11,2879,6529,2086,4829,486,1138,0,0
50,15,15.7,1146,2345,928,2104,186,188,0,0
50,16,8,1102,2714,1026,2558,19,34,0,0
50,17,15.06,1937,4482,1599,3815,91,178,0,0
50,21,6.45,954,1924,322,647,189,382,0,0
50,22,14.09,2490,5402,1193,2512,406,938,0,0
50,23,5.45,746,1696,547,1334,152,292,0,0
50,26,5,1509,3185,99,392,1408,2789,0,0
50,28,16.17,1495,3341,1220,2822,52,94,0,0
50,29,4.96,480,743,318,581,55,55,0,0
50,33,4,530,745,218,433,3,3,0,0
50,39,53.77,5458,13702,2365,5906,1539,3073,505,2696
50,40,152.59,9986,22892,6860,16860,1218,2462,0,0
50,41,24.17,2262,4336,1485,2950,540,1062,0,0
50,42,29.55,2706,5344,2390,4767,100,186,0,0
50,43,24.47,2408,4700,2209,4399,28,36,0,0
50,49,0.53,112,224,28,56,28,56,0,0
50,0,2.07,2578,5131,7,7,2559,5111,0,0
50,3,1.66,863,2034,0,0,863,2034,0,0
50,10,5.19,847,1694,847,1694,0,0,0,0
50,18,17.51,1640,3189,1188,2353,144,265,0,0
50,19,4.1,293,563,84,164,69,133,0,0
50,20,7,688,1586,655,1512,11,25,0,0
50,37,0.02,2,4,2,4,0,0,0,0
50,38,4.56,626,1252,477,955,76,151,0,0
50,44,3.9,266,502,67,126,67,126,0,0
50,52,3.17,472,515,23,23,66,109,0,0
50,53,11.38,4073,9376,558,1134,3315,7806,0,0
50,55,0.32,14,28,3,7,3,7,0,0
50,56,0.68,29,58,7,15,7,15,0,0
50,59,6,610,1203,38,71,498,989,0,0
50,60,1.73,3963,11888,306,919,3044,9132,0,0
50,69,1,52,104,13,26,13,26,0,0
50,80,19.4,2640,4814,2234,4042,159,305,0,0
50,81,15.37,1213,2215,1057,1952,30,56,0,0
50,108,1,98,196,24,49,24,49,0,0
50,113,2.03,35,35,0,0,35,35,0,0
50,118,1.51,122,243,118,236,1,2,0,0
50,119,1,331,662,0,0,331,662,0,0
50,121,0.24,43,86,27,55,16,31,0,0
50,122,4.76,2151,4262,737,1464,781,1552,0,0
50,124,5.99,472,828,340,656,37,51,0,0
50,125,5.05,926,2092,252,503,673,1587,0,0
50,57,0.42,564,797,0,0,564,797,0,0
50,61,4,908,1889,57,132,737,1493,0,0
51,0,1.09,420,840,159,318,261,522,0,0
51,1,8.93,871,1612,696,1366,51,75,0,0
51,2,7.58,759,1365,615,1105,20,40,0,0
51,9,7,741,966,548,772,8,8,0,0
51,10,18.89,2189,3970,2014,3736,35,54,0,0
51,11,66.5,5236,8652,4871,8215,123,146,0,0
51,12,6.27,870,1589,853,1572,6,6,0,0
51,13,2,107,107,26,26,26,26,0,0
51,14,8.83,1446,3018,597,1367,25,33,0,0
51,15,37.03,2608,5909,1385,3577,732,1447,0,0
51,16,20.7,1314,2872,1100,2396,70,159,0,0
51,17,52.72,3057,5775,2645,5152,103,159,0,0
51,18,28.3,2146,4368,1580,3257,144,317,0,0
51,19,6.75,7240,29293,1615,6885,3013,9872,0,0
51,20,8.72,4500,15383,823,1771,3152,12271,0,0
51,21,7.79,2145,4330,670,1348,771,1552,0,0
51,22,11.66,2766,6113,860,1866,635,1416,0,0
51,23,6.63,490,1017,345,773,48,81,0,0
51,25,3.37,352,671,277,545,25,42,0,0
51,26,0.63,113,225,28,56,28,56,0,0
51,37,11.32,773,1470,397,775,125,231,0,0
51,38,14.74,1610,3204,804,1753,253,452,0,0
51,39,27.57,2712,5528,1909,4113,306,549,0,0
51,40,30.63,9049,17981,1756,3345,6679,13464,0,0
51,41,7.77,2889,6329,411,824,2206,4963,0,0
51,42,38.78,3492,7108,2218,4634,676,1362,42,42
51,43,32.04,2529,4968,1907,3978,109,193,0,0
51,44,12.77,1378,2736,876,1752,132,263,0,0
51,47,7,1335,2805,435,1004,300,600,0,0
51,57,7.76,3325,5584,383,762,2386,3717,0,0
51,60,0.27,445,1335,111,334,111,334,0,0
51,61,7.03,7465,20153,297,594,6574,18371,0,0
51,68,4.38,577,1080,244,482,70,133,0,0
51,69,10.62,2290,3815,235,432,1900,3149,0,0
51,70,3,220,440,193,387,9,18,0,0
51,72,3.9,1793,4603,0,0,1793,4603,0,0
51,73,14.18,4531,7434,568,1017,3892,6327,0,0
51,80,25.49,2258,3622,1494,2671,478,519,0,0
51,81,18.36,1683,3194,1333,2594,109,192,0,0
51,90,1,126,251,31,63,31,63,0,0
51,111,0.08,5,9,1,2,1,2,0,0
51,112,6.92,1334,2785,643,1314,231,490,0,0
51,119,1,8,24,2,6,2,6,0,0
51,124,15.42,2429,5450,1357,3273,494,1018,0,0
51,125,4.52,1910,4010,165,323,1727,3668,0,0
51,126,3.06,825,1648,157,312,269,537,0,0
51,54,1,131,392,33,98,33,98,0,0
51,55,1,81,81,81,81,0,0,0,0
51,56,0.03,8,16,2,5,0,0,0,0
51,58,7.82,456,875,368,736,17,34,0,0
51,62,3.43,1362,3744,58,90,1187,3475,0,0
51,74,5,246,413,176,340,12,13,0,0
51,79,3,253,253,0,0,253,253,0,0
51,113,1.7,545,1091,149,297,397,793,0,0
51,115,0.6,65,129,64,129,0,0,0,0
51,123,1.26,325,634,309,618,0,0,0,0
52,1,32.5,2722,5310,2026,4064,196,343,0,0
52,2,8.87,420,767,164,315,22,31,0,0
52,10,41.97,2983,5339,2690,4912,50,75,0,0
52,11,80.88,5718,9746,5272,8979,85,127,0,0
52,12,71.47,4378,8325,3505,6975,204,293,0,0
52,13,31.72,2360,4927,1199,2574,109,182,0,0
52,14,10.33,1828,4002,674,1658,380,777,0,0
52,15,79.78,7065,16003,3287,7655,2013,4727,0,0
52,16,68.51,4595,10328,3874,9113,138,262,0,0
52,17,31.1,6280,16459,6067,16081,49,96,0,0
52,18,0.93,28,28,7,7,7,7,0,0
52,20,4.1,6472,25673,142,533,6047,24071,0,0
52,21,9.36,2825,8730,484,1256,2052,6319,0,0
52,22,1.16,81,162,52,104,10,19,0,0
52,30,0.68,22,44,5,11,5,11,0,0
52,31,12.32,943,1712,712,1416,52,75,0,0
52,34,4.3,1684,4098,421,1025,421,1025,0,0
52,35,9.26,1955,4099,667,1381,429,906,0,0
52,38,1,26,52,6,13,6,13,0,0
52,39,23.18,1859,3800,1650,3503,42,53,0,0
52,40,17.35,7045,13468,298,570,5897,11525,0,0
52,42,6.17,1713,4133,393,1096,856,1851,0,0
52,48,3,1233,1608,0,0,1233,1608,0,0
52,0,0.14,14,28,4,7,4,7,0,0
52,9,7.2,507,963,404,796,34,56,0,0
52,19,1,619,1858,0,0,619,1858,0,0
52,36,7.66,808,1857,500,1028,60,147,0,0
52,49,0.89,945,945,0,0,945,945,0,0
52,56,12.22,1073,1973,577,1112,90,138,0,0
52,57,16.74,3174,6875,932,2000,692,1520,0,0
52,59,8,1850,4569,1004,2188,282,794,0,0
52,61,7.64,6935,19575,221,500,6271,18075,0,0
52,62,7.72,13606,40582,6,6,13589,40564,0,0
52,68,2.57,1261,1943,0,0,1261,1943,0,0
52,69,4.4,1399,2525,213,426,1094,1916,0,0
52,73,8.01,1428,3147,57,111,1258,2813,0,0
52,74,3.91,1673,3306,0,0,1673,3306,0,0
52,77,1,22,44,5,11,5,11,0,0
52,78,18,1714,2740,975,1658,247,360,0,0
52,79,6.99,2666,4867,501,887,1932,3748,0,0
52,80,21.06,2134,3548,1376,2266,599,1020,0,0
52,81,32.38,2367,4234,1873,3456,92,161,0,0
52,83,10.6,2819,4925,356,710,2248,3789,0,0
52,84,0.39,412,414,1,1,410,411,0,0
52,97,7.01,3199,4563,547,862,2215,2917,0,0
52,106,13.36,2648,4899,964,1830,561,1023,0,0
52,112,1,68,136,17,34,17,34,0,0
52,113,0.3,167,334,0,0,167,334,0,0
52,115,7.4,876,1749,292,583,78,154,0,0
52,121,0.11,75,151,0,0,75,151,0,0
52,122,5.89,1724,3630,356,891,1308,2615,0,0
52,124,3.33,285,571,247,496,12,25,0,0
52,126,8.98,2573,8345,599,1953,776,2485,0,0
52,54,1,7,7,2,2,2,2,0,0
52,119,3.18,219,428,141,279,61,119,0,0
52,123,3,624,1568,396,1113,76,152,0,0
52,127,0.13,81,325,20,81,20,81,0,0
53,0,1.29,91,91,18,18,18,18,0,0
53,1,9.71,1021,1822,587,1002,109,211,0,0
53,9,8.15,2872,5172,213,420,2643,4730,0,0
53,10,16.62,5793,7627,725,1079,5039,6512,0,0
53,11,26.47,2112,4034,2042,3912,24,40,0,0
53,12,56.3,5986,10410,4259,7223,563,1051,0,0
53,13,51.04,4989,10257,3578,7037,531,1154,0,0
53,14,27.77,7405,22967,3215,10377,893,3269,0,0
53,15,104.82,10916,30362,6106,17898,1974,5776,0,0
53,16,25.88,2799,6043,1747,3531,315,779,0,0
53,17,6.22,969,2522,671,1433,99,363,328,1312
53,20,6.82,3033,6765,196,392,2444,5590,0,0
53,21,7.56,10480,49252,6,6,10461,49232,0,0
53,22,4.76,4083,9829,4,5,4073,9815,0,0
53,23,1.36,1536,4608,0,0,1536,4608,0,0
53,32,10.88,1191,2011,586,1078,202,310,0,0
53,35,0.43,18,36,5,9,5,9,0,0
53,36,1.34,444,946,111,237,111,237,0,0
53,39,5.23,927,1787,390,762,179,341,0,0
53,40,2.77,339,645,85,161,85,161,0,0
53,49,7.46,1772,4336,852,1895,379,885,0,0
53,18,1.71,218,541,44,80,88,300,0,0
53,19,0.03,236,1179,0,0,236,1179,0,0
53,26,7.61,804,1545,450,898,73,125,0,0
53,27,0.94,135,335,135,334,0,0,0,0
53,28,1,33,33,0,0,0,0,0,0
53,33,1,196,393,49,98,49,98,0,0
53,34,3.76,958,1924,153,309,795,1593,0,0
53,50,1.67,131,131,33,33,33,33,0,0
53,56,1,179,538,179,538,0,0,0,0
53,57,3.01,377,726,94,181,94,181,0,0
53,61,0.34,334,669,84,167,84,167,0,0
53,62,2.84,1530,4540,13,26,1491,4462,0,0
53,66,0.57,605,605,0,0,605,605,0,0
53,68,1.02,695,1391,0,0,695,1391,0,0
53,80,5.38,709,1070,334,581,125,163,0,0
53,81,24.81,2823,5624,2055,4183,28,42,0,0
53,89,2.95,1541,3081,161,321,1333,2666,0,0
53,106,9.64,997,1881,423,818,192,355,0,0
53,107,16,1593,2607,721,1152,253,408,0,0
53,119,4.82,1838,4585,0,0,1838,4585,0,0
53,122,1,77,155,19,39,19,39,0,0
53,125,1,33,33,8,8,8,8,0,0
53,126,9.76,2827,7410,49,89,2682,7145,0,0
53,64,1.09,497,988,61,184,313,436,0,0
53,65,1.61,1275,2091,0,0,1275,2091,0,0
53,67,0.32,1427,2854,0,0,1427,2854,0,0
53,82,0.05,14,28,3,7,3,7,0,0
53,83,0.2,54,108,13,27,13,27,0,0
53,87,4.88,1246,2477,339,674,790,1577,0,0
53,88,1.17,448,896,0,0,448,896,0,0
53,98,1,62,62,16,16,16,16,0,0
53,104,4.76,328,581,269,522,16,16,0,0
53,105,0.24,3,3,0,0,0,0,0,0
53,108,1,14,14,3,3,3,3,0,0
53,127,4.13,410,821,46,93,271,542,0,0
54,9,19.64,2818,5580,1341,2668,459,909,0,0
54,10,11.44,3964,9559,297,554,3328,8403,0,0
54,11,7.36,1779,3484,136,254,1526,3033,0,0
54,12,27.7,2822,5657,1928,3938,235,460,0,0
54,13,69.33,6040,11662,4529,8553,970,2029,0,0
54,14,56.01,6928,17051,4515,12799,1965,3788,0,0
54,15,161.59,13884,42640,7581,22856,5301,17173,214,1283
54,16,80.82,8948,29134,4611,14422,1976,5411,941,5408
54,17,12.77,22214,84492,443,834,21580,83383,0,0
54,18,4.65,21029,86960,56,163,20860,86471,0,0
54,19,2.82,8760,41643,28,39,8678,41525,0,0
54,20,2.7,3580,14796,0,0,3580,14796,0,0
54,21,5.04,691,1967,145,379,258,831,0,0
54,22,0.88,277,832,0,0,277,832,0,0
54,26,0.09,14,41,14,41,0,0,0,0
54,27,5.7,1377,2865,69,207,1279,2574,0,0
54,32,11.47,2443,5452,1012,2167,476,1096,0,0
54,33,20.64,2888,7065,973,2534,620,1473,419,1677
54,34,0.24,249,498,0,0,249,498,0,0
54,39,1,22,22,0,0,0,0,0,0
54,40,1,42,42,10,10,10,10,0,0
54,49,2.76,313,666,234,478,26,63,0,0
54,50,5.21,2718,5204,203,347,2393,4729,0,0
54,28,0.33,167,334,0,0,167,334,0,0
54,64,3.9,1146,1782,523,1059,582,615,0,0
54,65,1.82,846,1352,0,0,846,1352,0,0
54,67,0.68,2983,5964,0,0,2983,5964,0,0
54,72,8,3693,7388,1460,2919,745,1489,0,0
54,76,6.46,1078,2152,758,1515,66,131,0,0
54,77,0.54,154,308,37,74,37,74,0,0
54,80,32.58,2843,4670,2327,4081,371,396,0,0
54,81,89.2,6423,12338,4514,8652,769,1545,34,103
54,82,63.06,6977,14691,3117,6861,2421,5201,1,3
54,83,43.36,3662,5763,1964,3667,1085,1188,0,0
54,91,0.04,17,51,0,0,17,51,0,0
54,92,12.95,3321,7160,255,642,2828,6048,0,0
54,93,1,49,98,12,24,12,24,0,0
54,98,6.78,1429,2150,815,1459,197,223,0,0
54,100,8.33,1854,3305,905,1641,317,554,0,0
54,101,10.85,2589,4025,706,1052,608,953,0,0
54,103,1,42,42,10,10,10,10,0,0
54,112,8.83,1885,3682,504,993,1293,2572,0,0
54,126,16.53,2262,4435,1577,3139,603,1192,0,0
54,61,8.7,2813,15964,43,120,2685,15603,0,0
54,62,1.82,549,1098,0,1,548,1095,0,0
54,63,1,768,1535,192,384,192,384,0,0
54,66,3.08,852,1703,213,426,213,426,0,0
54,71,1,169,339,169,339,0,0,0,0
54,84,1.89,214,427,100,199,38,75,0,0
54,99,2.1,870,1741,162,324,162,324,0,0
54,102,0.81,354,354,88,88,88,88,0,0
54,111,0.17,135,270,0,0,135,270,0,0
54,113,1,49,99,0,0,49,99,0,0
54,118,1,167,500,42,125,42,125,0,0
54,127,4,54,54,13,13,13,13,0,0
55,1,7.99,1615,3157,132,247,1218,2417,0,0
55,3,10.92,1137,2207,365,716,430,848,0,0
55,8,6.01,2939,13345,15,75,2894,13121,0,0
55,10,11.28,2016,4035,317,634,1650,3300,0,0
55,11,25.08,2748,5280,1018,2008,1314,2490,0,0
55,12,56.95,4797,10136,4012,8684,62,101,0,0
55,13,13.43,1169,2314,694,1413,305,606,0,0
55,14,45.34,6116,16623,2438,5261,1089,2199,0,0
55,15,111.82,11495,28468,6190,15120,4240,11090,0,0
55,16,96.8,7666,18229,5305,12136,793,2122,0,0
55,17,5.18,14311,51610,46,93,14171,51331,0,0
55,18,2.8,21194,85398,0,0,21194,85398,0,0
55,19,1.76,13280,53122,0,0,13280,53122,0,0
55,20,5.33,3321,11062,190,205,2751,10448,0,0
55,27,3.49,475,951,280,560,91,181,0,0
55,28,3.84,598,1197,186,372,138,275,0,0
55,34,7,1373,2746,276,554,1045,2088,0,0
55,36,1,67,133,17,33,17,33,0,0
55,37,4,398,865,301,619,32,82,0,0
55,39,1.51,145,223,37,56,37,56,0,0
55,2,1.41,116,233,29,58,29,58,0,0
55,4,1.91,199,399,180,360,6,13,0,0
55,7,0.21,261,521,0,0,261,521,0,0
55,24,6.16,315,576,202,389,38,62,0,0
55,25,7.48,1069,2096,568,1125,167,324,0,0
55,40,2.06,199,336,153,290,15,15,0,0
55,60,0.27,175,2269,0,0,175,2269,0,0
55,61,9.49,9406,37189,21,56,9344,37022,0,0
55,62,3.33,5613,23977,2,2,5606,23970,0,0
55,63,13.92,1722,3750,717,1511,559,1194,0,0
55,64,12.92,1374,3110,744,1628,487,1221,0,0
55,65,2,97,97,24,24,24,24,0,0
55,66,4.92,921,1982,366,768,185,405,0,0
55,69,8,2792,5536,305,598,2323,4635,0,0
55,72,2,1306,2109,0,0,1306,2109,0,0
55,77,1,71,142,18,35,18,35,0,0
55,80,24.06,2136,3581,1695,3047,210,223,0,0
55,81,80.55,6553,13292,4440,9074,427,778,223,669
55,82,67.43,6562,15133,3877,8902,814,1672,677,2117
55,83,56.76,5454,10444,3525,5582,243,466,0,0
55,84,8.99,1038,1560,436,742,201,273,47,140
55,98,5.12,680,877,308,495,124,127,0,0
55,99,4.02,1873,3728,516,1026,453,901,0,0
55,100,14,1931,3632,833,1608,351,644,47,95
55,101,3.31,840,1588,162,300,356,688,0,0
55,104,8.38,1054,1768,669,1299,66,95,0,0
55,117,7.82,1102,2528,543,1410,187,372,0,0
55,126,25.08,3460,7821,1573,3172,1687,4391,0,0
55,127,18.84,3203,7110,1313,2953,1418,2851,0,0
55,105,1,288,288,72,72,72,72,0,0
55,116,0.36,21,42,5,10,5,10,0,0
55,118,0.18,35,139,35,139,0,0,0,0
55,122,0.17,74,149,19,37,19,37,0,0
56,1,19.2,2021,4482,1474,3135,174,448,0,0
56,2,2.4,202,382,112,223,23,46,0,0
56,3,28.88,3153,6427,1441,3024,836,1663,0,0
56,4,4.29,363,845,285,686,1,3,0,0
56,7,3.79,1195,2390,155,309,1001,2002,0,0
56,11,3.76,367,706,203,399,111,216,0,0
56,12,4.25,500,946,167,321,296,577,0,0
56,14,20.89,1887,3650,1442,2857,149,264,0,0
56,15,95.87,6915,15851,5525,13027,234,461,0,0
56,16,111.49,8143,16369,5101,10719,1635,3204,0,0
56,17,1.93,3616,14004,125,250,3491,13753,0,0
56,18,1.92,11317,48322,0,0,11317,48322,0,0
56,19,36.02,5180,12734,1257,2610,3280,9015,0,0
56,20,39.02,2982,5660,1904,3957,247,370,0,0
56,21,5,198,299,50,75,50,75,0,0
56,24,2,977,1954,53,107,977,1954,0,0
56,25,0.36,41,81,10,20,10,20,0,0
56,39,22.09,2556,6324,844,1972,462,1168,0,0
56,40,16,1412,2931,779,1702,211,410,0,0
56,50,5.35,494,936,103,193,37,61,0,0
56,13,8.52,913,2735,170,510,403,1209,252,971
56,49,0.65,122,244,122,244,0,0,0,0
56,61,0.54,410,1229,0,0,410,1229,0,0
56,62,10,2737,5777,649,1373,1485,3048,0,0
56,69,1.07,174,348,174,348,0,0,0,0
56,70,0.93,137,274,137,274,0,0,0,0
56,81,23.62,2724,5444,2203,4406,174,346,0,0
56,82,19.64,2379,5191,1293,2398,897,2501,0,0
56,83,46.12,3592,7057,2675,5181,203,431,0,0
56,84,2.39,128,236,33,59,33,59,0,0
56,98,0.52,679,1357,0,0,679,1357,0,0
56,99,1.47,1485,2970,215,431,839,1679,0,0
56,100,5.69,1047,1485,605,716,146,257,0,0
56,104,6.61,1035,2053,625,1244,137,270,0,0
56,116,13.25,4192,8606,549,1098,3526,7273,0,0
56,117,1.38,268,729,41,82,227,648,0,0
56,119,12.01,2225,4150,814,1625,1012,1736,505,1010
56,120,15.74,3731,6858,599,912,2911,5725,0,0
56,122,2.83,497,995,124,249,124,249,0,0
56,125,33.77,2962,5541,2615,4935,137,258,0,0
56,126,62.14,4601,8772,3644,7043,254,465,0,0
56,127,121.38,10903,27296,5651,13185,2176,5161,1018,5090
56,54,4.53,1878,4828,426,1077,1109,3127,0,0
56,76,2.58,1108,2135,277,534,277,534,0,0
56,77,2.81,748,1654,0,0,748,1654,0,0
56,78,2.56,106,213,0,0,106,213,0,0
56,101,2,233,269,206,215,9,18,0,0
56,113,9.63,2121,4339,525,1074,1122,2270,0,0
56,114,1.37,630,1260,0,0,630,1260,0,0
56,124,13.49,2852,4615,2460,3832,130,261,0,0
57,0,2,165,433,103,310,0,0,0,0
57,1,11,759,1474,471,931,31,50,0,0
57,2,8,731,1463,663,1327,23,45,0,0
57,3,11.56,806,1642,240,548,320,627,0,0
57,4,6.44,1037,2115,459,958,578,1156,0,0
57,6,0.17,29,58,7,14,7,14,0,0
57,7,0.83,141,281,35,70,35,70,0,0
57,12,1,31,31,8,8,8,8,0,0
57,13,11.41,1014,1955,649,1280,122,225,0,0
57,14,28.68,2553,5044,1984,4114,210,357,0,0
57,15,36.39,2025,3380,1277,2435,194,245,0,0
57,16,87.24,5889,12040,4352,9272,662,1264,0,0
57,17,32.05,7312,16911,1911,3126,3933,11665,0,0
57,18,10.88,2204,4958,370,592,1528,4044,0,0
57,19,80.24,5906,11447,4437,9171,412,625,0,0
57,20,68.84,5817,11264,3296,6490,651,1251,0,0
57,21,6,198,235,49,58,49,58,0,0
57,35,1,58,58,0,0,0,0,0,0
57,37,5.21,926,1974,343,719,193,418,0,0
57,38,3.14,489,978,190,380,72,144,0,0
57,39,0.11,46,137,11,34,11,34,0,0
57,40,0.23,90,181,23,45,23,45,0,0
57,48,12.14,2633,5151,655,1327,1021,1998,0,0
57,49,6.2,1218,2800,643,1662,191,379,0,0
57,50,1.66,506,1376,143,285,0,0,0,0
57,44,5.98,854,1676,427,845,142,277,0,0
57,54,0.47,844,2531,0,0,844,2531,0,0
57,76,0.42,740,1480,185,370,185,370,0,0
57,77,9.94,3311,8735,55,148,3145,8292,0,0
57,78,1.68,438,1042,108,254,116,279,0,0
57,82,22.19,3176,4275,2631,3236,490,977,0,0
57,83,35.53,2901,5476,2764,5312,25,35,0,0
57,84,4.06,216,291,73,111,48,60,0,0
57,87,3.03,1402,2843,295,598,421,852,0,0
57,91,2.92,1959,3919,105,210,1644,3288,0,0
57,92,2.37,995,1990,103,205,688,1374,0,0
57,95,5.95,1043,2034,579,1144,155,296,0,0
57,113,0.85,359,1077,0,0,359,1077,0,0
57,114,0.14,59,177,0,0,59,177,0,0
57,120,2.27,1072,2144,0,0,1072,2144,0,0
57,124,24.27,3378,6734,3240,6360,46,124,0,0
57,125,67.01,6085,10750,5550,9922,119,185,0,0
57,126,59.24,6457,13097,5707,11577,415,996,0,0
57,127,131.66,8920,19957,5731,13795,1428,3430,0,0
57,66,5.97,928,1833,325,644,506,1006,0,0
57,72,2.23,1021,2041,131,261,629,1258,0,0
57,86,1.82,1374,2748,0,0,1374,2748,0,0
57,93,7.56,1846,3558,593,1152,773,1512,0,0
57,94,1.05,120,241,39,77,27,55,0,0
57,105,1,35,70,9,18,9,18,0,0
57,116,2,406,812,250,501,0,0,0,0
57,119,1,596,596,0,0,596,596,0,0
58,11,0.46,28,28,7,7,7,7,0,0
58,12,11.75,1148,2086,642,1173,96,172,0,0
58,13,37.72,2654,5250,2419,4830,70,133,0,0
58,14,41.66,3436,6989,3064,6343,91,163,0,0
58,15,33.85,6385,10646,4556,7368,610,1093,0,0
58,16,42.08,4151,7987,3141,6075,354,690,0,0
58,17,49.71,6265,16009,2379,4884,3576,10635,0,0
58,18,51.4,6978,16206,3271,5838,3437,9956,0,0
58,19,67.16,5371,9179,4551,8040,277,377,0,0
58,20,15.29,1040,1647,785,1371,43,50,0,0
58,37,5.72,826,1635,382,723,148,304,0,0
58,38,9.93,2398,7308,770,2153,534,1701,27,53
58,44,8.02,1169,2362,417,961,251,467,0,0
58,48,0.01,2,2,1,1,1,1,0,0
58,6,1.02,376,753,0,0,376,753,0,0
58,36,1.5,259,518,65,130,65,130,0,0
58,66,6.47,4219,8438,133,266,3857,7715,0,0
58,67,1.85,339,678,339,678,0,0,0,0
58,68,1,206,412,206,412,0,0,0,0
58,72,16.75,4472,7730,873,1703,2634,4188,0,0
58,82,12.06,4098,8624,366,549,3419,7398,0,0
58,86,4,1318,2575,119,223,961,1906,0,0
58,87,4.16,1766,4229,234,643,1063,2299,0,0
58,91,1.08,170,340,163,326,2,5,0,0
58,92,1,182,546,182,546,0,0,0,0
58,93,1.07,76,151,66,133,3,6,0,0
58,101,4.56,1958,3915,490,978,490,978,0,0
58,102,3.44,500,1001,276,553,75,149,0,0
58,119,2,1239,1863,0,0,1239,1863,0,0
58,124,19.25,1945,3686,1858,3544,17,24,0,0
58,125,62.32,5746,10389,5310,9666,74,118,0,0
58,126,48.23,4468,9089,3926,8045,153,319,0,0
58,127,88.96,5498,10128,3703,6909,496,946,0,0
58,71,0.98,494,988,123,247,123,247,0,0
59,6,8.15,3214,6612,236,458,2506,5238,0,0
59,11,4.4,1124,2249,406,813,442,885,0,0
59,12,3.45,350,503,166,318,13,13,0,0
59,13,28.03,2919,5816,2866,5727,18,30,0,0
59,14,52.01,5840,12735,5525,12163,44,81,0,0
59,15,77.21,6378,13678,5988,12973,67,122,0,0
59,16,110.59,4890,11080,4512,10365,96,186,0,0
59,17,22.67,2317,4447,1109,2001,1064,2116,0,0
59,18,1.84,307,606,94,186,208,414,0,0
59,19,5.55,821,1603,778,1516,14,29,0,0
59,20,1.95,67,170,13,38,13,38,0,0
59,23,2,263,737,244,718,7,7,0,0
59,36,1.5,941,1881,235,470,235,470,0,0
59,37,16,1066,3040,561,1261,341,1440,0,0
59,39,8,740,2020,374,1073,122,316,0,0
59,51,7,1378,2976,611,1444,184,368,0,0
59,3,1.6,180,305,125,249,0,0,0,0
59,10,1,132,397,132,397,0,0,0,0
59,21,1,73,73,18,18,18,18,0,0
59,26,1.87,537,1075,159,318,11,23,0,0
59,34,2.94,343,695,298,606,6,12,0,0
59,35,0.97,289,867,289,867,0,0,0,0
59,40,0.44,7,7,2,2,2,2,0,0
59,41,4.12,379,894,292,767,29,42,0,0
59,66,1.71,899,1799,122,244,533,1067,0,0
59,72,1.9,1083,2158,5,9,1074,2146,0,0
59,73,2.14,333,666,163,326,169,337,0,0
59,82,9.55,2650,3743,462,1151,2183,2588,0,0
59,106,1,147,294,147,294,0,0,0,0
59,107,11.4,2539,4756,519,865,1315,2581,0,0
59,108,0.6,318,637,0,0,318,637,0,0
59,112,5.11,486,972,319,637,55,112,0,0
59,113,6.88,725,1432,256,509,156,308,0,0
59,119,5.84,1215,2482,236,453,819,1749,0,0
59,123,4,540,1080,389,777,37,72,0,0
59,124,5.99,654,1287,518,1032,45,85,0,0
59,125,7.58,839,1350,799,1310,13,13,0,0
59,126,40.45,3643,7187,3465,6910,46,70,0,0
59,127,22.45,2338,4237,1840,3263,179,351,0,0
59,57,1,12,12,3,3,3,3,0,0
59,58,7,738,1474,411,821,84,168,0,0
59,86,3,250,501,241,481,3,7,0,0
59,120,0.4,56,111,56,111,0,0,0,0
60,2,13,1402,2494,629,1206,223,395,0,0
60,3,16.4,2220,3942,1805,3210,115,220,0,0
60,4,1,21,21,21,21,0,0,0,0
60,5,0.12,32,63,0,0,32,63,0,0
60,6,15.7,2049,4024,763,1508,969,1920,0,0
60,10,1,30,30,7,7,7,7,0,0
60,11,12.35,5604,11324,415,829,4728,9575,0,0
60,12,0.24,212,636,0,0,212,636,0,0
60,14,11.45,1678,3884,1481,3491,56,112,0,0
60,15,64.97,5548,9879,5319,9552,55,89,0,0
60,16,35.59,3101,6146,2994,5986,21,40,0,0
60,17,11.1,1024,2219,497,1254,296,599,0,0
60,20,6,2630,7855,127,371,2486,7448,0,0
60,26,2.13,208,399,145,286,4,4,0,0
60,33,3.99,469,939,368,736,20,40,0,0
60,34,0.11,32,64,32,64,0,0,0,0
60,35,1,34,103,9,26,9,26,0,0
60,36,4,264,421,184,341,27,27,0,0
60,37,4.86,432,751,368,635,21,39,0,0
60,38,0.14,16,30,16,30,0,0,0,0
60,41,2.43,78,127,56,105,7,7,0,0
60,0,5,2036,4843,409,817,1458,3686,0,0
60,7,0.67,78,234,0,0,0,0,0,0
60,8,1,211,422,211,422,0,0,0,0
60,21,1,120,361,30,90,30,90,0,0
60,40,3,187,522,126,371,20,50,0,0
60,42,6.96,787,1414,668,1184,40,77,0,0
60,43,8.47,1062,2363,425,910,212,485,0,0
60,50,0.04,53,105,0,0,53,105,0,0
60,56,10,3678,7792,433,974,2380,4870,0,0
60,58,3.07,1860,3143,381,618,1184,2224,0,0
60,59,1.93,223,445,61,121,54,109,0,0
60,62,4,649,1471,322,847,109,208,0,0
60,82,11.44,1066,1959,718,1400,81,118,0,0
60,109,1,75,149,19,37,19,37,0,0
60,113,2,553,1107,149,297,87,173,0,0
60,119,4.77,2327,6024,144,287,2112,5599,0,0
60,54,5.27,1448,2848,385,758,248,484,0,0
60,63,1,174,348,43,87,43,87,0,0
60,67,1.72,809,1317,82,88,564,1053,0,0
60,71,3,1051,3111,263,778,263,778,0,0
60,81,2,78,140,20,35,20,35,0,0
60,90,3.26,1102,2153,128,242,949,1884,0,0
60,101,1,7,7,2,2,2,2,0,0
60,107,3.99,1622,3245,374,748,374,748,0,0
60,122,1,258,516,258,516,0,0,0,0
60,123,0.03,7,14,2,3,2,3,0,0
61,0,5,489,866,463,811,8,18,0,0
61,3,1.01,41,41,11,11,9,9,0,0
61,4,1,234,469,59,117,59,117,0,0
61,7,2.91,567,1491,495,1242,0,0,0,0
61,15,25.13,4572,8824,1171,2308,2657,5409,0,0
61,24,3.35,654,1223,487,953,56,90,0,0
61,31,12.48,1315,2430,646,1281,150,290,0,0
61,36,24.04,2640,4360,2311,3968,110,131,0,0
61,37,12.95,1405,2777,1188,2367,26,42,0,0
61,38,2.55,291,582,122,245,0,0,0,0
61,40,1,51,101,13,25,13,25,0,0
61,42,1.8,91,182,74,148,6,11,0,0
61,43,4.78,425,693,331,507,31,62,0,0
61,47,8.44,3637,8016,132,232,3239,7317,0,0
61,49,0.92,43,43,11,11,11,11,0,0
61,50,26.05,6584,12923,599,1198,5434,10627,0,0
61,51,0.66,208,208,52,52,52,52,0,0
61,1,18,1098,1444,954,1252,48,64,0,0
61,6,8.42,792,1644,582,1317,70,109,0,0
61,14,12.12,1130,2840,898,2422,77,139,0,0
61,17,0.92,207,271,58,116,146,148,0,0
61,18,0.01,1,2,1,2,0,0,0,0
61,25,7.63,1494,2842,502,967,860,1684,0,0
61,32,1.24,107,214,22,43,22,43,0,0
61,48,4.53,665,1236,317,631,250,498,0,0
61,52,0.34,108,108,27,27,27,27,0,0
61,54,2.73,372,692,96,183,54,100,0,0
61,66,8.61,1593,2804,701,1318,280,477,0,0
61,67,6.92,1549,3248,411,860,540,1119,0,0
61,70,1.85,395,790,188,375,69,138,0,0
61,71,2.15,1035,2681,12,24,999,2609,0,0
61,81,15.01,5206,10949,781,1973,4025,8089,0,0
61,82,23.2,1850,3521,1404,2770,57,77,0,0
61,83,2.55,301,528,189,377,0,0,0,0
61,84,1,715,2146,0,0,715,2146,0,0
61,85,7,1832,3640,229,452,1476,2946,0,0
61,90,3.74,1018,2922,266,755,439,1100,0,0
61,107,8.01,1375,2495,578,1093,265,467,0,0
61,108,5.99,983,1949,520,1036,154,304,0,0
61,109,2.01,230,459,59,118,57,114,0,0
61,120,1,12,12,3,3,3,3,0,0
61,122,14.09,4539,7912,146,286,4091,7045,0,0
61,123,2.49,467,925,281,562,59,117,0,0
61,92,0.15,55,109,14,27,14,27,0,0
61,93,0.66,171,342,144,288,9,18,0,0
61,114,0.44,507,1014,0,0,507,1014,0,0
61,115,0.09,104,207,0,0,104,207,0,0
61,121,0.4,890,1781,0,0,890,1781,0,0
62,0,32.08,3369,7575,1301,2872,637,1303,480,1440
62,1,83.78,5357,10044,3084,6234,670,1166,0,0
62,4,1,70,70,17,17,17,17,0,0
62,14,1.14,65,130,18,35,9,19,0,0
62,15,5.18,1262,2646,212,424,471,1063,0,0
62,17,24.95,7301,11488,1316,2479,4906,6885,0,0
62,18,14.99,1570,3020,1235,2353,105,217,0,0
62,24,4,383,774,310,634,10,34,0,0
62,25,6.02,865,1460,39,67,753,1269,0,0
62,31,25.28,3141,6019,1634,3227,437,834,0,0
62,32,4.09,1088,1990,538,895,183,365,0,0
62,35,2.68,147,268,24,42,24,42,0,0
62,36,101.25,8072,18491,4604,10126,885,1858,449,2245
62,37,85.12,6326,13450,4964,10981,309,501,0,0
62,38,36.41,3268,6581,2552,5191,220,432,0,0
62,39,16.39,1786,3442,927,1774,178,346,0,0
62,40,1,29,29,7,7,7,7,0,0
62,42,3,313,643,91,186,14,33,0,0
62,43,9,815,1828,362,964,130,268,0,0
62,45,0.86,618,1757,0,0,618,1757,0,0
62,46,1.14,672,1593,0,0,672,1593,0,0
62,47,13.1,4790,11841,511,932,3968,10324,0,0
62,48,0.93,349,682,34,45,299,600,0,0
62,49,2,31,50,3,3,3,3,0,0
62,2,15.59,1564,3070,731,1448,209,403,0,0
62,3,1,32,96,8,24,8,24,0,0
62,7,2.48,268,535,144,289,25,50,0,0
62,8,2.54,145,258,56,104,8,8,0,0
62,16,1.4,626,1148,104,104,522,1043,0,0
62,23,0.46,279,558,0,0,279,558,0,0
62,30,8.6,801,1802,360,930,147,290,0,0
62,33,1.48,111,111,79,79,0,0,0,0
62,66,8.39,1340,2636,397,783,314,618,0,0
62,67,12.35,1440,2765,527,1025,293,556,0,0
62,76,1,42,42,11,11,11,11,0,0
62,77,7,670,1207,319,617,100,180,0,0
62,82,16.22,2553,6197,512,952,1757,4744,0,0
62,83,1,463,463,0,0,463,463,0,0
62,92,2.3,490,1364,80,214,250,723,0,0
62,93,11.48,1643,3132,1202,2387,84,153,0,0
62,100,2.08,250,323,63,81,63,81,0,0
62,101,4.93,1441,1644,513,716,310,310,0,0
62,110,5,336,657,291,578,15,26,0,0
62,111,2,302,603,219,437,28,55,0,0
62,114,0.01,13,25,0,0,13,25,0,0
62,115,3.87,2636,5110,0,0,2636,5110,0,0
62,116,9.59,2011,4102,434,866,1268,2622,0,0
62,125,9.68,1869,3580,129,217,1591,3141,0,0
62,126,4.63,1258,2518,645,1289,430,859,0,0
62,57,1.96,2644,12196,0,0,2644,12196,0,0
62,58,1,51,51,0,0,0,0,0,0
62,78,1,299,896,0,0,299,896,0,0
62,79,0.43,116,231,29,58,29,58,0,0
62,99,0.04,21,42,5,10,5,10,0,0
62,105,0.34,92,276,92,276,0,0,0,0
62,118,1,258,773,0,0,258,773,0,0
63,0,8.22,995,1889,877,1772,39,39,0,0
63,1,33.14,2671,4771,2072,3775,129,222,0,0
63,2,25.94,1975,3690,1792,3427,61,88,0,0
63,7,4.98,302,404,191,217,25,50,0,0
63,8,3,451,874,237,467,71,136,0,0
63,15,6.52,1421,2645,361,673,617,1185,0,0
63,16,0.72,671,1342,0,0,671,1342,0,0
63,17,1.01,144,288,8,16,121,241,0,0
63,18,14.71,1438,2708,1153,2235,29,46,0,0
63,19,6.48,697,1343,634,1256,21,29,0,0
63,23,1.54,646,1291,80,161,404,809,0,0
63,30,8.4,1994,3483,489,861,489,861,0,0
63,32,4.99,294,674,268,557,9,39,0,0
63,33,34.89,2412,4521,1939,3756,111,173,0,0
63,34,3.66,360,722,263,525,1,3,0,0
63,35,12.18,767,1479,565,1124,29,53,0,0
63,36,91.21,7563,17259,4355,9555,1315,2975,291,1454
63,37,43.03,3886,9379,1655,3851,195,317,0,0
63,38,80.83,5626,9723,4482,7551,185,296,0,0
63,39,8.13,732,1464,622,1243,3,5,0,0
63,45,0.22,168,336,0,0,168,336,0,0
63,46,7.78,1290,2707,294,618,736,1503,0,0
63,6,3,497,1184,402,995,32,63,0,0
63,20,3.25,413,857,201,345,6,41,0,0
63,21,1.51,139,139,103,103,12,12,0,0
63,27,3.12,453,885,143,280,103,202,0,0
63,28,3.88,290,520,179,358,17,33,0,0
63,55,1,19,57,5,14,5,14,0,0
63,56,2.77,7140,14166,8,17,7116,14116,0,0
63,57,0.28,131,514,0,0,131,514,0,0
63,78,1,72,144,18,36,18,36,0,0
63,79,17.93,3603,9052,767,1555,2404,6597,0,0
63,80,1.77,267,536,242,486,8,17,0,0
63,82,5.37,585,1484,151,382,144,368,0,0
63,83,9.65,1151,2128,436,828,239,434,0,0
63,92,2,424,1108,229,523,65,195,0,0
63,93,5.41,742,1415,149,297,369,670,0,0
63,98,4.99,1016,2032,302,605,410,820,0,0
63,99,10.75,3357,6569,986,1937,790,1543,0,0
63,100,1.2,575,1151,144,288,144,288,0,0
63,105,2.66,948,2040,373,919,192,374,0,0
63,109,2,310,621,310,621,0,0,0,0
63,110,5,531,1040,241,477,96,188,0,0
63,120,5,868,1723,249,494,91,179,0,0
63,125,0.68,133,265,0,0,133,265,0,0
63,62,1,34,68,8,17,8,17,0,0
63,114,5.52,406,481,0,0,406,481,0,0
64,3,7.15,1729,2928,995,1546,200,400,0,0
64,6,4.99,1469,3674,761,1705,235,656,0,0
64,7,6.89,1096,2191,673,1347,140,282,0,0
64,18,3.81,329,619,282,563,3,6,0,0
64,19,8,1877,4131,188,390,1542,3415,0,0
64,20,2.24,288,512,186,186,0,0,0,0
64,27,3.86,1876,2785,138,263,1711,2495,0,0
64,28,0.14,149,149,0,0,149,149,0,0
64,29,6.26,373,791,233,476,46,104,0,0
64,30,10.54,3118,6215,545,1086,2267,4529,0,0
64,31,2.21,258,486,4,4,232,460,0,0
64,33,2.52,183,380,37,77,33,69,0,0
64,34,0.01,1,2,0,0,0,0,0,0
64,35,12,929,1591,835,1477,31,38,0,0
64,36,22.31,2097,3882,1234,2360,209,400,0,0
64,37,19.89,1694,2179,1428,1864,89,106,0,0
64,38,33.65,2653,5111,2116,4199,94,176,0,0
64,39,1,25,25,6,6,6,6,0,0
64,40,13,1501,2755,522,983,326,591,0,0
64,42,7,878,1850,248,658,63,103,0,0
64,51,1,19,19,5,5,5,5,0,0
64,2,2.84,618,931,154,233,154,233,0,0
64,32,6.15,806,1451,537,1035,61,81,0,0
64,46,2.61,450,901,113,225,113,225,0,0
64,55,4,438,1091,236,687,22,43,0,0
64,56,13.14,4864,9656,1216,2414,1216,2414,0,0
64,61,17,2408,5223,713,1774,1192,2405,0,0
64,66,4,1805,3612,463,927,1342,2685,0,0
64,79,4.87,950,1900,167,334,567,1132,0,0
64,98,4.01,996,1884,250,473,248,470,0,0
64,113,7.03,1668,3812,278,523,1096,2764,0,0
64,114,13.46,3891,7408,0,0,3772,7171,0,0
64,127,10.02,827,1635,514,1022,104,204,0,0
64,52,2.15,274,541,68,135,68,135,0,0
64,53,8.26,1299,2986,549,1204,237,581,0,0
64,63,4,440,837,278,546,54,97,0,0
64,64,4,149,241,99,191,7,7,0,0
65,2,2,205,409,176,352,10,19,0,0
65,3,2.92,774,1918,184,457,225,548,0,0
65,4,8.56,5079,12664,121,273,4716,11845,0,0
65,7,4.11,705,1331,336,652,123,226,0,0
65,14,1,11,11,3,3,3,3,0,0
65,17,1,59,59,15,15,15,15,0,0
65,32,2.19,724,1090,199,308,89,89,0,0
65,35,0.09,11,22,3,6,3,6,0,0
65,36,8.69,881,1714,636,1222,82,164,0,0
65,37,12.65,1138,1628,920,1171,66,137,0,0
65,38,10.2,1211,2349,890,1774,90,174,0,0
65,40,1,17,17,4,4,4,4,0,0
65,46,20.11,2944,6089,676,1422,987,2042,0,0
65,19,7.63,1438,3923,302,621,1037,3107,0,0
65,30,12.26,1214,2609,444,876,413,1048,0,0
65,34,1,46,228,11,57,11,57,0,0
65,43,2,46,46,11,11,11,11,0,0
65,48,4,224,427,133,261,16,27,0,0
65,53,2.59,187,475,174,455,4,6,0,0
65,55,8,926,1899,458,970,156,310,0,0
65,56,0.86,547,1094,137,274,137,274,0,0
65,58,1,37,75,37,75,0,0,0,0
65,71,8,1514,2697,584,1086,302,522,0,0
65,74,5,972,1799,458,880,171,307,0,0
65,80,1,35,35,0,0,0,0,35,35
65,81,1,21,42,5,10,5,10,0,0
65,97,2.65,1835,3668,148,296,1577,3154,0,0
65,102,1,43,130,11,32,11,32,0,0
65,103,3,663,1327,272,544,131,261,0,0
65,108,7.07,1146,2917,462,914,547,1621,0,0
65,113,3,259,259,214,214,15,15,0,0
65,114,1,63,63,63,63,0,0,0,0
65,118,13,2199,4297,805,1579,994,1972,28,55
65,54,1.01,142,284,142,284,0,0,0,0
65,62,4,257,434,183,345,25,30,0,0
65,70,1,106,212,106,212,0,0,0,0
65,96,0.04,96,192,0,0,96,192,0,0
65,107,1.78,731,731,0,0,731,731,0,0
65,109,1,190,381,0,0,190,381,0,0
65,117,1,106,212,27,53,27,53,0,0
65,119,3,1979,3958,0,0,1979,3958,0,0
66,3,1,111,222,111,222,0,0,0,0
66,4,3.52,663,1763,494,1424,57,113,0,0
66,19,16.37,2489,5886,1284,2702,1050,2954,0,0
66,30,7.7,3352,6569,114,215,3012,5925,0,0
66,37,29.55,3940,7858,1514,3007,1946,4000,0,0
66,38,14.33,1418,3203,1215,2794,44,82,0,0
66,45,9.58,1052,1744,511,684,181,354,0,0
66,46,13.93,1470,2788,368,697,368,697,0,0
66,51,1.04,57,229,7,36,35,121,0,0
66,20,4,212,379,168,333,3,4,0,0
66,21,4,855,1790,466,1014,129,259,0,0
66,24,1,36,72,9,18,9,18,0,0
66,40,3,432,1215,379,1108,18,36,0,0
66,44,0.8,21,21,5,5,5,5,0,0
66,48,4,130,219,85,160,10,10,0,0
66,52,11.15,8524,23475,0,0,8524,23475,0,0
66,53,11.44,1841,4095,626,1701,891,1794,0,0
66,54,10.48,1526,3292,445,957,300,658,0,0
66,61,4,398,796,292,584,35,71,0,0
66,62,6,1754,4678,415,832,1195,3559,0,0
66,79,1,95,95,24,24,24,24,0,0
66,81,13,1432,3159,818,1829,136,305,0,0
66,97,3.31,1406,3040,87,232,1144,2345,0,0
66,107,0.22,86,86,0,0,86,86,0,0
66,108,5.16,2138,2887,0,0,2138,2887,0,0
66,55,1,17,86,4,22,4,22,0,0
66,56,1,17,85,4,21,4,21,0,0
67,19,1,99,99,0,0,0,0,0,0
67,20,0.49,35,35,0,0,0,0,0,0
67,21,7.5,764,1367,630,1135,6,12,0,0
67,30,0.04,8,8,2,2,2,2,0,0
67,32,6.26,3423,6677,234,458,3107,6135,0,0
67,33,0.74,202,202,0,0,202,202,0,0
67,37,19.89,2249,4282,1482,3049,495,889,0,0
67,38,0.95,235,235,59,59,59,59,0,0
67,39,1.31,417,834,104,208,104,208,0,0
67,40,3.69,744,1486,237,474,169,337,0,0
67,41,1,30,90,30,90,0,0,0,0
67,44,3.2,313,313,296,296,6,6,0,0
67,45,1.5,143,286,36,72,36,72,0,0
67,46,1.26,507,1014,127,254,127,254,0,0
67,51,22.18,2058,5933,373,791,1404,4479,0,0
67,5,1,76,76,19,19,19,19,0,0
67,6,2.64,688,1633,688,1633,0,0,0,0
67,10,0.6,68,136,68,136,0,0,0,0
67,11,6.16,1958,3916,336,671,1409,2817,0,0
67,52,70.81,9312,20264,2727,5698,5519,12451,0,0
67,53,18.76,7599,19109,185,365,7136,18197,0,0
67,54,2.44,1631,3888,311,778,698,1551,0,0
67,57,3,1390,1390,0,0,1390,1390,0,0
67,62,2,388,1039,190,446,66,198,0,0
67,63,1,28,112,7,28,7,28,28,112
67,79,2,279,558,171,340,36,72,0,0
67,96,4,753,1506,170,337,564,1129,0,0
67,101,10.49,4953,12992,336,810,3951,10566,0,0
67,108,5.76,1632,3100,265,529,835,1506,0,0
67,109,1,519,1037,0,0,519,1037,0,0
67,117,2.75,1034,2070,246,493,788,1577,0,0
67,58,5.38,617,1015,344,673,37,60,0,0
67,73,5,1605,4183,385,759,1089,3190,0,0
67,102,3.69,1049,2083,342,668,185,369,0,0
67,105,1,25,75,6,19,6,19,0,0
67,112,4.71,1017,3302,416,1446,98,310,0,0
67,116,0.25,107,213,0,0,107,213,0,0
67,124,1.16,328,656,266,533,62,123,0,0
67,125,1.84,689,1379,0,0,689,1379,0,0
68,2,3,515,987,405,799,37,63,0,0
68,5,2.06,268,535,80,160,63,125,0,0
68,6,0.3,83,165,83,165,0,0,0,0
68,11,2.24,848,1696,50,101,697,1394,0,0
68,16,7,2821,5536,201,402,1691,3276,0,0
68,19,4.98,3425,5693,63,139,3237,5277,0,0
68,23,3.04,1868,3736,0,0,1868,3736,0,0
68,27,2,73,73,10,10,10,10,0,0
68,28,28.97,2509,5378,1491,3421,319,591,0,0
68,31,4.05,341,649,183,359,8,8,0,0
68,32,4.95,431,747,231,433,67,105,0,0
68,34,0.92,903,1808,0,0,903,1808,0,0
68,38,1,336,671,84,168,84,168,0,0
68,46,2.42,683,1630,171,408,171,408,0,0
68,48,2.46,1138,2155,285,539,285,539,0,0
68,51,14.44,1275,2925,518,1024,323,905,0,0
68,3,2,835,1552,717,1434,0,0,0,0
68,20,3.23,812,1623,174,348,597,1193,0,0
68,24,8.31,932,1772,585,1145,116,208,0,0
68,25,0.12,41,82,41,82,0,0,0,0
68,29,0.03,3,7,1,2,1,2,0,0
68,33,6.85,2117,3714,127,255,1983,3444,0,0
68,40,3,472,921,180,354,6,6,0,0
68,41,1,126,251,31,63,31,63,0,0
68,45,5.33,856,1864,355,705,167,387,0,0
68,49,6.42,807,1494,202,373,202,373,0,0
68,52,20.48,1536,2976,1036,2053,120,215,0,0
68,53,16.54,1790,3579,1304,2610,147,296,0,0
68,54,0.24,113,226,28,57,28,57,0,0
68,57,0.44,53,106,53,106,0,0,0,0
68,58,6.18,999,2669,130,258,743,2165,0,0
68,59,11,1600,3089,274,520,1225,2422,0,0
68,73,2,2070,3531,0,0,2070,3531,0,0
68,85,17,3405,6932,267,742,3032,5989,0,0
68,88,1,58,115,14,29,14,29,0,0
68,101,15.42,2688,4432,1075,1924,518,817,0,0
68,102,5.4,538,802,273,301,38,65,0,0
68,112,9.3,1640,4030,121,294,1276,3147,0,0
68,117,16.93,6306,12515,3,3,6296,12505,0,0
68,55,0.74,74,148,59,118,5,10,0,0
68,63,2,872,1743,0,0,872,1743,0,0
68,64,0.14,18,36,5,9,5,9,0,0
68,66,6,435,1215,311,921,31,76,0,0
68,71,1,35,70,9,17,9,17,0,0
68,89,0.34,150,150,0,0,150,150,0,0
68,113,2,891,1781,58,116,717,1435,0,0
69,13,4,204,361,189,331,5,10,0,0
69,14,2,38,38,24,24,5,5,0,0
69,16,2,80,80,20,20,20,20,0,0
69,19,8.85,2836,5366,482,890,1612,3151,0,0
69,20,8.14,708,1283,557,1113,7,13,0,0
69,23,5.01,1420,2798,198,403,1064,2136,0,0
69,24,26.73,3667,7107,1590,3156,509,992,0,0
69,25,1.77,85,146,21,37,21,37,0,0
69,28,4.81,265,560,201,407,22,51,0,0
69,33,9.23,1144,2373,574,1169,360,741,0,0
69,45,0.25,19,19,19,19,0,0,0,0
69,48,3.77,877,2282,219,570,219,570,0,0
69,49,11.79,1672,3213,760,1487,305,575,0,0
69,50,5.74,640,1272,283,444,81,162,0,0
69,51,11.26,623,1373,191,366,80,143,0,0
69,5,1.46,656,1312,512,1024,0,0,0,0
69,31,6.91,596,1014,535,853,16,50,0,0
69,32,7.71,663,1376,375,764,50,113,0,0
69,34,4.08,172,412,110,237,21,58,0,0
69,36,3,530,950,151,275,28,28,0,0
69,37,0.82,195,389,0,0,0,0,0,0
69,38,1.18,408,816,364,729,0,0,0,0
69,46,1,171,342,43,85,43,85,0,0
69,55,4.26,325,661,116,235,13,28,0,0
69,63,0.11,58,117,0,0,58,117,0,0
69,64,4.75,914,1828,227,454,549,1098,0,0
69,65,0.16,61,122,11,22,29,58,0,0
69,66,7.84,2677,5754,186,357,2117,4682,0,0
69,70,7.86,3327,10014,625,1697,1947,5911,0,0
69,76,1,29,57,7,14,7,14,0,0
69,89,5.65,1235,1619,340,672,845,862,0,0
69,90,10.31,1845,3645,364,715,984,1955,0,0
69,108,5,1767,3515,479,953,1037,2069,0,0
69,113,2,281,562,200,399,27,55,0,0
69,117,27.07,4415,8893,855,1699,3422,6938,0,0
69,62,4.74,1287,3293,168,504,782,1782,0,0
69,67,0.01,9,19,0,0,9,19,0,0
69,115,2.52,463,909,64,123,194,383,0,0
69,116,2.65,568,1137,222,444,115,231,0,0
69,122,2.54,1157,2314,0,0,1157,2314,0,0
69,123,0.85,241,482,0,0,241,482,0,0
70,5,2.54,267,436,24,24,24,24,0,0
70,14,2,315,630,79,158,79,158,0,0
70,19,18.53,1609,2844,1394,2460,72,128,0,0
70,20,37.16,2714,5012,1938,3785,233,374,0,0
70,28,21.39,2125,4275,1066,2082,496,1161,0,0
70,31,8.09,808,1731,417,863,131,289,0,0
70,32,1.29,171,343,128,255,0,0,0,0
70,34,18.56,2187,4115,1354,2644,278,490,0,0
70,35,1.36,290,580,73,145,73,145,0,0
70,49,4.57,698,1280,203,377,67,105,0,0
70,50,7,669,1213,329,649,56,103,0,0
70,51,2,228,456,57,114,57,114,0,0
70,11,2.98,186,328,109,145,26,61,0,0
70,21,1.91,587,1155,142,284,142,284,0,0
70,27,1.8,1212,3637,0,0,1212,3637,0,0
70,53,5.81,500,907,299,586,52,92,0,0
70,54,5.19,855,1595,369,710,161,294,0,0
70,62,9.26,3753,10196,856,2326,1579,4025,0,0
70,63,1,3,3,1,1,1,1,0,0
70,67,0.99,1322,2645,0,0,1322,2645,0,0
70,70,0.13,123,491,31,123,31,123,0,0
70,90,1.69,66,169,9,27,9,27,0,0
70,102,4,444,874,261,518,28,53,0,0
70,106,8.96,1860,3718,265,530,1226,2453,0,0
70,108,3,586,993,276,378,103,205,0,0
70,113,1,28,28,0,0,0,0,0,0
70,115,8.63,1189,2295,364,723,648,1292,0,0
70,122,0.46,573,1146,0,0,573,1146,0,0
70,123,11.15,2836,5623,432,864,2269,4535,0,0
70,127,2,292,584,272,543,0,0,0,0
70,55,1,378,756,378,756,0,0,0,0
70,56,2.24,1081,2794,0,0,1081,2794,0,0
70,57,1,147,294,147,294,0,0,0,0
70,74,3.99,690,1260,388,746,101,171,0,0
70,75,0.01,2,5,2,5,0,0,0,0
70,79,3.4,814,1250,17,34,763,1148,0,0
70,94,1,452,903,0,0,452,903,0,0
70,105,2.45,352,705,297,595,18,37,0,0
70,107,0.59,378,757,93,187,98,197,0,0
70,109,1,89,179,89,179,0,0,0,0
70,116,0.2,23,46,0,0,0,0,0,0
70,126,3.36,315,621,292,586,4,9,0,0
71,2,6.85,4181,10078,161,321,4021,9757,0,0
71,3,1,148,296,148,296,0,0,0,0
71,11,1.02,11,28,3,7,3,7,0,0
71,20,24.22,2265,4613,1365,2858,293,579,0,0
71,21,4,346,592,271,518,25,25,0,0
71,27,1,1563,3125,0,0,1563,3125,0,0
71,48,3.04,1364,2747,2,5,1357,2733,0,0
71,9,5.22,382,722,164,317,28,46,0,0
71,12,0.31,24,29,10,15,5,5,0,0
71,13,2.69,190,261,85,157,14,14,0,0
71,17,0.58,154,308,154,308,0,0,0,0
71,26,1,27,55,7,14,7,14,0,0
71,28,0.31,110,305,28,76,28,76,0,0
71,41,1.99,89,152,3,6,0,0,0,0
71,42,3.01,702,1056,440,793,87,87,0,0
71,43,2.34,144,288,66,132,26,52,0,0
71,47,0.96,508,1523,0,0,508,1523,0,0
71,50,0.38,121,241,30,60,30,60,0,0
71,55,1,11,11,3,3,3,3,0,0
71,56,1.34,518,1217,203,406,315,811,0,0
71,57,0.42,146,291,146,291,0,0,0,0
71,62,2,195,390,169,339,9,17,0,0
71,79,15.6,2311,4420,782,1419,849,1686,0,0
71,85,3.79,1831,2940,0,0,1831,2940,0,0
71,95,9.88,1985,2826,86,172,1727,2309,0,0
71,96,6.12,734,1396,265,511,195,372,0,0
71,97,4,477,1245,291,655,62,197,0,0
71,102,3.3,452,833,227,436,76,132,0,0
71,103,6,1073,2145,404,808,544,1087,0,0
71,115,2,21,29,5,7,5,7,0,0
71,119,3,298,647,199,411,33,79,0,0
71,122,2.84,279,279,0,0,279,279,0,0
71,123,8.88,2354,4918,469,939,1539,3286,0,0
71,125,2,1139,2278,0,0,1139,2278,0,0
71,126,6.64,2647,5292,292,583,2354,4708,0,0
71,53,2,137,275,63,126,25,50,0,0
71,63,7.85,1875,4878,401,784,1288,3753,0,0
71,73,0.99,149,238,37,59,37,59,0,0
71,84,7.02,1041,1869,347,657,499,1016,0,0
71,101,4.69,2666,5691,176,267,2139,4891,0,0
72,0,7.44,3398,7720,524,1260,1828,3938,0,0
72,1,1,200,401,200,401,0,0,0,0
72,2,0.15,107,215,0,0,107,215,0,0
72,9,17.36,1688,3449,894,1761,113,199,0,0
72,10,4.99,1933,4162,187,509,1612,3385,0,0
72,16,0.43,73,146,18,36,18,36,0,0
72,17,8.99,1131,2159,668,1309,155,284,0,0
72,20,4.57,839,1656,311,621,169,338,0,0
72,21,31.22,4325,8589,2081,4255,1970,3909,0,0
72,22,34.13,3779,7243,3066,5843,237,466,0,0
72,28,2.69,625,1512,156,378,156,378,0,0
72,42,7,1370,2617,395,771,166,314,0,0
72,43,9.87,2238,4439,382,695,1571,3314,0,0
72,44,0.78,878,2635,0,0,878,2635,0,0
72,46,1.73,1244,3445,36,36,1137,3338,0,0
72,47,1.27,600,1801,46,138,462,1386,0,0
72,50,1.62,597,1194,149,298,149,298,0,0
72,4,3.7,740,1362,506,894,78,156,0,0
72,14,0.59,190,190,47,47,47,47,0,0
72,29,6.36,622,1390,478,1130,43,77,0,0
72,41,1,45,90,11,22,11,22,0,0
72,53,1,330,991,330,991,0,0,0,0
72,59,1,136,271,34,68,34,68,0,0
72,63,0.15,6,12,6,12,0,0,0,0
72,66,5,990,1981,411,821,194,387,0,0
72,73,7.01,3575,8103,572,1065,2288,5767,0,0
72,82,2,1397,2778,4,4,1385,2766,0,0
72,83,4,1097,2746,673,1603,141,381,0,0
72,84,10.92,1829,3813,180,360,1531,3276,0,0
72,85,1.27,573,773,3,6,564,755,0,0
72,123,2.28,1219,2721,0,0,1219,2721,0,0
72,52,1,11,11,3,3,3,3,0,0
72,67,1.22,170,335,166,331,1,1,0,0
72,96,1,9,9,2,2,2,2,0,0
72,98,0.01,7,14,0,0,7,14,0,0
72,109,0.51,210,210,0,0,210,210,0,0
72,113,4.75,696,1377,217,431,11,20,0,0
72,120,5.6,2108,4151,227,437,1831,3646,0,0
73,4,0.3,23,45,6,11,6,11,0,0
73,9,4.43,192,342,48,85,48,85,0,0
73,14,2.19,631,1050,66,66,433,852,0,0
73,15,21.13,3365,7322,1128,2653,1575,3380,0,0
73,18,2,75,75,19,19,19,19,0,0
73,19,3,371,667,296,593,0,0,0,0
73,20,34.56,2587,4820,2030,3875,91,143,0,0
73,21,73.82,6620,13958,4558,9190,1112,2652,0,0
73,22,74.72,6320,11566,5036,9146,537,1039,0,0
73,23,45.34,3054,6119,2370,4841,278,661,0,0
73,29,8.73,752,1466,403,798,116,223,0,0
73,30,2.91,2084,3315,93,187,1803,2754,0,0
73,31,1.78,1131,1450,80,160,891,971,0,0
73,32,6.77,1729,3107,557,1084,1011,1761,0,0
73,2,3.36,1220,4318,710,2292,170,675,446,2231
73,26,2.63,422,620,105,155,105,155,0,0
73,27,0.37,96,106,24,26,24,26,0,0
73,35,2,30,68,3,13,3,13,0,0
73,36,1,34,68,0,0,0,0,0,0
73,38,4.5,367,792,170,438,58,102,0,0
73,39,2.79,332,402,77,88,77,88,0,0
73,45,4.05,131,219,24,38,24,38,0,0
73,47,0.16,10,10,2,2,2,2,0,0
73,67,4.78,371,723,93,181,93,181,0,0
73,84,1,153,306,38,76,38,76,0,0
73,90,4,926,1802,214,417,214,417,0,0
73,98,5,2001,4002,583,1168,1058,2118,0,0
73,108,7.55,1167,2193,540,1060,438,793,0,0
73,109,4.34,1463,1524,8,23,1440,1456,0,0
73,113,0.25,10,21,3,5,3,5,0,0
73,120,11.16,1636,3218,464,916,1043,2074,0,0
73,121,0.23,75,151,0,0,75,151,0,0
73,69,2,1171,2132,0,0,1171,2132,0,0
73,70,4,862,1702,335,671,168,337,21,21
73,71,0.04,63,190,0,0,63,190,0,0
73,80,1.09,267,719,0,0,267,719,0,0
73,95,3,635,1149,500,970,45,60,0,0
73,107,1.95,1027,2054,0,0,1027,2054,0,0
73,110,0.19,145,289,36,72,36,72,0,0
73,111,1.63,1593,2204,153,305,1135,1288,0,0
73,114,1.53,373,746,0,0,373,746,0,0
73,115,6.65,1265,2740,101,203,1027,2268,0,0
73,119,2,179,358,104,207,25,50,0,0
0,0,1,30,30,7,7,7,7,0,0
0,1,1.78,2063,4563,0,0,2063,4563,0,0
0,2,3.14,1498,2443,0,0,1498,2443,0,0
0,3,9.51,1602,2925,548,1207,676,897,0,0
0,6,14.99,3138,7267,768,1939,1804,3910,0,0
0,10,1,7,22,2,6,2,6,0,0
0,13,4.93,2229,4826,731,1556,499,1089,0,0
0,16,2,583,882,146,221,146,221,0,0
0,17,1,34,69,9,17,9,17,0,0
0,18,0.02,1,1,0,0,0,0,0,0
0,19,0.98,52,52,13,13,13,13,0,0
0,20,2.02,986,2486,246,621,246,621,0,0
0,29,6.68,993,1988,521,1043,158,315,0,0
0,33,9.99,3183,6350,770,1535,1501,2997,0,0
0,34,8.42,798,1579,430,858,126,253,0,0
0,35,1,91,182,23,45,23,45,0,0
0,40,6.71,6557,18664,2,2,6548,18656,0,0
0,41,20.05,3376,7391,2096,3942,847,2422,0,0
0,42,13.98,1689,4804,491,1353,591,1217,410,1640
0,43,24.76,2273,5319,1430,3476,213,496,0,0
0,44,1.63,327,653,181,363,48,97,0,0
0,11,0.01,2,5,0,0,2,5,0,0
0,28,0.32,83,167,21,42,21,42,0,0
0,32,1,61,123,15,31,15,31,0,0
0,58,1,109,218,0,0,109,218,0,0
0,74,29.07,5421,10815,1878,3760,1169,2341,0,0
0,75,5.37,568,1308,242,535,96,244,0,0
0,76,4.99,422,796,299,587,41,70,0,0
0,77,13.92,8817,18704,1637,3540,3909,8085,0,0
0,80,4.28,487,974,481,961,2,4,0,0
0,86,1.01,77,154,19,38,19,38,0,0
0,88,2.64,2234,4468,91,181,1962,3924,0,0
0,89,0.16,62,123,0,0,62,123,0,0
0,92,51.36,4103,7209,3890,6872,70,112,0,0
0,93,22.73,1410,2566,1133,2228,57,75,0,0
0,94,58.75,4745,9142,2821,5756,772,1426,0,0
0,95,3.94,668,1880,109,250,31,93,0,0
0,96,7.69,1023,2293,339,671,646,1556,0,0
0,97,5.28,1284,2508,732,1449,184,352,0,0
0,98,0.69,178,355,44,89,44,89,0,0
0,104,2.12,278,556,143,286,45,90,0,0
0,105,1.98,1292,2584,120,240,932,1864,0,0
0,108,2.96,1268,4762,357,1204,165,629,0,0
0,109,0.02,30,121,8,30,8,30,0,0
0,111,7.6,831,1552,228,453,543,982,0,0
0,112,5.19,1180,3815,408,1066,251,909,0,0
0,113,2.65,5242,16332,1311,4083,1311,4083,0,0
0,114,2.17,2545,5544,361,836,1460,3035,0,0
0,123,0.47,118,238,118,238,0,0,0,0
0,124,55.37,6577,13960,6399,13688,49,79,0,0
0,125,43.17,4673,10278,3497,6916,834,2726,0,0
0,126,163.86,12035,29814,7802,19588,2015,5181,711,2281
0,127,53.74,3519,8331,1465,3148,1560,4103,0,0
0,70,0.01,2,5,2,5,0,0,0,0
0,78,1.01,75,168,0,0,75,168,0,0
0,79,6.23,769,1908,215,484,287,780,0,0
0,84,0.75,41,82,10,20,10,20,0,0
0,85,3,251,453,195,390,2,5,0,0
0,102,1,10,10,0,0,0,0,10,10
0,110,8,332,606,282,549,17,19,0,0
0,115,2,973,2919,96,290,683,2049,0,0
1,11,4.19,908,2315,5,10,903,2305,0,0
1,12,2.79,598,1243,266,533,332,710,0,0
1,34,2.58,692,1384,245,491,219,438,0,0
1,43,10.68,4057,8553,986,1972,2204,4848,0,0
1,2,3,382,1105,360,1070,7,12,0,0
1,33,1.17,623,1870,156,468,156,468,0,0
1,38,0.15,148,297,0,0,148,297,0,0
1,39,0.13,135,270,0,0,135,270,0,0
1,59,7,763,1492,513,1018,83,158,0,0
1,70,7.98,1305,2256,442,798,272,458,0,0
1,74,0.84,288,575,72,144,72,144,0,0
1,77,4.08,1498,3227,65,188,1303,2663,0,0
1,78,4.59,1284,3299,95,191,998,2727,0,0
1,79,9.16,843,1956,337,672,374,1083,0,0
1,84,4.87,1112,2224,305,611,269,538,0,0
1,85,4.38,244,488,180,359,21,43,0,0
1,92,5.24,560,1120,542,1083,6,12,0,0
1,93,29.21,2657,5272,2456,4981,35,65,0,0
1,94,80.9,5763,14050,3012,6741,882,1840,589,2948
1,95,4.9,644,1457,511,1324,45,45,0,0
1,97,3.55,3397,7946,4,8,3384,7920,0,0
1,98,0.49,1110,3330,0,0,1110,3330,0,0
1,109,5,1348,2734,147,303,908,1825,0,0
1,110,40.45,3870,8693,3356,7833,103,177,25,76
1,111,14.87,1676,2965,471,788,618,1162,0,0
1,112,10.26,2056,3705,562,821,121,208,0,0
1,114,1,12,12,0,0,0,0,12,12
1,124,22.54,2575,5123,2361,4726,87,148,0,0
1,125,58.7,6225,11784,4412,8329,1669,3198,0,0
1,126,78.31,6646,12734,4375,8588,986,1926,0,0
1,127,158.94,10025,19995,7719,15700,1022,2077,0,0
1,68,1.61,761,1522,190,380,190,380,0,0
1,86,13,892,1784,500,999,95,190,0,0
1,90,4.99,1721,4966,0,0,1721,4966,0,0
1,91,3.04,281,566,276,553,4,11,0,0
1,123,2,106,194,93,182,4,4,0,0
2,12,2,166,233,98,98,0,0,0,0
2,15,3,875,1750,387,775,162,325,0,0
2,22,1,7,7,0,0,0,0,0,0
2,23,3,64,142,17,36,17,36,0,0
2,32,1,277,554,69,138,69,138,0,0
2,33,13.83,3090,6760,1012,2245,629,1379,0,0
2,39,1.72,729,1450,2,2,723,1445,0,0
2,42,0.01,1,3,1,3,0,0,0,0
2,43,2.31,345,673,221,438,41,78,0,0
2,0,1,43,86,0,0,0,0,0,0
2,2,6,584,1168,276,553,44,89,0,0
2,7,1.48,410,1026,16,32,363,931,0,0
2,8,10.35,1791,4577,185,489,1467,3805,0,0
2,68,16.85,5400,11668,1644,3445,1710,4183,0,0
2,69,0.24,52,105,13,26,13,26,0,0
2,79,1,16,32,4,8,4,8,0,0
2,86,3,701,1325,175,331,175,331,0,0
2,90,6.26,1146,2176,266,687,769,1378,0,0
2,91,4.7,673,964,156,156,517,808,0,0
2,93,1,54,54,14,14,14,14,0,0
2,94,5,347,583,179,330,35,43,0,0
2,95,4.67,419,587,199,336,73,84,0,0
2,102,5.82,507,1063,366,603,47,154,0,0
2,109,17.51,2192,3075,2171,3039,7,13,0,0
2,110,67.34,4817,9653,3310,6448,820,1720,296,888
2,111,94.4,6804,12720,5328,10243,583,1122,0,0
2,112,35.62,3142,5368,2634,4528,156,194,0,0
2,113,1,17,17,4,4,4,4,0,0
2,114,8,1649,3093,569,1192,332,605,0,0
2,115,3,347,628,285,566,3,3,0,0
2,119,5,781,1555,564,1127,1,1,0,0
2,122,4.35,485,1114,419,982,22,44,0,0
2,123,13.65,1848,3571,709,1319,607,1218,0,0
2,125,69.99,6715,13712,6507,13396,41,68,0,0
2,126,96.69,7969,17936,6148,13748,920,2043,0,0
2,127,88.37,7725,13619,6898,12240,132,223,0,0
2,67,1.29,2785,5885,0,0,2785,5885,0,0
2,81,1,16,33,4,8,4,8,0,0
2,88,1.54,169,334,166,332,1,1,0,0
2,89,8.41,1659,3062,383,757,1251,2277,0,0
2,96,7.33,990,1944,559,1108,144,279,0,0
2,107,9,734,1416,292,572,86,158,0,0
2,108,5.95,992,2175,839,1868,51,102,0,0
2,116,1,89,178,22,44,22,44,0,0
2,121,1.87,197,394,189,378,3,5,0,0
2,124,4.77,488,1138,467,1112,7,9,0,0
3,0,1,16,16,4,4,4,4,0,0
3,8,10.17,1246,3131,454,940,581,1708,0,0
3,15,5.93,2071,4112,612,1216,487,966,0,0
3,16,9.07,1568,3006,689,1354,269,515,0,0
3,37,21,3998,8749,786,1554,2737,6331,0,0
3,38,4,1049,2079,442,878,203,400,0,0
3,50,3.53,843,1687,355,710,486,972,0,0
3,1,1,22,43,5,11,5,11,0,0
3,13,0.75,121,249,30,62,30,62,0,0
3,23,1,366,733,92,183,92,183,0,0
3,51,0.84,622,1243,56,112,453,907,0,0
3,59,13,1244,2035,360,682,494,650,0,0
3,61,24.07,2123,3804,980,1854,365,624,0,0
3,65,9,1560,2207,796,1237,255,324,0,0
3,68,1,142,285,142,285,0,0,0,0
3,81,1.03,615,2385,153,596,153,596,0,0
3,88,3,1063,1063,0,0,1063,1063,0,0
3,89,2.29,632,1171,158,316,466,839,0,0
3,90,1.76,545,1091,130,259,130,259,0,0
3,93,2.9,380,619,365,589,5,10,0,0
3,94,5.09,380,771,180,371,39,77,0,0
3,102,0.18,42,42,42,42,0,0,0,0
3,107,29.39,2523,4867,1434,2829,279,519,0,0
3,108,64.37,5835,9498,5650,9237,50,75,0,0
3,109,44.5,4809,8211,4662,7959,36,58,0,0
3,110,53.9,4920,7903,3780,5946,958,1666,0,0
3,111,63.14,5078,9212,4145,7804,246,344,0,0
3,112,1,52,103,13,26,13,26,0,0
3,116,7,1103,2173,433,858,224,439,0,0
3,121,4.13,420,812,394,787,2,2,0,0
3,122,8,565,1075,165,292,134,261,0,0
3,124,4.78,342,740,329,704,4,11,0,0
3,125,80.23,7540,14643,7269,14200,62,107,0,0
3,126,53.23,6206,12309,3016,5991,2821,5631,0,0
3,127,31.28,5678,11363,2050,3958,3391,7088,0,0
3,62,15.24,2557,4917,693,1337,1244,2439,0,0
3,80,0.08,1411,5643,353,1411,353,1411,0,0
3,82,0.3,273,819,0,0,273,819,0,0
4,2,7.8,812,1556,95,189,461,921,0,0
4,13,2.65,852,1788,185,419,185,419,0,0
4,14,7.6,1102,2268,481,1019,151,360,0,0
4,23,34.55,4416,9408,1966,4076,900,1940,0,0
4,24,16.39,1906,4125,984,2144,248,541,0,0
4,28,6,1142,2610,530,1387,204,407,0,0
4,34,3.42,340,841,206,574,45,89,0,0
4,35,14.43,1182,2558,901,2010,73,141,0,0
4,47,1.41,1617,4481,93,185,1340,3926,0,0
4,50,11.92,4500,10815,418,1127,3343,7630,0,0
4,51,4.71,1735,3656,168,384,1310,2668,0,0
4,3,6.22,843,1599,300,600,197,394,0,0
4,10,0.54,122,244,0,0,122,244,0,0
4,26,1,132,264,132,264,0,0,0,0
4,27,3,218,424,204,405,5,6,0,0
4,42,5.1,635,1227,192,340,148,296,0,0
4,43,2.6,352,703,179,357,58,115,0,0
4,46,0.46,1401,4202,0,0,1401,4202,0,0
4,56,7.49,1625,3593,703,1666,307,642,0,0
4,57,1.51,763,1591,191,398,191,398,0,0
4,62,0.69,302,604,0,0,302,604,0,0
4,73,1,6,6,2,2,2,2,0,0
4,80,1.57,10722,42407,2681,10601,2681,10601,0,0
4,81,0.71,6300,24852,1532,6127,1705,6473,0,0
4,82,2.31,916,2454,3,3,909,2446,0,0
4,84,4,388,410,333,338,18,24,0,0
4,92,0.02,0,0,0,0,0,0,0,0
4,93,7.98,785,1553,623,1232,42,69,0,0
4,108,10.39,953,1463,924,1432,10,10,0,0
4,109,5.32,679,1118,670,1098,3,7,0,0
4,110,10.15,2884,4452,513,745,2147,3260,0,0
4,111,23.46,2327,4397,2082,3970,81,143,0,0
4,119,12.69,2320,4176,348,558,1534,3018,0,0
4,120,15.31,1187,2228,554,1072,137,237,0,0
4,124,10.21,951,1495,245,472,360,366,0,0
4,125,38.2,3771,6689,3045,5749,103,131,0,0
4,126,40.51,6820,13458,5995,11854,275,535,0,0
4,127,33.45,4921,9903,2769,5549,1578,3152,0,0
4,79,1,1834,5503,459,1376,459,1376,0,0
4,98,1,25,75,6,19,6,19,0,0
4,101,1.33,82,136,20,34,20,34,0,0
4,102,6.46,979,1798,445,849,160,281,0,0
5,2,6.04,1364,2711,162,325,1201,2383,0,0
5,3,5.94,1047,2246,22,43,982,2116,0,0
5,9,7.22,1927,3921,502,1115,971,1927,0,0
5,10,9.46,1750,3488,208,414,1358,2713,0,0
5,21,1,23,23,6,6,6,6,0,0
5,23,6.76,1754,4508,653,1371,858,2518,0,0
5,24,0.29,417,1251,104,313,104,313,0,0
5,25,0.4,115,230,29,57,29,57,0,0
5,26,0.6,173,345,43,86,43,86,0,0
5,35,1.14,134,267,122,244,4,8,0,0
5,42,2.87,680,1346,180,346,167,333,0,0
5,43,1.43,413,826,103,206,103,206,0,0
5,46,22.13,5785,14308,1359,3072,2358,6395,0,0
5,8,4.78,536,1151,210,562,231,441,0,0
5,11,6.67,1970,3940,391,781,1492,2982,0,0
5,45,3,382,765,208,416,58,116,0,0
5,70,0.04,13,25,13,25,0,0,0,0
5,71,7.95,3224,6417,406,804,2574,5139,0,0
5,79,1,161,322,40,81,40,81,0,0
5,82,4,1945,5450,3,3,1937,5442,0,0
5,90,4,1052,1956,200,399,852,1556,0,0
5,101,0.03,5,9,1,2,1,2,0,0
5,102,1.18,514,1027,128,257,128,257,0,0
5,119,1,151,302,151,302,0,0,0,0
5,124,9.01,689,1485,632,1402,7,16,0,0
5,125,0.13,19,39,19,39,0,0,0,0
5,126,2.36,192,382,192,382,0,0,0,0
5,127,1.39,285,569,285,569,0,0,0,0
5,56,3.35,844,1687,567,1133,92,185,0,0
5,84,2,233,467,146,381,29,29,0,0
5,89,3,26,26,6,6,6,6,0,0
5,103,2.41,642,772,257,385,129,129,0,0
5,113,4,700,1382,526,1049,22,41,0,0
6,11,0.34,134,268,0,0,134,268,0,0
6,21,14,2235,5002,643,1418,531,1195,0,0
6,22,3,242,485,185,370,7,13,0,0
6,26,4.4,1326,3191,503,1141,274,682,0,0
6,27,4.15,2161,4321,540,1080,540,1080,0,0
6,32,24.85,4152,8601,1174,2422,993,2060,0,0
6,3,1,354,1061,354,1061,0,0,0,0
6,25,0.45,447,1342,112,336,112,336,0,0
6,33,2.04,65,102,11,14,11,14,0,0
6,35,7,1883,4301,491,1116,463,1061,0,0
6,44,0.23,273,545,0,0,273,545,0,0
6,56,2.65,657,1315,274,547,128,255,0,0
6,80,14.9,2839,5861,590,1431,1614,3206,0,0
6,83,15.28,1751,3144,803,1566,238,433,0,0
6,89,14.33,3994,7444,771,1518,2957,5439,0,0
6,91,4,411,822,198,395,71,142,0,0
6,94,1.46,451,614,288,328,55,95,0,0
6,95,9.52,3050,6166,630,1277,1880,3775,0,0
6,102,1.04,222,444,55,111,55,111,0,0
6,103,4.97,2974,5825,230,429,2416,4801,0,0
6,104,0.58,1223,2446,0,0,1223,2446,0,0
6,124,2,190,381,127,254,0,0,0,0
6,64,3.4,1110,2159,40,64,991,1966,0,0
6,74,1,6,6,2,2,2,2,0,0
6,77,4.27,296,583,278,555,6,9,0,0
6,81,16.68,979,1431,787,1099,32,46,0,0
6,82,6.41,720,1360,480,930,69,134,0,0
6,90,0.67,114,228,0,0,114,228,0,0
6,99,0.01,0,0,0,0,0,0,0,0
6,109,2.02,151,306,131,268,6,13,0,0
7,16,1,7,7,2,2,2,2,0,0
7,31,4.19,1957,4573,642,1449,438,1041,0,0
7,32,30.56,5419,11237,2040,4299,1014,2098,0,0
7,33,1.31,314,629,256,512,19,39,0,0
7,35,11,1324,2649,765,1529,186,373,0,0
7,37,7.88,1247,2134,408,727,280,469,0,0
7,38,4.48,2333,2755,178,270,1736,1819,0,0
7,39,0.38,145,232,22,43,81,102,0,0
7,41,17,2581,4890,786,1505,599,1129,0,0
7,42,1,180,359,180,359,0,0,0,0
7,44,14.77,3777,8757,559,1226,2427,5955,0,0
7,4,10,958,1962,697,1501,73,140,0,0
7,20,0.9,90,261,22,65,22,65,0,0
7,21,3.1,198,418,138,282,20,45,0,0
7,23,0.55,244,488,61,122,61,122,0,0
7,30,0.16,108,216,27,54,27,54,0,0
7,43,0.86,833,2498,208,625,208,625,0,0
7,54,2.58,3589,7176,120,239,3230,6458,0,0
7,56,1,30,30,8,8,8,8,0,0
7,61,11.37,1618,3332,310,547,988,2292,0,0
7,62,1.63,1143,2304,157,315,671,1360,0,0
7,63,1,6,11,1,3,1,3,0,0
7,64,0.59,145,290,37,72,37,72,0,0
7,68,9,1318,2329,445,814,291,505,0,0
7,77,8.73,1723,3595,218,436,1486,3122,0,0
7,81,39.87,3185,4750,2513,3695,163,252,0,0
7,82,92.16,6543,12581,3868,7157,661,1246,360,1438
7,83,34.98,3327,5535,2616,4401,436,681,0,0
7,84,9.38,894,1949,565,1414,190,221,0,0
7,86,1.15,252,281,252,281,0,0,0,0
7,87,14.06,3621,7163,442,843,2854,5749,0,0
7,92,2,37,120,9,30,9,30,0,0
7,95,1.02,636,653,4,8,623,627,0,0
7,98,1.86,100,332,25,83,25,83,0,0
7,99,2.13,78,110,20,27,20,27,0,0
7,109,3.98,1034,2131,202,601,825,1514,0,0
7,123,9.99,878,1707,368,725,108,204,0,0
7,55,9.32,1050,2071,503,1005,168,334,0,0
7,60,0.76,44,44,11,11,11,11,0,0
7,85,1.81,897,1821,0,0,897,1821,0,0
7,88,0.75,1382,2763,345,691,345,691,0,0
7,112,1,3,3,1,1,1,1,0,0
7,116,1.54,99,143,25,36,25,36,0,0
7,117,1.85,449,894,112,223,112,223,0,0
7,125,6.53,1544,3031,213,412,1200,2385,0,0
7,126,0.71,1958,3917,0,0,1958,3917,0,0
74,2,11.11,1887,3919,750,1558,635,1327,0,0
74,6,5,976,1952,457,912,173,345,0,0
74,15,2.1,193,477,72,168,40,103,0,0
74,19,1.31,35,81,9,20,9,20,0,0
74,20,17.07,1729,3471,770,1491,262,476,0,0
74,21,21.6,1518,3005,1071,2221,143,255,0,0
74,22,34.71,4221,9433,2058,4193,1055,1942,501,2003
74,23,19.92,2631,5648,1631,3607,331,672,3,10
74,24,21.77,1308,2987,766,1807,41,80,0,0
74,26,16,1724,2707,652,898,358,604,0,0
74,27,8,455,757,186,334,90,141,0,0
74,30,1,15,15,4,4,4,4,0,0
74,32,1.45,176,343,44,86,44,86,0,0
74,39,6.72,1372,2704,343,676,343,676,0,0
74,45,2.96,632,1177,86,86,215,430,0,0
74,46,2,525,969,191,302,111,223,0,0
74,47,0.84,52,52,13,13,13,13,0,0
74,3,1,343,343,86,86,86,86,0,0
74,49,3.58,757,1304,19,38,757,1304,0,0
74,50,2.44,1176,1759,0,0,1176,1759,0,0
74,53,4,2410,5668,0,0,2410,5668,0,0
74,66,6,1479,2805,155,155,1324,2649,0,0
74,70,1,184,368,184,368,0,0,0,0
74,71,9.96,3635,8910,80,160,3396,8431,0,0
74,80,2.92,1553,2692,0,0,1553,2692,0,0
74,88,2.28,409,817,102,204,102,204,0,0
74,89,1.73,316,633,79,158,79,158,0,0
74,96,5,532,1045,346,693,30,60,0,0
74,98,1,2,2,1,1,1,1,0,0
74,107,0.51,242,267,0,0,242,267,0,0
74,108,2.15,1152,1578,0,0,1152,1578,0,0
74,110,0.85,393,393,0,0,393,393,0,0
74,111,2.33,1162,1162,0,0,1162,1162,0,0
74,115,3.83,416,743,331,658,5,5,0,0
74,52,4.37,888,2026,508,1103,126,308,0,0
74,72,7.16,724,1273,400,765,95,156,0,0
74,77,0.02,11,32,3,8,3,8,0,0
74,97,8.77,1089,1973,656,1112,127,252,0,0
74,99,3.81,537,1011,391,767,49,81,0,0
74,103,1.37,239,239,10,10,208,208,0,0
74,114,2.58,1913,6018,0,0,1913,6018,0,0
75,2,2.53,2483,5848,0,0,2483,5848,0,0
75,6,1,72,216,18,54,18,54,0,0
75,13,1,14,14,3,3,3,3,0,0
75,20,10.83,2634,6664,527,1035,2048,5521,0,0
75,21,23.95,1758,3261,1511,2866,29,44,0,0
75,22,3.5,351,700,317,635,11,22,0,0
75,23,2,41,55,10,14,10,14,0,0
75,26,16.31,2040,4955,1201,2622,254,729,0,0
75,27,2.52,391,783,279,557,13,26,0,0
75,44,6.22,827,1602,206,401,206,401,0,0
75,45,16.76,3577,7078,686,1353,2175,4331,0,0
75,49,2.96,839,1164,25,25,763,1088,0,0
75,50,1.02,441,441,0,0,441,441,0,0
75,8,1,178,178,0,0,178,178,0,0
75,10,1.87,1795,3896,84,167,1712,3729,0,0
75,24,0.57,170,681,0,0,0,0,170,681
75,25,3.09,202,441,15,15,60,107,0,0
75,52,5.64,1618,3899,196,493,1027,2418,0,0
75,72,18.84,2710,5920,894,2019,1132,2354,0,0
75,77,13.35,2706,5663,802,1752,852,1511,0,0
75,80,1,559,1117,0,0,559,1117,0,0
75,97,6.23,714,1370,329,642,129,243,0,0
75,99,0.19,21,43,14,29,2,5,0,0
75,100,1,73,73,18,18,18,18,0,0
75,102,8.96,1646,2994,587,1122,782,1513,0,0
75,103,5.67,2906,4764,12,24,2894,4740,0,0
75,111,3.03,599,762,40,81,477,518,0,0
75,112,13.38,2663,4901,421,839,1906,3400,0,0
75,113,6.76,12370,53479,126,247,12158,53070,0,0
75,114,3.79,13347,65405,18,36,13293,65298,0,0
75,119,7,1451,2901,234,467,1009,2018,0,0
75,127,16.91,4652,11238,271,461,4094,10364,0,0
75,73,1.62,1360,2720,0,0,1360,2720,0,0
75,95,5,480,838,357,699,22,27,0,0
76,9,1.61,414,591,118,236,296,355,0,0
76,10,3.53,2898,7360,164,328,2734,7032,0,0
76,19,1,130,260,130,260,0,0,0,0
76,20,2,122,233,3,3,3,3,0,0
76,24,23.84,2085,4856,1301,3038,264,531,126,504
76,25,89.67,7421,15979,3715,8727,2774,5532,0,0
76,26,31.98,3419,6979,2714,5683,555,1099,0,0
76,32,2.39,107,198,27,49,5,7,0,0
76,33,34.19,2304,4610,1335,2971,299,523,0,0
76,0,4.94,1275,2552,675,1350,201,400,0,0
76,18,0.06,98,195,0,0,98,195,0,0
76,21,4,233,392,167,326,8,8,0,0
76,35,5.44,575,1239,143,309,143,309,0,0
76,57,9,1144,2284,288,576,189,377,0,0
76,60,7.8,1880,4783,468,931,1190,3490,0,0
76,65,8,2157,5520,586,1638,837,1921,0,0
76,73,0.38,319,639,0,0,319,639,0,0
76,77,2.63,761,761,47,47,620,620,0,0
76,90,16,2102,4057,648,1267,341,653,0,0
76,106,10,1805,3470,590,1146,645,1255,0,0
76,111,1,393,787,0,0,393,787,0,0
76,112,1.65,109,208,47,93,52,100,0,0
76,113,11.09,4527,14130,533,1151,3503,11827,0,0
76,114,11.23,18787,74932,53,156,18632,74463,0,0
76,115,5.29,5854,29569,76,227,5627,28887,0,0
76,59,1,1,1,0,0,0,0,0,0
76,61,0.5,67,134,17,33,17,33,0,0
76,79,0.14,69,201,2,3,64,192,0,0
76,80,1.24,716,2106,8,16,692,2058,0,0
76,98,0.79,324,1619,81,405,81,405,324,1619
76,124,3,1168,2337,362,723,807,1614,0,0
77,0,0.06,20,40,5,10,5,10,0,0
77,14,4.14,247,486,218,435,10,17,0,0
77,15,2.86,602,1169,293,578,103,197,0,0
77,18,1.01,3529,7058,0,0,3529,7058,0,0
77,19,3.92,2860,5707,16,31,2813,5614,0,0
77,20,2.77,278,552,235,468,14,28,0,0
77,21,4.23,1378,1796,387,773,970,981,0,0
77,24,5,338,799,310,742,10,18,0,0
77,26,2.71,430,824,302,596,9,9,0,0
77,29,4.6,1580,3036,376,753,1003,2008,0,0
77,32,13.29,4196,9537,128,248,3813,8792,0,0
77,33,9.13,922,1582,409,615,358,698,0,0
77,35,6.05,774,1505,338,671,136,268,0,0
77,36,4.51,377,715,281,551,15,21,0,0
77,25,7.32,604,1074,411,821,5,8,0,0
77,34,2,197,466,170,358,9,36,0,0
77,39,13.9,1928,4424,781,1717,364,884,0,0
77,41,1.98,862,1724,0,0,862,1724,0,0
77,42,1.17,357,517,0,0,357,517,0,0
77,51,4,979,1517,452,683,176,278,0,0
77,60,0.7,160,320,40,80,40,80,0,0
77,64,1,52,105,13,26,13,26,0,0
77,79,16.94,2755,5693,584,1158,1678,3566,0,0
77,80,15.67,4116,9175,676,1479,3031,6627,0,0
77,97,1.01,885,3541,221,886,221,886,2,9
77,98,0.2,83,415,21,104,21,104,83,415
77,101,1,78,78,20,20,20,20,0,0
77,110,0.82,184,368,46,92,46,92,0,0
77,111,32.24,4302,7991,2517,4700,595,1096,0,0
77,112,58.42,7081,14310,4583,9138,1246,2486,0,0
77,113,47.58,4500,8756,3793,7557,192,355,0,0
77,114,4.81,6856,27672,66,132,6659,27276,0,0
77,115,2.94,1899,6260,21,21,1833,6195,0,0
77,117,0.07,13,27,3,7,3,7,0,0
77,118,9.93,1412,2453,396,779,800,1267,0,0
77,119,2.1,213,426,53,106,53,106,0,0
77,78,2.34,163,384,57,107,7,7,0,0
77,91,0.4,246,492,62,123,62,123,0,0
77,96,0.17,8,8,2,2,2,2,0,0
77,100,1,16,16,4,4,4,4,0,0
77,125,0.58,186,373,47,93,47,93,0,0
77,126,1.07,167,335,42,84,42,84,0,0
78,8,5,1376,3086,440,868,313,740,0,0
78,12,11.68,1914,3735,779,1534,615,1208,0,0
78,23,1,31,31,8,8,8,8,0,0
78,24,1,354,708,0,0,354,708,0,0
78,29,1.4,1502,3005,220,441,841,1683,0,0
78,32,1,836,1670,0,0,836,1670,0,0
78,33,0.12,4,13,1,3,1,3,0,0
78,34,6.05,428,864,255,512,21,44,0,0
78,38,2,285,569,214,428,24,47,0,0
78,39,2.1,724,1449,410,822,104,209,0,0
78,41,10.77,2535,4166,340,650,1802,2832,0,0
78,42,0.08,95,190,0,0,95,190,0,0
78,4,2.15,1043,2086,138,277,628,1256,0,0
78,5,0.76,496,993,0,0,496,993,0,0
78,13,0.33,170,341,0,0,170,341,0,0
78,40,1,1118,2236,0,0,1118,2236,0,0
78,67,27.01,2523,6335,638,1636,587,1483,0,0
78,78,0.66,96,193,96,193,0,0,0,0
78,80,1,228,455,228,455,0,0,0,0
78,81,1,90,180,22,45,22,45,0,0
78,91,9.31,1843,3037,373,739,939,1150,0,0
78,92,4.29,946,1892,328,657,206,412,0,0
78,96,6.42,1210,2745,446,1245,595,1181,0,0
78,97,0.41,349,698,0,0,349,698,0,0
78,111,36.19,3284,6984,2327,5010,232,505,0,0
78,112,88.64,7844,18522,4028,9484,1867,5125,575,1149
78,113,24.93,2926,6775,1583,2993,27,44,0,0
78,114,15.66,3934,10516,1119,2224,2748,8203,0,0
78,115,1.01,482,1892,0,0,482,1892,0,0
78,119,2.74,939,1877,124,248,567,1134,0,0
78,120,0.17,89,178,0,0,89,178,0,0
78,125,1.12,548,1096,137,274,137,274,0,0
78,126,2.23,477,954,311,623,55,110,0,0
78,86,6.94,1965,4177,323,780,1597,3308,0,0
78,110,1,9,35,2,9,2,9,0,0
79,4,1.84,776,1399,134,229,375,711,0,0
79,5,0.25,229,458,0,0,229,458,0,0
79,12,3.42,483,1108,301,647,48,141,0,0
79,17,5.91,1206,2060,198,395,824,1327,0,0
79,18,7.74,799,1570,463,917,113,218,0,0
79,21,11.26,2939,5709,259,492,2424,4820,0,0
79,22,13.27,1053,1989,466,911,401,780,0,0
79,23,2.83,712,1423,80,160,577,1154,0,0
79,29,5.99,2138,4125,679,1321,486,935,0,0
79,31,5.99,601,1202,490,982,36,73,0,0
79,34,6.93,640,1643,480,1307,53,111,0,0
79,36,13.62,2005,5099,1404,3647,174,438,0,0
79,6,1.01,478,956,119,239,119,239,0,0
79,14,0.22,55,109,55,109,0,0,0,0
79,32,1.56,508,1016,127,254,127,254,0,0
79,35,2.01,198,207,192,193,1,3,0,0
79,48,11.78,2899,6068,504,1000,2227,4747,0,0
79,53,1.69,652,1299,14,27,609,1218,0,0
79,54,3.9,282,474,194,379,11,14,0,0
79,56,0.74,75,150,0,0,75,150,0,0
79,57,11.26,1299,2968,520,1489,670,1292,0,0
79,60,12.05,2274,3335,688,1186,832,1019,0,0
79,72,1,7,7,2,2,2,2,0,0
79,75,12,3543,7753,616,1231,2647,6019,0,0
79,77,1.86,139,278,34,70,34,70,0,0
79,78,0.14,14,29,4,7,4,7,0,0
79,85,0.69,554,1108,0,0,554,1108,0,0
79,86,19.37,2770,6166,575,1137,1737,3922,0,0
79,92,2,1420,2840,233,467,719,1438,0,0
79,94,6,4542,11694,144,289,4109,10829,0,0
79,95,5,671,1188,383,726,46,52,0,0
79,99,5.61,838,1346,190,297,190,297,0,0
79,108,8.4,768,1081,457,655,95,133,0,0
79,109,2.6,584,1133,495,990,0,0,0,0
79,110,7.44,600,836,517,709,13,13,0,0
79,111,47.14,5100,8778,3891,6546,377,717,0,0
79,112,97.39,8071,16032,5545,11552,1019,1915,0,0
79,113,27.37,2780,5128,1519,2857,902,1781,0,0
79,114,2.41,605,1101,233,357,124,248,0,0
79,61,0.05,9,18,2,4,2,4,0,0
79,70,14.71,2002,4479,273,641,1501,3326,0,0
79,71,2,211,422,0,0,211,422,0,0
79,98,0.39,52,103,0,0,0,0,0,0
79,102,1,46,46,12,12,12,12,0,0
79,103,2,183,343,160,320,0,0,0,0
79,106,0.3,82,164,82,164,0,0,0,0
80,3,6.91,1585,2351,184,366,1396,1975,0,0
80,4,19.79,3155,6221,726,1387,1850,3888,0,0
80,5,0.42,48,95,48,95,0,0,0,0
80,6,1.99,453,907,114,227,114,227,0,0
80,12,1.57,456,1153,275,610,60,181,0,0
80,14,8.79,1383,2545,613,1053,257,498,0,0
80,17,0.36,218,433,0,0,218,433,0,0
80,22,4.47,576,1125,119,232,323,640,0,0
80,23,0.17,121,242,0,0,121,242,0,0
80,32,15.48,1432,3010,730,1653,172,331,0,0
80,33,20.02,2283,4849,1745,3828,179,339,0,0
80,34,56.34,4285,10940,1987,4642,1037,2296,512,2561
80,35,29.37,2470,4900,1645,3294,125,243,0,0
80,36,31.02,2544,3835,2266,3420,92,138,0,0
80,47,1,1263,2525,0,0,1263,2525,0,0
80,48,4.21,1137,2709,1,1,1135,2706,0,0
80,21,5.99,1383,2613,330,914,964,1590,0,0
80,41,2,138,263,129,254,3,3,0,0
80,53,0.41,412,825,0,0,412,825,0,0
80,60,0.9,378,378,0,0,378,378,0,0
80,68,11,1585,3168,461,921,303,605,0,0
80,70,1.89,221,527,157,336,21,64,0,0
80,71,5.4,731,1407,316,619,359,704,0,0
80,84,6.84,619,1583,122,330,254,594,0,0
80,85,3.69,1728,3456,0,0,1728,3456,0,0
80,94,1,610,1830,152,457,152,457,0,0
80,102,11.97,795,1391,297,553,151,263,0,0
80,103,14.03,2839,5858,788,1497,1257,2654,0,0
80,105,5,267,394,162,289,35,35,0,0
80,106,9.71,1466,2496,745,1288,451,880,0,0
80,110,0.05,0,0,0,0,0,0,0,0
80,111,27.07,2029,2899,1909,2744,40,52,0,0
80,112,11.36,1175,2323,697,1391,140,276,0,0
80,113,4.7,508,885,461,790,16,32,0,0
80,117,12.92,1434,2748,752,1317,222,472,0,0
80,81,0.01,6,18,0,0,6,18,0,0
80,82,0.74,146,146,0,0,146,146,0,0
80,107,9,1997,3703,200,400,1766,3272,0,0
80,116,3.08,113,155,31,43,18,18,0,0
81,3,4.02,1726,4026,154,298,1447,3501,0,0
81,4,6.87,1483,2851,374,735,733,1451,0,0
81,11,2,562,1123,140,281,140,281,0,0
81,19,1,10,20,3,5,3,5,0,0
81,21,10.9,4762,8382,154,345,4524,7797,0,0
81,22,2.11,203,460,127,254,7,14,0,0
81,24,4,424,803,390,769,11,11,0,0
81,25,5,1268,1889,186,341,710,865,0,0
81,32,1.12,102,204,54,108,16,32,0,0
81,33,13.83,1282,2382,698,1117,171,375,0,0
81,34,46.62,3927,8013,2356,5026,558,1093,0,0
81,35,73.24,6763,13140,3546,7154,1736,3384,0,0
81,36,13.45,3018,6809,339,719,2404,5558,0,0
81,37,3.08,1321,3408,0,0,1321,3408,0,0
81,38,1,25,25,0,0,0,0,0,0
81,39,2,108,268,27,67,27,67,0,0
81,41,15.16,3202,5967,709,1357,2183,4108,0,0
81,42,5.68,1745,2641,41,83,1621,2392,0,0
81,18,2,76,76,19,19,19,19,0,0
81,20,2.08,234,278,30,61,5,9,0,0
81,40,2.16,194,388,185,371,3,6,0,0
81,44,6.02,1306,2613,277,555,860,1721,0,0
81,45,0.86,190,379,190,379,0,0,0,0
81,67,2.08,766,766,0,0,766,766,0,0
81,68,5.34,2344,2816,125,376,2219,2440,0,0
81,81,2.99,709,1864,239,478,455,1355,0,0
81,82,3.25,897,2256,283,565,582,1626,0,0
81,84,30.49,2742,6054,1057,2515,931,1927,0,0
81,85,6.46,1605,3179,292,578,612,1218,0,0
81,86,0.52,363,725,91,181,91,181,0,0
81,96,1.87,607,1166,152,292,152,292,0,0
81,97,2.13,179,192,163,167,5,9,0,0
81,113,10.93,1438,2779,24,24,1365,2706,0,0
81,114,1,133,267,133,267,0,0,0,0
81,115,0.42,165,330,41,83,41,83,0,0
81,116,0.58,226,453,57,113,57,113,0,0
81,52,1.88,311,595,97,168,71,142,0,0
81,74,2.86,489,1210,465,1162,8,16,0,0
81,75,0.19,79,79,0,0,79,79,0,0
81,76,0.81,325,325,0,0,325,325,0,0
81,107,1,256,512,256,512,0,0,0,0
81,119,8,1424,2825,246,487,996,1987,0,0
82,3,1,28,57,7,14,7,14,0,0
82,14,4.88,858,1663,238,468,605,1179,0,0
82,20,17.92,3599,7753,790,2018,2426,4914,0,0
82,33,22.05,2022,3845,1612,3053,114,217,0,0
82,34,14.91,927,1763,682,1346,73,126,0,0
82,35,48.06,4484,8385,3438,6512,473,933,0,0
82,36,14.9,2075,4204,1004,1832,461,1014,0,0
82,39,4,139,188,35,47,35,47,0,0
82,44,7.98,1096,2176,469,933,219,435,0,0
82,45,1.14,39,69,33,63,2,2,0,0
82,0,0.01,15,30,0,0,15,30,0,0
82,10,2.9,230,443,210,420,1,2,0,0
82,52,3.12,659,1318,165,329,165,329,0,0
82,63,1.5,858,2124,0,0,858,2124,0,0
82,64,2.55,959,1918,174,348,715,1430,0,0
82,68,3.04,1368,2436,76,151,1292,2285,0,0
82,74,10.16,2744,6892,552,1542,1618,3875,0,0
82,75,2.97,569,1320,142,329,142,329,0,0
82,76,1.1,1319,2638,0,0,1319,2638,0,0
82,80,2,90,136,11,23,11,23,0,0
82,84,5,2053,4106,0,0,2053,4106,0,0
82,85,2,232,462,231,461,0,0,0,0
82,97,4.97,904,1755,283,552,207,401,0,0
82,98,4.03,820,2220,275,696,181,508,0,0
82,111,7,940,1742,444,854,73,111,0,0
82,113,1.06,680,1361,0,0,680,1361,0,0
82,114,10,1174,2060,272,473,759,1444,0,0
82,115,2,230,489,208,423,7,22,0,0
82,124,4.94,1365,2697,540,1072,674,1340,0,0
82,125,7.05,976,1891,417,817,226,436,0,0
82,104,1,76,152,19,38,19,38,0,0
82,108,6.08,587,986,290,531,72,97,0,0
83,0,18.77,4217,8301,781,1551,2829,5585,0,0
83,10,8.25,2598,6771,360,1047,1918,4780,0,0
83,11,1.84,512,1204,0,0,512,1204,0,0
83,14,5.12,1807,4051,49,99,1757,3952,0,0
83,20,2.07,1480,2344,0,0,1480,2344,0,0
83,24,8,676,1331,483,1030,64,100,0,0
83,25,1,76,151,19,38,19,38,0,0
83,33,12.15,1340,2642,1296,2582,15,20,0,0
83,35,0.1,20,41,20,41,0,0,0,0
83,1,0.7,294,294,0,0,294,294,0,0
83,2,2,434,434,0,0,434,434,0,0
83,3,3.94,886,886,0,0,886,886,0,0
83,4,1.77,128,293,94,259,11,11,0,0
83,5,2.23,956,1898,3,3,946,1888,0,0
83,23,0.77,204,407,51,102,51,102,0,0
83,54,5.67,2335,4677,0,0,2335,4677,0,0
83,55,3.63,1565,3950,0,0,1565,3950,0,0
83,63,5.6,2402,5052,0,0,2402,5052,0,0
83,64,4.36,888,1700,383,1033,496,648,0,0
83,68,0.54,90,179,90,179,0,0,0,0
83,70,2.4,1267,3800,229,688,992,2974,0,0
83,75,1.72,1957,4161,0,0,1957,4161,0,0
83,76,2.18,1597,3555,0,0,1597,3555,0,0
83,89,0.38,524,1048,131,262,131,262,0,0
83,90,0.62,845,1691,211,423,211,423,0,0
83,91,6.01,1828,2804,174,326,1609,2433,0,0
83,92,5.1,312,712,75,169,75,168,0,0
83,93,20.49,5148,10753,725,1796,3990,7980,0,0
83,94,1.42,768,1537,75,150,544,1089,0,0
83,108,0.92,158,196,40,49,40,49,0,0
83,113,28.99,2178,3745,636,1117,571,989,0,0
83,125,5,996,1939,464,915,177,341,0,0
83,71,9.57,1101,2309,549,1218,169,335,0,0
83,96,1,38,75,9,19,9,19,0,0
83,97,0.9,213,636,211,632,0,0,0,0
83,102,0.81,118,236,30,59,30,59,0,0
84,0,1.38,188,376,47,94,47,94,0,0
84,1,2.36,267,455,141,279,83,99,0,0
84,2,3.71,1931,5045,0,0,1931,5045,0,0
84,3,18.53,3892,7552,385,760,3255,6311,0,0
84,4,7.04,1402,2650,519,1027,703,1284,0,0
84,18,3,355,666,322,633,11,11,0,0
84,19,3,907,1814,0,0,907,1814,0,0
84,20,0.91,537,1074,0,0,537,1074,0,0
84,23,2.23,528,1056,132,264,132,264,0,0
84,24,1,133,133,33,33,33,33,0,0
84,33,5,382,703,181,345,32,47,0,0
84,54,7.87,875,1828,460,914,236,565,0,0
84,55,2.83,411,1139,31,62,350,1017,0,0
84,70,1.12,160,347,40,87,40,87,0,0
84,71,12.91,1270,2712,288,687,535,1092,0,0
84,72,12.54,4780,12151,682,2287,3794,8773,0,0
84,75,6,501,1449,226,671,82,241,0,0
84,80,7,1254,2507,239,477,881,1761,0,0
84,91,0.99,1164,2325,0,0,1164,2325,0,0
84,97,9.1,867,1749,402,830,114,225,0,0
84,102,20.19,2515,4969,1052,2088,478,942,0,0
84,119,1,29,58,7,15,7,15,0,0
84,111,4.61,672,1913,100,201,479,1435,0,0
84,123,1,208,624,52,156,52,156,0,0
85,0,19.52,2154,4575,2091,4479,21,31,0,0
85,1,64.16,4962,9745,3179,6499,544,1067,0,0
85,2,48.24,5130,10672,1617,3173,2960,6498,0,0
85,3,11.7,1650,3747,477,1151,853,2002,0,0
85,34,16.89,1537,2762,1215,2199,93,158,0,0
85,36,12.39,1195,1802,750,1077,102,173,0,0
85,41,19.6,3640,6193,642,1047,2121,3460,0,0
85,42,4.57,517,1079,274,560,81,173,0,0
85,7,2.81,422,825,375,749,9,19,0,0
85,12,1,63,63,16,16,16,16,0,0
85,26,5.19,1487,3048,2,5,1480,3034,0,0
85,33,1.76,175,350,107,214,0,0,0,0
85,48,0.36,144,287,0,0,144,287,0,0
85,52,5,844,1587,392,757,151,276,0,0
85,61,12.56,2490,4592,749,1400,580,1064,0,0
85,72,3.45,3114,8298,258,775,2340,5974,0,0
85,73,0.01,3,8,0,0,3,8,0,0
85,88,10.99,2796,5534,125,246,2378,4752,0,0
85,92,10.53,1960,3222,217,432,1381,2076,0,0
85,93,5.44,641,1205,461,902,61,101,0,0
85,105,9.71,3123,6734,427,827,2389,5353,0,0
85,111,15.39,2040,4950,547,1222,812,2087,0,0
85,116,3,150,280,136,266,5,5,0,0
85,118,18.72,3822,8343,553,1148,2992,6561,0,0
85,119,2.28,88,189,29,62,19,41,0,0
85,123,0.03,7,14,7,14,0,0,0,0
85,124,9.97,2063,4143,312,627,1670,3343,0,0
85,60,3.44,637,1862,465,1388,49,142,0,0
85,70,6.92,775,1549,276,552,166,332,0,0
85,71,1.08,209,417,74,148,45,90,0,0
85,87,1.01,12,24,1,3,8,16,0,0
85,109,1.3,398,796,0,0,398,796,0,0
85,110,4.27,1175,2344,1,1,1171,2340,0,0
85,127,1,61,122,15,31,15,31,0,0
86,0,24.11,3005,6194,1274,2780,1107,2264,53,107
86,1,18.1,4371,7585,923,1812,2034,3007,0,0
86,2,10.59,1365,2356,260,426,584,1074,0,0
86,3,2.44,236,336,35,35,132,230,0,0
86,6,0.01,0,1,0,0,0,0,0,0
86,7,14.87,4213,9928,996,2763,2525,5294,0,0
86,9,2.96,1920,3840,0,0,1920,3840,0,0
86,10,1.05,232,463,210,419,22,44,0,0
86,24,29,2576,4503,645,1192,932,1551,0,0
86,26,8.52,2511,5298,181,363,1967,4209,0,0
86,27,13.28,854,1558,397,756,152,267,0,0
86,29,1.03,77,89,28,39,17,17,0,0
86,30,2.97,661,1321,408,816,84,168,0,0
86,33,6,1688,4274,350,696,1055,3019,0,0
86,34,27.35,2208,4282,1572,3127,140,264,0,0
86,36,43.96,5334,10776,3001,6007,589,1221,0,0
86,37,0.97,708,1417,0,0,708,1417,0,0
86,41,1.83,1158,1965,202,404,552,754,0,0
86,46,0.84,427,1281,0,0,427,1281,0,0
86,47,8.17,1967,4018,352,703,1536,3156,0,0
86,48,0.64,253,506,0,0,253,506,0,0
86,12,7,1292,2583,81,161,1050,2100,0,0
86,13,2,586,1172,309,618,92,184,0,0
86,18,0.24,62,121,16,32,15,30,0,0
86,19,1.92,171,314,150,293,7,7,0,0
86,35,3.96,274,518,219,430,19,29,0,0
86,43,1,61,61,15,15,15,15,0,0
86,60,3.96,3168,9357,1,1,3164,9353,0,0
86,71,8,2983,6733,386,848,2150,4836,0,0
86,75,4,446,1028,258,698,63,111,0,0
86,81,1,284,569,71,142,71,142,0,0
86,86,2,256,511,256,511,0,0,0,0
86,87,4,243,463,226,445,6,6,0,0
86,92,4.57,1108,2424,516,1290,181,361,0,0
86,94,2.82,1435,2869,359,717,359,717,0,0
86,98,1,6,6,2,2,2,2,0,0
86,105,0.29,250,749,0,0,250,749,0,0
86,109,2.74,1979,3959,0,0,1979,3959,0,0
86,110,20.43,3494,7662,1054,2057,1858,4542,0,0
86,114,10.98,1004,1871,420,806,318,603,0,0
86,125,4.35,784,1526,375,739,214,418,0,0
86,61,0.04,65,196,0,0,65,196,0,0
86,64,4.93,861,2185,489,1093,124,364,0,0
86,65,0.42,110,220,28,55,28,55,0,0
86,70,4,195,390,163,327,10,21,0,0
86,76,2.82,514,1029,465,931,16,33,0,0
86,84,5.63,974,1887,129,197,708,1418,0,0
86,97,10.86,1752,2882,847,1547,289,432,0,0
86,103,0.44,253,253,63,63,63,63,0,0
86,115,6.23,730,1456,378,755,321,642,0,0
86,117,5,706,1361,279,546,37,61,0,0
86,121,4.79,382,708,225,419,52,96,0,0
86,122,0.29,51,101,13,25,13,25,0,0
86,124,10.04,3195,7633,0,0,3195,7633,0,0
87,0,10.67,893,1943,407,854,321,680,0,0
87,1,1.23,614,1118,153,280,153,280,0,0
87,2,5.44,860,1537,215,384,215,384,0,0
87,3,4.39,330,517,83,129,83,129,0,0
87,7,8.31,1342,2684,193,384,1095,2196,0,0
87,9,4,242,456,156,305,10,13,0,0
87,15,9,3841,7445,292,585,3537,6837,0,0
87,18,7.84,2046,3935,597,1155,948,1858,0,0
87,36,1.71,176,449,114,324,19,38,0,0
87,41,6,963,2264,221,546,221,546,0,0
87,46,0.01,4,11,0,0,4,11,0,0
87,47,0.99,507,1522,0,0,507,1522,0,0
87,50,3.48,501,1112,360,830,58,115,0,0
87,51,6.56,3137,7331,140,419,2997,6913,0,0
87,34,1,5,9,1,2,1,2,0,0
87,35,2,431,773,364,706,22,22,0,0
87,45,0.18,38,76,9,19,9,19,0,0
87,49,1.55,523,1465,97,194,422,1265,0,0
87,61,1,9,9,3,3,3,3,0,0
87,64,3.07,516,1070,130,269,129,267,0,0
87,65,0.58,154,309,39,77,39,77,0,0
87,76,12.74,1417,2538,1389,2485,2,4,0,0
87,77,53.06,4841,8194,4634,7842,63,111,0,0
87,78,7.15,632,740,605,713,9,9,0,0
87,84,1.37,270,503,94,153,58,117,0,0
87,86,5,736,1444,308,609,143,278,0,0
87,92,2.46,205,431,65,131,0,0,0,0
87,93,1,223,445,223,445,0,0,0,0
87,94,14.19,3129,7153,1299,2820,1134,2492,0,0
87,97,4.13,613,1361,268,713,76,139,0,0
87,103,2.89,982,1637,530,977,151,219,0,0
87,104,10.67,1431,2793,567,1117,268,520,0,0
87,109,0.51,466,932,0,0,466,932,0,0
87,110,3.74,584,1399,36,36,477,1292,0,0
87,114,10.52,3542,8982,540,738,2991,8229,0,0
87,115,2.77,1157,3749,0,0,1157,3749,0,0
87,117,2.63,714,1272,144,284,144,284,0,0
87,121,11.73,1280,2671,276,298,943,2268,0,0
87,124,4.61,2481,6571,142,283,2332,6273,0,0
87,69,0.65,146,291,36,73,36,73,0,0
87,70,7.33,1640,3258,290,574,1288,2570,0,0
87,72,1,28,28,0,0,0,0,0,0
88,0,4.36,662,1664,119,323,305,696,0,0
88,10,12.39,2226,4059,701,1403,1287,2181,0,0
88,22,8.26,2311,5050,129,325,1996,4219,0,0
88,23,1,52,105,13,26,13,26,0,0
88,35,9.86,11392,32619,63,127,11201,32240,0,0
88,45,15.61,1917,3734,1005,1962,392,826,0,0
88,46,4.21,1690,3417,0,0,1690,3417,0,0
88,48,2,275,551,68,138,68,138,0,0
88,49,11.44,5666,11713,461,922,4514,9409,0,0
88,50,3.78,1005,2011,117,234,888,1776,0,0
88,51,0.18,67,135,0,0,67,135,0,0
88,9,4.14,999,1831,68,125,784,1452,0,0
88,21,1.25,123,245,80,161,14,28,0,0
88,34,4.24,1697,4552,68,68,1495,4349,0,0
88,57,6,2272,4676,430,860,1511,3153,0,0
88,70,0.03,2,4,0,0,2,4,0,0
88,75,3,212,212,189,189,5,5,0,0
88,76,7.61,1111,2176,544,1062,189,372,0,0
88,77,36.03,2979,5454,2718,4988,38,71,0,0
88,94,4,377,754,220,440,52,105,0,0
88,99,1,31,31,8,8,8,8,0,0
88,114,0.5,862,1724,0,0,862,1724,0,0
88,117,0.37,239,466,57,113,57,113,0,0
88,121,17.82,2340,4455,590,1123,1402,2748,0,0
88,122,9.37,3325,6760,250,527,2872,5771,0,0
88,66,1,28,57,7,14,7,14,0,0
88,78,0.86,115,230,23,45,47,93,0,0
88,82,1.17,569,1706,0,0,569,1706,0,0
88,83,2.64,2055,6090,0,0,2055,6090,0,0
88,89,4,212,417,177,352,11,21,0,0
88,90,19.31,1924,3718,904,1808,198,395,30,59
88,91,1,196,392,196,392,0,0,0,0
89,0,7.9,2166,2598,253,494,1758,1822,0,0
89,1,19.69,2542,6013,1353,3074,363,913,0,0
89,9,3.47,340,761,150,408,43,86,0,0
89,10,1,16,16,4,4,4,4,0,0
89,11,8,1115,2548,463,1061,621,1390,0,0
89,12,8,714,1269,428,780,11,13,0,0
89,21,7.23,779,1755,752,1708,9,15,0,0
89,22,7.28,1026,2048,350,787,201,396,0,0
89,33,6,513,923,225,432,32,46,0,0
89,34,1.65,3005,8241,0,0,3005,8241,0,0
89,35,5.2,11795,44981,1573,6549,7076,25329,0,0
89,47,1,242,970,61,242,61,242,0,0
89,5,2,68,82,17,21,17,21,0,0
89,32,1.37,256,513,140,279,39,78,0,0
89,48,11.7,1097,2880,486,1305,188,493,0,0
89,67,2,1136,2272,284,569,284,569,0,0
89,75,2,118,355,110,330,3,8,0,0
89,76,36.45,2537,4544,2131,3800,256,501,0,0
89,77,20.03,1564,2488,1355,2145,25,43,0,0
89,78,12.14,2037,4094,778,1560,744,1491,0,0
89,82,3.99,1184,3507,98,285,888,2654,0,0
89,83,14.43,2886,6573,602,1285,2046,4648,0,0
89,85,25.76,2077,3796,1863,3429,92,171,0,0
89,86,13.04,1650,2902,1204,2168,121,188,0,0
89,88,3.16,257,304,45,57,122,134,0,0
89,89,8.84,722,1423,428,856,91,182,0,0
89,90,4.69,544,1065,507,1013,5,10,0,0
89,91,3,252,503,231,463,7,13,0,0
89,98,18.99,1297,2820,390,865,303,652,0,0
89,105,1,540,1081,135,270,135,270,0,0
89,113,10,816,1259,150,294,484,610,0,0
89,118,3,993,1986,309,617,684,1369,0,0
89,120,0.09,26,52,0,0,26,52,0,0
89,121,2.92,991,1982,0,0,991,1982,0,0
89,127,3,262,498,229,451,11,16,0,0
89,53,0.63,100,199,25,50,25,50,0,0
89,66,0.03,29,87,0,0,29,87,0,0
89,71,2.09,869,1738,372,744,166,331,0,0
89,81,1,40,79,10,20,10,20,0,0
89,84,10.21,1641,3701,291,804,1254,2715,0,0
89,87,2,275,550,249,498,9,18,0,0
89,97,0.02,1,1,0,0,0,0,0,0
89,117,7,631,1241,377,750,85,164,0,0
90,0,38.7,3244,6359,2370,4697,415,806,0,0
90,1,32.74,3935,8282,2603,5921,362,628,0,0
90,4,10.16,1248,2727,426,1025,422,863,0,0
90,5,20.71,3017,6433,745,1483,1837,4141,0,0
90,8,2,99,198,25,49,25,49,0,0
90,12,1,27,54,7,13,7,13,0,0
90,13,15,2411,5433,550,1209,1646,3810,0,0
90,21,6.99,1197,2321,399,827,738,1424,0,0
90,22,1,266,533,0,0,266,533,0,0
90,32,3.82,313,512,196,372,27,35,0,0
90,33,0.24,10,19,2,5,2,5,0,0
90,34,1,898,898,224,224,224,224,0,0
90,35,4.06,8125,35176,1371,6279,4014,16338,0,0
90,48,3.3,317,707,274,619,14,29,0,0
90,2,10.66,1134,2077,1002,1871,26,51,0,0
90,20,1,115,232,29,58,29,58,0,0
90,29,4.06,817,1571,81,163,817,1571,0,0
90,30,1.93,541,942,140,140,401,802,0,0
90,41,1,35,104,8,26,8,26,0,0
90,49,1,127,254,32,64,32,64,0,0
90,53,0.37,57,115,14,29,14,29,0,0
90,66,1.97,865,2571,0,0,865,2571,0,0
90,67,15,3870,8588,588,1329,2706,5793,0,0
90,71,3.91,906,1811,295,590,204,407,0,0
90,73,1,20,80,5,20,5,20,20,80
90,74,3,82,128,20,32,20,32,0,0
90,75,17.38,1137,2439,826,1916,103,191,0,0
90,76,40.31,3495,6274,3202,5671,176,463,0,0
90,77,21.14,1556,2787,1339,2501,54,66,0,0
90,82,20.9,2908,5721,2183,4341,242,460,0,0
90,83,20.05,2188,4575,1444,2871,181,434,0,0
90,84,25.65,3022,5236,1839,3057,629,1197,0,0
90,85,16.58,1452,2676,1232,2289,58,115,0,0
90,86,34.53,2544,4324,2181,3691,103,173,0,0
90,89,0.76,16,32,4,8,4,8,0,0
90,90,12.74,834,1488,585,1034,43,72,0,0
90,126,1,37,75,9,19,9,19,0,0
90,127,3.08,100,216,19,41,9,22,0,0
90,79,0.84,366,733,92,183,92,183,0,0
90,81,6.31,466,609,460,602,2,2,0,0
90,88,2.44,83,166,9,18,9,18,0,0
90,91,1.54,81,142,60,120,0,1,0,0
90,108,1,20,41,5,10,5,10,0,0
90,110,1,19,19,0,0,0,0,0,0
90,122,2.46,193,365,151,296,14,23,0,0
91,0,10.99,1247,2493,857,1713,131,260,0,0
91,1,3.59,311,727,45,84,45,84,0,0
91,2,18.15,2096,3851,1882,3417,19,33,0,0
91,5,3.13,981,2057,3,5,973,2040,0,0
91,6,2,318,636,318,636,0,0,0,0
91,7,4,2062,5361,0,0,2062,5361,0,0
91,13,2,40,152,11,38,11,38,0,0
91,30,0.01,1,1,1,1,0,0,0,0
91,32,5.56,711,1139,433,863,175,175,0,0
91,67,2,218,220,55,55,55,55,0,0
91,75,45.14,3391,7613,1775,3714,1018,2813,0,0
91,76,17.37,1716,3210,1114,1986,321,826,0,0
91,77,14.42,4008,20832,329,1159,2992,17302,0,0
91,79,2.28,269,713,29,62,184,528,0,0
91,80,13.46,7700,19158,438,1020,6764,16858,0,0
91,81,31.73,3594,7179,2622,5250,786,1565,0,0
91,82,23.98,2497,4910,1390,2745,365,711,0,0
91,83,16.28,1662,3468,1443,3035,49,96,0,0
91,84,48.52,4450,8593,3181,5885,391,871,0,0
91,85,21.81,1624,2474,1438,2161,41,62,0,0
91,86,17.62,1649,3249,1310,2608,52,94,0,0
91,87,8.92,1479,3193,705,1582,227,467,0,0
91,88,15.99,1651,2596,1457,2261,55,97,0,0
91,89,14.92,1988,3893,975,1935,317,618,0,0
91,90,21.43,2249,4249,1437,2829,332,617,0,0
91,92,4,444,771,335,661,8,8,0,0
91,95,13.29,4365,7476,349,762,3644,5843,0,0
91,109,1,20,39,5,10,5,10,0,0
91,110,17.4,2310,4719,1218,2462,289,601,0,0
91,111,14.32,1942,3845,1359,2707,178,346,0,0
91,115,1,789,1576,0,0,789,1576,0,0
91,122,2.54,157,314,39,79,39,79,0,0
91,127,12.38,1053,2027,729,1453,70,136,0,0
91,61,1.65,491,983,123,246,123,246,0,0
91,62,2,281,508,240,468,13,13,0,0
91,72,7.35,948,1841,182,350,182,350,0,0
91,73,2.08,112,202,92,179,6,6,0,0
91,74,2.21,95,99,67,68,9,10,0,0
91,94,15.38,3142,6101,620,1194,2319,4591,0,0
91,113,5.97,358,384,110,117,83,89,0,0
91,114,5.51,987,1969,130,260,896,1790,0,0
91,118,4.45,390,730,154,296,156,300,0,0
91,119,3.21,196,380,53,103,48,92,0,0
91,126,0.37,95,190,24,48,24,48,0,0
92,23,15.99,3289,6580,704,1409,2180,4359,0,0
92,32,2.99,1086,2173,0,0,1086,2173,0,0
92,45,11.6,1558,3013,1015,2013,202,422,0,0
92,46,5.41,916,1857,0,0,916,1857,0,0
92,51,1,81,162,20,41,20,41,0,0
92,6,0.8,395,789,99,197,99,197,0,0
92,10,2.87,463,912,116,228,116,228,0,0
92,30,3.78,668,1289,49,86,522,1031,0,0
92,31,5.25,1600,3200,69,139,1392,2784,0,0
92,41,1,288,577,72,144,72,144,0,0
92,53,2,2182,2182,0,0,2182,2182,0,0
92,61,12.36,4148,8835,615,1303,2959,6262,0,0
92,72,1.57,859,2222,215,556,215,556,504,1512
92,74,64.21,4408,9865,2512,6020,903,2228,0,0
92,75,119.43,7723,17042,4948,11692,1431,3106,0,0
92,76,19.37,2047,4787,850,2358,294,540,0,0
92,77,30.16,3853,9850,738,1797,2461,6583,0,0
92,79,30.81,4251,9299,1814,3511,2103,5247,0,0
92,80,34.01,5308,9978,1315,2430,3118,6372,0,0
92,81,30.18,2854,6163,2030,4581,390,756,0,0
92,82,12.58,1432,2619,502,877,740,1475,0,0
92,83,42.88,4482,7408,3967,6428,325,635,0,0
92,84,32.65,2948,5759,2184,4367,230,417,0,0
92,85,43.04,3375,7248,2042,4572,700,1382,0,0
92,86,36.92,2459,5161,1766,3893,133,244,0,0
92,87,35.96,3101,7150,2043,4932,218,434,37,183
92,89,23.55,2720,5296,2552,5030,38,51,0,0
92,90,2.93,397,763,93,185,91,181,0,0
92,93,1,357,715,357,715,0,0,0,0
92,94,3.43,973,2601,36,107,866,2280,0,0
92,95,2.88,3411,4655,0,0,3411,4655,0,0
92,96,0.01,17,17,0,0,17,17,0,0
92,110,1,53,53,13,13,13,13,0,0
92,111,1.29,303,605,131,262,57,114,0,0
92,112,2,140,363,56,112,28,84,0,0
92,114,20.51,3153,6214,151,303,2797,5502,0,0
92,115,1,248,494,0,0,248,494,0,0
92,118,1.34,60,119,16,33,14,29,0,0
92,126,36.89,2635,5419,1816,3846,240,464,20,79
92,127,16.28,2615,5218,1781,3561,271,541,0,0
92,54,3,250,250,221,221,10,10,0,0
92,78,9,900,2010,462,1158,307,608,0,0
92,88,2.56,245,489,105,210,47,93,0,0
92,106,9,1652,3304,552,1106,937,1875,0,0
92,107,3,1477,2954,0,0,1477,2954,0,0
92,119,1,62,124,15,31,15,31,0,0
92,124,0.94,319,638,80,160,80,160,0,0
92,125,1.11,185,370,3,6,175,351,0,0
93,3,6.14,872,2212,478,1073,124,366,0,0
93,6,1.2,598,1197,150,299,150,299,0,0
93,10,4.13,488,890,321,620,56,90,0,0
93,16,8.03,875,1529,507,849,304,606,0,0
93,17,10.97,2236,4371,611,1209,1463,2912,0,0
93,30,4,234,448,161,317,24,44,0,0
93,31,3.97,843,1614,150,300,611,1151,0,0
93,49,2.95,396,792,277,554,40,79,0,0
93,50,0.05,12,25,12,25,0,0,0,0
93,4,8.97,1471,2919,1408,2816,14,27,0,0
93,12,1,47,93,12,23,12,23,0,0
93,15,2,64,64,16,16,16,16,0,0
93,22,2,277,554,277,554,0,0,0,0
93,23,1,240,480,240,480,0,0,0,0
93,41,3.8,805,1785,647,1337,53,150,0,0
93,53,5,2689,3818,282,564,1842,2124,0,0
93,54,12,1939,3725,440,860,1017,1946,0,0
93,59,4,2297,4595,250,500,1547,3095,0,0
93,61,2,560,1379,91,247,287,639,0,0
93,65,0.04,31,62,0,0,31,62,0,0
93,66,20.26,3677,7417,637,1369,2628,5244,0,0
93,73,20.35,1623,3032,1303,2609,32,66,0,0
93,74,165.94,10344,24890,6109,15633,1768,4254,0,0
93,75,155.05,10790,24177,6204,13203,1409,3382,857,3427
93,76,52.81,4832,8686,3969,7444,302,568,0,0
93,77,67.79,6935,14193,3783,8049,2503,4916,0,0
93,78,18.01,1930,4273,1423,3419,258,504,0,0
93,79,11.99,895,1346,775,1196,24,34,0,0
93,80,16.01,902,1860,788,1589,38,90,0,0
93,81,38.87,3310,6550,3004,5993,78,141,0,0
93,82,38,5387,12500,3581,7744,1154,3297,0,0
93,83,52.85,7040,20828,3362,8720,1557,4711,0,0
93,84,69.1,5545,12487,3560,8431,742,1694,0,0
93,85,187.78,9561,23549,6523,16957,1001,2365,0,0
93,86,74.88,3647,7157,2738,5578,186,312,0,0
93,87,10.35,1143,2169,1110,2134,10,10,0,0
93,88,32.35,3192,6026,2269,4108,259,549,0,0
93,89,39.7,3550,7375,2564,5423,237,457,0,0
93,94,1,936,1871,0,0,936,1871,0,0
93,106,5.45,635,955,123,199,269,360,0,0
93,107,0.54,47,93,12,23,12,23,0,0
93,116,3.67,2290,4580,0,0,2290,4580,0,0
93,124,0.06,22,44,6,11,6,11,0,0
93,125,1,783,1566,0,0,783,1566,0,0
93,126,30.37,4796,10368,2413,5029,1362,2928,0,0
93,127,40.86,5870,11714,3920,7900,1748,3490,0,0
93,60,4.61,559,1091,231,462,100,200,0,0
93,67,0.09,28,84,7,21,7,21,0,0
93,90,1.74,155,207,39,52,39,52,0,0
93,117,3,173,466,43,117,43,117,0,0
93,123,0.94,97,194,24,49,24,49,0,0
94,0,2.9,1245,2910,0,0,1245,2910,0,0
94,1,4.23,929,1781,375,731,480,944,0,0
94,2,2,81,177,12,36,12,36,0,0
94,3,64.01,5461,11530,3223,7017,916,1752,90,242
94,4,43.96,4625,9568,3369,6853,314,735,0,0
94,5,0.55,133,267,133,267,0,0,0,0
94,15,5,1103,2206,276,551,276,551,0,0
94,20,1.41,934,1867,0,0,934,1867,0,0
94,21,21.6,4207,8961,568,1603,3436,6979,0,0
94,41,6.2,788,1722,255,551,173,386,0,0
94,23,11.47,1695,3605,743,1806,431,768,0,0
94,47,3.23,612,1225,311,622,178,357,0,0
94,54,16,1259,2451,473,937,322,636,0,0
94,60,1.39,164,164,147,147,0,0,0,0
94,65,1.63,59,95,59,95,0,0,0,0
94,66,8.19,681,1362,369,714,84,176,0,0
94,67,0.8,244,731,61,183,61,183,0,0
94,71,6.94,1402,2328,350,582,350,582,0,0
94,73,18.36,4003,10926,883,1964,2433,7234,0,0
94,74,39.8,3881,7366,1971,3859,846,1622,0,0
94,75,55.01,5020,8569,3643,6312,280,448,0,0
94,76,46.25,4777,9279,4374,8763,151,188,0,0
94,77,71.15,5501,10416,5162,9985,58,88,0,0
94,78,2.52,214,429,143,286,0,0,0,0
94,81,4.75,485,971,445,890,14,27,0,0
94,82,53.58,5637,11082,4945,9845,106,190,0,0
94,83,56.29,5997,12818,4042,8899,450,931,0,0
94,84,114.17,9568,27436,5631,16409,1248,3386,203,814
94,85,188.13,12645,33662,6662,17110,2983,8495,908,3633
94,86,57.86,5799,11427,2422,4983,966,1876,0,0
94,87,30.22,3417,6878,2587,4784,561,1646,0,0
94,88,23.49,2147,4202,1908,3798,72,127,0,0
94,89,8,876,1849,673,1395,11,24,0,0
94,90,0.54,22,43,5,11,5,11,0,0
94,114,1,50,101,13,25,13,25,0,0
94,116,3.32,1472,3358,0,0,1472,3358,0,0
94,117,6,681,1362,342,684,113,226,0,0
94,123,7.06,921,1735,635,1266,64,125,0,0
94,124,3.01,442,885,114,225,111,220,0,0
94,125,1.99,251,502,242,483,0,0,10,19
94,126,12.36,1542,2640,1313,2322,4,8,0,0
94,127,49.59,3995,7550,2945,5901,281,406,0,0
94,91,1,26,51,0,0,0,0,26,51
94,122,0.31,51,103,51,103,0,0,0,0
95,0,1.25,728,1533,0,0,728,1533,0,0
95,1,1.63,413,722,0,0,413,722,0,0
95,3,60.75,4948,10982,2581,6104,680,1295,953,2721
95,4,1.63,711,1416,177,354,177,354,0,0
95,5,2.63,1018,1887,0,0,1018,1887,0,0
95,18,24.66,1596,3143,586,1249,462,898,0,0
95,23,1.53,257,534,8,21,232,469,0,0
95,35,14.21,3958,8252,304,585,3442,7292,0,0
95,37,4,409,820,276,552,44,89,0,0
95,38,15,3644,8645,287,444,2851,7250,0,0
95,46,1,1177,2354,0,0,1177,2354,0,0
95,47,13.77,2017,3812,700,1343,799,1542,0,0
95,48,2,948,1896,0,0,948,1896,0,0
95,7,1.09,163,343,150,305,4,13,0,0
95,17,3.9,601,1202,484,969,39,78,0,0
95,36,0.79,598,1197,0,0,598,1197,0,0
95,42,1,108,216,27,54,27,54,0,0
95,55,24.99,3224,6325,689,1351,1900,3774,0,0
95,56,17.34,3445,7860,367,771,2390,5646,0,0
95,68,4.27,1859,4955,105,209,1545,4328,0,0
95,70,3.97,4943,14811,2,2,4937,14805,0,0
95,71,1.06,1837,7328,460,1830,461,1836,0,0
95,72,2,75,135,4,4,4,4,0,0
95,73,5.84,3672,10652,60,91,3516,10425,0,0
95,74,37.9,11499,22876,1669,3051,9698,19569,0,0
95,75,62.38,4680,6890,4016,6013,169,213,0,0
95,76,14.51,2998,5942,771,1615,153,277,0,0
95,77,34.47,7562,13412,3148,5231,1456,2711,0,0
95,78,5,449,1117,415,1050,11,23,0,0
95,80,15.12,3281,6090,611,1527,2299,3791,291,873
95,81,4.95,1226,3326,252,683,188,502,54,162
95,82,33,2576,5092,2305,4597,85,160,0,0
95,83,50.97,5815,12690,4004,8204,694,2001,0,0
95,84,84.18,6978,14493,3498,7868,1127,2262,0,0
95,85,81.17,6989,13314,3977,7696,1021,2000,0,0
95,86,58.19,6048,11629,4108,7798,1352,2696,0,0
95,87,20.98,2117,4078,1920,3834,22,38,0,0
95,93,6,507,999,272,542,37,71,0,0
95,95,3,504,504,21,21,269,269,0,0
95,96,1,208,416,208,416,0,0,0,0
95,122,13.45,3713,7616,542,1082,2795,5789,0,0
95,123,0.25,13,26,3,6,3,6,0,0
95,127,11.48,2571,6552,794,1539,56,65,0,0
95,57,0.67,416,832,0,0,416,832,0,0
95,69,2.45,1766,4861,109,217,1226,3569,0,0
95,79,0.89,33,33,0,0,33,33,0,0
95,106,6.65,1269,2540,318,635,318,635,0,0
96,4,3,568,973,141,243,141,243,0,0
96,5,0.37,194,387,0,0,194,387,0,0
96,6,13.58,1427,3095,1110,2613,9,11,0,0
96,7,33.2,2819,5264,1412,2751,398,726,0,0
96,8,1,3555,14223,0,0,3555,14223,0,0
96,17,25.14,2204,3905,1552,3053,400,448,0,0
96,18,1.37,151,176,3,10,141,148,0,0
96,23,1.41,192,384,192,384,0,0,0,0
96,25,1,24,24,6,6,6,6,0,0
96,30,1,73,146,18,36,18,36,0,0
96,33,2.5,1324,2649,0,0,1324,2649,0,0
96,55,0.39,143,285,0,0,143,285,0,0
96,56,3.61,2010,5801,0,0,2010,5801,0,0
96,63,10,2099,4507,652,1502,764,1245,70,139
96,67,0.23,692,2767,0,0,692,2767,0,0
96,68,5.06,12783,57299,9,28,12756,57216,0,0
96,69,9.3,7831,29566,96,174,7453,28783,0,0
96,70,1.02,663,1988,154,463,199,598,0,0
96,71,2,168,335,42,84,42,84,0,0
96,73,14.8,1760,3790,1441,3013,65,176,0,0
96,74,24.08,2269,3680,1596,2397,601,1181,0,0
96,75,5.89,577,761,402,445,32,52,0,0
96,77,0.08,387,773,97,193,97,193,0,0
96,79,0.45,39,79,0,0,39,79,0,0
96,80,1.59,473,945,0,0,473,945,0,0
96,82,40.96,4253,7823,3544,6496,160,300,0,0
96,83,75.56,5817,11417,4843,9039,440,1491,0,0
96,84,68.39,5513,10048,3994,7470,750,1438,0,0
96,85,44.97,5365,11073,3208,6255,1326,3321,0,0
96,86,12.67,4971,14043,647,1294,4238,12576,0,0
96,92,13.84,2151,3862,1331,2555,273,437,0,0
96,93,2.16,163,299,136,271,0,0,0,0
96,95,9,1496,2851,191,347,1042,2049,0,0
96,102,11.64,2378,4088,939,1840,1272,2078,0,0
96,103,2.52,1129,1412,19,19,1072,1355,0,0
96,104,1,83,165,21,41,21,41,0,0
96,106,2.41,337,661,240,480,28,55,0,0
96,126,4.01,1439,3647,0,0,1439,3646,0,0
96,127,6.5,819,1607,700,1368,40,80,0,0
96,87,3.77,1448,4292,3,3,1440,4285,0,0
96,105,0.21,26,26,0,0,0,0,0,0
96,112,0.12,40,80,40,80,0,0,0,0
97,2,2.16,2831,7771,1,1,2827,7767,0,0
97,5,1,162,323,0,0,162,323,0,0
97,6,3,491,914,491,914,0,0,0,0
97,7,7.13,817,1224,620,1011,66,71,0,0
97,8,9,665,1224,449,887,52,93,0,0
97,17,11.94,942,1992,747,1690,43,58,0,0
97,19,2.11,334,828,334,828,0,0,0,0
97,23,14.11,1917,3667,1146,2250,192,343,0,0
97,33,7.51,1646,3259,221,436,1325,2642,0,0
97,36,3,546,1054,9,9,324,639,0,0
97,0,0.2,91,182,0,0,91,182,0,0
97,1,3.01,350,771,219,437,101,303,0,0
97,18,14.57,1423,2822,1347,2690,18,30,0,0
97,24,4.52,379,747,85,168,16,30,0,0
97,37,2,207,413,183,367,8,15,0,0
97,44,0.07,17,35,17,35,0,0,0,0
97,45,1.93,360,721,246,491,0,0,0,0
97,50,0.32,47,94,12,23,12,23,0,0
97,51,0.68,97,195,24,49,24,49,0,0
97,63,6,1464,3576,552,1265,304,770,0,0
97,67,1.87,2529,9481,13,25,2492,9405,0,0
97,68,1.81,7525,29933,21,25,7462,29856,0,0
97,81,3.11,369,738,53,107,53,107,0,0
97,82,15.51,1730,3268,1549,2929,61,112,0,0
97,83,13.86,1056,1924,822,1535,55,90,0,0
97,84,40.33,5012,9564,2913,5435,864,1705,0,0
97,85,70.74,5364,10109,3990,7549,529,1016,0,0
97,86,7.96,3408,8812,233,467,3040,8073,0,0
97,87,2.31,2059,4260,24,49,1986,4115,0,0
97,93,13.47,4037,9850,551,1287,2814,6947,0,0
97,99,4,849,1700,376,751,128,255,0,0
97,102,0.63,378,378,0,0,378,378,0,0
97,103,7.2,2170,3693,713,1320,1246,2161,0,0
97,104,2,2437,3660,0,0,2437,3660,0,0
97,105,0.06,8,8,0,0,0,0,0,0
97,106,0.66,86,94,8,16,0,0,0,0
97,112,2.97,1286,3430,312,608,938,2781,0,0
97,113,7.9,3502,7625,15,30,3469,7561,0,0
97,125,5.78,3093,9066,170,458,2855,8513,0,0
97,126,2.22,1050,3032,61,153,960,2849,0,0
97,127,1.09,260,520,260,520,0,0,0,0
97,54,0.44,287,587,69,138,81,173,0,0
97,70,0.01,1,3,1,3,0,0,0,0
97,71,8.01,1084,1889,645,1446,99,100,0,0
97,76,2.48,51,70,13,17,13,17,0,0
97,77,0.52,20,41,5,10,5,10,0,0
97,90,4,431,833,362,725,13,26,0,0
97,94,2.49,1254,2668,7,7,1233,2646,0,0
98,0,9.79,2432,4810,133,253,2032,4051,0,0
98,1,7.11,2389,6067,197,498,1986,5038,0,0
98,2,3.72,9868,29435,42,85,9741,29181,0,0
98,7,7,1166,2602,184,344,582,1538,0,0
98,15,9,1768,3005,526,918,846,1558,0,0
98,16,3,342,571,181,333,54,79,0,0
98,18,33.72,3099,5717,2917,5368,60,115,0,0
98,19,39.59,2912,5680,2195,4355,295,583,0,0
98,20,2,376,751,110,221,340,679,0,0
98,23,3,183,293,68,136,14,28,0,0
98,24,4.97,567,1769,463,1430,35,114,0,0
98,32,9,2463,4877,233,453,2186,4359,0,0
98,4,1.06,51,95,13,24,13,24,0,0
98,5,3.94,1051,2057,504,996,182,354,0,0
98,53,1.53,1596,4474,0,0,1596,4474,0,0
98,54,8.02,2758,6930,728,1446,1577,4599,0,0
98,71,4.98,1515,2948,576,1131,313,606,0,0
98,74,5.35,351,479,159,174,22,37,0,0
98,75,9.65,873,1690,439,772,135,296,0,0
98,76,1,10,10,3,3,3,3,0,0
98,84,26.16,2724,4695,2209,3980,213,280,0,0
98,85,5.79,1399,2732,508,950,891,1782,0,0
98,86,2.15,555,1084,7,7,535,1064,0,0
98,87,4.07,438,871,288,575,50,98,0,0
98,88,5.93,1227,2411,127,243,883,1754,0,0
98,90,9,2490,4757,639,1077,1235,2463,0,0
98,93,0.71,712,781,8,25,687,705,0,0
98,94,0.34,344,344,0,0,344,344,0,0
98,106,5.92,483,930,86,163,424,838,0,0
98,107,13.08,1479,2371,146,266,1231,1951,0,0
98,109,0.18,82,162,0,0,82,162,0,0
98,110,3.81,1808,3175,0,0,1808,3175,0,0
98,113,0.02,29,59,0,0,29,59,0,0
98,117,9.64,2493,4861,358,707,1850,3582,0,0
98,123,3.39,865,1730,281,562,195,389,0,0
98,124,1.61,167,334,145,289,7,15,0,0
98,57,15.76,1756,3444,703,1468,351,658,0,0
98,111,1.4,1519,3153,0,0,1519,3153,0,0
99,2,1,104,208,104,208,0,0,0,0
99,12,7.48,500,921,276,626,54,78,10,10
99,18,16.74,2073,4085,862,1771,397,766,0,0
99,19,53.15,4379,10049,2302,4930,536,1335,463,1782
99,20,14.56,1647,3187,627,1228,438,849,0,0
99,23,1,27,53,7,13,7,13,0,0
99,41,13.46,1636,3894,486,961,851,2422,0,0
99,42,6.34,3483,10109,0,0,3483,10109,0,0
99,51,9.07,3666,8287,661,1560,2443,5126,0,0
99,11,2.03,1427,2822,8,8,1403,2799,0,0
99,21,10.49,922,1905,848,1813,25,30,0,0
99,22,2.88,1120,1758,435,869,685,889,0,0
99,27,4,678,1230,418,730,87,167,0,0
99,28,12.87,1249,2268,809,1615,120,190,0,0
99,29,1,24,24,6,6,6,6,0,0
99,40,0.87,1006,3020,0,0,1006,3020,0,0
99,47,1,78,155,19,39,19,39,0,0
99,50,0.93,23,33,13,23,3,3,0,0
99,57,5.24,328,866,302,789,9,26,0,0
99,64,1,126,252,31,63,31,63,0,0
99,71,1.4,1480,3235,275,824,1205,2411,0,0
99,72,2.6,3413,6828,59,118,3236,6473,0,0
99,74,1,18,18,0,0,0,0,0,0
99,75,1,162,324,162,324,0,0,0,0
99,84,6,864,3134,216,782,216,782,0,0
99,90,4.74,392,807,69,165,41,81,0,0
99,110,7.51,4702,8694,173,344,4440,8246,0,0
99,111,25.46,4682,9434,1346,2622,2688,5663,0,0
99,117,2.35,394,788,118,234,132,263,0,0
99,89,1.26,375,1067,332,980,15,29,0,0
99,105,2.26,276,551,178,356,13,25,0,0
99,106,17.12,1834,3330,762,1509,533,752,0,0
99,115,0.77,1360,2720,0,0,1360,2720,0,0
99,116,0.23,417,834,0,0,417,834,0,0
100,11,3.94,1072,2096,54,99,909,1797,0,0
100,12,7.54,516,881,93,150,183,331,0,0
100,18,38.88,2721,4829,2218,4024,343,645,0,0
100,19,84.17,6637,13457,3998,8178,1127,2323,0,0
100,20,16.65,1450,2792,858,1711,121,238,0,0
100,21,23.19,3258,5785,2330,4076,245,440,0,0
100,22,33.65,2994,6044,1730,3448,459,909,0,0
100,27,0.9,762,2285,0,0,762,2285,0,0
100,28,10.22,3794,9516,342,683,3208,8348,0,0
100,36,4,924,2220,568,1228,119,331,0,0
100,40,2.12,921,2762,0,0,921,2762,0,0
100,41,13.2,1784,4228,1089,2745,113,221,0,0
100,49,14,2907,5988,948,1925,1407,2845,0,0
100,10,1,131,394,131,394,0,0,0,0
100,50,10,1896,4380,680,1760,990,2045,0,0
100,71,22.77,4963,11260,1127,2441,2625,6012,0,0
100,72,22.07,2012,4275,833,1564,943,2303,0,0
100,74,5,1367,2734,669,1339,232,465,0,0
100,89,1,47,95,12,24,12,24,0,0
100,95,1,434,868,0,0,434,868,0,0
100,101,0.14,41,81,10,20,10,20,0,0
100,102,3.86,457,913,232,464,75,150,0,0
100,105,3.7,310,369,42,84,257,262,0,0
100,106,13.91,1635,2841,720,1395,522,750,0,0
100,109,0.01,7,15,2,4,2,4,0,0
100,110,10.04,3009,4899,371,525,2183,3608,0,0
100,111,9.85,1112,2173,632,1259,244,483,0,0
100,113,1,90,180,22,45,22,45,0,0
100,117,6.39,3149,7042,212,424,2437,5619,0,0
100,118,1.9,462,892,346,684,99,191,0,0
100,61,2,402,805,101,201,101,201,0,0
100,70,0.17,53,53,0,0,53,53,0,0
100,78,3.7,203,406,178,357,8,16,0,0
100,107,1,24,48,6,12,6,12,0,0
100,112,0.72,176,353,44,88,44,88,0,0
101,11,23,4798,10493,567,1172,3609,7996,0,0
101,12,1,17,33,0,0,0,0,0,0
101,19,80.13,6034,10281,4457,7771,422,706,0,0
101,20,13.55,1668,2953,806,1516,287,479,0,0
101,21,3.14,537,983,468,913,0,0,0,0
101,22,3.58,377,754,279,558,33,65,0,0
101,23,7,3890,7539,48,96,3746,7251,0,0
101,36,2,256,256,249,249,3,3,0,0
101,42,2.55,618,1046,15,30,573,955,0,0
101,43,6.45,1322,2820,311,739,567,1135,0,0
101,6,1.75,62,62,6,6,6,6,0,0
101,7,0.25,9,9,2,2,2,2,0,0
101,8,0.37,387,774,0,0,387,774,0,0
101,14,2.12,152,305,38,76,38,76,0,0
101,30,9.82,2145,4178,225,422,1470,2912,0,0
101,31,0.66,516,1032,0,0,516,1032,0,0
101,38,4,987,2293,317,713,223,527,0,0
101,77,7.14,2136,3733,222,222,1834,3432,0,0
101,78,2.3,211,347,152,286,20,21,0,0
101,87,7,559,1114,182,361,9,16,0,0
101,94,6.21,1711,2852,179,352,1445,2332,0,0
101,95,0.79,336,336,0,0,336,336,0,0
101,101,13,1095,2066,597,1177,210,404,0,0
101,117,1.71,2144,6117,0,0,2144,6117,0,0
101,61,4,1139,2848,514,1170,209,559,0,0
101,68,1.01,463,1389,113,338,125,375,0,0
101,70,1,27,27,7,7,7,7,0,0
101,75,1,62,124,16,31,16,31,0,0
101,76,2.6,342,685,124,248,198,397,0,0
101,124,9.17,2098,4937,312,624,1570,3881,0,0
102,4,3.89,2243,4488,5,9,2229,4459,0,0
102,5,1.07,134,281,3,10,123,250,0,0
102,6,6.06,439,846,343,678,31,53,0,0
102,7,12.13,942,1763,641,1258,73,121,0,0
102,8,10.62,2069,3636,583,1065,892,1683,0,0
102,14,1.88,340,904,252,728,29,58,0,0
102,19,12.34,967,1550,891,1446,25,35,0,0
102,20,10.92,926,1674,846,1531,16,26,0,0
102,30,2.52,751,1502,0,0,751,1502,0,0
102,43,1,15,15,4,4,4,4,0,0
102,13,6,889,2783,223,697,222,696,0,0
102,16,0.6,207,415,52,104,52,104,0,0
102,17,1,69,69,17,17,17,17,0,0
102,28,2,299,598,270,540,10,19,0,0
102,32,1,14,14,4,4,4,4,0,0
102,37,1,17,17,4,4,4,4,0,0
102,62,4,1398,3656,349,914,349,914,0,0
102,68,1.99,2366,7098,206,620,1745,5237,0,0
102,74,2,294,589,73,147,73,147,0,0
102,76,0.99,548,1095,0,0,548,1095,0,0
102,77,0.27,58,108,2,2,52,102,0,0
102,79,14.08,3203,6599,257,508,2825,5866,0,0
102,82,1,190,380,48,95,48,95,0,0
102,92,9.99,1884,3363,169,337,1527,2650,0,0
102,98,2,157,314,148,296,3,6,0,0
102,101,5,753,1233,421,606,21,42,0,0
102,102,0.91,147,147,147,147,0,0,0,0
102,103,2.1,504,794,355,644,50,50,0,0
102,124,1.83,706,1411,0,0,706,1411,0,0
102,127,5,790,1781,376,980,138,267,0,0
102,56,2.04,802,1605,0,0,802,1605,0,0
102,58,1,7,7,2,2,2,2,0,0
102,71,1,23,47,6,12,6,12,0,0
102,80,0.92,62,62,16,16,16,16,0,0
102,88,1,163,325,163,325,0,0,0,0
102,90,1,59,59,15,15,15,15,0,0
102,97,2.59,1670,3096,265,285,1366,2732,0,0
103,2,11,2573,5035,572,1194,1501,2947,0,0
103,4,0.04,58,117,0,0,58,117,0,0
103,7,12.9,879,1810,512,1137,94,180,0,0
103,13,2.33,805,2966,297,934,169,677,677,2709
103,16,2.4,990,2636,247,659,247,659,0,0
103,23,1,733,2199,183,549,183,549,0,0
103,28,10,927,1472,687,1149,80,108,0,0
103,8,0.71,89,89,0,0,0,0,0,0
103,9,0.12,171,514,0,0,171,514,0,0
103,32,0.64,175,175,0,0,175,175,0,0
103,33,0.59,150,200,0,0,150,200,0,0
103,34,0.77,167,334,0,0,167,334,0,0
103,35,1,84,167,21,42,21,42,0,0
103,36,1,56,113,14,28,14,28,0,0
103,46,0.04,14,27,3,7,3,7,0,0
103,47,1.35,252,504,63,126,63,126,0,0
103,53,2,187,612,47,153,47,153,0,0
103,56,6.96,1561,2984,220,405,1155,2275,0,0
103,57,4,235,461,216,430,6,10,0,0
103,67,7,668,1010,212,368,55,55,0,0
103,84,22.51,3923,7571,906,1630,2532,5038,0,0
103,85,2.46,281,312,140,140,68,100,0,0
103,94,11,1526,3047,436,1001,818,1603,0,0
103,95,5,656,1293,164,323,164,323,0,0
103,97,0.4,165,165,165,165,0,0,0,0
103,101,2,364,728,341,683,7,15,0,0
103,102,2,1347,2674,5,5,1332,2659,0,0
103,114,6.3,1240,2443,136,272,810,1620,0,0
103,115,0.7,132,264,129,258,0,0,0,0
103,125,3,211,421,184,368,9,18,0,0
103,58,1,193,579,48,145,48,145,0,0
103,68,3,743,1605,119,356,624,1248,0,0
103,74,4,274,539,201,400,13,24,0,0
103,76,1,66,132,17,33,17,33,0,0
103,87,1.8,850,1700,212,425,212,425,0,0
103,88,0.2,133,267,33,67,33,67,0,0
103,89,0.39,166,332,41,83,41,83,0,0
103,90,1.61,670,1340,168,335,168,335,0,0
103,119,0.01,3,5,0,0,3,5,0,0
103,120,1.6,570,1139,30,60,535,1069,0,0
103,126,4.78,801,1504,43,62,671,1318,0,0
104,5,14,2029,3873,1042,1894,508,1017,0,0
104,7,2.21,145,224,70,74,4,9,0,0
104,9,5.02,3602,8627,148,282,3427,8318,0,0
104,10,5.87,1160,2182,445,797,528,1197,0,0
104,12,0.41,361,1443,0,0,361,1443,0,0
104,13,10.26,3511,8079,389,779,2876,6810,0,0
104,20,2,532,1063,458,915,25,49,0,0
104,23,0.94,11304,56514,2826,14128,2826,14128,0,0
104,27,15.92,2099,3945,1388,2742,266,501,0,0
104,28,15.46,3302,7620,162,319,3076,7183,0,0
104,33,2.01,496,742,0,0,496,742,0,0
104,34,2,439,681,0,0,439,681,0,0
104,35,1.28,134,263,21,40,21,40,0,0
104,36,3.72,501,960,80,150,80,150,0,0
104,38,18.24,3543,8747,206,479,3125,7855,0,0
104,46,11.95,2780,5730,553,1149,1672,3386,0,0
104,47,9.65,1582,2865,97,187,1291,2304,0,0
104,4,1,37,37,9,9,9,9,0,0
104,6,1,12,12,3,3,3,3,0,0
104,22,1.74,259,441,181,363,0,0,0,0
104,32,0.93,240,480,0,0,240,480,0,0
104,39,4.87,195,372,176,347,6,8,0,0
104,75,9.03,1270,2698,655,1350,205,450,0,0
104,77,6.4,569,1260,409,953,5,5,0,0
104,84,11.7,5593,10368,497,995,4100,7384,0,0
104,85,0.32,177,531,0,0,177,531,0,0
104,87,3.41,1210,2346,193,383,881,1738,0,0
104,88,6.58,1213,2520,455,1004,540,1080,0,0
104,89,3.29,266,533,100,200,56,111,0,0
104,90,0.71,108,216,108,216,0,0,0,0
104,118,8,1929,4024,148,296,1485,3134,0,0
104,120,6.39,1079,2135,208,416,827,1631,0,0
104,125,2.09,297,603,205,410,37,82,0,0
104,126,8.13,943,1954,369,717,260,650,0,0
104,52,0.34,9,19,2,5,2,5,0,0
104,53,6.66,1822,4298,715,1594,369,901,0,0
104,66,0.49,201,403,201,403,0,0,0,0
104,73,1,174,348,44,87,44,87,0,0
104,91,1,73,145,18,36,18,36,0,0
104,119,1,140,280,35,70,35,70,0,0
105,4,1,180,359,45,90,45,90,0,0
105,6,1,204,408,204,408,0,0,0,0
105,7,4.04,373,745,290,580,7,14,0,0
105,8,12.97,736,1523,447,892,57,114,0,0
105,22,7.39,967,2606,226,438,630,2000,0,0
105,23,2.37,723,3345,179,830,188,857,0,0
105,26,2,538,1077,538,1077,0,0,0,0
105,27,9.61,1016,2030,781,1562,28,54,0,0
105,29,1,7,7,2,2,2,2,0,0
105,32,10.17,1429,2830,559,1112,784,1561,0,0
105,33,2.01,1099,3297,0,0,1099,3297,0,0
105,34,2,602,1770,0,0,602,1770,0,0
105,37,9.51,988,1932,397,787,451,896,0,0
105,38,11.44,2407,4944,314,661,1889,3811,0,0
105,39,6.46,2467,4998,7,7,2447,4978,0,0
105,0,2,300,600,195,391,0,0,0,0
105,12,4,479,957,450,901,9,19,0,0
105,18,0.28,62,124,0,0,62,124,0,0
105,30,2,68,93,17,23,17,23,0,0
105,31,22.17,1762,3423,1591,3166,47,75,0,0
105,36,1.63,130,256,110,220,4,10,0,0
105,66,1.51,251,459,218,426,11,11,0,0
105,75,0.97,46,46,11,11,11,11,0,0
105,77,12.6,1112,2174,709,1410,113,217,0,0
105,90,5.04,391,730,280,547,36,60,0,0
105,91,2.96,930,1861,271,543,220,439,0,0
105,100,3.75,1147,1908,138,201,734,1304,0,0
105,101,2.25,761,1326,66,132,563,929,0,0
105,119,3,1737,3474,0,0,1737,3474,0,0
105,124,2,527,1001,132,251,132,251,0,0
105,55,3.98,878,1941,250,547,380,806,0,0
105,81,1,272,817,68,204,68,204,0,0
105,82,5.31,1172,2339,285,570,411,817,0,0
105,83,2.37,1009,2017,1,1,1007,2013,0,0
106,7,6.88,1534,3360,116,277,1121,2333,65,196
106,8,5.33,399,841,158,326,80,172,0,0
106,9,12.67,1072,2376,564,1350,169,341,0,0
106,12,4,351,552,285,419,6,12,0,0
106,13,1,23,140,6,35,6,35,0,0
106,17,1.11,174,347,0,0,174,347,0,0
106,18,4.61,951,1901,348,697,571,1142,0,0
106,21,0.58,1949,7797,487,1949,487,1949,0,0
106,22,4.27,11620,46839,349,1394,10571,42657,0,0
106,31,17.73,1221,2130,874,1608,58,93,0,0
106,32,31.09,3285,6916,1353,2943,726,1630,0,0
106,33,9.9,816,1658,376,841,140,259,0,0
106,36,25.79,3771,7682,1366,2522,1639,3810,0,0
106,37,16.35,6736,16424,411,735,6140,15373,0,0
106,38,7.51,1032,2050,993,1982,13,23,0,0
106,3,2.77,943,1917,3,3,934,1909,0,0
106,5,1,80,80,20,20,20,20,0,0
106,6,3.12,715,1429,5,11,699,1398,0,0
106,11,7.13,516,973,239,480,16,34,0,0
106,14,4.31,1707,3414,222,444,1469,2938,0,0
106,15,1.29,585,1169,62,124,399,798,0,0
106,20,1,116,233,116,233,0,0,0,0
106,23,1.37,761,2347,16,16,712,2297,0,0
106,34,2,78,156,20,39,20,39,0,0
106,35,8.65,1117,2117,877,1721,53,74,0,0
106,44,1,56,56,14,14,14,14,0,0
106,54,1.79,186,372,132,263,0,0,0,0
106,55,5.09,2098,2527,645,872,484,552,0,0
106,56,0.14,20,41,5,10,5,10,0,0
106,62,6,4703,10853,597,1554,2915,6190,0,0
106,64,2,462,1388,0,0,462,1388,0,0
106,65,3,376,727,94,182,94,182,0,0
106,76,2,72,72,19,19,19,19,0,0
106,82,9.23,1791,3153,241,478,1466,2516,0,0
106,89,3,253,506,63,126,63,126,0,0
106,100,2,103,190,87,174,0,0,0,0
106,104,3,4091,8179,479,959,2649,5300,0,0
106,105,2.01,1021,2043,0,0,1021,2043,0,0
106,117,1.91,1258,3267,0,0,1258,3267,0,0
106,118,7.09,1522,2821,285,516,667,1273,0,0
106,52,2.87,664,1327,356,712,103,205,0,0
106,53,4.33,496,974,337,666,54,103,0,0
106,67,3,489,916,350,685,46,77,0,0
106,81,2.91,354,644,27,43,285,558,0,0
106,106,2,403,806,120,240,6,11,0,0
106,126,3.8,1423,2846,121,240,1064,2126,0,0
107,2,0.31,122,256,28,56,39,90,0,0
107,3,8.55,4073,8479,243,485,3307,6948,0,0
107,4,12.41,1550,2779,425,697,978,1772,0,0
107,6,0.95,26,79,0,0,0,0,0,0
107,7,1.05,177,355,176,351,0,0,0,0
107,11,4.87,317,822,207,608,10,19,0,0
107,12,5,354,689,231,457,41,78,0,0
107,13,21.73,3141,6827,727,1534,1843,4197,0,0
107,14,8.94,1561,2944,751,1467,596,1156,0,0
107,15,1.29,559,1117,25,50,484,968,0,0
107,21,5,603,1097,311,615,69,132,0,0
107,22,0.87,3945,15622,0,0,3945,15622,0,0
107,23,0.62,644,1903,4,4,633,1892,0,0
107,24,22.84,3054,6064,1064,2293,1092,2155,0,0
107,25,0.09,13,27,13,27,0,0,0,0
107,26,15.52,2895,6715,558,1209,1531,3709,0,0
107,35,19.17,1696,3396,1356,2713,67,137,0,0
107,36,94.74,7846,17739,4885,10624,417,844,459,2295
107,37,45.82,4160,6688,2889,4530,489,891,0,0
107,38,11.1,1226,2213,940,1571,36,55,0,0
107,41,4.12,1745,5708,70,100,1553,5448,0,0
107,20,8.59,2860,8597,373,1342,1740,4571,0,0
107,27,0.78,49,97,12,25,12,24,0,0
107,31,1,330,661,0,0,330,661,0,0
107,52,0.05,15,31,15,31,0,0,0,0
107,53,10.75,1848,4008,810,1765,323,703,0,0
107,54,7,943,1868,542,1079,28,52,0,0
107,62,6,897,1719,465,912,144,269,0,0
107,63,15.88,3720,8277,588,1380,2670,5993,0,0
107,64,5.14,520,998,362,715,125,239,0,0
107,69,6.66,3053,5849,335,794,2388,4063,0,0
107,81,52.99,5484,10865,2054,4091,1744,3474,0,0
107,82,13.92,12422,52965,257,514,11830,51824,0,0
107,83,4.06,1673,5080,356,791,1012,3520,0,0
107,104,3.04,1641,3825,0,0,1641,3825,0,0
107,105,3.96,1521,2566,254,507,1163,1849,0,0
107,110,3,987,2463,282,563,561,1612,0,0
107,120,13.95,3191,6249,306,579,2801,5570,0,0
107,123,0.02,4,9,4,9,0,0,0,0
107,124,8.98,1629,3181,487,955,743,1468,0,0
107,126,2.2,781,1563,139,278,139,278,0,0
107,80,4.81,457,702,37,67,348,500,0,0
107,84,1.55,332,582,83,146,83,146,0,0
107,101,2,192,384,180,360,0,0,0,0
107,106,2.06,435,871,7,13,429,858,0,0
107,107,1.57,1256,2511,141,282,1111,2223,0,0
107,119,0.05,18,36,0,0,18,36,0,0
108,2,2.18,1343,3018,0,0,1343,3018,0,0
108,3,10.82,3155,6311,119,238,2854,5709,0,0
108,4,0.97,107,429,27,107,27,107,0,0
108,13,4.44,675,1321,200,393,440,874,0,0
108,14,0.56,15,29,4,7,4,7,0,0
108,15,1.44,413,424,3,6,404,407,0,0
108,19,2.45,2196,6589,250,751,1446,4337,0,0
108,20,13.34,4033,9994,101,294,3730,9114,0,0
108,21,8.58,2476,5962,562,1633,1345,2859,0,0
108,22,6,8640,32259,0,0,8640,32259,0,0
108,24,5.03,1877,4614,342,898,1101,2416,0,0
108,26,22.16,2565,5318,1088,1655,1185,3043,0,0
108,27,5.46,629,925,535,831,12,12,0,0
108,30,9.53,977,1934,340,676,340,674,0,0
108,31,17.8,2816,5242,587,1090,1776,3467,0,0
108,34,25.21,2909,5880,2353,4797,185,361,0,0
108,35,41.84,5648,11454,4995,10044,175,406,0,0
108,36,64.94,5435,11020,3796,7908,451,845,11,22
108,37,49.88,4727,8410,3163,5754,439,740,0,0
108,38,25.99,3667,8769,2063,4025,277,840,0,0
108,41,10.88,1203,2131,448,825,238,410,0,0
108,42,1,212,212,212,212,0,0,0,0
108,0,5.91,861,1489,269,479,469,881,0,0
108,5,2,145,291,99,198,0,0,0,0
108,39,0.43,22,60,8,17,5,14,0,0
108,43,3,709,1391,445,883,88,169,0,0
108,48,0.1,42,84,10,21,10,21,0,0
108,57,3,724,1784,38,77,608,1554,0,0
108,63,0.87,338,414,0,0,338,414,0,0
108,64,4.12,1793,3946,0,0,1793,3946,0,0
108,69,0.34,388,388,0,0,388,388,0,0
108,80,10.74,1641,4680,558,1467,649,1647,0,0
108,81,4.59,274,470,193,335,11,13,0,0
108,82,3.02,586,1984,99,259,288,1205,0,0
108,83,5.81,2655,5596,228,526,1973,4017,0,0
108,84,1.68,643,1681,161,420,161,420,0,0
108,89,11,2687,5651,323,646,1935,4147,0,0
108,94,5.99,2725,5654,118,287,2370,4793,0,0
108,95,6.99,2050,3018,359,719,1572,2061,0,0
108,96,1.83,151,217,37,54,37,54,0,0
108,97,0.17,13,27,3,7,3,7,0,0
108,101,1,433,867,0,0,433,867,0,0
108,102,2,665,1331,348,697,106,211,0,0
108,106,2.94,671,1343,103,207,568,1136,0,0
108,107,7.6,1650,2831,646,1174,636,1155,0,0
108,108,2.84,1740,3300,51,152,1588,2844,0,0
108,70,7.6,1729,3330,432,833,432,833,0,0
108,75,2,110,110,28,28,28,28,0,0
108,76,3.94,366,704,180,354,62,117,0,0
108,87,0.88,157,307,22,44,91,175,0,0
108,88,7.05,1786,2964,260,409,1430,2363,0,0
108,90,0.52,806,1611,0,0,806,1611,0,0
108,122,2.02,209,417,145,291,3,6,0,0
109,0,5.18,966,1939,152,304,806,1617,0,0
109,7,1.01,126,251,124,249,0,1,0,0
109,8,13.99,2060,4706,981,2012,345,869,0,0
109,19,3.46,3604,12363,93,230,3325,11675,0,0
109,20,16.17,2454,6565,407,999,1731,4869,0,0
109,21,4.19,5276,20224,12,32,5240,20126,0,0
109,22,1,3409,13637,0,0,3409,13637,0,0
109,30,1.66,371,742,93,186,93,186,0,0
109,34,16.73,1797,3724,963,2063,495,988,0,0
109,35,43.86,3185,6695,2585,5675,125,203,0,0
109,36,52.08,4819,8951,3760,7056,332,602,0,0
109,37,6.84,950,1546,866,1380,81,162,0,0
109,38,23.74,2003,2466,1572,1987,302,317,0,0
109,39,26.76,2295,4012,1787,3370,148,193,0,0
109,43,0.4,22,46,14,30,3,5,0,0
109,47,0.04,26,32,6,8,6,8,0,0
109,48,10.85,2754,4796,1008,1734,583,1021,0,0
109,2,8.05,755,1445,692,1368,21,25,0,0
109,10,4.67,335,665,6,10,318,634,0,0
109,12,2,335,650,79,157,79,157,0,0
109,40,4.71,647,1225,591,1156,19,23,0,0
109,42,2,24,24,2,2,2,2,0,0
109,62,7.3,2008,4066,502,1016,502,1016,0,0
109,63,6.99,1025,2147,590,1293,145,285,0,0
109,70,1.4,185,358,46,89,46,89,0,0
109,73,8.21,1002,1842,271,502,607,1174,0,0
109,74,10.79,1615,2899,274,360,1076,2104,0,0
109,76,1.06,32,45,8,11,8,11,0,0
109,79,7.37,1872,4138,122,210,1508,3507,0,0
109,80,1.93,1199,2397,173,345,681,1361,0,0
109,88,2.07,191,340,13,27,191,340,0,0
109,90,0.48,736,1471,0,0,736,1471,0,0
109,95,0.03,12,24,0,0,12,24,0,0
109,122,6.98,1275,2677,272,544,1002,2133,0,0
109,61,0.41,227,453,57,113,57,113,0,0
109,72,1,40,79,10,20,10,20,0,0
109,119,2,374,557,230,413,48,48,0,0
110,0,7.08,1229,2406,377,741,647,1282,0,0
110,1,15.36,2013,3946,1079,2141,648,1281,0,0
110,2,19.24,1878,3373,1266,2471,320,525,0,0
110,8,2,189,378,145,290,15,29,0,0
110,10,19.44,2215,4248,693,1345,1303,2565,0,0
110,12,9.16,2401,5496,105,187,2221,5235,0,0
110,13,4,664,1093,275,382,130,237,0,0
110,20,1.99,1951,5353,1,3,1949,5345,0,0
110,21,3.65,3128,11296,421,1413,1864,7060,0,0
110,32,3.6,2578,4232,95,190,2292,3661,0,0
110,33,19.59,2328,5611,891,2186,1084,2631,0,0
110,34,5.76,556,1112,268,537,96,192,0,0
110,35,3,70,144,17,36,17,36,0,0
110,36,9.19,846,1335,805,1229,4,8,0,0
110,37,1.63,129,251,124,245,2,2,0,0
110,39,1.25,58,64,41,42,6,7,0,0
110,40,9.87,926,1699,718,1348,69,117,0,0
110,41,13,986,1915,790,1565,66,117,0,0
110,42,12,1130,2026,857,1680,93,152,0,0
110,43,15.6,1419,2162,909,1372,165,253,0,0
110,44,7.01,2089,4134,121,230,1726,3441,0,0
110,48,3,3599,7329,33,99,3500,7033,0,0
110,51,1,43,43,11,11,11,11,0,0
110,3,0.69,168,322,15,25,124,245,0,0
110,11,4.41,529,946,150,296,373,643,0,0
110,19,2,174,174,135,135,0,0,0,0
110,22,0.25,705,2821,176,705,176,705,0,0
110,52,3,1104,2209,519,1038,560,1121,0,0
110,61,0.07,37,75,9,19,9,19,0,0
110,62,2.23,835,1671,209,417,209,417,0,0
110,63,15.23,4033,8795,1756,3920,759,1624,0,0
110,75,1,42,84,11,21,11,21,0,0
110,79,0.7,306,306,0,0,306,306,0,0
110,80,3,1748,3496,0,0,1748,3496,0,0
110,97,2.29,1762,3523,53,105,1709,3417,0,0
110,103,17,4819,10005,586,1171,3936,8275,0,0
110,109,6,3492,6985,345,692,2754,5507,0,0
110,125,21.94,2341,4817,617,1268,869,1772,0,0
110,96,5.88,2294,4939,280,647,1800,3686,0,0
110,118,1,206,412,52,103,52,103,0,0
111,0,4.26,576,1151,553,1106,8,15,0,0
111,1,0.67,107,213,107,213,0,0,0,0
111,2,2.92,229,435,180,354,10,14,0,0
111,3,2.67,281,562,70,141,70,141,0,0
111,10,16.77,3314,8982,688,1835,2284,7104,0,0
111,12,0.68,176,352,176,352,0,0,0,0
111,20,4.95,3202,11434,631,2451,1309,4082,0,0
111,21,3.33,1606,5376,402,1344,402,1344,0,0
111,26,1.1,700,1401,0,0,700,1401,0,0
111,27,1.9,346,691,0,0,346,691,0,0
111,32,0.48,724,732,2,4,718,720,0,0
111,33,0.34,61,183,61,183,0,0,0,0
111,34,2,49,99,48,95,0,1,0,0
111,44,1,142,284,142,284,0,0,0,0
111,5,1,31,31,8,8,8,8,0,0
111,6,2.02,1211,2422,0,0,1211,2422,0,0
111,9,0.13,66,66,0,0,66,66,0,0
111,11,6.47,808,1616,288,577,437,875,0,0
111,17,0.3,150,300,38,75,38,75,0,0
111,19,2.05,1341,2682,0,0,1341,2682,0,0
111,51,1.29,855,2459,251,727,26,52,0,0
111,61,1,902,902,225,225,225,225,0,0
111,62,6.99,3131,6528,783,1632,783,1632,0,0
111,63,1.59,120,241,116,232,1,3,0,0
111,64,1.18,123,246,68,137,18,37,0,0
111,96,33.07,4761,8319,1551,3065,2571,4121,0,0
111,97,3.76,709,1355,233,465,337,613,0,0
111,108,1.08,267,535,0,0,267,535,0,0
111,109,7.18,2514,4529,465,804,1762,3400,0,0
111,110,0.75,305,610,0,0,305,610,0,0
111,125,3.05,324,662,81,165,81,165,0,0
111,69,2,210,594,53,148,53,148,0,0
111,87,1,65,130,16,33,16,33,0,0
111,90,1,65,131,16,33,16,33,0,0
111,95,3,455,818,214,404,81,138,0,0
112,6,18.41,2278,4308,629,1321,1473,2802,0,0
112,7,0.57,67,134,67,133,0,0,0,0
112,10,0.26,82,163,0,0,82,163,0,0
112,17,5.7,1160,2272,412,811,249,487,0,0
112,19,3,205,390,184,362,7,9,0,0
112,25,18,2809,5056,1156,2271,1287,2133,0,0
112,28,7.42,2626,4451,211,422,2324,3846,0,0
112,32,4.19,968,2226,526,1343,306,611,0,0
112,33,0.81,1037,2073,0,0,1037,2073,0,0
112,37,0.97,53,107,0,0,0,0,0,0
112,38,0.03,2,3,0,0,0,0,0,0
112,47,3.31,999,2105,250,525,250,525,0,0
112,48,10.85,2695,5245,1020,2010,537,1043,0,0
112,51,1.71,554,1108,139,277,139,277,0,0
112,0,6.96,538,1035,435,859,35,59,0,0
112,2,0.41,7,7,0,0,0,0,0,0
112,15,1.65,253,253,215,215,0,0,0,0
112,43,0.01,4,12,0,0,4,12,0,0
112,71,1,242,242,242,242,0,0,0,0
112,79,5,2444,4184,406,637,1686,3196,0,0
112,96,2.97,1236,2381,89,267,969,1581,0,0
112,97,4.06,1331,2665,102,203,1096,2194,0,0
112,98,5.97,1380,3201,599,1308,178,467,0,0
112,108,2,945,1892,0,0,945,1892,0,0
112,120,12,1059,2039,480,941,193,367,0,0
112,84,1,43,43,11,11,11,11,0,0
112,85,0.51,329,752,29,29,240,663,0,0
112,86,7.72,1404,3313,278,551,973,2482,0,0
113,0,26.39,2772,5135,2139,3927,196,387,0,0
113,2,0.59,10,10,0,0,0,0,0,0
113,6,6.34,654,1667,302,831,118,280,0,0
113,14,1,46,46,12,12,12,12,0,0
113,15,6.35,748,1441,423,837,75,140,0,0
113,28,6.23,610,745,592,718,6,9,0,0
113,36,5,831,1410,114,114,626,1205,0,0
113,43,0.99,393,1177,0,0,393,1177,0,0
113,44,10.01,2986,5861,494,962,2389,4746,0,0
113,47,0.83,537,1610,134,403,134,403,0,0
113,3,2,154,308,143,287,4,7,0,0
113,5,0.66,51,102,13,26,13,26,0,0
113,16,1.99,1084,2494,0,0,1084,2494,0,0
113,17,2.07,249,308,107,166,47,47,0,0
113,23,0.01,4,8,4,8,0,0,0,0
113,48,1,95,190,24,47,24,47,0,0
113,67,4,388,757,166,326,74,143,0,0
113,71,2,250,499,62,125,62,125,0,0
113,85,2.77,1444,1444,361,361,361,361,0,0
113,91,7.13,1417,2426,246,614,866,1061,281,842
113,92,1.82,299,774,247,669,0,0,0,0
113,106,1.69,811,1621,0,0,811,1621,0,0
113,120,5.01,2146,5544,450,901,1400,4053,0,0
113,54,1,50,100,13,25,13,25,0,0
113,55,0.35,175,175,44,44,44,44,0,0
113,56,3.51,1310,2438,328,609,328,609,0,0
113,68,0.36,56,112,14,28,14,28,0,0
113,69,0.77,118,236,30,59,30,59,0,0
113,75,3.69,530,888,355,666,63,84,0,0
113,113,1,40,40,10,10,10,10,0,0
114,0,39.58,5004,9083,3569,6490,873,1653,0,0
114,1,8.64,1840,3492,256,344,1539,3071,0,0
114,2,6,3964,11862,18,50,3907,11714,0,0
114,4,7.48,2766,5518,353,706,2308,4610,0,0
114,7,3.69,1256,2513,352,703,639,1277,0,0
114,8,12.31,746,1469,604,1209,28,56,0,0
114,9,1,26,52,7,13,7,13,0,0
114,16,2.01,548,1621,4,9,535,1596,0,0
114,17,10.26,4091,9699,843,1795,724,1558,0,0
114,22,19.55,1433,2571,877,1610,141,251,0,0
114,23,6.43,797,1579,752,1501,15,26,0,0
114,28,7.35,2016,3549,402,740,1518,2712,0,0
114,31,14,2284,5464,1409,3487,292,659,0,0
114,38,0.61,147,295,0,0,147,295,0,0
114,39,4.39,1294,2577,639,1274,513,1022,0,0
114,42,1,175,350,44,87,44,87,0,0
114,43,1,71,141,0,0,0,0,0,0
114,44,1,1325,2649,0,0,1325,2649,0,0
114,5,4.33,827,2185,788,2095,4,11,0,0
114,14,0.43,60,119,60,119,0,0,0,0
114,15,11.52,1164,1861,1066,1723,22,36,0,0
114,18,8.86,4651,10192,1163,2548,1163,2548,0,0
114,19,2.83,1008,2017,10,21,977,1955,0,0
114,35,4.25,985,1893,577,1136,20,22,0,0
114,56,1.13,510,1272,128,318,128,318,0,0
114,59,9,1324,2515,595,1156,243,453,0,0
114,69,5.87,271,544,68,136,68,136,0,0
114,72,13.22,2806,6092,1043,2134,1258,2843,0,0
114,73,1.78,447,1049,53,86,288,790,0,0
114,74,1,1233,2466,0,0,1233,2466,0,0
114,75,6.32,3006,5774,388,539,2618,5235,0,0
114,91,7.9,2980,6144,447,1081,2383,4766,0,0
114,92,2.15,689,1528,171,505,508,1013,0,0
114,100,1,64,127,16,32,16,32,0,0
114,106,6.8,2480,5533,157,295,2284,5199,0,0
114,114,10.99,2172,4439,811,1644,498,1021,0,0
114,57,0.87,366,729,0,0,366,729,0,0
114,58,3.5,635,1218,424,836,70,128,0,0
114,61,1,48,48,12,12,12,12,0,0
114,66,1,86,171,21,43,21,43,0,0
114,70,1.43,86,86,59,59,0,0,0,0
114,71,0.57,79,79,79,79,0,0,0,0
114,107,0.35,18,18,5,5,5,5,0,0
114,118,2.56,1599,3982,231,401,1022,2897,0,0
114,119,0.02,43,130,0,0,43,130,0,0
115,0,29.55,2865,4168,2618,3719,82,150,0,0
115,1,10.61,869,1557,742,1365,15,31,0,0
115,3,3.06,198,339,115,229,60,63,0,0
115,4,26.88,5988,11824,813,1833,4697,8911,0,0
115,5,36.77,3192,6061,2316,4236,268,612,0,0
115,6,0.59,100,200,100,200,0,0,0,0
115,8,9.36,1474,2944,506,1010,842,1683,0,0
115,14,0.45,74,74,74,74,0,0,0,0
115,15,7.59,964,2292,817,2065,25,27,0,0
115,17,2.55,2058,4543,508,1123,533,1173,0,0
115,18,10.8,5037,11406,861,2054,2454,5242,0,0
115,19,1.29,742,1484,0,0,742,1484,0,0
115,35,2.75,175,361,152,307,8,18,0,0
115,36,1,176,352,44,88,44,88,0,0
115,37,1,35,70,9,17,9,17,0,0
115,7,5.77,1447,2724,200,394,1194,2237,0,0
115,9,1,29,29,7,7,7,7,0,0
115,16,1,21,21,5,5,5,5,0,0
115,22,2.38,282,530,248,496,0,0,0,0
115,24,6.09,1133,2382,230,588,707,1411,0,0
115,55,0.8,432,864,40,80,311,623,0,0
115,56,0.7,359,719,90,180,90,180,0,0
115,57,1.08,401,458,0,0,401,458,0,0
115,58,15.58,2353,5129,1362,3192,342,658,0,0
115,59,2.97,111,111,28,28,28,28,0,0
115,68,1,10,10,2,2,2,2,0,0
115,69,16.01,2346,5860,902,2097,480,1253,829,2368
115,83,3.42,373,705,223,436,40,69,0,0
115,84,9.58,1279,2529,846,1686,127,248,0,0
115,86,9.32,1391,3063,647,1365,248,566,0,0
115,97,0.24,125,125,31,31,31,31,0,0
115,98,0.76,388,388,97,97,97,97,0,0
115,104,7.7,3426,6663,62,124,3240,6291,0,0
115,105,9.83,1954,3605,646,1285,1052,1828,0,0
115,106,12.82,2101,3812,280,549,1280,2259,0,0
115,107,1,360,360,2,2,352,352,0,0
115,114,1,55,111,14,28,14,28,0,0
115,118,2.11,1079,3054,65,131,954,2860,0,0
115,119,1.31,201,413,186,372,12,34,0,0
115,64,3,982,1965,420,841,187,375,0,0
115,65,1,87,174,87,174,0,0,0,0
115,78,0.02,9,17,0,0,9,17,0,0
115,79,0.98,473,946,0,0,473,946,0,0
115,87,4.69,1225,2538,270,563,674,1371,0,0
116,1,1,184,369,46,92,46,92,0,0
116,5,1.89,350,777,109,296,0,0,0,0
116,6,18.01,1637,3109,1415,2793,68,99,0,0
116,7,13.94,2882,5310,919,2014,1546,2113,0,0
116,8,9.07,3500,7123,422,767,2770,5608,0,0
116,10,3.03,679,1331,217,405,444,888,0,0
116,17,12.88,1483,2956,921,1840,567,1129,0,0
116,18,16.1,2452,5017,872,1247,1316,3386,0,0
116,19,17.24,2353,5659,1004,2052,1017,2858,0,0
116,20,51.77,4619,8940,2487,4904,693,1316,0,0
116,22,1.62,103,175,72,144,0,0,0,0
116,24,2.81,851,1789,119,357,700,1400,0,0
116,25,3.81,561,1086,28,49,503,997,0,0
116,26,12.28,1727,3287,488,935,681,1319,0,0
116,47,1,47,93,12,23,12,23,0,0
116,49,22,3814,8987,1631,3568,688,1729,0,0
116,50,3,450,661,443,654,2,2,0,0
116,3,13.34,1332,2545,498,1029,194,421,0,0
116,9,3.25,297,431,288,421,3,3,0,0
116,11,0.13,5,11,1,3,1,3,0,0
116,13,1,28,28,7,7,7,7,0,0
116,15,1,152,303,152,303,0,0,0,0
116,16,0.34,97,290,24,72,24,72,0,0
116,21,1,279,558,70,140,70,140,0,0
116,41,1,91,182,23,45,23,45,0,0
116,52,7,1507,2989,231,455,814,1622,0,0
116,55,4.62,1909,3780,128,257,1525,3010,0,0
116,65,2,459,917,143,285,0,0,0,0
116,78,1,542,1084,0,0,542,1084,0,0
116,80,5.59,1241,2482,365,730,755,1511,0,0
116,81,1.41,1113,2226,0,0,1113,2226,0,0
116,86,1,188,376,47,94,47,94,0,0
116,87,4,933,1842,352,697,194,381,0,0
116,94,1,139,279,34,70,34,70,0,0
116,97,4.61,1262,1605,137,274,1112,1303,0,0
116,104,0.98,2075,4152,0,0,2075,4152,0,0
116,105,0.02,44,88,0,0,44,88,0,0
116,106,8.81,1232,2451,554,1104,226,449,0,0
116,118,1.63,1260,3188,0,0,1260,3188,0,0
116,119,14.49,3939,8275,668,1271,2991,6572,0,0
116,54,0.25,61,123,0,0,61,123,0,0
116,67,1,34,34,9,9,9,9,0,0
116,96,0.55,916,1831,0,0,916,1831,0,0
116,122,0.34,22,44,6,11,6,11,0,0
116,124,0.1,34,69,0,0,34,69,0,0
116,125,2.81,952,1903,0,0,952,1903,0,0
117,0,1,27,53,6,13,6,13,0,0
117,3,5.65,378,691,244,471,22,27,0,0
117,4,13.02,1040,2627,764,2072,49,97,0,0
117,5,37.2,3157,5752,2303,4268,320,557,0,0
117,6,2.99,602,1185,602,1185,0,0,0,0
117,8,21.14,1794,3503,1415,2797,106,211,0,0
117,9,41.29,2751,5880,2360,5164,111,190,0,0
117,10,12.05,1632,3521,423,932,638,1332,0,0
117,11,8.26,497,1006,185,372,104,210,0,0
117,12,16.01,2519,4785,1350,2656,558,1071,0,0
117,13,1.84,336,585,83,146,83,146,0,0
117,16,33.8,3403,7472,2506,5290,721,1906,0,0
117,17,60.61,6246,12131,5298,10165,300,640,0,0
117,18,64.48,5669,10223,5277,9556,121,202,0,0
117,19,20.86,5655,14562,725,1646,4270,11212,0,0
117,20,37.39,5446,11993,3903,9015,506,984,0,0
117,21,26.45,3196,6484,2400,4904,217,433,0,0
117,49,3.05,450,900,113,225,113,225,0,0
117,50,4.95,796,1857,398,1061,133,266,0,0
117,7,9.4,793,1282,626,967,39,72,0,0
117,22,6,496,992,391,781,35,70,0,0
117,30,6,1092,1999,487,789,604,1209,0,0
117,35,1,131,131,33,33,33,33,0,0
117,43,1,18,18,5,5,5,5,0,0
117,55,10.64,2345,5148,647,1424,1020,2306,0,0
117,62,11.39,1045,1784,439,843,87,139,0,0
117,63,9.07,776,1251,589,1001,39,39,0,0
117,95,4,280,475,215,408,22,23,0,0
117,96,5.45,2654,5532,60,181,2473,4987,0,0
117,97,35.8,4709,8540,1012,1967,2725,4782,0,0
117,98,4.3,1945,3807,0,0,1945,3807,0,0
117,118,1.85,2008,4017,0,0,2008,4017,0,0
117,119,1.02,425,435,0,0,425,435,0,0
117,122,1.66,109,219,28,54,28,54,0,0
117,124,2.18,597,1366,0,0,597,1366,0,0
117,125,8.91,1623,3224,396,885,1011,1983,0,0
117,54,1,151,302,151,302,0,0,0,0
117,65,0.04,1,1,0,0,0,0,0,0
117,67,1,49,98,12,25,12,25,0,0
117,69,4.38,568,1387,222,586,112,255,0,0
117,85,1,21,62,0,0,0,0,0,0
118,3,4.83,894,2107,482,1304,137,268,357,1047
118,5,16.24,1988,3501,1368,2561,206,314,0,0
118,6,12.22,1303,2489,1127,2235,44,70,0,0
118,7,20.5,2214,4023,1379,2406,248,485,0,0
118,8,16.62,1624,3055,1194,2259,211,400,0,0
118,9,19.47,1651,3433,1163,2377,117,283,0,0
118,10,60,3294,7278,2472,5667,250,537,15,15
118,11,27.5,3688,7344,2404,4604,560,1409,0,0
118,12,9.72,711,1521,321,760,131,254,0,0
118,13,3.01,151,504,35,118,47,154,0,0
118,16,69.88,5142,11559,3924,8894,203,429,0,0
118,17,37.9,3528,6866,3249,6313,53,108,0,0
118,18,51.45,4335,8550,4096,8044,63,124,0,0
118,19,64.78,6267,12131,4156,8010,1752,3480,0,0
118,20,21.68,7740,20544,1717,3215,5980,17280,0,0
118,21,67.14,5393,10347,4976,9588,226,441,0,0
118,22,54.69,3826,7441,3460,6853,116,189,0,0
118,23,16.74,1170,2303,991,1978,55,105,0,0
118,29,5.64,658,1217,299,575,120,215,0,0
118,30,13,2907,5030,583,1162,1884,2995,0,0
118,41,3.51,313,566,15,15,267,520,0,0
118,14,2.79,211,422,207,415,1,2,0,0
118,15,6.89,753,1762,646,1471,27,78,0,0
118,40,3.33,457,925,133,269,319,641,0,0
118,43,2,1107,2215,521,1041,587,1173,0,0
118,54,1,90,90,22,22,22,22,0,0
118,62,9.05,2761,6463,824,1885,999,2236,0,0
118,63,7.48,702,1196,559,957,44,71,0,0
118,65,10.6,1001,1864,843,1661,26,26,0,0
118,67,7.61,654,1283,448,891,24,43,0,0
118,69,1.62,119,340,68,200,17,47,0,0
118,70,2,52,202,41,192,3,3,38,189
118,71,7,2500,5795,472,1142,1391,2980,0,0
118,97,14.18,4505,9305,605,1210,3440,7173,0,0
118,98,3.11,1516,2222,0,0,1516,2222,0,0
118,122,4.49,6248,13332,68,136,6044,12925,0,0
118,123,0.5,277,553,69,138,69,138,0,0
118,126,1,17,33,4,8,4,8,0,0
118,58,0.41,223,445,56,111,56,111,0,0
118,64,2.52,424,849,289,579,45,90,0,0
118,66,9.38,1107,2145,762,1456,256,513,0,0
118,68,6,437,874,213,426,36,73,0,0
118,106,0.02,8,16,2,4,2,4,0,0
119,1,16.39,1584,2793,1261,2302,144,270,0,0
119,2,22.62,2975,5894,1537,3203,921,1810,0,0
119,3,1.17,62,99,15,25,15,25,0,0
119,4,2.99,1176,3225,301,602,874,2622,0,0
119,5,1.34,258,430,129,301,43,43,0,0
119,7,1.56,195,214,182,186,5,9,0,0
119,9,5.56,121,187,31,47,31,47,0,0
119,10,15.71,1057,2160,672,1455,73,139,0,0
119,11,125.96,6384,13931,5050,11689,176,232,0,0
119,12,20.01,9189,33069,540,1210,8148,30682,0,0
119,13,13.36,17198,68248,55,108,17033,67924,0,0
119,14,27.16,4053,9229,1942,4053,1483,3847,0,0
119,15,53.32,6190,15514,4418,11848,1302,2659,0,0
119,16,38.81,4357,12141,1423,3958,2134,6022,251,1006
119,17,4.21,186,620,67,216,40,135,110,439
119,18,21.09,1583,3754,1428,3419,43,104,0,0
119,19,65.56,5946,11360,5693,10928,63,109,0,0
119,20,26.02,4086,8902,1474,3115,1801,4165,0,0
119,21,43.31,3667,7106,3284,6395,195,389,0,0
119,22,36.39,2697,5147,2414,4615,44,81,0,0
119,23,12.85,944,1845,400,791,181,352,0,0
119,24,17.44,1435,2467,469,727,321,579,0,0
119,26,4,506,1345,30,61,416,1162,0,0
119,29,1.37,434,868,294,588,47,94,0,0
119,40,8.16,755,1408,358,690,242,459,0,0
119,41,2,464,829,25,25,390,755,0,0
119,43,2,568,1135,0,0,568,1135,0,0
119,8,0.14,2,2,0,0,0,0,0,0
119,25,5,1529,3388,135,354,1122,2327,0,0
119,37,1,46,93,12,23,12,23,0,0
119,42,0.96,73,89,4,8,4,8,0,0
119,58,5.59,1639,3100,599,1152,347,649,0,0
119,60,7.43,1615,3210,976,1948,213,421,0,0
119,64,14.81,1959,3877,1482,2963,146,291,0,0
119,65,17.8,2117,3633,1905,3228,66,129,0,0
119,66,40.8,4464,7945,3764,6765,122,205,0,0
119,67,48.01,5372,9774,3699,7059,641,1038,0,0
119,68,81.87,6800,15642,4030,9322,497,1075,249,997
119,69,7.16,609,1182,538,1072,13,26,0,0
119,71,3.24,1090,2117,60,120,122,181,0,0
119,72,2.83,1644,3287,148,296,1200,2399,0,0
119,74,5,650,1284,163,321,163,321,0,0
119,81,0.52,1050,2099,0,0,1050,2099,0,0
119,89,9.97,2632,5265,1036,2072,993,1988,0,0
119,99,0.65,50,100,13,25,13,25,0,0
119,100,5.35,504,881,248,465,39,45,0,0
119,106,1.98,916,1832,229,459,229,459,0,0
119,59,0.21,129,213,32,53,32,53,0,0
119,75,3,1035,2070,112,224,878,1757,0,0
119,82,0.48,966,1933,0,0,966,1933,0,0
119,93,1,38,77,10,19,10,19,0,0
119,103,1.96,264,491,183,366,15,30,0,0
119,104,3.42,477,955,295,590,61,122,0,0
119,122,1,32,32,8,8,8,8,0,0
120,1,2.22,326,632,5,5,269,532,0,0
120,2,19.06,2251,4115,1821,3261,28,56,0,0
120,3,4.92,348,619,271,537,7,9,0,0
120,4,32,3091,6039,2195,4351,261,494,0,0
120,6,2,334,902,260,754,25,50,0,0
120,9,8.88,676,1569,554,1447,19,19,0,0
120,10,12.19,2996,5819,181,318,2618,5193,0,0
120,11,10.85,2798,5745,642,1481,1749,3496,0,0
120,12,27.31,2386,5914,1482,3764,651,1584,0,0
120,13,16.92,4938,12310,2147,4841,1889,4719,0,0
120,14,26.93,5555,11916,2387,4819,2524,5825,0,0
120,15,84.72,8412,22140,4672,12079,2792,8185,0,0
120,16,156.86,9891,26155,7511,20725,619,1485,0,0
120,17,34.08,2449,7914,1366,4048,379,1336,900,4085
120,18,31.25,2232,5032,1157,2893,813,1694,24,71
120,19,11.72,762,1685,396,1083,155,299,0,0
120,21,11.76,5991,17910,200,400,5774,17478,0,0
120,22,23.76,3485,7344,2119,3252,1273,3974,0,0
120,24,1.02,448,1218,31,62,354,1031,0,0
120,36,39.15,3485,6661,1828,3615,950,1862,0,0
120,38,1,47,94,12,24,12,24,0,0
120,41,4,912,1779,228,445,228,445,0,0
120,42,2.04,833,2008,207,501,207,501,0,0
120,7,0.28,10,10,3,3,3,3,0,0
120,20,5.68,639,1075,549,906,4,4,0,0
120,23,18.76,1126,2304,854,1694,133,360,0,0
120,37,13.24,1117,1892,392,699,419,751,0,0
120,59,2.12,1787,3096,119,119,1429,2739,0,0
120,60,5.08,3664,7811,245,490,3419,7321,0,0
120,65,2,229,431,203,405,0,0,0,0
120,66,13.37,976,1672,643,1139,111,178,0,0
120,67,50.65,4618,8773,2371,4596,987,1877,0,0
120,68,59.9,5503,11562,3150,6627,966,2116,331,875
120,69,0.85,272,543,68,136,68,136,0,0
120,71,1.93,233,398,50,91,82,123,0,0
120,72,5,592,1013,232,421,120,197,0,0
120,82,1.84,815,2091,258,517,492,1444,0,0
120,83,5.33,1044,2131,378,903,209,396,0,0
120,89,1.02,585,1171,1,1,583,1167,0,0
120,102,2,632,1252,0,0,632,1252,0,0
120,103,2.18,2652,5303,270,539,2382,4764,0,0
120,121,0.96,37,37,9,9,9,9,0,0
120,122,2.04,72,72,18,18,18,18,0,0
120,73,1.08,58,99,30,71,9,9,0,0
120,74,11.68,938,1252,859,1141,19,30,0,0
120,75,8.9,1411,3035,963,2214,268,537,0,0
120,76,9.61,1043,2023,878,1756,34,68,0,0
120,77,1,28,112,7,28,7,28,28,112
120,81,2.62,4037,11124,442,1080,2710,7884,0,0
121,1,0.78,937,1874,0,0,937,1874,0,0
121,2,1,38,38,10,10,10,10,0,0
121,5,5.77,933,2194,2,2,927,2188,0,0
121,6,6.24,937,2366,172,461,529,1250,0,0
121,7,0.72,26,26,7,7,7,7,0,0
121,9,2.12,62,67,20,26,14,14,0,0
121,10,5.96,1074,2147,665,1331,136,272,0,0
121,11,33.77,3361,6807,2912,5927,141,278,0,0
121,12,76.48,7071,15104,5576,12631,334,532,0,0
121,13,163.74,12036,32992,7061,19582,2256,5892,0,0
121,14,197.01,11696,31902,7562,22201,3121,7636,0,0
121,15,101.68,9929,31482,4886,16078,3889,12603,0,0
121,16,163.79,11759,34246,8716,26311,1030,2573,0,0
121,17,151.81,11072,30867,7577,20701,1346,4424,0,0
121,18,58.09,5370,14168,2906,7655,855,2385,0,0
121,19,29.06,2309,4884,1915,3893,285,807,0,0
121,20,68.9,6342,12282,5665,11066,261,528,0,0
121,21,13.61,10677,38551,718,1432,9943,37096,0,0
121,22,61.44,7127,18062,4740,8560,2154,9156,0,0
121,23,40.99,5473,12731,2404,4809,2810,7392,0,0
121,24,9.44,3121,6972,48,103,2977,6663,0,0
121,25,2.05,498,1238,60,181,317,695,0,0
121,26,4.11,408,887,267,551,47,112,0,0
121,36,14.98,1222,2360,994,1968,91,161,0,0
121,37,3.62,239,408,75,131,18,18,0,0
121,40,1,147,295,37,74,37,74,0,0
121,31,0.59,1683,3366,0,0,1683,3366,0,0
121,32,6.48,3361,7548,219,505,2705,6032,0,0
121,33,8.8,2515,6130,103,185,2280,5726,0,0
121,59,1.16,785,1570,0,0,785,1570,0,0
121,67,8.5,1153,2667,733,1562,129,358,0,0
121,68,16.01,2524,4893,1776,3398,236,471,0,0
121,69,1.7,410,821,248,498,54,108,0,0
121,73,13.18,1664,3350,1184,2562,52,71,0,0
121,74,58.46,4212,6548,3384,5261,107,141,0,0
121,75,63.09,5933,12490,3804,8433,826,1791,0,0
121,76,21.65,2145,4150,1363,2530,170,320,0,0
121,77,3.24,466,823,216,288,72,144,0,0
121,81,0.21,212,635,53,159,53,159,0,0
121,92,0.92,616,1233,154,308,154,308,0,0
121,93,1.08,290,581,250,500,13,27,0,0
121,95,2,876,876,219,219,219,219,0,0
121,103,0.44,1145,2291,0,0,1145,2291,0,0
121,118,0.79,34,69,9,17,9,17,0,0
121,119,3.21,420,789,241,481,43,86,0,0
121,65,1.61,135,217,42,80,30,45,0,0
121,66,0.95,232,695,232,695,0,0,0,0
121,70,6.67,1561,3610,390,902,390,902,0,0
121,71,1.24,277,637,214,449,21,63,0,0
121,82,1.22,63,118,58,113,2,2,0,0
121,106,3,349,670,218,429,44,81,0,0
121,122,0.77,1582,3163,0,0,1582,3163,0,0
122,8,2.66,1566,3549,0,0,1566,3549,0,0
122,9,18.3,2999,6677,693,1769,1538,3094,0,0
122,10,7.37,1950,8632,1944,8619,0,0,0,0
122,11,68.07,5933,13674,5352,12775,64,117,0,0
122,12,35.97,4344,12536,3634,11359,166,309,0,0
122,13,66.42,8995,23111,3343,7667,620,1255,0,0
122,14,61.2,7991,25453,3420,11075,2416,7479,0,0
122,15,157.39,17171,56338,9940,34559,5899,17804,0,0
122,16,217.79,20916,69687,10989,37518,9438,31346,0,0
122,17,112.91,14811,51499,5711,18921,7668,27826,372,1834
122,18,75.72,14121,53735,6385,21757,2738,11509,0,0
122,19,70.65,4680,11039,3468,7881,398,1222,0,0
122,20,45.85,5489,12338,3149,6460,1883,5098,0,0
122,21,6.79,3930,9644,165,329,3437,8657,0,0
122,22,3.81,4185,10220,1,1,4182,10217,0,0
122,24,0.37,66,132,0,0,66,132,0,0
122,31,1.41,1170,2319,5,5,1154,2303,0,0
122,32,0.51,68,68,17,17,17,17,0,0
122,33,3.2,515,739,76,79,288,503,0,0
122,48,2.56,729,1634,441,941,78,213,219,597
122,49,3.37,1614,4760,393,1180,393,1180,831,2490
122,50,5,616,1200,370,732,28,47,0,0
122,30,1,48,97,12,24,12,24,0,0
122,40,2.22,708,1415,0,0,708,1415,0,0
122,47,5.95,749,1498,260,521,163,326,0,0
122,64,1.62,2057,4287,43,129,1928,3900,0,0
122,65,7.81,3515,7591,517,1175,2179,4498,0,0
122,69,3.38,295,417,154,265,47,51,0,0
122,70,1,427,427,107,107,107,107,0,0
122,71,5.09,200,424,64,134,45,97,0,0
122,74,108.5,8308,20456,4817,11622,1061,2255,613,3066
122,75,55.49,4030,9338,2841,6565,217,474,0,0
122,76,12.85,1590,3383,888,2081,213,392,32,32
122,82,2.76,572,1141,295,589,1,1,0,0
122,84,10,1855,4089,448,913,819,1963,0,0
122,94,1.5,1874,3748,0,0,1874,3748,0,0
122,95,3.5,1244,2313,299,554,833,1621,0,0
122,100,5,2132,4263,425,849,1369,2737,0,0
122,101,4,733,1466,371,742,121,241,0,0
122,112,1.42,1103,2205,408,815,232,463,0,0
122,113,1.58,262,524,249,496,5,9,0,0
122,116,10,1563,2891,337,614,827,1593,0,0
122,122,1.23,2475,4950,0,0,2475,4950,0,0
122,73,2.93,450,961,118,251,111,237,0,0
122,77,1.04,62,124,16,31,16,31,0,0
122,81,0.48,99,196,24,49,24,49,0,0
122,87,1,112,225,28,56,28,56,0,0
122,93,0.98,428,855,33,65,330,660,0,0
123,9,1.61,256,736,27,80,43,96,0,0
123,10,3.71,1287,5727,1229,5554,19,58,0,0
123,11,43.55,5066,18994,4790,18632,20,28,0,0
123,12,14.93,9969,25996,2587,6718,2460,6426,0,0
123,13,45.62,6283,14894,2647,5247,1068,2856,0,0
123,14,89.14,7678,18470,4570,10794,1029,2582,0,0
123,15,117.63,10231,29841,5679,16983,3269,9473,0,0
123,16,152.22,15308,48516,9604,30787,3899,13914,0,0
123,17,152.84,17244,54603,8764,26849,6250,18542,1054,6322
123,18,144.39,10230,28420,7564,21553,1441,4171,0,0
123,19,85.24,6292,14967,4560,10799,500,1394,0,0
123,20,70.89,5901,12653,4542,9567,481,1014,0,0
123,21,0.24,39,79,39,79,0,0,0,0
123,40,10.77,3862,7665,475,943,3224,6441,0,0
123,46,1,39,77,10,19,10,19,0,0
123,47,1.07,61,122,15,31,15,31,0,0
123,48,2.05,427,622,7,14,406,580,0,0
123,22,3.51,798,1836,515,1259,93,189,0,0
123,23,1,8,8,2,2,2,2,0,0
123,39,3,1034,2069,0,0,1034,2069,0,0
123,42,1.51,1322,2643,0,0,1322,2643,0,0
123,43,7.49,1962,3889,631,1254,755,1502,0,0
123,55,6,1340,2264,335,566,335,566,0,0
123,64,1,41,41,10,10,10,10,0,0
123,74,16.17,1562,3133,1185,2360,64,138,0,0
123,75,3.87,324,326,313,314,4,4,0,0
123,76,0.79,186,373,26,52,26,52,0,0
123,78,11.86,1009,1869,487,937,398,757,0,0
123,80,1,349,698,349,698,0,0,0,0
123,81,14.45,2091,3994,670,1309,430,830,0,0
123,82,26.09,2455,4856,1247,2559,146,253,0,0
123,88,4.26,843,1585,601,1203,100,200,0,0
123,92,0.24,255,511,0,0,255,511,0,0
123,93,4.78,908,1815,217,435,595,1191,0,0
123,94,1,17,34,0,0,0,0,0,0
123,100,14,2773,6717,574,1231,1469,3862,0,0
123,108,3.31,539,1073,161,321,307,612,0,0
123,110,6.91,1277,1885,507,802,509,613,0,0
123,122,1,257,770,64,193,64,193,0,0
123,53,2.01,175,314,140,270,12,14,0,0
123,54,2,162,324,161,322,0,1,0,0
123,77,0.49,292,582,0,0,290,580,0,0
123,90,2.54,146,272,110,216,12,19,0,0
123,107,9.69,1332,2640,445,884,295,584,0,0
123,111,0.09,36,36,0,0,36,36,0,0
123,123,0.87,179,358,51,102,12,25,0,0
124,0,14.01,1626,2833,1118,2326,170,170,0,0
124,1,4,215,423,158,314,6,10,0,0
124,11,7,274,508,220,437,9,15,0,0
124,12,16.2,3358,7582,2411,4936,302,854,0,0
124,13,87.57,8383,17974,5292,11019,589,1117,0,0
124,14,101.61,7907,16185,6130,13115,740,1374,0,0
124,15,69.04,6107,18031,3791,11509,1055,3353,0,0
124,16,66.43,8208,28119,4357,15490,1480,4685,0,0
124,17,82.95,7031,19396,4486,12858,1741,5163,95,380
124,18,86.06,6673,16989,4672,12692,1229,2778,50,201
124,19,52.19,3775,7812,3234,6808,97,188,0,0
124,20,36.73,4757,10752,3515,7447,484,1263,0,0
124,22,8.49,1215,2850,577,1532,203,410,0,0
124,27,4.92,2832,7995,238,470,2443,7262,0,0
124,45,3,738,1448,398,796,104,208,0,0
124,23,4.99,848,1845,337,711,325,687,0,0
124,28,0.1,277,832,0,0,277,832,0,0
124,33,0.23,84,252,21,63,21,63,0,0
124,50,0.57,908,1816,0,0,908,1816,0,0
124,51,1.06,97,182,5,5,87,172,0,0
124,52,4,158,303,149,289,3,5,0,0
124,53,2.99,1551,3068,388,767,388,767,0,0
124,74,0.48,115,228,115,228,0,0,0,0
124,75,1,14,14,0,0,0,0,0,0
124,77,0.25,165,330,0,0,165,330,0,0
124,78,3.4,310,356,205,215,15,30,0,0
124,82,1,376,753,94,188,94,188,0,0
124,88,4.74,1235,2470,57,114,1064,2129,0,0
124,90,15.47,1698,3564,1003,2061,215,483,0,0
124,100,1,1288,2576,322,645,322,645,0,0
124,105,6.89,2118,4348,779,1670,447,892,0,0
124,106,1.11,98,174,25,44,24,43,0,0
124,123,1.13,256,512,74,148,13,26,0,0
124,56,1.6,658,1301,80,241,417,578,0,0
124,57,0.26,118,118,0,0,118,118,0,0
124,63,4.22,1151,2667,657,1405,164,421,0,0
124,85,0.54,658,1318,0,0,658,1318,0,0
124,117,4.23,601,1172,150,293,150,293,0,0
125,2,1.31,551,1101,0,0,551,1101,0,0
125,5,8.03,451,834,342,667,37,56,0,0
125,6,14.97,1172,2184,957,1903,37,60,0,0
125,8,3.03,1154,2309,32,63,1058,2118,0,0
125,9,3.42,292,569,248,492,3,3,0,0
125,10,10.58,3139,8463,474,995,2189,6422,0,0
125,11,0.93,5186,15558,0,0,5186,15558,0,0
125,12,12.7,3531,8867,148,287,3313,8455,0,0
125,13,53.35,5274,10475,3387,6780,1068,2144,0,0
125,14,55.66,9310,24971,3423,7694,4501,14121,0,0
125,15,54.59,8941,26081,3615,9728,2583,7636,0,0
125,16,26.15,5393,17530,2358,6918,1125,3761,0,0
125,17,22.89,6398,19705,1486,2727,895,2531,0,0
125,18,29.37,7223,17459,1470,3238,4976,12250,0,0
125,19,46.44,4675,9807,4355,9276,37,53,0,0
125,20,39.59,4272,10563,4029,10037,55,123,0,0
125,21,54.9,3649,7018,1558,3075,609,1179,0,0
125,23,0.01,1,2,0,0,0,0,0,0
125,27,7.95,2115,4581,410,820,1578,3508,0,0
125,28,0.03,87,262,0,0,87,262,0,0
125,33,3.77,412,1063,103,265,103,265,0,0
125,35,8,1223,2551,378,852,282,567,0,0
125,36,7,327,591,106,222,73,123,0,0
125,37,4,339,828,142,285,16,31,0,0
125,39,1,70,140,18,35,18,35,0,0
125,50,6.01,1101,1743,296,476,570,1026,0,0
125,51,11.5,4648,6785,1080,1366,2283,3995,0,0
125,3,0.69,293,586,0,0,293,586,0,0
125,30,9.24,1332,2024,517,807,400,534,0,0
125,31,2,708,1213,0,0,708,1213,0,0
125,52,0.85,12,12,3,3,3,3,0,0
125,56,7.17,2487,4622,303,618,1792,3223,0,0
125,57,1.96,859,1292,108,216,535,644,0,0
125,63,0.78,715,2860,178,715,178,715,0,0
125,71,16,3059,6405,1042,2435,671,1323,0,0
125,73,0.99,1638,3275,0,0,1638,3275,0,0
125,74,1.85,312,1156,0,0,0,0,312,1156
125,75,0.15,46,183,0,0,0,0,46,183
125,85,8.47,1948,3718,520,995,862,1679,0,0
125,90,4,1716,3431,696,1391,341,681,0,0
125,92,20,2819,5639,874,1747,639,1277,0,0
125,113,5,210,210,53,53,53,53,0,0
125,114,17.07,1336,2360,1047,2021,105,146,0,0
125,117,3.75,1359,2708,385,767,297,591,0,0
125,118,6.02,1098,2155,533,1055,345,680,0,0
125,53,1.4,716,1432,178,358,178,358,0,0
125,64,1.06,194,388,48,97,48,97,0,0
125,81,3,832,1574,271,542,561,1032,0,0
125,112,0.21,4,7,1,2,1,2,0,0
125,115,3.27,448,813,284,486,161,321,0,0
125,127,1,175,350,44,88,44,88,0,0
126,3,4,667,1333,182,371,439,886,0,0
126,6,3,910,2539,768,2256,47,94,0,0
126,8,3.8,794,1588,198,397,198,397,0,0
126,11,18.02,3115,6310,643,1378,2054,4102,0,0
126,12,34.06,9738,25845,2464,4788,6885,20323,0,0
126,13,40.94,7140,16147,4169,7823,2698,7943,0,0
126,14,72.27,7889,17939,5155,12464,2092,4344,0,0
126,15,61.53,5508,11222,4313,8631,781,1837,0,0
126,16,9.81,829,1897,695,1698,4,9,0,0
126,17,21.82,5740,12544,1529,2590,659,1278,0,0
126,18,38.11,9696,24893,2244,4348,6978,19669,0,0
126,19,55.25,5625,12401,5028,11284,177,343,0,0
126,20,59.51,5672,13976,5430,13562,68,126,0,0
126,21,14.83,1331,2656,1041,2139,29,51,0,0
126,30,1.76,443,472,2,3,438,462,0,0
126,35,1,576,1153,144,288,144,288,0,0
126,36,5.99,1572,3533,551,848,792,2270,0,0
126,44,1.68,62,84,44,46,3,5,0,0
126,45,1.32,55,110,3,6,3,6,0,0
126,7,1,25,25,0,0,0,0,0,0
126,25,4,966,1804,241,450,241,450,0,0
126,28,1,48,48,12,12,12,12,0,0
126,51,0.87,210,419,210,419,0,0,0,0
126,53,0.6,258,517,65,129,65,129,0,0
126,56,0.01,1,1,1,1,0,0,0,0
126,64,5.94,865,1801,489,997,125,268,0,0
126,75,7.39,742,1270,358,582,128,229,0,0
126,108,9,1539,3037,498,1048,601,1002,0,0
126,112,22.87,1699,3358,1362,2722,102,202,0,0
126,113,12.06,725,1258,565,921,33,73,0,0
126,114,29.69,4568,8746,1759,3197,1930,3851,0,0
126,115,1.96,600,1137,162,260,438,876,0,0
126,116,2,487,974,144,289,8,16,0,0
126,120,2.2,197,326,49,81,49,81,0,0
126,123,2,206,412,95,189,37,74,0,0
126,124,1,271,541,68,135,68,135,0,0
126,59,3.92,1510,4934,377,1234,377,1234,505,2020
126,65,4.76,728,1403,182,351,182,351,0,0
126,66,0.24,100,201,25,50,25,50,0,0
126,87,0.81,49,97,12,24,12,24,0,0
126,121,4.12,1636,3733,365,691,840,2255,0,0
126,122,1.88,809,1619,3,5,802,1604,0,0
127,2,2.88,298,483,167,333,6,12,0,0
127,3,4.12,373,839,254,531,40,103,0,0
127,4,12.23,3548,7482,638,1262,2781,5988,0,0
127,8,4.17,3216,6432,127,254,2835,5669,0,0
127,9,11.96,897,1731,669,1326,28,45,0,0
127,10,23.28,2453,4525,1684,3146,163,280,0,0
127,11,37.11,4277,8338,2892,5688,829,1639,0,0
127,12,62.31,6271,12285,4771,9376,629,1242,0,0
127,13,37.7,5079,10326,3045,6318,619,1277,0,0
127,14,64.35,6322,13203,3728,8346,2113,4184,0,0
127,15,51.88,4491,8324,4130,7694,102,178,0,0
127,16,66.03,4983,9197,3952,7384,235,430,0,0
127,17,2.35,3736,8631,319,926,319,926,0,0
127,18,15.54,2719,5650,606,1378,1237,2615,0,0
127,19,30.08,5439,10618,1351,2673,3802,7574,0,0
127,20,44.75,3879,7429,3457,6704,71,115,0,0
127,28,6,1235,2162,532,1056,416,551,0,0
127,44,8.19,2598,5338,203,414,2153,4423,0,0
127,49,3,1367,3678,279,559,992,2928,0,0
127,51,1.13,123,245,54,108,23,46,0,0
127,1,5.78,336,518,210,365,29,37,0,0
127,24,0.08,10,21,10,21,0,0,0,0
127,42,2.88,193,270,136,155,19,38,0,0
127,43,1.92,420,825,368,721,17,35,0,0
127,59,2.08,77,330,19,82,19,82,62,294
127,66,1,27,27,0,0,0,0,0,0
127,67,1,178,357,178,357,0,0,0,0
127,70,5,522,957,197,306,108,217,0,0
127,73,4.03,740,1246,198,338,117,176,0,0
127,74,2.97,259,369,50,78,50,78,0,0
127,75,9.61,926,1547,422,768,148,219,0,0
127,87,0.19,11,23,3,6,3,6,0,0
127,90,7.11,1970,3939,775,1550,488,977,0,0
127,91,0.89,1123,2247,0,0,1123,2247,0,0
127,111,4,387,683,300,595,4,4,0,0
127,112,13.65,1052,1750,449,847,105,160,0,0
127,113,81.68,6556,12953,3749,7715,997,1918,0,0
127,114,29.62,2102,4021,1515,3003,78,105,0,0
127,121,2.68,1579,4311,40,79,1459,4072,0,0
127,122,1.12,339,682,56,113,170,344,0,0
127,125,2,136,182,11,23,101,113,0,0
127,56,2,172,308,145,280,9,9,0,0
127,115,1.17,36,36,0,0,0,0,0,0
8,5,2.12,112,173,75,136,13,13,0,0
8,15,7.42,1320,2640,468,936,284,567,0,0
8,16,9.58,4005,8719,1051,2279,985,2147,0,0
8,20,2.38,608,1197,53,100,450,896,0,0
8,21,5.62,2458,4375,424,714,1185,2234,0,0
8,23,8.43,1363,3151,402,970,321,727,0,0
8,24,0.02,7,21,2,5,2,5,0,0
8,29,5.25,1646,2333,602,797,348,511,0,0
8,30,12.59,2796,6307,981,2370,579,1261,0,0
8,32,0.05,9,27,2,7,2,7,0,0
8,37,6.26,1808,3958,631,1347,392,870,0,0
8,41,1,5829,11658,0,0,5829,11658,0,0
8,43,0.14,139,416,35,104,35,104,0,0
8,47,34.56,2430,4984,1544,3573,213,290,0,0
8,6,0.88,469,938,469,938,0,0,0,0
8,10,1,260,521,0,0,260,521,0,0
8,33,4.25,401,942,328,819,17,33,0,0
8,34,3.37,217,382,110,208,36,58,0,0
8,48,5.07,340,816,229,673,85,96,0,0
8,49,6.27,581,1162,225,451,57,114,0,0
8,50,1.09,375,749,115,230,87,173,0,0
8,51,0.21,53,105,13,26,13,26,0,0
8,54,4,1710,6092,208,416,1365,5402,0,0
8,55,28.11,1732,3892,982,2351,243,501,0,0
8,60,0.24,14,14,4,4,4,4,0,0
8,81,21.08,1243,1248,1182,1182,20,22,0,0
8,82,48.1,5300,8188,4356,6465,279,502,0,0
8,83,2.17,195,308,27,54,0,0,0,0
8,84,7.16,1654,3570,121,307,1291,2648,0,0
8,85,2.03,2196,3259,0,0,2196,3259,0,0
8,87,0.04,23,47,0,0,23,47,0,0
8,96,2,655,1005,88,175,393,480,0,0
8,97,3,241,414,60,103,60,103,0,0
8,98,1.57,147,295,110,220,12,25,0,0
8,99,13.77,3625,7747,756,1677,2558,5475,0,0
8,100,2.66,773,2199,83,162,683,2030,0,0
8,103,8,1076,2116,336,665,702,1396,0,0
8,105,10.02,667,1234,329,642,32,55,0,0
8,106,7.35,826,1449,446,694,52,105,0,0
8,111,13,2519,5019,706,1408,1511,3017,0,0
8,114,7,1291,2440,444,853,646,1256,0,0
8,117,3.62,286,497,71,124,71,124,0,0
8,121,1.03,1242,3727,0,0,1242,3727,0,0
8,122,9.97,2770,3852,461,918,2272,2897,0,0
8,125,1.76,449,897,29,59,360,720,0,0
8,126,0.01,20,40,0,0,20,40,0,0
8,74,1,6,6,2,2,2,2,0,0
8,91,0.34,168,337,0,0,168,337,0,0
8,92,2.66,978,1936,5,5,963,1921,0,0
9,5,1.13,1308,6008,0,0,1308,6008,0,0
9,6,3.86,1300,4785,0,0,1300,4785,0,0
9,21,4.65,2109,5939,108,229,1783,5252,0,0
9,22,28.66,4404,10418,1552,3725,939,2285,0,0
9,26,12.99,1459,3313,774,1642,152,416,0,0
9,28,10,1191,2227,483,857,97,179,0,0
9,33,16.79,1712,3549,636,1313,301,644,0,0
9,34,9.86,744,1857,266,591,79,216,0,0
9,46,18.8,2139,7050,913,2554,409,1499,0,0
9,47,64.26,4841,9460,4351,8588,138,233,0,0
9,48,26.35,3528,7113,1260,2154,1121,3194,0,0
9,49,36.37,4625,9264,2205,4667,1835,3648,0,0
9,50,36.51,3766,7681,2463,4887,817,2004,0,0
9,51,36,3718,7436,2214,4636,441,872,0,0
9,8,0.4,47,93,47,93,0,0,0,0
9,9,1.17,313,809,124,293,82,208,0,0
9,10,5.2,531,1282,343,852,63,143,0,0
9,13,2.44,180,359,142,285,11,21,0,0
9,14,2.52,262,521,260,519,1,1,0,0
9,20,1,2069,6206,517,1551,517,1551,0,0
9,25,1.01,28,55,8,16,7,13,0,0
9,27,3,171,341,133,267,13,25,0,0
9,32,4.91,2093,4046,523,1012,523,1012,0,0
9,45,0.46,42,127,42,127,0,0,0,0
9,81,37.9,2806,4604,2458,4213,59,73,0,0
9,82,49.39,4015,6984,3476,6264,121,173,0,0
9,87,2,431,1059,282,613,50,149,0,0
9,90,26,2740,5897,672,1556,1494,3331,0,0
9,91,8,1110,2203,121,238,929,1853,0,0
9,104,6.36,634,918,95,119,348,562,0,0
9,105,8.29,1102,2030,393,690,642,1250,0,0
9,106,12.97,908,1748,586,1156,87,157,0,0
9,116,7,2253,5465,365,970,1294,2828,0,0
9,123,3,149,429,136,404,4,8,0,0
9,52,2.3,40,60,25,45,5,5,0,0
9,69,0.02,45,90,0,0,45,90,0,0
9,70,2.41,1740,4482,433,1299,927,2044,0,0
9,80,11.71,1352,2464,975,1916,71,128,0,0
9,83,6.25,573,1097,534,1055,13,14,0,0
9,84,6.18,982,1328,67,122,922,1246,0,0
9,86,1,45,179,0,0,0,0,0,0
9,93,2,205,410,201,402,1,3,0,0
9,117,4,515,997,158,316,108,216,0,0
9,120,6.74,709,1371,592,1172,39,66,0,0
9,122,5.56,2392,5023,202,405,1785,3808,0,0
10,9,8.13,2058,4745,237,631,1348,2853,0,0
10,10,10.11,2131,4662,189,427,1562,3380,0,0
10,13,20.19,1835,3443,813,1618,120,232,0,0
10,14,36.86,2370,4685,1585,3154,230,447,0,0
10,20,1,380,1140,95,285,95,285,0,0
10,22,16.7,2279,4667,987,2072,414,850,0,0
10,25,8,607,1153,271,527,43,71,0,0
10,32,3.08,1276,2553,319,638,319,638,0,0
10,33,0.72,84,168,21,42,21,42,0,0
10,45,13.6,2569,5016,814,1608,537,1054,0,0
10,46,2.39,589,1178,400,799,63,126,0,0
10,47,51.72,4062,8070,3404,7015,151,257,0,0
10,48,167.74,11316,30347,6846,17482,2589,6971,644,3222
10,49,72.77,5379,11957,3267,7818,827,1646,0,0
10,50,26.26,2157,4619,1684,3768,69,127,0,0
10,51,31.54,5641,11053,2562,4918,3016,6025,0,0
10,1,6,689,1522,137,310,58,152,0,0
10,8,1.29,1359,2718,0,0,1359,2718,0,0
10,21,1.72,833,1366,208,342,208,342,0,0
10,23,1.21,116,232,114,228,1,1,0,0
10,27,0.12,8,12,2,3,2,3,0,0
10,28,6.15,489,722,272,479,72,81,0,0
10,52,2,155,311,137,273,0,0,0,0
10,65,9,2647,5376,424,1001,2022,4020,0,0
10,66,1,73,147,18,37,18,37,0,0
10,69,6.46,2664,6061,481,1145,1222,2628,0,0
10,70,18.42,3236,6948,792,1827,1293,2687,0,0
10,71,2,141,281,131,262,3,6,0,0
10,76,2,29,29,8,8,8,8,0,0
10,81,4.6,274,496,219,427,16,20,0,0
10,82,12.53,1254,2484,1079,2157,53,104,15,15
10,83,1.61,115,230,80,160,12,24,0,0
10,84,3.82,671,1315,0,0,671,1315,0,0
10,90,0.63,49,49,12,12,12,12,0,0
10,91,0.37,29,29,7,7,7,7,0,0
10,93,6.9,1553,2919,140,233,1312,2578,0,0
10,106,1,320,640,320,640,0,0,0,0
10,113,13.19,1954,3943,645,1535,996,1686,0,0
10,120,0.26,37,73,25,49,4,8,0,0
10,121,2,224,440,218,434,2,2,0,0
10,122,7.15,708,1357,537,1070,26,47,0,0
10,123,3.29,600,1179,584,1164,5,5,0,0
10,95,5.49,1022,1824,415,775,161,267,0,0
10,108,9,1497,2941,157,301,915,1818,0,0
11,5,4,351,702,300,600,17,34,0,0
11,8,7.54,2732,6645,328,790,1762,4300,0,0
11,13,28.37,2355,4528,839,1632,499,952,0,0
11,21,0.01,5,5,1,1,1,1,0,0
11,22,0.02,3,5,3,5,0,0,0,0
11,23,0.04,5,10,5,10,0,0,0,0
11,27,9.93,2425,4813,666,1324,586,1163,0,0
11,28,11.11,1174,2074,725,1429,86,151,0,0
11,45,0.01,6,12,1,3,1,3,0,0
11,46,2.8,1672,4479,204,408,112,224,0,0
11,47,28.41,2279,4774,1021,2354,705,1390,0,0
11,48,113.61,6937,16464,4576,11043,266,600,0,0
11,49,42.48,4275,8319,3182,6203,471,918,0,0
11,50,22.12,2139,4456,2075,4326,22,43,0,0
11,51,0.01,27,55,0,0,27,55,0,0
11,7,0.2,163,490,0,0,163,490,0,0
11,14,0.63,37,74,9,18,9,18,0,0
11,26,0.04,25,49,6,12,6,12,0,0
11,69,1.69,1496,3451,115,343,1153,2420,0,0
11,70,4,1426,2851,85,169,1189,2378,0,0
11,74,13.4,2221,3491,796,1500,1016,1424,0,0
11,75,1.95,850,1282,0,0,850,1282,0,0
11,80,3,194,388,170,340,8,16,0,0
11,86,6.87,2855,7290,126,377,2729,6913,0,0
11,93,8.51,773,1422,348,665,114,195,0,0
11,94,4,1023,2048,196,392,671,1340,0,0
11,95,4.51,800,1328,338,461,405,792,0,0
11,110,12,448,867,337,670,15,25,0,0
11,113,2.81,416,832,104,208,104,208,0,0
11,55,2,175,316,141,283,0,0,0,0
11,57,0.01,10,20,0,0,10,20,0,0
11,58,6.55,2409,4655,378,590,1769,3537,0,0
11,62,1,244,1220,244,1220,0,0,244,1220
11,81,1,307,615,0,0,0,0,0,0
11,87,0.13,35,71,0,0,35,71,0,0
11,109,1,41,41,10,10,10,10,0,0
11,115,6,522,1043,230,460,92,184,0,0
12,8,15.96,3331,7548,544,1226,2263,5000,0,0
12,22,3.72,2114,5428,239,490,1395,3957,0,0
12,23,0.31,155,461,18,54,100,301,0,0
12,28,27.05,2621,4637,2239,4033,121,161,0,0
12,46,5.19,1085,1933,250,441,250,441,0,0
12,47,4.34,433,1073,154,427,75,192,0,0
12,48,13.62,1179,2307,934,1857,24,36,0,0
12,49,52.62,3984,7627,3336,6616,109,204,0,0
12,50,33.21,3291,6720,3077,6307,56,92,0,0
12,51,1.72,2189,6407,665,1839,507,1523,0,0
12,2,2,223,873,56,218,56,218,217,866
12,21,0.83,634,634,158,158,158,158,0,0
12,26,1.93,531,1029,133,257,133,257,0,0
12,27,0.07,35,70,9,18,9,18,0,0
12,30,2.23,130,172,33,43,33,43,0,0
12,33,3.11,815,2097,204,525,204,525,0,0
12,53,3.99,3807,9968,146,439,3368,8652,0,0
12,54,22,2900,5893,1225,2583,1286,2567,0,0
12,58,2.44,451,903,102,205,7,14,0,0
12,62,6.28,928,1773,232,443,232,443,0,0
12,63,8,369,739,92,185,92,185,0,0
12,74,11.65,2398,4600,13,13,2360,4562,0,0
12,86,3,218,218,202,202,5,5,0,0
12,92,0.67,47,94,0,0,0,0,0,0
12,93,2.93,432,866,409,819,0,0,0,0
12,120,8,746,1155,316,418,143,245,0,0
12,126,3.72,1352,2702,138,275,1211,2422,0,0
12,127,6.4,1372,2461,232,394,872,1674,0,0
12,59,4,235,381,128,253,10,17,0,0
12,87,4,236,473,188,376,16,32,0,0
12,89,1,77,153,19,38,19,38,0,0
12,94,0.02,23,92,0,0,23,92,0,0
12,103,1,14,14,0,0,0,0,14,14
12,113,1,4,4,1,1,1,1,0,0
12,121,0.14,63,63,0,0,63,63,0,0
13,1,1,46,138,11,34,11,34,0,0
13,2,14.99,2060,4276,720,1480,326,691,0,0
13,5,6,1460,3049,149,331,1012,2057,0,0
13,16,1,75,226,0,0,0,0,75,226
13,22,5.41,926,1689,549,1057,126,211,0,0
13,23,4.88,638,1033,365,670,91,121,0,0
13,27,4.65,1714,3427,246,490,1217,2435,0,0
13,28,44.28,5185,10368,4461,9023,228,426,0,0
13,29,16.39,1318,2674,918,1965,78,127,0,0
13,30,5.05,879,2090,240,481,178,456,0,0
13,31,4.72,1069,2998,24,49,283,823,0,0
13,33,6.89,1366,3352,342,838,342,838,0,0
13,41,11,1797,3515,780,1648,307,590,0,0
13,42,5,1946,4193,486,1048,486,1048,0,0
13,48,1,35,69,9,17,9,17,0,0
13,49,27.71,2294,4608,1824,3762,71,131,0,0
13,50,23.51,3438,6853,3173,6347,82,163,0,0
13,17,1,16,48,4,12,4,12,0,0
13,18,0.01,3,9,1,2,1,2,0,0
13,21,2.24,282,552,116,229,3,3,0,0
13,56,19.77,3517,6934,1084,2164,839,1593,0,0
13,58,0.86,120,241,30,60,30,60,0,0
13,59,1.14,165,329,150,300,5,10,0,0
13,62,8.72,1888,4350,495,1133,435,1013,0,0
13,66,0.01,1,2,1,2,0,0,0,0
13,67,3.37,1223,2446,261,521,962,1925,0,0
13,68,0.2,43,85,37,74,6,11,0,0
13,80,5,1967,3899,244,479,1706,3403,0,0
13,83,11,1494,3481,339,736,943,2205,0,0
13,84,9,1453,2988,230,451,1173,2457,0,0
13,85,1.34,1371,2743,0,0,1371,2743,0,0
13,86,6.66,1977,4507,489,977,1277,3108,0,0
13,92,1,212,636,53,159,53,159,0,0
13,93,10.58,2534,6563,415,962,1640,4620,0,0
13,94,1.4,1004,3225,0,0,1004,3225,0,0
13,110,7,766,2217,495,1544,17,35,240,960
13,113,5.05,4406,9066,205,474,4040,8145,0,0
13,121,6.85,1849,2964,317,774,1176,1478,0,0
13,123,10,1596,3239,644,1457,775,1533,0,0
13,126,5.75,1183,2364,456,913,688,1376,0,0
13,127,7.12,729,1588,436,864,17,25,0,0
13,63,1,208,415,52,104,52,104,0,0
13,96,0.95,551,1102,0,0,551,1102,0,0
13,97,2.04,2126,6246,13,13,2087,6207,0,0
13,101,4.78,1712,3420,1,1,1710,3418,0,0
13,108,5,690,1519,282,713,127,249,0,0
13,120,3,1272,1571,299,597,974,974,0,0
14,17,33.05,3045,6205,919,1952,709,1417,0,0
14,18,5.94,872,1982,452,964,140,340,0,0
14,21,6.41,1128,2511,226,451,323,646,128,511
14,22,6.2,1222,3213,352,991,290,741,0,0
14,26,2.9,1214,2929,306,737,303,731,0,0
14,27,23.18,2787,5680,1391,2927,575,1137,0,0
14,28,49.78,5370,10706,3486,6923,552,1114,0,0
14,29,72.65,6058,12728,3727,8199,874,1726,0,0
14,43,15.88,1610,3157,787,1566,226,443,0,0
14,44,3.95,365,721,225,448,41,79,0,0
14,46,4,2311,4601,0,0,2290,4580,21,21
14,49,2.32,139,278,75,150,6,12,0,0
14,30,38.61,2720,5736,844,1784,692,1395,0,0
14,31,7.99,754,1604,435,894,107,237,0,0
14,33,0.28,121,242,30,60,30,60,0,0
14,37,12,2619,5354,472,868,1482,3028,0,0
14,56,3.24,556,1113,498,996,19,39,0,0
14,67,0.42,417,834,0,0,417,834,0,0
14,80,0.01,2,4,0,0,2,4,0,0
14,94,1,66,66,16,16,16,16,0,0
14,97,4.01,1341,2970,223,511,674,1437,0,0
14,101,6.22,595,1176,367,731,191,379,0,0
14,108,4,512,965,41,42,452,904,18,18
14,109,7,611,1205,500,996,37,70,0,0
14,112,6.95,2853,5707,148,296,2694,5386,0,0
14,113,21.74,7478,12994,334,690,6745,11460,0,0
14,121,4.99,3562,7125,155,310,3332,6664,0,0
14,69,0.02,3,6,3,6,0,0,0,0
14,73,6,1336,2201,5,5,1320,2186,0,0
14,74,0.08,92,185,0,0,92,185,0,0
14,76,3.44,429,1122,277,714,102,306,0,0
14,87,5,453,905,146,292,15,29,0,0
14,98,1,432,864,0,0,432,864,0,0
14,114,0.21,112,112,0,0,112,112,0,0
15,4,5.03,596,1191,458,917,45,91,0,0
15,14,27,1427,2800,725,1439,207,404,0,0
15,21,3,1030,2880,414,1034,205,616,0,0
15,22,1,35,104,9,26,9,26,0,0
15,28,32.94,3476,6650,2329,4461,372,707,0,0
15,29,70.5,6857,14541,3362,7163,1432,2959,0,0
15,30,156.55,11365,26991,4115,9605,2668,5914,677,2600
15,31,10.57,1101,2392,246,538,97,241,0,0
15,32,4,1584,2067,483,966,1101,1101,0,0
15,33,5.71,2211,4259,553,1065,553,1065,0,0
15,43,2,91,183,19,38,19,38,0,0
15,44,2.18,42,74,6,10,6,10,0,0
15,50,11,1111,2626,531,1328,193,432,0,0
15,3,5.32,610,1220,303,606,89,178,0,0
15,13,1,13,13,3,3,3,3,0,0
15,15,1,69,138,0,0,0,0,0,0
15,16,2,182,362,182,362,0,0,0,0
15,41,2.56,602,714,234,345,123,123,0,0
15,62,1,46,92,11,23,11,23,0,0
15,69,4.98,1118,2138,379,751,224,440,0,0
15,73,8.67,1582,3067,253,492,1301,2548,0,0
15,74,0.25,277,554,0,0,277,554,0,0
15,76,7.56,1712,4006,239,687,1442,3287,0,0
15,97,10.44,1254,3231,415,944,458,1295,0,0
15,98,1.89,798,2104,69,134,591,1702,0,0
15,104,6,1191,2361,485,965,235,465,0,0
15,112,34.04,4554,8623,720,1319,3023,5927,0,0
15,113,6.01,813,1312,432,785,127,175,0,0
15,115,0.05,19,37,5,9,5,9,0,0
15,116,3.95,787,1575,377,753,137,274,0,0
15,121,0.01,30,59,0,0,30,59,0,0
15,52,1.51,347,694,347,694,0,0,0,0
15,58,9,2281,6250,645,1711,502,1424,0,0
15,59,5,316,627,256,511,20,39,0,0
15,78,1,911,2732,0,0,911,2732,0,0
15,95,30.64,2421,2945,2158,2680,88,88,0,0
15,96,9.94,1054,1080,1015,1023,13,19,0,0
16,3,26.16,3121,6613,2021,4101,316,782,0,0
16,4,7.48,545,1007,432,847,33,49,0,0
16,12,0.59,643,1286,0,0,643,1286,0,0
16,13,18.42,2965,5890,354,698,2083,4156,0,0
16,15,16,1559,3035,825,1628,245,468,0,0
16,16,2,159,318,133,266,9,17,0,0
16,27,3.27,394,887,253,532,47,119,0,0
16,28,22.16,3884,7755,2658,5311,409,815,0,0
16,29,23.33,2668,5302,1580,3168,338,686,0,0
16,30,8.81,1645,2611,449,730,398,627,0,0
16,35,8.76,3113,6121,469,911,1968,3908,0,0
16,41,0.44,87,173,87,173,0,0,0,0
16,11,6,413,820,103,205,103,205,0,0
16,32,1.27,68,134,18,34,17,33,0,0
16,47,8.37,1045,2032,329,643,239,463,0,0
16,48,9.63,837,1633,316,622,174,337,0,0
16,50,2.16,674,1315,169,328,169,328,0,0
16,52,17.47,4696,9199,1555,2938,1037,2077,0,0
16,53,6.08,465,930,122,254,114,226,0,0
16,78,12,2041,3645,685,1120,1018,1978,0,0
16,86,2,342,476,186,320,52,52,0,0
16,89,4.04,228,394,137,270,16,27,0,0
16,90,2.41,419,665,419,665,0,0,0,0
16,94,42.6,3435,6494,3044,5777,93,173,0,0
16,95,32.57,2728,4805,1160,1701,647,1305,0,0
16,96,11.09,2268,5260,888,1338,25,29,0,0
16,97,10.27,5533,15896,198,395,5335,15501,0,0
16,98,1.41,555,1566,12,12,518,1529,0,0
16,101,12.07,1185,2883,486,1194,222,564,0,0
16,105,3.6,553,1168,337,691,72,159,63,189
16,106,6.4,979,2436,218,554,327,774,477,1431
16,54,2.74,2913,10374,78,311,2836,10063,0,0
16,58,9.22,1117,2443,430,911,230,510,0,0
16,63,1,51,101,13,25,13,25,0,0
16,91,3.06,200,373,27,43,17,33,0,0
16,93,17.97,1218,2338,1048,2079,46,75,0,0
16,102,1,249,497,242,484,7,13,0,0
16,109,7.29,1424,2429,371,637,637,1168,0,0
16,119,5.18,1646,2963,199,394,1437,2560,0,0
17,2,1,517,1034,129,259,129,259,0,0
17,3,1,466,466,0,0,466,466,0,0
17,8,14.99,3746,6109,61,128,3387,5374,0,0
17,9,1.18,1726,3524,0,0,1726,3524,0,0
17,11,19,1640,3552,833,1966,225,442,0,0
17,27,4.36,5371,19203,17,33,5321,19104,0,0
17,28,2.64,994,2913,0,0,994,2913,0,0
17,31,15,1246,2664,863,1713,37,61,0,0
17,32,6.73,809,1264,614,905,55,109,0,0
17,35,2.24,256,688,226,659,10,10,0,0
17,36,5,1386,2770,629,1257,252,505,0,0
17,45,22.14,3626,8847,1276,2680,1687,4818,0,0
17,50,0.84,459,919,115,230,115,230,0,0
17,4,3.75,1263,2527,59,118,1087,2174,0,0
17,5,5.51,766,1349,270,495,314,583,0,0
17,21,0.18,41,83,41,83,0,0,0,0
17,44,10.06,597,997,363,678,78,106,0,0
17,54,1.19,1466,6734,0,0,1466,6734,0,0
17,58,5.79,944,1593,515,957,144,213,0,0
17,66,1,2,2,1,1,1,1,0,0
17,70,0.16,77,155,0,0,77,155,0,0
17,71,5.85,1271,2543,223,445,945,1890,0,0
17,86,10.01,2115,3585,230,442,1841,3093,0,0
17,89,3,219,410,56,103,56,103,0,0
17,90,2.51,253,422,191,360,21,21,0,0
17,93,40.68,4816,8821,4000,7478,271,446,0,0
17,94,143.76,9907,20290,7167,15558,948,1971,0,0
17,95,94.41,8730,18186,4877,9724,2335,4654,614,2386
17,96,27.17,2917,5771,1771,3037,879,2285,0,0
17,101,1.91,1064,2129,0,0,1064,2129,0,0
17,102,0.03,12,25,0,0,12,25,0,0
17,103,1,28,111,28,111,0,0,28,111
17,104,10.92,1886,2773,348,493,1130,1871,0,0
17,109,23.61,1819,3064,566,965,687,1241,0,0
17,114,1.13,190,371,181,361,0,0,0,0
17,115,5.87,2001,4043,486,996,486,996,0,0
17,118,0.27,341,682,0,0,341,682,0,0
17,119,0.56,513,1006,0,0,513,1006,0,0
17,63,10.98,992,1912,546,1041,133,258,0,0
17,64,0.28,58,116,58,116,0,0,0,0
17,68,4.05,960,1920,225,451,285,569,0,0
17,85,1,17,17,0,0,0,0,0,0
17,88,1,22,22,0,0,0,0,0,0
17,92,0.02,12,24,3,6,3,6,0,0
18,3,2,940,940,235,235,235,235,0,0
18,4,0.74,290,579,1,3,285,571,0,0
18,8,25.15,2734,5586,1042,2188,1144,2332,0,0
18,9,0.52,1099,2252,0,0,1099,2252,0,0
18,11,1,96,192,24,48,24,48,0,0
18,21,12.82,3425,7664,816,1663,1315,3345,0,0
18,26,2,2174,8296,543,2074,543,2074,0,0
18,36,12.92,4316,7513,1257,2073,2007,3790,0,0
18,37,1.08,1450,2899,163,325,962,1924,0,0
18,44,2.42,714,1415,82,160,626,1248,0,0
18,45,4.38,1095,2167,260,508,811,1635,0,0
18,10,2,563,1126,0,0,563,1126,0,0
18,22,1.12,541,1080,135,270,135,270,0,0
18,31,1,1323,2646,0,0,1323,2646,0,0
18,32,0.08,13,25,13,25,0,0,0,0
18,50,1,378,756,95,189,95,189,0,0
18,63,1.74,311,622,280,561,10,20,0,0
18,64,9.4,4908,13552,459,1154,3533,10091,0,0
18,65,3.33,1101,2971,522,1445,193,508,0,0
18,68,9.83,4552,11529,923,2640,2270,4829,0,0
18,71,2,160,313,154,306,2,2,0,0
18,92,1.82,1669,3281,15,15,1625,3237,0,0
18,93,45.26,4314,8631,2400,5140,719,1348,0,0
18,94,35.35,2629,5988,1390,2962,572,1330,0,0
18,95,5.55,589,1522,42,67,453,1300,0,0
18,96,0.15,23,46,23,46,0,0,0,0
18,104,0.08,12,24,12,24,0,0,0,0
18,109,0.09,1,1,0,0,0,0,0,0
18,110,5,1084,1369,479,758,202,204,0,0
18,119,0.66,542,1627,0,0,542,1627,0,0
18,120,14.36,7064,14385,813,1293,5940,12550,0,0
18,121,1.3,298,658,25,51,222,508,0,0
18,123,3,371,553,215,397,32,32,0,0
18,78,3.1,553,954,386,734,40,42,0,0
18,87,2,41,41,30,30,4,4,0,0
18,88,4,144,144,24,24,24,24,0,0
18,89,1,34,34,8,8,8,8,0,0
18,97,1,420,420,0,0,420,420,0,0
19,5,31.73,3528,7255,1071,2255,1519,3226,0,0
19,8,0.6,20,20,0,0,0,0,0,0
19,9,14.57,1908,3875,711,1365,825,1798,0,0
19,10,15.49,2221,4438,582,1216,1340,2662,0,0
19,18,7.53,1815,3739,765,1672,350,689,0,0
19,19,2.56,873,1550,432,815,147,245,0,0
19,20,1.9,524,703,265,443,86,86,0,0
19,22,2.88,1343,2684,336,671,336,671,0,0
19,32,6.04,975,1950,432,865,537,1075,0,0
19,33,8.87,3529,7010,363,725,2990,5978,0,0
19,39,1,153,307,153,307,0,0,0,0
19,6,3.27,1308,4126,123,300,939,3227,0,0
19,29,0.11,22,45,0,0,22,45,0,0
19,30,8.52,1505,3091,487,974,1007,2095,0,0
19,50,1,113,225,113,225,0,0,0,0
19,64,0.36,65,130,16,31,18,36,0,0
19,65,6.9,712,1424,255,510,152,305,0,0
19,68,0.13,162,486,41,122,41,122,0,0
19,76,8.55,1655,4047,441,878,1097,2939,0,0
19,78,4.9,608,1156,189,363,287,559,0,0
19,92,2,987,987,0,0,987,987,0,0
19,97,12,2624,3857,459,918,1779,2167,0,0
19,98,1,10,10,2,2,2,2,0,0
19,113,3,1994,3988,654,1307,447,893,0,0
19,116,3.44,5527,15975,237,558,4818,14302,0,0
19,117,5.56,1399,2634,488,935,304,566,0,0
19,120,1.55,9152,27098,0,0,9152,27098,0,0
19,121,0.12,1338,4014,0,0,1338,4014,0,0
19,53,1,5,14,1,3,1,3,0,0
19,77,0.13,115,346,0,0,115,346,0,0
19,83,0.13,60,241,60,241,0,0,0,0
19,84,2.25,384,1423,320,1252,21,57,0,0
19,88,0.71,512,1024,128,256,128,256,0,0
19,89,0.29,209,418,52,104,52,104,0,0
19,99,1.49,12,20,3,5,3,5,0,0
19,100,1.2,292,583,62,124,105,210,0,0
19,101,2.38,423,827,106,207,106,207,0,0
19,104,1,22,87,0,0,0,0,0,0
19,124,1.52,92,161,75,144,6,6,0,0
20,5,1,112,223,28,56,28,56,0,0
20,6,2,195,389,179,357,5,11,0,0
20,9,8.52,1865,4289,584,1168,799,2157,0,0
20,11,1,5,5,1,1,1,1,0,0
20,25,15.05,1829,4178,847,2058,239,469,0,0
20,26,2,119,237,30,59,30,59,0,0
20,29,1,456,2284,114,571,114,571,456,2284
20,30,1.37,95,109,86,89,3,7,0,0
20,0,2.63,274,549,224,448,0,0,0,0
20,1,3.37,193,380,188,375,2,2,0,0
20,31,0.37,567,1134,0,0,567,1134,0,0
20,45,10.39,1668,3732,955,2354,210,405,0,0
20,49,7.59,2393,5188,773,1646,540,1181,0,0
20,50,0.42,84,167,83,165,0,1,0,0
20,54,26.89,2747,6766,1306,3240,438,1085,0,0
20,55,5.81,2227,4485,281,640,1852,3697,0,0
20,72,12,1677,3114,620,1181,489,918,0,0
20,76,2.32,204,403,163,325,14,27,0,0
20,78,1,177,353,177,353,0,0,0,0
20,83,2.51,343,1478,165,688,59,264,0,0
20,84,5.11,391,1824,352,1743,5,11,345,1725
20,89,6.12,3513,5150,942,1679,1562,1862,0,0
20,99,8.51,2083,3308,720,1224,455,695,0,0
20,100,9.35,2271,4394,394,752,1323,2608,0,0
20,101,5.07,878,1739,519,1034,119,235,0,0
20,102,5.99,1993,3158,45,89,1948,3069,0,0
20,109,3,249,611,147,408,34,68,0,0
20,124,16.48,2346,4584,1667,3306,227,426,0,0
20,57,1,309,618,77,155,77,155,0,0
20,60,1.75,289,566,280,557,3,3,0,0
20,61,0.12,76,152,19,38,19,38,0,0
20,67,9,1677,3267,636,1252,346,671,0,0
20,71,1,732,2197,0,0,732,2197,0,0
20,88,4.73,399,720,190,361,69,120,0,0
21,0,18,2562,5163,899,1694,1133,2314,0,0
21,1,9,1253,2885,231,504,616,1486,0,0
21,13,1,18,18,0,0,0,0,0,0
21,16,15.83,3987,9998,1108,2730,935,2385,0,0
21,17,9.69,1089,1700,490,862,182,245,0,0
21,24,1.86,291,582,169,338,41,81,0,0
21,25,9.09,927,1978,394,922,178,352,0,0
21,29,10,812,1600,224,490,159,296,0,0
21,30,3,163,395,88,245,19,39,0,0
21,31,0.63,984,1968,0,0,984,1968,0,0
21,41,1,5,5,1,1,1,1,0,0
21,45,10.61,2346,4814,597,1225,531,1092,0,0
21,50,1.03,26,34,7,15,0,0,19,19
21,51,7,995,2447,572,1259,141,396,0,0
21,6,1,219,438,55,109,55,109,0,0
21,27,1.09,519,1038,0,0,519,1038,0,0
21,28,5.18,1867,3695,194,388,1633,3266,0,0
21,54,0.95,311,623,78,156,78,156,0,0
21,55,0.35,376,753,4,8,364,728,0,0
21,56,15,3570,6509,1066,1975,811,1463,0,0
21,60,17.29,3742,7385,1133,2229,1583,3172,0,0
21,61,8.62,2604,6615,769,1876,1286,3601,0,0
21,64,5.11,1592,3184,492,984,366,733,0,0
21,66,6,673,1284,247,479,142,268,0,0
21,71,3,214,409,169,332,15,25,0,0
21,81,3,888,1688,222,422,222,422,0,0
21,86,3,274,539,263,524,4,5,0,0
21,88,2.02,202,403,50,101,50,101,0,0
21,89,0.12,61,121,15,30,15,30,0,0
21,103,24.98,5310,11700,1500,2990,2626,6360,0,0
21,109,3,574,890,337,415,79,158,0,0
21,111,4.58,7495,15541,872,1668,6263,13153,0,0
21,122,4,552,1058,288,564,12,12,0,0
21,63,0.55,125,249,125,249,0,0,0,0
21,104,0.18,24,48,24,48,0,0,0,0
22,6,7,3883,11331,640,1745,2217,6603,0,0
22,16,38.05,3528,7073,1593,3382,723,1405,0,0
22,17,1.42,167,251,84,168,0,0,0,0
22,27,0.95,210,420,0,0,210,420,0,0
22,28,9.78,1009,2013,765,1536,126,256,0,0
22,42,1,25,49,6,12,6,12,0,0
22,50,6.97,1005,1737,553,1039,151,234,0,0
22,51,4.03,3265,8705,139,143,2850,8278,0,0
22,9,3.98,2393,6248,0,0,2393,6248,0,0
22,15,1,119,238,30,59,30,59,0,0
22,60,1.01,1037,3112,0,0,1037,3112,0,0
22,61,0.22,165,495,3,9,156,468,0,0
22,63,0.16,36,71,36,71,0,0,0,0
22,64,0.19,43,86,43,86,0,0,0,0
22,77,5.63,719,1330,397,783,238,464,0,0
22,78,1.37,243,488,113,225,131,263,0,0
22,81,1,15,15,4,4,4,4,0,0
22,86,6.74,3024,5713,271,459,2208,4334,0,0
22,87,0.26,50,50,13,13,13,13,0,0
22,93,16.9,4060,7372,828,1684,3027,5222,0,0
22,94,1.23,826,826,0,0,826,826,0,0
22,100,1,4,4,1,1,1,1,0,0
22,103,1.85,685,1371,171,343,171,343,0,0
22,106,6,2504,4196,746,1291,585,969,0,0
22,111,0.42,450,1349,0,0,450,1349,0,0
22,122,2,1473,2946,0,0,1473,2946,0,0
22,123,2,401,803,401,803,0,0,0,0
22,126,5,1018,1154,491,627,175,175,0,0
22,127,1,38,38,9,9,9,9,0,0
22,52,0.97,546,1091,136,273,136,273,0,0
22,72,0.17,153,458,0,0,153,458,0,0
22,92,2.48,414,1092,19,55,358,926,0,0
22,112,1,132,265,33,66,33,66,0,0
22,113,2.35,181,230,53,64,151,163,0,0
23,9,21.02,3814,7886,1263,2742,1517,3171,0,0
23,22,11,918,1718,438,847,160,291,0,0
23,30,1,424,846,1,1,422,844,0,0
23,31,5.99,857,1801,440,1131,144,234,0,0
23,2,1,44,88,11,22,11,22,0,0
23,3,12.68,2029,4059,1361,2783,185,369,0,0
23,32,7.39,614,1698,229,727,128,323,242,969
23,33,5.61,617,1233,127,293,101,190,26,103
23,46,3,401,714,313,626,0,0,0,0
23,72,6.84,2224,5160,220,425,1977,4708,0,0
23,79,24.46,2316,4552,834,1855,1156,2072,0,0
23,86,5,356,797,200,422,52,126,0,0
23,87,8,2991,5001,391,761,2492,4061,0,0
23,88,2,636,762,0,0,636,762,0,0
23,89,1,25,74,0,0,0,0,0,0
23,91,5,126,331,31,83,31,83,0,0
23,92,2.56,433,866,20,39,374,748,0,0
23,93,1.83,425,910,0,0,425,910,0,0
23,112,2,208,208,139,139,23,23,0,0
23,113,6.65,1329,2046,1063,1692,286,315,0,0
23,122,2,314,628,269,538,0,0,0,0
23,125,11.49,2578,4909,536,1011,1823,3584,0,0
23,126,6.51,1121,2585,205,205,891,2354,0,0
23,70,2.98,580,1344,182,449,127,282,0,0
23,90,1,27,27,7,7,7,7,0,0
23,114,0.67,10,20,3,5,3,5,0,0
23,115,0.33,5,10,1,2,1,2,0,0
24,3,16.57,3129,7245,1160,2753,609,1384,0,0
24,22,7.83,3027,7000,633,1504,1500,3237,0,0
24,27,33,2013,3926,918,1835,269,539,0,0
24,31,10,1223,2436,734,1464,55,108,0,0
24,38,8,1337,2564,311,618,311,618,0,0
24,43,26.39,3953,8000,1270,2563,876,1777,0,0
24,45,21.83,3116,6103,817,1602,1827,3620,0,0
24,46,5.18,1257,2678,314,670,314,670,0,0
24,17,2,256,512,235,469,7,14,0,0
24,53,0.98,887,1773,222,443,222,443,0,0
24,69,1,413,826,0,0,413,826,0,0
24,70,10.03,2224,7643,1509,6098,210,429,521,2084
24,79,2.54,498,996,18,35,446,890,0,0
24,90,2,39,39,10,10,10,10,0,0
24,91,1,42,125,10,31,10,31,0,0
24,95,4,257,513,130,261,17,36,22,43
24,97,1,14,14,4,4,4,4,0,0
24,99,13.78,2747,4519,1373,2447,458,691,0,0
24,100,0.91,915,1830,229,457,229,457,0,0
24,108,6,1646,2673,688,1237,296,453,0,0
24,120,9,636,965,322,558,56,87,0,0
24,121,6,1467,2338,353,571,353,571,0,0
24,125,11.46,2160,4702,223,435,1750,3913,0,0
24,126,16.71,2738,5239,767,1472,1694,3301,0,0
24,54,11.66,1247,2464,600,1192,182,356,0,0
24,61,0.02,3,5,3,5,0,0,0,0
24,82,1.07,547,1144,156,361,130,261,0,0
24,87,4,225,440,146,289,26,50,0,0
24,89,1,313,627,0,0,313,627,0,0
24,113,4,578,954,310,570,89,128,0,0
24,127,1.29,35,35,35,35,0,0,0,0
25,3,30.1,2554,5434,1732,3915,153,266,0,0
25,4,36.37,3418,6390,2691,5219,154,289,0,0
25,5,15.74,1408,2885,1307,2723,8,15,0,0
25,16,16.22,1596,3022,1053,2076,79,130,0,0
25,17,12.79,821,1520,601,1173,72,114,0,0
25,22,0.17,96,289,24,72,24,72,0,0
25,27,1,55,111,14,28,14,28,0,0
25,43,5.61,546,1150,233,580,99,180,0,0
25,48,2.09,1209,3023,418,988,488,1127,0,0
25,49,1.91,1506,3012,205,409,1016,2031,0,0
25,1,0.08,9,9,2,2,2,2,0,0
25,12,3,302,704,167,359,45,115,0,0
25,54,11.36,931,1726,350,666,178,323,0,0
25,56,3.98,569,1138,142,285,142,285,0,0
25,57,2.82,507,1015,127,254,379,759,0,0
25,61,3.98,3520,12647,420,839,2903,11411,0,0
25,62,1,983,2948,0,0,983,2948,0,0
25,80,1,104,104,26,26,26,26,0,0
25,81,0.01,3,13,3,13,0,0,0,0
25,82,0.92,337,1348,337,1348,0,0,0,0
25,89,8,1821,3697,739,1408,1037,2114,0,0
25,91,2,107,397,8,61,8,61,0,0
25,95,2.02,777,1183,48,145,632,748,0,0
25,96,12.98,2901,6359,326,642,2345,5281,0,0
25,97,1,3,7,1,2,1,2,0,0
25,99,1.31,942,1377,236,346,235,344,0,0
25,107,8,1789,3270,603,1128,396,714,0,0
25,108,3,825,1561,512,934,104,209,0,0
25,119,2.2,217,364,196,343,0,0,0,0
25,120,5.8,791,1179,609,955,13,27,0,0
25,126,7.55,1768,3199,405,880,1175,1803,0,0
25,127,0.09,32,96,8,24,8,24,0,0
25,58,0.2,95,191,0,0,95,191,0,0
25,75,1.19,54,108,49,98,2,3,0,0
25,76,0.41,105,210,105,210,0,0,0,0
25,77,2,286,573,187,374,33,66,0,0
25,90,1,27,54,0,0,0,0,0,0
25,109,4.52,677,1114,480,900,66,71,0,0
25,125,1,74,74,18,18,18,18,0,0
26,0,12,1542,3898,397,1082,577,1329,0,0
26,1,1.92,119,119,30,30,30,30,0,0
26,2,36.02,2440,5184,1754,3659,289,616,0,0
26,3,49.46,4990,10983,1707,3566,1208,1896,0,0
26,4,52.18,5214,10728,3843,8050,645,1270,0,0
26,5,28.74,2370,5032,1411,3226,237,434,0,0
26,12,29.42,3287,6593,1671,3387,485,961,0,0
26,13,5.08,289,502,117,216,57,95,0,0
26,14,3,338,587,249,498,0,0,0,0
26,16,18.11,1982,3764,1445,2868,134,247,0,0
26,17,11.88,1370,2510,1185,2324,45,45,0,0
26,42,2.86,3510,7524,126,378,3133,6391,0,0
26,49,3.99,1839,4087,460,1022,460,1022,0,0
26,9,11.04,490,1015,259,599,52,93,0,0
26,10,0.29,13,25,3,6,3,6,0,0
26,15,1,176,528,176,528,0,0,0,0
26,25,1.05,25,65,6,16,6,16,0,0
26,26,0.95,297,892,74,223,74,223,0,0
26,36,7.89,376,682,206,409,27,50,0,0
26,37,2.11,227,436,212,421,3,3,0,0
26,40,3.02,2546,5396,409,1106,1318,2075,0,0
26,41,1.52,1171,2490,111,259,838,1713,0,0
26,47,0.08,4,4,1,1,1,1,0,0
26,57,0.33,97,97,24,24,24,24,0,0
26,58,2.67,709,1219,177,305,177,305,0,0
26,59,0.87,1708,3414,0,0,1708,3414,0,0
26,75,3.81,1217,2434,182,365,990,1981,0,0
26,76,7.6,2095,3285,376,752,1713,2520,0,0
26,77,6.93,1871,4414,244,656,1139,2447,0,0
26,78,15.56,3157,6263,361,721,2726,5400,0,0
26,81,2.93,669,669,168,168,168,168,0,0
26,83,13.46,2146,3904,514,1012,1495,2654,0,0
26,94,2,1110,2220,0,0,1110,2220,0,0
26,100,1.01,1424,2849,0,0,1424,2849,0,0
26,103,3,1137,2775,1137,2775,0,0,0,0
26,109,3.48,1000,1608,331,483,188,340,0,0
26,125,1,39,39,10,10,10,10,0,0
26,126,2.89,621,1340,155,335,155,335,0,0
26,127,2,501,748,310,557,64,64,0,0
26,52,1,34,101,0,0,0,0,0,0
26,53,1,67,67,17,17,17,17,0,0
26,60,0.12,237,475,0,0,237,475,0,0
26,79,0.15,107,107,0,0,107,107,0,0
26,80,0.07,10,10,3,3,3,3,0,0
26,84,2.53,536,1072,0,0,536,1072,0,0
26,90,1,29,29,7,7,7,7,0,0
26,97,1,436,871,109,218,109,218,0,0
26,98,0.09,14,28,14,28,0,0,0,0
26,99,3.99,2302,4149,214,313,1961,3808,0,0
26,101,1.32,361,723,361,723,0,0,0,0
27,1,2,24,24,6,6,6,6,0,0
27,2,41.07,3326,8090,1501,2939,980,3509,0,0
27,3,110.51,8467,19527,4165,10087,2285,5340,0,0
27,4,97.2,7013,15040,4982,10832,873,1881,0,0
27,5,55.87,4288,8423,3748,7667,122,171,0,0
27,7,4.97,582,1056,551,992,11,21,0,0
27,9,23.43,2392,4523,1622,3071,250,478,0,0
27,10,5.25,255,449,174,344,12,20,0,0
27,12,2.5,238,614,86,207,50,136,0,0
27,25,7.01,1089,3769,531,2261,175,481,356,1781
27,26,7,1725,4135,192,555,1150,2471,0,0
27,36,7.14,1091,1719,546,848,350,628,0,0
27,37,14,992,1655,431,780,165,248,0,0
27,40,2.12,932,2169,233,542,233,542,0,0
27,41,0.48,296,813,74,203,74,203,0,0
27,47,0.93,49,49,12,12,12,12,0,0
27,49,1,170,507,168,504,1,1,0,0
27,50,4.98,3159,6319,524,1049,2345,4690,0,0
27,6,7.28,731,1449,487,948,202,407,0,0
27,8,1,119,238,119,238,0,0,0,0
27,58,1.62,549,1098,309,619,80,160,0,0
27,59,9.17,1380,2627,598,1166,624,1200,0,0
27,60,10.74,5252,10504,0,0,5252,10504,0,0
27,70,3.22,1892,3991,93,184,1614,3437,0,0
27,71,6.18,1429,3476,106,262,1110,2685,0,0
27,72,2,127,252,32,63,32,63,0,0
27,75,2,796,2219,188,565,627,1882,0,0
27,76,2,599,599,0,0,599,599,0,0
27,77,11.85,1881,5671,256,620,1338,4255,0,0
27,78,26.65,3720,6798,1317,2475,1873,3267,21,21
27,79,15.64,1959,3876,1236,2635,604,1119,0,0
27,82,1.73,60,111,16,28,16,28,0,0
27,89,6.74,2902,4278,687,1373,2136,2746,0,0
27,90,2.26,677,677,191,191,436,436,0,0
27,98,0.91,139,278,139,278,0,0,0,0
27,99,5,2803,5441,398,755,1609,3176,0,0
27,100,0.08,35,35,9,9,9,9,0,0
27,101,2.61,602,770,245,382,119,129,0,0
27,103,1,22,22,0,0,0,0,0,0
27,112,7,1545,3046,385,762,385,762,0,0
27,119,5,1667,4537,573,1290,366,1083,0,0
27,61,4.08,462,883,14,17,421,831,0,0
27,69,0.61,547,1094,137,273,137,273,0,0
27,83,0.27,18,37,5,9,5,9,0,0
27,94,6.24,3281,3533,246,481,2998,3004,0,0
27,109,5.75,724,1271,449,855,92,139,0,0
27,113,3,577,771,290,484,96,96,0,0
27,118,3,1668,3254,610,1201,352,685,0,0
28,1,21.26,2068,4233,1436,2989,59,116,0,0
28,2,92.01,7384,15887,4803,10623,1118,2334,0,0
28,3,113.8,9633,24621,5900,13714,1547,3737,728,4366
28,4,57.71,7024,14959,3118,6312,2164,5334,0,0
28,5,20.63,3550,9134,1453,3246,1266,3858,0,0
28,6,12.75,896,1706,576,1144,25,40,0,0
28,8,1,5,5,1,1,1,1,0,0
28,14,15,1415,2796,478,982,291,543,0,0
28,20,5.86,901,2006,551,1330,116,225,0,0
28,22,2,613,1226,154,306,154,306,0,0
28,23,2,798,1597,200,399,200,399,0,0
28,35,1.62,851,1861,0,0,851,1861,0,0
28,36,14.94,4641,9290,647,1271,3932,7937,0,0
28,37,0.94,1779,3559,0,0,1779,3559,0,0
28,43,25.74,4255,8807,1729,3505,826,1706,0,0
28,44,0.24,171,342,43,85,43,85,0,0
28,50,4.01,3314,7311,665,1657,1316,2341,0,0
28,15,1,193,385,193,385,0,0,0,0
28,16,3,2302,4604,576,1151,576,1151,0,0
28,21,0.98,1039,2078,260,520,260,520,0,0
28,30,2.08,258,516,101,203,19,38,0,0
28,31,0.92,388,775,377,753,0,0,0,0
28,42,3.72,252,441,198,381,18,20,0,0
28,56,2,163,303,146,286,6,6,0,0
28,57,5,1070,2098,224,438,824,1639,0,0
28,59,1.06,139,279,139,279,0,0,0,0
28,60,4.94,657,1288,637,1268,7,7,0,0
28,61,2.4,193,385,170,339,8,15,0,0
28,76,3,43,86,11,22,11,22,0,0
28,77,15.36,2876,7752,1150,2765,1592,4747,0,0
28,78,26.13,4451,10862,1260,2824,2012,5095,0,0
28,79,5.33,1392,2757,444,884,315,625,0,0
28,94,14.1,3582,7516,486,1081,2451,4929,0,0
28,106,8.59,2419,4791,251,435,1665,3486,0,0
28,109,3.26,1927,4870,15,15,1883,4825,0,0
28,112,1,769,1539,193,384,193,384,0,0
28,58,1,577,1154,0,0,577,1154,0,0
28,73,2.03,281,560,278,554,1,2,0,0
28,75,2,168,336,42,84,42,84,0,0
28,85,8.75,2771,7104,282,615,2362,6131,0,0
28,93,3.03,2134,2192,0,0,2134,2192,0,0
28,105,0.46,480,480,0,0,480,480,0,0
28,121,3.06,660,1413,267,660,131,251,0,0
29,1,0.5,72,145,72,145,0,0,0,0
29,2,46.16,4061,7309,3440,6226,185,330,0,0
29,3,56.87,6289,12402,5548,11045,222,427,0,0
29,4,23.41,4483,11055,1856,3703,2189,6182,0,0
29,5,4.7,1243,2456,30,53,1152,2297,0,0
29,15,1,18,18,0,0,0,0,18,18
29,16,3,1110,2979,278,745,278,745,0,0
29,17,31,2182,5213,819,1950,452,1083,0,0
29,20,3.16,290,580,73,145,73,145,0,0
29,25,17.62,4672,9228,614,1421,3633,7024,0,0
29,30,8.99,1292,2867,542,1386,215,459,0,0
29,31,7,520,1025,239,500,79,146,0,0
29,36,4.35,935,1963,0,0,935,1963,0,0
29,43,1.3,296,592,130,262,55,110,0,0
29,44,1,317,633,79,158,79,158,0,0
29,19,9,888,2325,731,2064,53,87,0,0
29,26,11.05,3143,5284,237,475,2431,3860,0,0
29,49,4,448,1048,107,258,107,258,0,0
29,58,7,1301,2443,894,1747,120,200,0,0
29,60,3.99,389,725,350,686,13,13,0,0
29,71,14,3726,8702,207,378,3127,7610,0,0
29,72,15.41,1733,3013,1633,2870,30,44,0,0
29,73,43.27,4897,9363,3131,5245,183,220,0,0
29,74,63.81,4235,9042,3076,6725,277,613,0,0
29,75,10.53,831,1570,716,1358,3,4,0,0
29,76,57.78,3052,7976,2287,5991,281,1036,241,962
29,77,108.36,10174,25325,5414,13457,2098,5954,0,0
29,78,127.52,10237,24411,7140,18180,747,1677,0,0
29,79,36.6,4348,10361,1867,3662,959,1945,768,3070
29,80,1.54,190,280,48,70,48,70,0,0
29,85,0.25,73,220,18,55,18,55,0,0
29,94,2.44,801,1919,269,765,450,988,0,0
29,105,0.25,261,261,0,0,261,261,0,0
29,106,20.07,5380,11084,1425,2528,2353,5549,0,0
29,107,3.62,571,1085,254,458,106,209,0,0
29,121,2.94,314,777,238,673,25,34,0,0
29,95,1.73,1231,3498,267,605,964,2893,0,0
29,102,1,53,53,53,53,0,0,0,0
29,103,2,344,615,271,542,0,0,0,0
30,2,19.72,1266,2334,1119,2119,12,12,0,0
30,3,59.37,5552,10875,4736,9445,213,417,0,0
30,4,32.78,4941,9835,3629,7251,1083,2151,0,0
30,5,9.67,10124,27905,714,1763,8699,24091,0,0
30,6,1.91,851,2553,213,639,213,639,0,0
30,15,5.81,453,905,176,353,80,161,0,0
30,17,2,263,527,66,132,66,132,0,0
30,23,29.76,2840,5578,1288,2448,503,1024,0,0
30,24,1.42,381,923,91,344,290,580,0,0
30,25,4.84,302,614,277,565,9,16,0,0
30,26,1.47,1676,3338,291,584,800,1587,0,0
30,30,1,419,1259,0,0,419,1259,0,0
30,42,7.47,1958,3894,46,120,1513,2916,0,0
30,45,7,3082,6649,0,0,3082,6649,0,0
30,8,0.41,235,471,41,81,195,389,0,0
30,9,4.84,502,1002,178,356,55,109,0,0
30,14,0.03,6,12,6,12,0,0,0,0
30,41,4.71,615,742,58,79,396,416,0,0
30,51,7.77,2059,4345,274,675,1734,3468,50,199
30,53,21.68,1458,3073,1345,2857,38,71,0,0
30,54,18.14,1199,2411,738,1480,57,118,0,0
30,55,21.27,2666,4885,1954,3521,237,455,0,0
30,56,1,1785,5353,0,0,1785,5353,0,0
30,65,3,699,1028,261,522,370,370,0,0
30,67,9.02,2676,5197,347,689,2285,4428,0,0
30,71,0.25,44,109,44,109,0,0,0,0
30,72,37.55,3073,6205,2770,5722,114,205,0,0
30,73,33.65,2928,5247,2148,3459,169,325,0,0
30,74,49,3510,7424,2134,4108,744,1967,61,183
30,75,41.52,3840,11472,1891,5336,1117,3888,72,215
30,76,160.41,10778,31994,7444,22775,2071,7127,43,171
30,77,63.84,5808,14072,3866,10165,1046,2182,0,0
30,78,63.13,5757,9014,4910,7706,627,987,0,0
30,79,41.99,3130,6009,2699,5336,76,128,0,0
30,80,16,1269,1504,710,770,177,236,0,0
30,91,4,406,810,192,385,209,417,0,0
30,92,7,915,1781,712,1414,39,67,0,0
30,94,0.1,195,586,0,0,195,586,0,0
30,95,4.37,4426,9772,0,0,4426,9772,0,0
30,97,0.85,1429,2858,0,0,1429,2858,0,0
30,98,2.58,1638,3227,93,173,1361,2711,0,0
30,101,3,470,581,118,145,118,145,0,0
30,104,6,750,1355,417,818,28,41,0,0
30,106,2,1583,5293,130,260,1193,4512,0,0
30,110,4.55,1569,3030,634,1240,312,597,0,0
30,111,0.45,179,351,45,87,45,87,0,0
30,52,9.12,897,2097,888,2079,3,6,0,0
30,58,0.43,120,240,34,68,29,57,0,0
30,59,1.57,330,659,197,394,44,88,0,0
30,68,0.97,158,315,0,0,158,315,0,0
30,93,0.12,4,8,1,2,1,2,0,0
30,102,4.42,1617,4486,476,1338,467,1311,0,0
30,113,3,518,1093,185,504,26,26,0,0
30,117,3.8,1684,6072,422,1522,442,1581,1684,6072
30,121,5,1215,3335,324,1234,780,1776,0,0
30,122,1,260,519,0,0,260,519,0,0
31,3,4.02,725,1451,182,363,182,363,0,0
31,4,13.56,2237,5476,334,835,1304,3175,0,0
31,7,6,1786,3894,0,0,1786,3894,0,0
31,8,5.59,1381,2951,411,823,927,2043,0,0
31,9,4.16,587,893,147,223,147,223,0,0
31,14,2.35,1564,3129,106,212,1360,2722,0,0
31,15,26.82,3012,6086,1555,3131,641,1302,0,0
31,20,17.55,827,1539,602,1167,41,67,0,0
31,23,3.28,457,909,86,171,368,735,0,0
31,24,3.91,1097,2447,436,936,496,1056,0,0
31,42,0.82,515,1544,129,386,129,386,0,0
31,48,1,5,20,1,5,1,5,0,0
31,50,9.51,2658,4541,819,1497,619,1020,0,0
31,51,4.09,782,1828,209,593,446,921,0,0
31,5,6.76,1691,4623,487,1187,973,2859,0,0
31,6,0.02,79,236,0,0,79,236,0,0
31,52,42.17,3739,8149,2507,5780,743,1475,0,0
31,53,114.96,8552,20231,4468,10958,1728,3785,526,1552
31,54,55.57,4811,9864,3775,7808,449,860,0,0
31,55,37.4,5621,11810,1920,3655,2793,6638,0,0
31,56,20.07,13074,40661,393,838,12558,39473,0,0
31,67,3,187,375,47,94,47,94,0,0
31,70,7,1737,3815,312,709,942,1970,0,0
31,71,36.56,2877,5946,2769,5781,22,40,0,0
31,72,21.83,2072,4228,1851,3816,98,190,0,0
31,73,36.46,3545,7982,2489,4671,745,2742,0,0
31,74,40.89,3515,8147,2471,5600,666,1859,0,0
31,75,96.13,8865,27582,5068,13247,2688,11462,40,320
31,76,149.2,11710,38506,6845,20516,1791,5817,963,7702
31,77,26.48,1983,4581,1395,3189,433,1223,0,0
31,78,47.83,3444,7417,3267,7050,31,68,0,0
31,79,14.36,1356,2706,959,1917,132,263,0,0
31,80,32.12,3532,5919,2313,4158,729,891,0,0
31,92,4.42,2130,4259,354,708,1606,3210,0,0
31,93,7.45,1672,3711,269,630,1163,2418,0,0
31,98,15.52,4366,7933,1247,2296,1265,2332,0,0
31,102,1.58,791,1581,198,395,198,395,0,0
31,103,1,171,341,171,341,0,0,0,0
31,117,2.2,190,371,48,93,48,93,78,156
31,121,2.32,224,437,101,198,3,3,0,0
31,122,3.68,1764,3503,6,6,1746,3485,0,0
31,57,1,30,121,8,30,8,30,0,0
31,97,4.05,1504,3008,0,1,1503,3005,0,0
31,123,1,560,560,0,0,560,560,0,0
31,127,2,2073,5227,270,810,1263,2797,0,0
32,4,0.86,188,376,0,0,188,376,0,0
32,5,2.64,4585,12398,340,679,3567,10360,0,0
32,6,0.16,811,2433,0,0,811,2433,0,0
32,19,1.95,20,20,2,2,2,2,0,0
32,20,11.57,694,1068,484,806,52,69,0,0
32,21,11.1,3412,7260,499,901,2390,5503,0,0
32,24,8.58,743,1311,532,934,21,42,0,0
32,25,0.05,7,7,7,7,0,0,0,0
32,51,3.65,658,1305,4,4,645,1292,0,0
32,26,1.17,71,86,38,41,11,14,0,0
32,41,0.02,3,7,0,0,3,7,0,0
32,42,1.6,238,476,0,0,238,476,0,0
32,49,0.02,16,62,0,0,16,62,0,0
32,50,0.79,539,2156,0,0,539,2156,0,0
32,52,24.13,2697,6049,2591,5830,72,146,0,0
32,53,43.37,3758,7135,3197,5921,193,451,0,0
32,54,20.17,1982,3885,1148,2277,422,826,0,0
32,55,3.04,2327,6874,21,43,2262,6746,0,0
32,56,3.97,3271,9435,251,660,2516,7454,0,0
32,69,1.88,142,283,134,267,3,5,0,0
32,70,0.12,18,36,18,36,0,0,0,0
32,71,15.98,1131,2246,909,1813,53,100,0,0
32,72,50.19,3993,7602,3462,6626,115,219,0,0
32,73,76.12,5651,9198,5341,8683,90,138,0,0
32,74,41.2,3516,7234,2495,4807,454,1208,0,0
32,75,81.22,8951,22672,5172,12760,2027,5099,0,0
32,76,38.61,7567,22141,1831,5357,4696,13532,0,0
32,77,28.66,5259,13176,1203,3190,840,3062,0,0
32,78,19.12,1528,3374,1327,3033,51,79,0,0
32,79,17.78,1724,3770,698,1476,573,1228,0,0
32,80,12.02,1531,2653,1397,2370,45,94,0,0
32,61,1.74,155,309,130,260,8,16,0,0
32,62,2,308,616,308,616,0,0,0,0
32,103,0.6,98,197,98,197,0,0,0,0
32,104,1,35,35,9,9,9,9,0,0
32,105,2,483,1246,483,1246,0,0,0,0
32,106,1.97,532,1062,166,331,122,243,0,0
32,107,2,1392,2785,307,613,473,946,0,0
32,127,0.26,88,176,22,44,22,44,0,0
33,7,11,2094,5333,506,1282,791,2139,0,0
33,13,13.44,2040,4679,891,2152,375,825,0,0
33,19,1,227,910,227,910,0,0,0,0
33,21,0.83,1216,1216,0,0,1216,1216,0,0
33,26,7.83,837,1480,336,552,95,185,0,0
33,33,13.65,1804,3406,798,1401,352,703,0,0
33,34,21.05,2691,4026,776,1387,1306,1538,0,0
33,35,3.01,723,1447,327,654,132,264,0,0
33,39,2.02,1571,3142,0,0,1571,3142,0,0
33,41,1.38,90,179,20,39,32,62,0,0
33,42,13.2,3611,7145,890,1759,2565,5113,0,0
33,49,2,176,352,124,248,0,0,0,0
33,50,3.19,503,1529,93,251,224,775,0,0
33,8,6.9,545,1058,364,720,60,112,0,0
33,9,8.64,1083,2179,849,1701,59,121,0,0
33,40,4.32,458,888,424,840,11,16,0,0
33,43,1.78,193,386,184,368,3,6,0,0
33,52,0.87,146,292,146,292,0,0,0,0
33,53,2.07,277,494,232,449,15,15,0,0
33,61,5.26,928,2031,234,343,120,228,0,0
33,64,4.69,1624,3352,139,278,1475,3051,0,0
33,65,9.7,2311,5666,299,544,1871,4949,0,0
33,71,8,469,914,441,877,9,12,0,0
33,72,38.2,3680,7504,2784,5743,641,1262,0,0
33,73,55.78,4911,8786,4016,7134,267,519,0,0
33,74,67.82,6480,13435,4199,8826,1285,2600,66,263
33,75,53.31,10215,27500,3811,9466,2590,7228,132,527
33,76,66.5,7032,16879,4110,9994,1443,3070,0,0
33,77,53.99,5337,11265,4148,7402,905,3422,0,0
33,78,21.71,2242,4439,2091,4066,22,32,0,0
33,103,1.4,203,406,203,406,0,0,0,0
33,104,9.92,4205,8411,1367,2734,947,1893,0,0
33,105,1.42,183,366,46,91,46,91,0,0
33,106,7.37,1489,2897,957,1898,172,327,0,0
33,107,7.24,2136,3450,278,334,1795,2990,0,0
33,111,1,36,73,0,0,36,73,0,0
33,121,9.01,2104,4155,583,1153,858,1702,0,0
33,127,8.12,2462,5925,651,1282,1650,4360,0,0
33,57,1,45,45,11,11,11,11,0,0
33,66,0.54,884,3106,0,0,884,3106,0,0
33,79,2,502,1361,107,322,107,322,0,0
33,109,1.98,625,884,430,495,65,130,0,0
33,110,0.02,5,11,1,3,1,3,0,0
33,117,2,752,1504,0,0,752,1504,0,0
33,126,4.29,2788,12775,121,235,2587,12394,0,0
34,0,14.44,3148,6222,622,1231,1941,3870,0,0
34,3,1,41,81,10,20,10,20,0,0
34,5,1,56,110,14,27,14,27,0,0
34,6,8.09,2159,8898,550,2245,537,2218,530,4238
34,7,5,826,1583,762,1520,5,5,0,0
34,8,20.9,3873,9444,641,1236,2796,7428,0,0
34,9,1.45,324,912,128,323,65,196,0,0
34,13,0.56,383,766,96,191,96,191,0,0
34,33,5.26,1652,4989,99,200,1352,4390,0,0
34,34,11.05,1436,2587,477,882,285,499,0,0
34,39,5.13,1673,2053,23,46,1604,1914,0,0
34,40,9.65,5182,10644,526,1051,4374,9054,0,0
34,42,4.8,2825,6882,25,49,2751,6734,0,0
34,43,1.22,765,1532,23,48,740,1484,0,0
34,2,1,129,387,129,387,0,0,0,0
34,14,0.13,83,165,21,41,21,41,0,0
34,15,1.87,1211,2422,303,606,303,606,0,0
34,30,6,740,1681,284,623,103,263,0,0
34,63,5,214,428,171,342,9,17,0,0
34,64,0.82,303,915,0,0,303,915,0,0
34,65,0.83,1905,7618,0,0,1905,7618,0,0
34,66,7.42,3040,9185,246,492,2700,8508,0,0
34,72,21.4,2457,4359,2027,3513,144,282,0,0
34,73,27.02,2395,5044,2292,4859,23,38,0,0
34,74,74.81,6033,11063,5188,9651,367,692,0,0
34,75,74.37,6433,14628,3681,7551,2204,6222,0,0
34,76,47.46,5082,10366,3809,7846,574,1261,0,0
34,77,48,5064,7842,4391,6615,329,616,0,0
34,78,0.36,55,55,55,55,0,0,0,0
34,79,1,57,113,0,0,0,0,0,0
34,89,20.98,3446,6040,685,1283,2538,4490,0,0
34,104,2.07,137,273,48,96,29,59,0,0
34,118,20.07,2844,6220,1039,2027,1572,3758,0,0
34,121,2,478,651,478,651,0,0,0,0
34,125,3.9,675,756,240,240,419,500,0,0
34,126,20.73,5245,10944,574,1292,4307,9110,0,0
34,127,21.94,6345,15293,435,857,5886,14410,0,0
34,57,0.7,508,1016,0,0,508,1016,0,0
34,58,0.47,294,588,0,0,294,588,0,0
34,90,0.02,5,10,0,0,5,10,0,0
34,95,4.54,2074,4663,372,882,983,2091,0,0
34,96,0.53,689,1378,0,0,689,1378,0,0
34,110,7,1405,2405,444,694,321,571,0,0
34,111,2,157,266,121,229,12,12,0,0
34,117,4.93,359,460,90,115,90,115,0,0
34,122,3.85,700,700,250,250,441,441,0,0
34,123,3,816,1633,66,133,617,1234,0,0
34,124,2.05,118,227,13,24,93,185,0,0
35,0,13.31,1359,2527,998,1948,97,146,0,0
35,1,1,109,219,109,219,0,0,0,0
35,6,26.83,2974,6375,2144,4613,147,303,0,0
35,8,0.09,39,78,0,0,32,63,0,0
35,15,9.79,5009,14217,889,2462,2348,6837,0,0
35,21,23.94,2448,4810,2075,4130,124,227,0,0
35,22,15.01,1240,2398,814,1626,114,230,0,0
35,26,7,3603,10913,234,537,2901,9302,0,0
35,40,0.86,450,900,0,0,450,900,0,0
35,48,4,1193,2755,492,936,605,1722,0,0
35,14,0.43,86,172,86,172,0,0,0,0
35,16,1.13,360,830,90,208,90,208,0,0
35,23,0.01,0,0,0,0,0,0,0,0
35,25,0.03,16,32,0,0,16,32,0,0
35,46,2.25,330,654,325,649,2,2,0,0
35,47,1.93,652,1420,323,675,271,571,0,0
35,54,9.24,3063,6529,205,552,2496,4971,0,0
35,55,1,451,901,113,225,113,225,0,0
35,57,1.07,202,405,175,351,27,54,0,0
35,58,2.76,692,1302,343,665,309,597,0,0
35,65,3.92,214,429,137,274,26,52,0,0
35,66,6.08,1185,2992,121,362,821,1907,0,0
35,72,15.93,1801,3187,1689,3019,19,31,0,0
35,73,38.05,5294,11082,4780,9925,261,710,0,0
35,74,47.8,9246,24222,3070,6292,5911,17463,0,0
35,75,44.89,4776,9299,3918,7558,465,949,0,0
35,76,42.53,7315,17131,2284,4673,4503,11384,0,0
35,77,10.43,7040,14637,1623,3384,2174,4485,0,0
35,85,10.91,3361,6567,248,496,3043,5932,0,0
35,95,0.94,139,415,137,411,1,1,0,0
35,97,4,1738,4624,468,931,1201,3567,0,0
35,104,1,136,272,34,68,34,68,0,0
35,122,12.88,1643,3436,1416,3031,47,52,0,0
35,123,17.9,2225,4772,1938,4217,78,150,0,0
35,124,19.87,2284,4506,1176,2338,1073,2131,0,0
35,125,40.01,5677,12427,1656,3560,3463,7772,0,0
35,126,25.76,17709,46749,350,800,17139,45315,0,0
35,127,14.12,10360,28953,12,17,10321,28902,0,0
35,52,1,23,46,0,0,0,0,23,46
35,53,1.93,850,1641,0,0,850,1641,0,0
35,59,4,774,1507,259,508,410,809,0,0
35,60,1.7,786,2359,0,0,786,2359,0,0
35,78,1,98,195,24,49,24,49,0,0
35,86,4.91,1222,2855,179,462,683,1470,0,0
35,105,1,82,163,20,41,20,41,0,0
35,106,1,51,51,13,13,13,13,0,0
35,110,1,29,29,0,0,0,0,0,0
35,114,3.69,832,1514,341,756,75,75,0,0
36,5,15,2672,5231,443,711,2026,4188,0,0
36,6,6.38,637,1240,254,501,125,242,0,0
36,14,1.57,124,236,115,228,3,3,0,0
36,15,3.08,369,766,242,490,43,93,0,0
36,21,29.65,2562,5037,2274,4466,75,150,0,0
36,22,72.15,6121,13787,4962,10830,418,824,353,1414
36,24,0.43,190,190,48,48,48,48,0,0
36,25,2.54,1279,2311,62,62,1093,2125,0,0
36,36,8.25,1815,4124,92,184,1539,3573,0,0
36,37,15.76,2010,3774,955,1679,560,1120,0,0
36,42,5.31,2463,5387,267,533,1859,4179,0,0
36,46,6.74,2206,5645,340,679,1775,4783,0,0
36,47,5.05,3777,8570,40,80,3657,8330,0,0
36,50,3,1404,2808,332,664,1034,2068,0,0
36,23,1.81,217,435,155,309,0,0,0,0
36,28,2.42,1845,4152,345,690,808,2082,0,0
36,41,1.15,2125,4353,26,78,2046,4118,0,0
36,53,20.97,4232,10665,589,1493,3560,9022,0,0
36,54,2.86,293,585,271,543,10,20,0,0
36,56,10.01,2996,6039,720,1437,1675,3424,0,0
36,60,1.3,398,1016,0,0,398,1016,0,0
36,73,2.7,1878,4818,109,122,1552,4453,0,0
36,74,7.97,3440,9886,210,421,3217,9442,0,0
36,75,8.87,4854,10928,118,234,4503,10232,0,0
36,76,9.4,5378,10868,46,92,5241,10593,0,0
36,77,15.92,5705,13790,774,1967,3261,7783,0,0
36,83,3.58,4377,5123,0,0,4377,5123,0,0
36,84,7.4,2198,5354,544,1378,795,1677,0,0
36,85,5.09,2588,5125,274,535,2285,4558,0,0
36,86,5.1,1474,2242,155,304,1300,1910,0,0
36,93,3,1276,3399,320,850,320,850,0,0
36,97,1,18,37,5,9,5,9,0,0
36,102,7.15,1593,3520,685,1411,249,540,336,1009
36,105,4,236,456,217,429,6,8,0,0
36,111,10.22,1437,2452,837,1289,170,329,0,0
36,112,57.13,4050,5282,3761,4941,53,70,0,0
36,114,11,976,1582,671,978,35,69,0,0
36,122,20.91,2313,4727,1789,3729,187,370,0,0
36,123,40.36,3464,6891,2683,5564,251,480,0,0
36,124,48.69,5682,12195,2587,5380,2519,5714,0,0
36,125,39.15,4301,8577,2076,3695,1401,3290,0,0
36,126,17.31,6881,18562,1241,3569,3394,8775,0,0
36,127,1.06,537,1350,0,0,537,1350,0,0
36,59,5,1400,2800,355,709,882,1763,0,0
36,63,1,114,228,114,228,0,0,0,0
36,64,1,147,293,147,293,0,0,0,0
36,70,4.6,667,1379,357,814,103,188,0,0
36,79,3.99,862,2253,270,540,590,1711,0,0
36,80,0.84,195,204,55,64,47,47,0,0
36,109,1.5,842,1931,62,186,656,1374,0,0
36,110,2.48,482,482,482,482,0,0,0,0
36,113,9.88,801,1149,792,1136,3,4,0,0
36,115,1,304,911,76,228,76,228,0,0
36,118,1,55,110,14,28,14,28,0,0
37,6,4.71,659,1318,222,445,146,291,0,0
37,16,5.85,859,2441,215,610,215,610,0,0
37,21,14.05,1427,3533,830,2306,167,323,0,0
37,22,16.75,1113,2330,775,1550,204,534,0,0
37,23,1,20,41,5,10,5,10,0,0
37,28,7.58,1649,3280,635,1267,338,671,0,0
37,41,3.86,734,1907,488,1086,58,226,0,0
37,42,14.68,3435,7145,1123,2550,1760,3510,0,0
37,45,2,475,950,343,686,44,88,0,0
37,46,2.03,1022,2044,255,511,255,511,0,0
37,15,3.15,631,1788,158,447,158,447,0,0
37,20,1.84,565,2402,355,1772,0,0,355,1772
37,27,2.51,182,365,86,171,18,36,0,0
37,44,1,201,802,50,201,50,201,201,802
37,51,2.26,912,2697,0,0,912,2697,0,0
37,63,1.89,866,1732,0,0,866,1732,0,0
37,64,14.11,1830,4463,445,901,1013,2830,0,0
37,70,4.39,3461,6999,63,146,3270,6561,0,0
37,71,0.01,16,31,0,0,16,31,0,0
37,73,5.66,1214,2816,257,610,445,986,0,0
37,74,14.18,1857,3684,324,648,950,1900,0,0
37,76,9,1325,2859,541,1062,123,227,0,0
37,77,4.32,1689,3974,0,0,1689,3974,0,0
37,79,0.02,5,5,1,1,1,1,0,0
37,80,1.15,66,66,17,17,17,17,0,0
37,100,1,52,104,0,0,0,0,0,0
37,102,7.89,1170,2085,655,1098,172,329,0,0
37,103,10.27,1809,3014,659,1167,370,590,0,0
37,108,1,1260,5040,0,0,1260,5040,0,0
37,109,15.91,11080,34969,524,1965,9511,29072,0,0
37,110,13.11,4745,14036,651,858,4083,13163,0,0
37,111,58.33,4703,5968,4563,5804,46,55,0,0
37,112,50.27,3750,6248,3422,5849,70,93,0,0
37,113,49.85,4500,8114,4011,7067,152,335,0,0
37,114,9.31,1401,1491,678,701,240,263,0,0
37,121,1.16,1668,3080,128,128,1539,2952,0,0
37,122,50.44,5721,9837,2590,4349,2576,4479,0,0
37,123,83.56,6236,12170,4955,10049,211,379,0,0
37,124,35.55,5532,11511,3196,5990,1732,4470,0,0
37,125,6.82,4328,16826,23,46,4259,16688,0,0
37,65,1,101,204,25,50,26,54,0,0
37,90,1.71,339,677,158,314,60,121,0,0
37,101,1,166,166,0,0,166,166,0,0
37,107,1.34,284,569,284,569,0,0,0,0
37,120,1.47,521,1043,0,0,521,1043,0,0
38,2,1,55,55,14,14,14,14,0,0
38,3,7,1396,2793,337,675,937,1876,0,0
38,9,3.49,341,651,111,215,198,389,0,0
38,20,1.35,118,353,19,57,19,57,0,0
38,21,15.44,2502,5268,816,1817,1260,2508,0,0
38,23,0.13,2,2,0,0,0,0,0,0
38,24,0.87,12,12,3,3,3,3,0,0
38,27,15.49,2322,4196,595,1029,466,834,0,0
38,33,14.99,3411,5579,1097,1427,1817,3476,0,0
38,51,4.75,1492,3555,264,529,1210,2992,0,0
38,10,6,888,2092,607,1294,83,245,0,0
38,11,0.03,1,1,0,0,0,0,0,0
38,12,9.42,1225,2305,562,1088,252,468,0,0
38,15,1.25,125,350,31,87,31,87,56,281
38,34,5.15,919,1838,352,705,189,378,0,0
38,52,1,101,305,101,305,0,0,0,0
38,53,5,1235,1534,219,421,916,948,0,0
38,64,1,32,32,0,0,0,0,0,0
38,65,18.27,3118,7542,733,1566,2092,5440,0,0
38,66,5.45,2236,5736,152,416,1781,4487,0,0
38,74,0.02,1,3,0,1,0,1,0,0
38,90,7.29,2919,4535,412,727,2315,3616,0,0
38,100,5,452,782,262,403,50,101,0,0
38,102,4.16,1591,2822,357,664,520,827,0,0
38,103,1.54,330,661,32,64,234,469,0,0
38,106,7.4,2358,4313,590,1079,590,1079,0,0
38,107,7.26,608,1180,359,709,49,90,0,0
38,109,7.96,1206,3410,197,394,998,2992,0,0
38,110,32.56,5497,12070,1285,2418,3480,8482,0,0
38,111,61.31,8859,17674,4130,6697,3215,7036,0,0
38,112,48.33,5197,10097,2992,5504,921,1992,0,0
38,113,57.17,5918,11794,3129,5560,1566,3966,0,0
38,114,7.75,796,1550,486,947,111,208,0,0
38,117,4.69,916,1920,401,889,172,344,0,0
38,118,4.31,343,662,60,113,60,113,0,0
38,119,2,117,213,6,6,101,196,0,0
38,120,7.53,1193,2243,54,96,1033,1952,0,0
38,121,16,777,1264,482,632,130,273,16,33
38,122,68.88,6295,13518,3834,8095,1231,2886,146,583
38,123,17.97,7173,20342,1286,3233,4139,12363,0,0
38,124,15.55,4658,12599,901,1736,3597,10584,0,0
38,68,3.06,1053,1956,95,191,767,1383,0,0
38,79,0.02,6,13,0,0,6,13,0,0
38,80,5.64,1027,1955,179,334,489,954,0,0
38,88,1.02,45,60,30,30,0,0,0,0
38,89,1.98,71,122,8,8,0,0,0,0
38,127,11,3669,8341,0,0,3669,8341,0,0
39,9,4.5,699,1351,187,363,294,576,0,0
39,10,2,160,289,136,265,8,8,0,0
39,11,0.93,55,110,14,27,14,27,0,0
39,12,13.61,1407,3247,1186,2806,71,141,0,0
39,14,2,93,253,23,63,23,63,0,0
39,15,4.47,707,2325,141,511,141,511,169,843
39,16,0.28,33,66,0,0,0,0,0,0
39,21,19.92,3599,7502,888,1759,2125,4643,0,0
39,34,1.86,383,657,96,164,96,164,0,0
39,41,1.61,3648,7295,0,0,3648,7295,0,0
39,46,6.01,2939,7023,446,892,2445,6036,0,0
39,4,2,128,243,115,230,0,0,0,0
39,13,1.01,62,64,17,19,15,15,0,0
39,22,2.07,211,437,167,330,37,100,0,0
39,40,0.39,950,1900,0,0,950,1900,0,0
39,45,4,278,535,193,381,6,6,0,0
39,58,1,24,142,0,0,0,0,24,142
39,65,1.28,1375,2087,0,0,1375,2087,0,0
39,68,6.95,2896,6996,44,88,2764,6733,0,0
39,79,0.49,106,212,0,0,106,212,0,0
39,80,9.86,1757,3421,569,1116,949,1875,0,0
39,97,4,873,1674,383,748,163,308,0,0
39,102,1,136,136,34,34,34,34,0,0
39,109,19.13,1441,2285,1244,1988,65,99,0,0
39,110,42.55,5606,10667,4320,8415,368,666,0,0
39,111,78.4,7179,12203,5775,10119,303,472,0,0
39,112,135.1,11992,27725,6147,13609,1843,3778,739,2832
39,113,59.76,4264,8688,2943,5923,823,1879,0,0
39,114,11.39,1323,2546,536,1016,493,970,0,0
39,117,5,460,830,191,360,22,22,0,0
39,121,9.2,3136,13651,694,3579,2592,12015,1653,10727
39,122,96.6,7055,18497,4093,11590,2333,5671,20,123
39,123,41.57,9309,27882,1637,4638,3750,11350,0,0
39,124,2.9,2361,7083,0,0,2361,7083,0,0
39,126,50.75,3932,6077,3746,5779,56,93,0,0
39,76,4.82,538,1414,498,1335,13,26,169,677
39,93,2.82,331,797,33,54,231,635,0,0
39,106,3,56,56,14,14,14,14,0,0
39,115,0.02,7,14,0,0,7,14,0,0
39,119,3,261,521,7,15,239,477,0,0
39,125,13.95,1238,2236,1105,2014,30,60,0,0
40,3,1.6,84,169,76,152,3,5,0,0
40,4,2.81,382,733,70,142,312,591,0,0
40,5,9.59,4432,9909,408,815,3981,9006,0,0
40,12,4,1550,3949,652,1518,299,811,0,0
40,38,2,244,488,199,399,15,30,0,0
40,2,10.55,2906,6106,389,777,2412,5132,0,0
40,11,4,669,1680,356,972,283,567,0,0
40,18,1,14,82,3,20,3,20,0,0
40,19,6.5,544,1293,306,664,67,185,0,0
40,45,8.15,618,1542,397,1112,74,143,0,0
40,46,2.22,764,1451,191,363,191,363,0,0
40,53,8,2537,6300,159,305,2064,5383,0,0
40,58,2.99,1630,4600,160,320,1383,4106,0,0
40,59,1,48,48,12,12,12,12,0,0
40,76,1.19,271,541,268,536,1,2,0,0
40,77,6.99,3230,6342,117,117,3112,6224,0,0
40,91,12.84,4670,11403,747,2011,2737,5989,0,0
40,93,7.18,834,1569,357,694,317,614,0,0
40,109,19.04,1995,3092,678,954,439,713,0,0
40,110,22.71,1938,3553,1149,2056,234,454,0,0
40,111,44.69,3942,6374,3087,5088,205,348,0,0
40,112,24.02,2426,4229,1500,2866,129,228,0,0
40,113,34.85,2722,5422,2174,4576,196,291,0,0
40,114,1,15,15,4,4,4,4,0,0
40,121,7.43,522,987,41,77,399,757,0,0
40,122,121.65,12310,34604,5964,15535,4358,10447,1110,6661
40,123,137.06,10886,25953,7605,18523,1431,3833,0,0
40,124,58.66,5607,11406,4339,8997,566,1102,0,0
40,125,70.05,5571,10589,4906,9307,273,518,0,0
40,126,55.79,4909,8578,4602,7985,103,197,0,0
40,65,1,125,249,31,62,31,62,0,0
40,84,1,21,21,5,5,5,5,0,0
40,92,0.17,423,1270,106,317,106,317,0,0
40,107,1,149,598,0,0,0,0,149,598
40,118,1,96,193,24,48,24,48,0,0
40,119,1.91,750,1428,0,0,750,1428,0,0
40,120,10.47,2076,5262,347,999,1576,3926,0,0
41,2,1.45,123,206,10,11,92,174,0,0
41,8,8.91,2472,4867,446,892,1732,3386,0,0
41,9,1.1,118,236,30,59,30,59,0,0
41,11,7,1499,2770,730,1048,256,574,0,0
41,12,1,71,141,18,35,18,35,0,0
41,19,4.5,2307,5113,337,799,1295,2716,0,0
41,34,14.01,4029,8389,617,1216,2741,5861,0,0
41,35,14.42,1476,2636,929,1445,133,270,0,0
41,36,5.98,1536,3973,533,1291,249,724,0,0
41,45,11.01,4983,13624,300,731,4081,11433,0,0
41,46,0.62,199,391,50,98,50,98,0,0
41,3,1,124,247,124,247,0,0,0,0
41,40,6.93,2620,5104,378,721,2025,4017,0,0
41,43,0.64,98,244,42,96,21,56,0,0
41,61,6.14,1117,2110,455,879,422,812,0,0
41,62,4.47,1794,2247,214,294,1150,1363,0,0
41,63,2,358,358,0,0,358,358,0,0
41,70,6,833,1667,177,355,424,848,0,0
41,91,2,456,913,403,806,18,36,0,0
41,92,2,398,796,100,199,100,199,0,0
41,103,3.97,1627,3153,240,454,1333,2642,0,0
41,104,2.03,476,953,129,259,151,302,0,0
41,106,2,889,1779,5,9,876,1751,0,0
41,107,4,644,1394,435,803,197,578,0,0
41,109,15.82,1680,3176,420,794,420,794,0,0
41,110,2.5,267,512,61,117,83,161,0,0
41,111,1.3,210,407,3,3,200,398,0,0
41,113,5,1186,2243,503,874,228,457,0,0
41,120,2.63,314,604,21,36,250,495,0,0
41,121,11.98,802,1609,713,1447,21,35,0,0
41,122,128.41,8391,18754,6837,16041,296,513,0,0
41,123,77.79,6819,13414,5572,11623,186,283,0,0
41,124,71.87,6037,11520,5606,10897,134,245,0,0
41,125,90.08,7397,14222,7075,13673,74,119,0,0
41,126,19.01,1814,3196,1785,3157,4,6,0,0
41,81,8.21,1502,3125,224,588,1123,2239,0,0
41,85,2.28,544,1235,309,537,78,233,0,0
41,96,6.85,1871,3766,459,915,495,1021,0,0
41,97,0.14,44,133,0,0,44,133,0,0
42,3,1.48,201,403,167,334,11,23,0,0
42,4,2.52,388,723,334,667,0,0,0,0
42,6,8.52,1921,3703,134,239,1519,2986,0,0
42,7,8.49,939,1683,358,669,193,339,0,0
42,11,6,452,1258,392,1062,14,33,0,0
42,20,6.79,1705,4014,539,1452,686,1448,0,0
42,25,1,67,67,17,17,17,17,0,0
42,27,3,134,366,104,306,5,11,0,0
42,32,12.89,2043,4043,958,1906,305,598,0,0
42,35,5.6,495,1043,188,392,98,213,0,0
42,40,1.07,750,1498,153,306,289,579,0,0
42,43,28.39,7557,15573,679,1553,6032,11971,0,0
42,44,2.05,2782,8132,855,2353,642,1927,0,0
42,12,5,712,1685,482,1225,77,153,0,0
42,19,0.51,455,910,0,0,455,910,0,0
42,47,1.13,333,986,83,246,83,246,0,0
42,60,1.73,169,338,133,266,12,24,0,0
42,61,2.66,211,402,132,259,26,48,0,0
42,62,2,253,376,0,0,253,376,0,0
42,68,8.21,2322,3792,110,210,2164,3507,0,0
42,69,0.8,124,230,1,1,121,228,0,0
42,76,12,2430,4655,582,1070,1693,3350,0,0
42,77,2,898,898,114,114,557,557,0,0
42,81,2.79,157,364,116,321,15,17,0,0
42,85,6.72,2152,4304,760,1519,1128,2257,0,0
42,96,1.64,708,2359,147,501,266,859,413,1650
42,97,2.37,202,523,21,41,140,399,0,0
42,110,4.99,1003,2004,158,315,509,1018,0,0
42,121,37.78,3578,7584,2388,5293,377,744,0,0
42,122,60.9,5595,10679,5125,9870,301,567,0,0
42,123,50.28,5210,9838,4764,8993,87,135,0,0
42,124,56.2,6369,11663,6190,11414,17,29,0,0
42,125,57.93,5528,9605,5103,8812,269,519,0,0
42,64,1,185,370,46,92,46,92,0,0
42,71,0.55,69,139,69,139,0,0,0,0
42,72,0.1,13,26,13,26,0,0,0,0
42,73,2.66,399,798,327,654,24,48,0,0
42,78,0.83,123,247,31,62,31,62,0,0
42,80,0.22,374,1495,0,0,374,1495,0,0
43,3,1.6,101,148,47,94,0,0,0,0
43,4,12.4,1590,2762,318,535,886,1670,0,0
43,12,3,222,444,172,345,16,33,0,0
43,13,6,886,1764,376,750,170,338,0,0
43,19,4.78,446,804,111,201,111,201,0,0
43,20,14.93,2076,3959,931,2044,381,638,0,0
43,23,0.28,62,186,0,0,0,0,0,0
43,24,7.73,975,2068,358,706,75,141,0,0
43,25,13,1807,3590,522,1036,429,851,0,0
43,29,31.08,2730,5686,1268,2658,213,422,0,0
43,31,1.15,49,94,11,23,11,23,0,0
43,32,12.95,1128,1827,572,848,165,307,0,0
43,39,4,298,533,223,440,12,18,0,0
43,43,0.91,248,495,0,0,248,495,0,0
43,47,6.51,1694,3808,423,952,423,952,0,0
43,48,1.37,286,572,228,456,19,39,0,0
43,60,5,1761,3522,129,258,1588,3176,0,0
43,70,4,1117,2027,40,80,997,1787,0,0
43,71,5.03,1230,2307,200,375,662,1299,0,0
43,72,0.31,25,25,0,0,0,0,0,0
43,73,6.35,722,1443,396,792,288,576,0,0
43,78,3.01,492,864,123,216,123,216,0,0
43,79,12.19,3657,10568,464,921,2811,8895,0,0
43,80,9.13,3825,13980,4,4,3812,13967,0,0
43,121,39.87,4148,8165,3880,7633,62,151,0,0
43,122,50.01,4703,7896,4492,7539,60,109,0,0
43,123,48.55,4223,7407,3710,6455,139,261,0,0
43,124,59.88,4804,7605,4644,7386,41,61,0,0
43,125,21.17,1667,3185,1602,3070,21,39,0,0
43,126,1,33,33,8,8,8,8,0,0
43,127,2,41,49,10,12,10,12,0,0
43,56,1,14,29,4,7,4,7,0,0
43,61,2.26,937,1815,122,227,833,1606,0,0
43,69,8.44,1379,2413,962,1839,139,192,0,0
43,102,0.04,8,8,8,8,0,0,0,0
43,112,1.8,620,1240,64,128,64,128,0,0
43,119,1.47,199,497,124,348,25,50,0,0
44,8,6.58,1222,3015,565,1783,220,410,228,1138
44,9,2.43,441,881,110,221,110,221,0,0
44,10,7.94,2344,3221,586,805,586,805,0,0
44,11,8.68,1022,1914,475,938,179,322,0,0
44,16,6,302,634,76,159,76,159,0,0
44,21,1,42,84,10,21,10,21,0,0
44,24,14.38,4643,9863,436,1255,4102,8395,0,0
44,29,11.91,776,1532,500,1000,12,25,18,18
44,30,4.48,345,806,331,777,5,10,0,0
44,31,9.52,1224,2350,836,1739,86,95,0,0
44,32,2,1313,2639,0,0,1313,2639,0,0
44,34,2,435,844,415,823,7,7,0,0
44,43,0.54,30,61,8,15,8,15,0,0
44,44,0.46,26,52,7,13,7,13,0,0
44,14,0.63,9,18,2,4,2,4,0,0
44,15,0.18,8,10,2,2,2,2,0,0
44,56,4.82,1271,3253,509,1011,746,2224,0,0
44,60,1,105,210,26,52,26,52,0,0
44,61,9.74,1335,2387,396,764,836,1353,0,0
44,65,12,2190,4278,713,1399,1315,2606,0,0
44,69,22.65,3022,5901,2852,5593,56,102,0,0
44,70,16.12,1691,3240,815,1622,406,805,0,0
44,71,7.94,691,1013,388,595,52,90,0,0
44,78,3.62,407,424,102,106,102,106,0,0
44,79,13,2448,4787,542,1064,1814,3610,0,0
44,80,1,437,437,0,0,437,437,0,0
44,81,14.01,1339,2439,606,1152,432,804,0,0
44,89,10.55,1887,3149,597,618,1259,2502,0,0
44,90,1.45,440,880,71,142,369,738,0,0
44,99,5,1076,2152,469,937,188,376,0,0
44,102,6.59,1328,2190,652,1043,225,382,0,0
44,103,1.37,171,171,43,43,43,43,0,0
44,112,0.2,66,131,16,33,16,33,0,0
44,115,10.31,3872,7527,715,1323,2959,5810,0,0
44,116,1.7,197,197,185,185,4,4,0,0
44,119,1.53,482,1024,165,390,106,212,0,0
44,121,3,216,451,192,385,2,4,0,0
44,122,2.2,338,676,338,676,0,0,0,0
44,123,24.15,2135,4100,2047,3963,21,38,0,0
44,124,3,559,1119,0,0,0,0,0,0
44,55,1.93,227,478,131,261,62,184,0,0
44,109,1,39,39,39,39,0,0,0,0
45,0,13.44,957,1759,847,1567,19,29,0,0
45,1,7,1471,2940,610,1220,80,159,0,0
45,3,1,20,60,0,0,0,0,0,0
45,10,2.98,201,392,195,386,2,2,0,0
45,11,3.4,222,225,111,113,8,8,0,0
45,14,1.21,18,20,4,5,4,5,0,0
45,15,21.98,2202,3832,935,1730,387,633,0,0
45,22,1,14,14,3,3,3,3,0,0
45,23,0.02,14,42,0,0,14,42,0,0
45,24,5.59,3762,9501,198,396,3477,8931,0,0
45,26,10.96,4804,10313,1022,2304,2187,4753,0,0
45,28,7,1088,2663,716,1678,71,196,0,0
45,31,10.37,922,1856,378,820,181,346,0,0
45,32,9.12,733,1124,396,706,113,140,0,0
45,48,5.66,5424,22560,1357,5639,1357,5639,0,0
45,50,2.09,392,794,214,431,71,144,0,0
45,51,3.92,2819,5767,148,327,2248,4528,0,0
45,6,4.57,416,832,161,323,84,169,0,0
45,16,1,8,8,2,2,2,2,0,0
45,25,1,24,24,0,0,0,0,0,0
45,30,4,881,1686,330,641,183,348,0,0
45,37,2.67,467,934,300,599,56,112,0,0
45,44,0.55,136,408,34,102,34,102,0,0
45,47,0.35,607,2429,152,607,152,607,0,0
45,55,3.94,1004,1992,269,535,727,1449,0,0
45,56,1.32,476,1059,0,0,476,1059,0,0
45,68,7.63,1193,1345,163,306,984,987,0,0
45,69,25.84,2781,5029,2639,4828,42,57,0,0
45,70,37.59,2676,5264,1722,3224,503,1048,0,0
45,71,20.71,1708,3396,1502,2992,34,56,0,0
45,107,0.78,122,245,122,245,0,0,0,0
45,108,1.22,132,166,59,94,24,24,0,0
45,114,0.59,122,122,122,122,0,0,0,0
45,115,0.41,84,84,84,84,0,0,0,0
45,58,0.03,7,13,7,13,0,0,0,0
45,76,1,168,168,168,168,0,0,0,0
45,110,2,92,92,45,45,16,16,0,0
45,111,1,46,91,46,91,0,0,0,0
45,120,3,563,1429,511,1326,0,0,0,0
46,0,2.56,83,166,13,26,13,26,0,0
46,6,8.43,717,1139,452,699,21,27,0,0
46,9,15.78,2377,4564,1100,2050,687,1359,0,0
46,10,3.16,1788,2699,450,680,900,1581,0,0
46,26,2.04,201,402,51,100,51,100,0,0
46,28,0.01,0,1,0,0,0,0,0,0
46,32,4.03,387,768,134,256,72,132,0,0
46,33,5.87,1113,1825,215,389,781,1286,0,0
46,36,2,154,307,146,292,3,5,0,0
46,37,3.33,659,1317,387,775,90,181,0,0
46,41,14.1,2037,4414,1924,4206,6,6,0,0
46,44,14.45,3497,9109,744,1552,2152,6222,0,0
46,8,0.21,36,36,36,36,0,0,0,0
46,12,0.98,668,1335,0,0,668,1335,0,0
46,13,5,1465,2930,190,380,895,1789,0,0
46,30,1,19,19,5,5,5,5,0,0
46,34,4.6,492,985,462,923,10,20,0,0
46,35,0.75,28,56,7,14,7,14,0,0
46,40,0.1,20,41,20,41,0,0,0,0
46,45,0.99,119,239,30,60,30,60,0,0
46,58,2.7,173,345,161,321,4,8,0,0
46,59,11.27,2222,4443,211,445,1844,3637,0,0
46,68,10.7,1252,2393,374,748,735,1360,0,0
46,69,29.55,3370,7732,858,1754,869,2128,0,0
46,70,58.37,5671,12335,3287,6243,1197,2901,475,1899
46,71,27.51,3478,7259,1955,4299,856,1697,0,0
46,76,4,993,1684,178,351,459,632,0,0
46,114,1.15,503,1006,162,324,114,227,0,0
46,115,0.85,255,509,251,501,1,3,0,0
46,118,15.01,1851,3883,482,949,959,2144,0,0
46,55,0.79,1524,4572,0,0,1524,4572,0,0
46,56,5.05,727,1453,405,809,105,210,0,0
46,60,5,607,1037,375,706,49,55,0,0
46,61,2,85,85,21,21,21,21,0,0
46,72,0.11,157,315,0,0,157,315,0,0
46,73,1.29,417,833,0,0,417,833,0,0
46,74,0.06,44,88,0,0,44,88,0,0
46,82,0.13,30,122,30,122,0,0,30,122
46,83,5.87,631,1634,346,1090,72,136,203,812
46,101,3,399,399,246,246,51,51,0,0
46,121,3,415,729,266,507,25,25,0,0
46,122,3,245,471,204,403,14,23,0,0
46,127,1.22,277,555,223,447,18,36,0,0
47,4,5.65,1891,4286,291,813,1301,2692,0,0
47,8,35.55,4594,9689,1729,3576,769,1503,487,1482
47,9,77.29,4507,8916,3117,6529,303,524,73,145
47,10,27.46,4233,7907,1047,2093,2591,4624,0,0
47,12,9.99,972,1929,524,1045,126,248,0,0
47,13,60.93,3794,6245,3038,5046,411,766,11,11
47,26,4,400,878,100,220,100,220,0,0
47,29,5.89,883,1770,465,1050,114,190,0,0
47,30,3.66,699,1398,175,349,175,349,0,0
47,32,3.48,536,962,263,498,91,155,0,0
47,33,6,461,683,403,625,19,19,0,0
47,34,16.63,1904,3654,1330,2623,78,117,0,0
47,35,9.44,1034,1942,927,1819,11,17,0,0
47,36,3,201,320,129,238,24,27,0,0
47,40,50.99,5056,9282,4296,8030,205,329,0,0
47,41,8.72,476,973,251,507,36,77,0,0
47,5,4.01,97,164,12,28,18,38,0,0
47,14,2.57,228,340,219,331,3,3,0,0
47,15,0.04,6,17,6,17,0,0,0,0
47,16,7.31,592,1139,395,779,27,42,0,0
47,17,12.31,1361,2699,951,1902,129,258,0,0
47,18,1.4,248,362,248,362,0,0,0,0
47,22,1,79,79,79,79,0,0,0,0
47,38,9.78,1236,2833,823,1989,94,194,0,0
47,39,0.12,12,32,6,13,2,6,0,0
47,55,13.75,4904,10858,765,1580,2865,6624,0,0
47,56,14.42,1774,3443,1167,2320,178,339,0,0
47,60,3,271,482,202,388,23,31,0,0
47,68,36.7,2778,5303,2626,5097,39,47,0,0
47,69,99.86,5707,11454,3687,7935,752,1312,0,0
47,70,62.78,7811,18965,3575,7236,3685,10634,0,0
47,71,9.79,2709,5925,991,1940,1457,3551,0,0
47,72,1.59,2782,5565,0,0,2782,5565,0,0
47,73,4.71,635,1269,265,531,316,631,0,0
47,74,0.94,728,1457,0,0,728,1457,0,0
47,78,10.55,3064,6612,164,277,2655,5899,0,0
47,90,5,2230,5676,140,279,1812,4839,0,0
47,114,14.18,4131,8373,633,1119,2974,6570,0,0
47,79,2.45,224,427,151,296,66,127,0,0
47,83,1.08,236,472,5,11,220,440,0,0
47,84,5.92,852,1247,507,596,141,268,0,0
47,86,1.96,336,672,173,345,164,327,0,0
47,87,1.46,395,791,0,0,395,791,0,0
47,89,3,494,990,124,247,124,247,0,0
47,100,1,28,28,7,7,7,7,0,0
47,101,8.81,1023,1858,468,888,185,323,0,0
47,106,0.32,51,101,13,25,13,25,0,0
47,109,0.12,419,1256,0,0,419,1256,0,0
47,113,1.64,1231,2585,0,0,1231,2585,0,0
48,4,1.26,1346,2693,0,0,1346,2693,0,0
48,5,0.08,85,169,0,0,85,169,0,0
48,8,12.32,2741,6423,731,2172,1390,2862,0,0
48,9,19.13,1751,3349,1406,2807,26,43,0,0
48,10,46.16,3928,7601,3029,5973,254,472,0,0
48,11,14.04,728,1269,555,1086,28,32,0,0
48,12,4.53,114,151,19,19,19,19,0,0
48,13,63.64,7238,16969,3225,6111,3686,10400,0,0
48,14,20.97,3243,8137,616,1201,2082,5967,0,0
48,15,37.99,2673,5793,2280,5071,99,176,0,0
48,16,14.32,2097,4270,839,1849,1100,2170,0,0
48,17,18.66,1807,3526,1410,2800,78,138,0,0
48,22,1.84,853,1708,484,969,123,246,0,0
48,23,2.17,265,513,112,220,51,98,0,0
48,30,0.46,118,236,30,59,30,59,0,0
48,35,0.71,78,78,78,78,0,0,0,0
48,37,5,285,384,135,234,36,36,0,0
48,38,13.88,3178,7575,732,1435,1708,4726,0,0
48,39,23.91,2935,5916,1541,3214,130,232,0,0
48,40,16.54,2935,5254,1840,3677,602,1020,0,0
48,41,2.44,1105,2222,153,432,301,580,0,0
48,7,3.31,702,1877,251,640,57,133,0,0
48,21,0.17,23,23,6,6,6,6,0,0
48,27,1,24,24,24,24,0,0,0,0
48,55,7.99,7701,17874,1175,2968,4176,8970,0,0
48,64,4,743,1485,183,365,536,1071,0,0
48,65,13.03,1098,2074,712,1302,129,258,0,0
48,66,10.94,2036,4602,581,1305,1024,2190,0,0
48,68,27.08,2262,4447,1905,3934,42,60,0,0
48,69,45.88,3690,7465,2737,5415,561,1343,0,0
48,70,25.52,2026,4059,1735,3623,73,121,0,0
48,81,3,256,504,199,397,2,2,0,0
48,82,1,94,188,23,47,23,47,0,0
48,85,9.27,3305,5832,495,961,2314,3957,0,0
48,86,0.39,265,386,0,0,265,386,0,0
48,87,0.36,200,400,0,0,200,400,0,0
48,89,5,1413,2806,154,303,1230,2456,0,0
48,90,2,206,366,172,332,11,11,0,0
48,101,0.19,34,68,9,17,9,17,0,0
48,105,12.37,2421,4821,880,1770,494,997,0,0
48,106,13.68,2174,4255,917,1814,274,530,0,0
48,109,0.87,2919,8758,0,0,2919,8758,0,0
48,113,1.37,596,1454,0,0,596,1454,0,0
48,114,1.81,222,534,90,270,1,2,0,0
48,116,5,1808,3616,301,603,1247,2494,0,0
48,125,7.39,2425,4831,194,383,2221,4437,0,0
48,67,2,183,303,120,239,0,0,0,0
48,103,1.12,293,410,73,102,73,102,0,0
48,104,0.49,48,95,12,24,12,24,0,0
48,110,6.21,1390,2780,177,353,1134,2268,0,0
48,117,2,381,762,381,762,0,0,0,0
48,118,2.13,1381,3225,0,0,1381,3225,0,0
49,7,26.09,2821,6291,1350,3004,420,944,0,0
49,8,2.87,1056,2113,0,0,1056,2113,0,0
49,9,0.06,13,26,13,26,0,0,0,0
49,10,4.83,770,1404,758,1392,0,0,0,0
49,13,22.74,4631,9132,982,1786,3455,6927,0,0
49,14,57.31,3728,6386,3018,5252,189,329,0,0
49,15,21.96,3423,8255,1070,2460,759,1881,0,0
49,21,0.83,113,113,28,28,28,28,0,0
49,27,0.13,25,50,25,50,0,0,0,0
49,28,20.74,2404,5122,1094,2342,373,799,0,0
49,29,2,74,130,14,28,14,28,0,0
49,38,0.53,107,214,107,214,0,0,0,0
49,39,64.22,4843,9307,4008,7930,219,388,0,0
49,40,80.28,6767,13518,3712,7742,1586,2922,0,0
49,41,10.2,3611,7083,434,849,2475,4932,0,0
49,42,0.81,689,1372,0,0,683,1366,0,0
49,48,8,1598,3346,879,1908,239,480,0,0
49,4,0.37,74,74,74,74,0,0,0,0
49,12,12.84,1364,2718,1281,2560,28,53,0,0
49,26,1,42,135,30,110,4,8,0,0
49,49,2.47,1047,2339,262,585,262,585,0,0
49,52,4.88,1358,3024,339,757,339,757,0,0
49,65,12,546,836,170,277,124,186,0,0
49,66,14.03,6628,13473,718,1490,4909,9871,0,0
49,68,5.16,389,778,361,720,10,19,0,0
49,69,2.48,188,376,178,356,3,7,0,0
49,80,4.99,846,1692,831,1660,5,10,0,0
49,85,2.54,861,2390,176,352,675,2020,0,0
49,86,0.01,13,13,0,0,13,13,0,0
49,103,1.88,1103,1798,276,450,276,450,0,0
49,105,0.14,104,209,26,52,26,52,0,0
49,110,3.79,1050,2100,366,731,611,1222,0,0
49,113,10.21,1466,2402,169,339,1252,2001,0,0
49,118,7.58,1901,4315,541,1037,1163,2974,216,432
49,125,17.62,3685,7295,496,974,2587,5155,0,0
49,53,1.56,161,321,102,203,20,39,0,0
49,67,1,78,156,19,39,19,39,0,0
49,112,0.76,128,154,0,0,128,154,0,0
49,119,0.76,77,153,77,153,0,0,0,0
49,124,8.37,630,1190,501,986,28,41,0,0
50,4,26.58,7548,17640,1088,2246,5049,12300,0,0
50,5,1.39,957,2196,0,0,957,2196,0,0
50,6,8,544,1058,445,884,33,58,0,0
50,7,16.76,1296,2668,971,2097,109,190,0,0
50,11,20.12,2019,3556,978,1975,255,435,0,0
50,12,27.12,3194,6325,2667,5317,176,336,0,0
50,13,17.27,1002,1856,735,1452,65,111,0,0
50,14,37.11,2879,6529,2086,4829,486,1138,0,0
50,15,15.7,1146,2345,928,2104,186,188,0,0
50,16,8,1102,2714,1026,2558,19,34,0,0
50,17,15.06,1937,4482,1599,3815,91,178,0,0
50,21,6.45,954,1924,322,647,189,382,0,0
50,22,14.09,2490,5402,1193,2512,406,938,0,0
50,23,5.45,746,1696,547,1334,152,292,0,0
50,26,5,1509,3185,99,392,1408,2789,0,0
50,28,16.17,1495,3341,1220,2822,52,94,0,0
50,29,4.96,480,743,318,581,55,55,0,0
50,33,4,530,745,218,433,3,3,0,0
50,39,53.77,5458,13702,2365,5906,1539,3073,505,2696
50,40,152.59,9986,22892,6860,16860,1218,2462,0,0
50,41,24.17,2262,4336,1485,2950,540,1062,0,0
50,42,29.55,2706,5344,2390,4767,100,186,0,0
50,43,24.47,2408,4700,2209,4399,28,36,0,0
50,49,0.53,112,224,28,56,28,56,0,0
50,0,2.07,2578,5131,7,7,2559,5111,0,0
50,3,1.66,863,2034,0,0,863,2034,0,0
50,10,5.19,847,1694,847,1694,0,0,0,0
50,18,17.51,1640,3189,1188,2353,144,265,0,0
50,19,4.1,293,563,84,164,69,133,0,0
50,20,7,688,1586,655,1512,11,25,0,0
50,37,0.02,2,4,2,4,0,0,0,0
50,38,4.56,626,1252,477,955,76,151,0,0
50,44,3.9,266,502,67,126,67,126,0,0
50,52,3.17,472,515,23,23,66,109,0,0
50,53,11.38,4073,9376,558,1134,3315,7806,0,0
50,55,0.32,14,28,3,7,3,7,0,0
50,56,0.68,29,58,7,15,7,15,0,0
50,59,6,610,1203,38,71,498,989,0,0
50,60,1.73,3963,11888,306,919,3044,9132,0,0
50,69,1,52,104,13,26,13,26,0,0
50,80,19.4,2640,4814,2234,4042,159,305,0,0
50,81,15.37,1213,2215,1057,1952,30,56,0,0
50,108,1,98,196,24,49,24,49,0,0
50,113,2.03,35,35,0,0,35,35,0,0
50,118,1.51,122,243,118,236,1,2,0,0
50,119,1,331,662,0,0,331,662,0,0
50,121,0.24,43,86,27,55,16,31,0,0
50,122,4.76,2151,4262,737,1464,781,1552,0,0
50,124,5.99,472,828,340,656,37,51,0,0
50,125,5.05,926,2092,252,503,673,1587,0,0
50,57,0.42,564,797,0,0,564,797,0,0
50,61,4,908,1889,57,132,737,1493,0,0
51,0,1.09,420,840,159,318,261,522,0,0
51,1,8.93,871,1612,696,1366,51,75,0,0
51,2,7.58,759,1365,615,1105,20,40,0,0
51,9,7,741,966,548,772,8,8,0,0
51,10,18.89,2189,3970,2014,3736,35,54,0,0
51,11,66.5,5236,8652,4871,8215,123,146,0,0
51,12,6.27,870,1589,853,1572,6,6,0,0
51,13,2,107,107,26,26,26,26,0,0
51,14,8.83,1446,3018,597,1367,25,33,0,0
51,15,37.03,2608,5909,1385,3577,732,1447,0,0
51,16,20.7,1314,2872,1100,2396,70,159,0,0
51,17,52.72,3057,5775,2645,5152,103,159,0,0
51,18,28.3,2146,4368,1580,3257,144,317,0,0
51,19,6.75,7240,29293,1615,6885,3013,9872,0,0
51,20,8.72,4500,15383,823,1771,3152,12271,0,0
51,21,7.79,2145,4330,670,1348,771,1552,0,0
51,22,11.66,2766,6113,860,1866,635,1416,0,0
51,23,6.63,490,1017,345,773,48,81,0,0
51,25,3.37,352,671,277,545,25,42,0,0
51,26,0.63,113,225,28,56,28,56,0,0
51,37,11.32,773,1470,397,775,125,231,0,0
51,38,14.74,1610,3204,804,1753,253,452,0,0
51,39,27.57,2712,5528,1909,4113,306,549,0,0
51,40,30.63,9049,17981,1756,3345,6679,13464,0,0
51,41,7.77,2889,6329,411,824,2206,4963,0,0
51,42,38.78,3492,7108,2218,4634,676,1362,42,42
51,43,32.04,2529,4968,1907,3978,109,193,0,0
51,44,12.77,1378,2736,876,1752,132,263,0,0
51,47,7,1335,2805,435,1004,300,600,0,0
51,57,7.76,3325,5584,383,762,2386,3717,0,0
51,60,0.27,445,1335,111,334,111,334,0,0
51,61,7.03,7465,20153,297,594,6574,18371,0,0
51,68,4.38,577,1080,244,482,70,133,0,0
51,69,10.62,2290,3815,235,432,1900,3149,0,0
51,70,3,220,440,193,387,9,18,0,0
51,72,3.9,1793,4603,0,0,1793,4603,0,0
51,73,14.18,4531,7434,568,1017,3892,6327,0,0
51,80,25.49,2258,3622,1494,2671,478,519,0,0
51,81,18.36,1683,3194,1333,2594,109,192,0,0
51,90,1,126,251,31,63,31,63,0,0
51,111,0.08,5,9,1,2,1,2,0,0
51,112,6.92,1334,2785,643,1314,231,490,0,0
51,119,1,8,24,2,6,2,6,0,0
51,124,15.42,2429,5450,1357,3273,494,1018,0,0
51,125,4.52,1910,4010,165,323,1727,3668,0,0
51,126,3.06,825,1648,157,312,269,537,0,0
51,54,1,131,392,33,98,33,98,0,0
51,55,1,81,81,81,81,0,0,0,0
51,56,0.03,8,16,2,5,0,0,0,0
51,58,7.82,456,875,368,736,17,34,0,0
51,62,3.43,1362,3744,58,90,1187,3475,0,0
51,74,5,246,413,176,340,12,13,0,0
51,79,3,253,253,0,0,253,253,0,0
51,113,1.7,545,1091,149,297,397,793,0,0
51,115,0.6,65,129,64,129,0,0,0,0
51,123,1.26,325,634,309,618,0,0,0,0
52,1,32.5,2722,5310,2026,4064,196,343,0,0
52,2,8.87,420,767,164,315,22,31,0,0
52,10,41.97,2983,5339,2690,4912,50,75,0,0
52,11,80.88,5718,9746,5272,8979,85,127,0,0
52,12,71.47,4378,8325,3505,6975,204,293,0,0
52,13,31.72,2360,4927,1199,2574,109,182,0,0
52,14,10.33,1828,4002,674,1658,380,777,0,0
52,15,79.78,7065,16003,3287,7655,2013,4727,0,0
52,16,68.51,4595,10328,3874,9113,138,262,0,0
52,17,31.1,6280,16459,6067,16081,49,96,0,0
52,18,0.93,28,28,7,7,7,7,0,0
52,20,4.1,6472,25673,142,533,6047,24071,0,0
52,21,9.36,2825,8730,484,1256,2052,6319,0,0
52,22,1.16,81,162,52,104,10,19,0,0
52,30,0.68,22,44,5,11,5,11,0,0
52,31,12.32,943,1712,712,1416,52,75,0,0
52,34,4.3,1684,4098,421,1025,421,1025,0,0
52,35,9.26,1955,4099,667,1381,429,906,0,0
52,38,1,26,52,6,13,6,13,0,0
52,39,23.18,1859,3800,1650,3503,42,53,0,0
52,40,17.35,7045,13468,298,570,5897,11525,0,0
52,42,6.17,1713,4133,393,1096,856,1851,0,0
52,48,3,1233,1608,0,0,1233,1608,0,0
52,0,0.14,14,28,4,7,4,7,0,0
52,9,7.2,507,963,404,796,34,56,0,0
52,19,1,619,1858,0,0,619,1858,0,0
52,36,7.66,808,1857,500,1028,60,147,0,0
52,49,0.89,945,945,0,0,945,945,0,0
52,56,12.22,1073,1973,577,1112,90,138,0,0
52,57,16.74,3174,6875,932,2000,692,1520,0,0
52,59,8,1850,4569,1004,2188,282,794,0,0
52,61,7.64,6935,19575,221,500,6271,18075,0,0
52,62,7.72,13606,40582,6,6,13589,40564,0,0
52,68,2.57,1261,1943,0,0,1261,1943,0,0
52,69,4.4,1399,2525,213,426,1094,1916,0,0
52,73,8.01,1428,3147,57,111,1258,2813,0,0
52,74,3.91,1673,3306,0,0,1673,3306,0,0
52,77,1,22,44,5,11,5,11,0,0
52,78,18,1714,2740,975,1658,247,360,0,0
52,79,6.99,2666,4867,501,887,1932,3748,0,0
52,80,21.06,2134,3548,1376,2266,599,1020,0,0
52,81,32.38,2367,4234,1873,3456,92,161,0,0
52,83,10.6,2819,4925,356,710,2248,3789,0,0
52,84,0.39,412,414,1,1,410,411,0,0
52,97,7.01,3199,4563,547,862,2215,2917,0,0
52,106,13.36,2648,4899,964,1830,561,1023,0,0
52,112,1,68,136,17,34,17,34,0,0
52,113,0.3,167,334,0,0,167,334,0,0
52,115,7.4,876,1749,292,583,78,154,0,0
52,121,0.11,75,151,0,0,75,151,0,0
52,122,5.89,1724,3630,356,891,1308,2615,0,0
52,124,3.33,285,571,247,496,12,25,0,0
52,126,8.98,2573,8345,599,1953,776,2485,0,0
52,54,1,7,7,2,2,2,2,0,0
52,119,3.18,219,428,141,279,61,119,0,0
52,123,3,624,1568,396,1113,76,152,0,0
52,127,0.13,81,325,20,81,20,81,0,0
53,0,1.29,91,91,18,18,18,18,0,0
53,1,9.71,1021,1822,587,1002,109,211,0,0
53,9,8.15,2872,5172,213,420,2643,4730,0,0
53,10,16.62,5793,7627,725,1079,5039,6512,0,0
53,11,26.47,2112,4034,2042,3912,24,40,0,0
53,12,56.3,5986,10410,4259,7223,563,1051,0,0
53,13,51.04,4989,10257,3578,7037,531,1154,0,0
53,14,27.77,7405,22967,3215,10377,893,3269,0,0
53,15,104.82,10916,30362,6106,17898,1974,5776,0,0
53,16,25.88,2799,6043,1747,3531,315,779,0,0
53,17,6.22,969,2522,671,1433,99,363,328,1312
53,20,6.82,3033,6765,196,392,2444,5590,0,0
53,21,7.56,10480,49252,6,6,10461,49232,0,0
53,22,4.76,4083,9829,4,5,4073,9815,0,0
53,23,1.36,1536,4608,0,0,1536,4608,0,0
53,32,10.88,1191,2011,586,1078,202,310,0,0
53,35,0.43,18,36,5,9,5,9,0,0
53,36,1.34,444,946,111,237,111,237,0,0
53,39,5.23,927,1787,390,762,179,341,0,0
53,40,2.77,339,645,85,161,85,161,0,0
53,49,7.46,1772,4336,852,1895,379,885,0,0
53,18,1.71,218,541,44,80,88,300,0,0
53,19,0.03,236,1179,0,0,236,1179,0,0
53,26,7.61,804,1545,450,898,73,125,0,0
53,27,0.94,135,335,135,334,0,0,0,0
53,28,1,33,33,0,0,0,0,0,0
53,33,1,196,393,49,98,49,98,0,0
53,34,3.76,958,1924,153,309,795,1593,0,0
53,50,1.67,131,131,33,33,33,33,0,0
53,56,1,179,538,179,538,0,0,0,0
53,57,3.01,377,726,94,181,94,181,0,0
53,61,0.34,334,669,84,167,84,167,0,0
53,62,2.84,1530,4540,13,26,1491,4462,0,0
53,66,0.57,605,605,0,0,605,605,0,0
53,68,1.02,695,1391,0,0,695,1391,0,0
53,80,5.38,709,1070,334,581,125,163,0,0
53,81,24.81,2823,5624,2055,4183,28,42,0,0
53,89,2.95,1541,3081,161,321,1333,2666,0,0
53,106,9.64,997,1881,423,818,192,355,0,0
53,107,16,1593,2607,721,1152,253,408,0,0
53,119,4.82,1838,4585,0,0,1838,4585,0,0
53,122,1,77,155,19,39,19,39,0,0
53,125,1,33,33,8,8,8,8,0,0
53,126,9.76,2827,7410,49,89,2682,7145,0,0
53,64,1.09,497,988,61,184,313,436,0,0
53,65,1.61,1275,2091,0,0,1275,2091,0,0
53,67,0.32,1427,2854,0,0,1427,2854,0,0
53,82,0.05,14,28,3,7,3,7,0,0
53,83,0.2,54,108,13,27,13,27,0,0
53,87,4.88,1246,2477,339,674,790,1577,0,0
53,88,1.17,448,896,0,0,448,896,0,0
53,98,1,62,62,16,16,16,16,0,0
53,104,4.76,328,581,269,522,16,16,0,0
53,105,0.24,3,3,0,0,0,0,0,0
53,108,1,14,14,3,3,3,3,0,0
53,127,4.13,410,821,46,93,271,542,0,0
54,9,19.64,2818,5580,1341,2668,459,909,0,0
54,10,11.44,3964,9559,297,554,3328,8403,0,0
54,11,7.36,1779,3484,136,254,1526,3033,0,0
54,12,27.7,2822,5657,1928,3938,235,460,0,0
54,13,69.33,6040,11662,4529,8553,970,2029,0,0
54,14,56.01,6928,17051,4515,12799,1965,3788,0,0
54,15,161.59,13884,42640,7581,22856,5301,17173,214,1283
54,16,80.82,8948,29134,4611,14422,1976,5411,941,5408
54,17,12.77,22214,84492,443,834,21580,83383,0,0
54,18,4.65,21029,86960,56,163,20860,86471,0,0
54,19,2.82,8760,41643,28,39,8678,41525,0,0
54,20,2.7,3580,14796,0,0,3580,14796,0,0
54,21,5.04,691,1967,145,379,258,831,0,0
54,22,0.88,277,832,0,0,277,832,0,0
54,26,0.09,14,41,14,41,0,0,0,0
54,27,5.7,1377,2865,69,207,1279,2574,0,0
54,32,11.47,2443,5452,1012,2167,476,1096,0,0
54,33,20.64,2888,7065,973,2534,620,1473,419,1677
54,34,0.24,249,498,0,0,249,498,0,0
54,39,1,22,22,0,0,0,0,0,0
54,40,1,42,42,10,10,10,10,0,0
54,49,2.76,313,666,234,478,26,63,0,0
54,50,5.21,2718,5204,203,347,2393,4729,0,0
54,28,0.33,167,334,0,0,167,334,0,0
54,64,3.9,1146,1782,523,1059,582,615,0,0
54,65,1.82,846,1352,0,0,846,1352,0,0
54,67,0.68,2983,5964,0,0,2983,5964,0,0
54,72,8,3693,7388,1460,2919,745,1489,0,0
54,76,6.46,1078,2152,758,1515,66,131,0,0
54,77,0.54,154,308,37,74,37,74,0,0
54,80,32.58,2843,4670,2327,4081,371,396,0,0
54,81,89.2,6423,12338,4514,8652,769,1545,34,103
54,82,63.06,6977,14691,3117,6861,2421,5201,1,3
54,83,43.36,3662,5763,1964,3667,1085,1188,0,0
54,91,0.04,17,51,0,0,17,51,0,0
54,92,12.95,3321,7160,255,642,2828,6048,0,0
54,93,1,49,98,12,24,12,24,0,0
54,98,6.78,1429,2150,815,1459,197,223,0,0
54,100,8.33,1854,3305,905,1641,317,554,0,0
54,101,10.85,2589,4025,706,1052,608,953,0,0
54,103,1,42,42,10,10,10,10,0,0
54,112,8.83,1885,3682,504,993,1293,2572,0,0
54,126,16.53,2262,4435,1577,3139,603,1192,0,0
54,61,8.7,2813,15964,43,120,2685,15603,0,0
54,62,1.82,549,1098,0,1,548,1095,0,0
54,63,1,768,1535,192,384,192,384,0,0
54,66,3.08,852,1703,213,426,213,426,0,0
54,71,1,169,339,169,339,0,0,0,0
54,84,1.89,214,427,100,199,38,75,0,0
54,99,2.1,870,1741,162,324,162,324,0,0
54,102,0.81,354,354,88,88,88,88,0,0
54,111,0.17,135,270,0,0,135,270,0,0
54,113,1,49,99,0,0,49,99,0,0
54,118,1,167,500,42,125,42,125,0,0
54,127,4,54,54,13,13,13,13,0,0
55,1,7.99,1615,3157,132,247,1218,2417,0,0
55,3,10.92,1137,2207,365,716,430,848,0,0
55,8,6.01,2939,13345,15,75,2894,13121,0,0
55,10,11.28,2016,4035,317,634,1650,3300,0,0
55,11,25.08,2748,5280,1018,2008,1314,2490,0,0
55,12,56.95,4797,10136,4012,8684,62,101,0,0
55,13,13.43,1169,2314,694,1413,305,606,0,0
55,14,45.34,6116,16623,2438,5261,1089,2199,0,0
55,15,111.82,11495,28468,6190,15120,4240,11090,0,0
55,16,96.8,7666,18229,5305,12136,793,2122,0,0
55,17,5.18,14311,51610,46,93,14171,51331,0,0
55,18,2.8,21194,85398,0,0,21194,85398,0,0
55,19,1.76,13280,53122,0,0,13280,53122,0,0
55,20,5.33,3321,11062,190,205,2751,10448,0,0
55,27,3.49,475,951,280,560,91,181,0,0
55,28,3.84,598,1197,186,372,138,275,0,0
55,34,7,1373,2746,276,554,1045,2088,0,0
55,36,1,67,133,17,33,17,33,0,0
55,37,4,398,865,301,619,32,82,0,0
55,39,1.51,145,223,37,56,37,56,0,0
55,2,1.41,116,233,29,58,29,58,0,0
55,4,1.91,199,399,180,360,6,13,0,0
55,7,0.21,261,521,0,0,261,521,0,0
55,24,6.16,315,576,202,389,38,62,0,0
55,25,7.48,1069,2096,568,1125,167,324,0,0
55,40,2.06,199,336,153,290,15,15,0,0
55,60,0.27,175,2269,0,0,175,2269,0,0
55,61,9.49,9406,37189,21,56,9344,37022,0,0
55,62,3.33,5613,23977,2,2,5606,23970,0,0
55,63,13.92,1722,3750,717,1511,559,1194,0,0
55,64,12.92,1374,3110,744,1628,487,1221,0,0
55,65,2,97,97,24,24,24,24,0,0
55,66,4.92,921,1982,366,768,185,405,0,0
55,69,8,2792,5536,305,598,2323,4635,0,0
55,72,2,1306,2109,0,0,1306,2109,0,0
55,77,1,71,142,18,35,18,35,0,0
55,80,24.06,2136,3581,1695,3047,210,223,0,0
55,81,80.55,6553,13292,4440,9074,427,778,223,669
55,82,67.43,6562,15133,3877,8902,814,1672,677,2117
55,83,56.76,5454,10444,3525,5582,243,466,0,0
55,84,8.99,1038,1560,436,742,201,273,47,140
55,98,5.12,680,877,308,495,124,127,0,0
55,99,4.02,1873,3728,516,1026,453,901,0,0
55,100,14,1931,3632,833,1608,351,644,47,95
55,101,3.31,840,1588,162,300,356,688,0,0
55,104,8.38,1054,1768,669,1299,66,95,0,0
55,117,7.82,1102,2528,543,1410,187,372,0,0
55,126,25.08,3460,7821,1573,3172,1687,4391,0,0
55,127,18.84,3203,7110,1313,2953,1418,2851,0,0
55,105,1,288,288,72,72,72,72,0,0
55,116,0.36,21,42,5,10,5,10,0,0
55,118,0.18,35,139,35,139,0,0,0,0
55,122,0.17,74,149,19,37,19,37,0,0
56,1,19.2,2021,4482,1474,3135,174,448,0,0
56,2,2.4,202,382,112,223,23,46,0,0
56,3,28.88,3153,6427,1441,3024,836,1663,0,0
56,4,4.29,363,845,285,686,1,3,0,0
56,7,3.79,1195,2390,155,309,1001,2002,0,0
56,11,3.76,367,706,203,399,111,216,0,0
56,12,4.25,500,946,167,321,296,577,0,0
56,14,20.89,1887,3650,1442,2857,149,264,0,0
56,15,95.87,6915,15851,5525,13027,234,461,0,0
56,16,111.49,8143,16369,5101,10719,1635,3204,0,0
56,17,1.93,3616,14004,125,250,3491,13753,0,0
56,18,1.92,11317,48322,0,0,11317,48322,0,0
56,19,36.02,5180,12734,1257,2610,3280,9015,0,0
56,20,39.02,2982,5660,1904,3957,247,370,0,0
56,21,5,198,299,50,75,50,75,0,0
56,24,2,977,1954,53,107,977,1954,0,0
56,25,0.36,41,81,10,20,10,20,0,0
56,39,22.09,2556,6324,844,1972,462,1168,0,0
56,40,16,1412,2931,779,1702,211,410,0,0
56,50,5.35,494,936,103,193,37,61,0,0
56,13,8.52,913,2735,170,510,403,1209,252,971
56,49,0.65,122,244,122,244,0,0,0,0
56,61,0.54,410,1229,0,0,410,1229,0,0
56,62,10,2737,5777,649,1373,1485,3048,0,0
56,69,1.07,174,348,174,348,0,0,0,0
56,70,0.93,137,274,137,274,0,0,0,0
56,81,23.62,2724,5444,2203,4406,174,346,0,0
56,82,19.64,2379,5191,1293,2398,897,2501,0,0
56,83,46.12,3592,7057,2675,5181,203,431,0,0
56,84,2.39,128,236,33,59,33,59,0,0
56,98,0.52,679,1357,0,0,679,1357,0,0
56,99,1.47,1485,2970,215,431,839,1679,0,0
56,100,5.69,1047,1485,605,716,146,257,0,0
56,104,6.61,1035,2053,625,1244,137,270,0,0
56,116,13.25,4192,8606,549,1098,3526,7273,0,0
56,117,1.38,268,729,41,82,227,648,0,0
56,119,12.01,2225,4150,814,1625,1012,1736,505,1010
56,120,15.74,3731,6858,599,912,2911,5725,0,0
56,122,2.83,497,995,124,249,124,249,0,0
56,125,33.77,2962,5541,2615,4935,137,258,0,0
56,126,62.14,4601,8772,3644,7043,254,465,0,0
56,127,121.38,10903,27296,5651,13185,2176,5161,1018,5090
56,54,4.53,1878,4828,426,1077,1109,3127,0,0
56,76,2.58,1108,2135,277,534,277,534,0,0
56,77,2.81,748,1654,0,0,748,1654,0,0
56,78,2.56,106,213,0,0,106,213,0,0
56,101,2,233,269,206,215,9,18,0,0
56,113,9.63,2121,4339,525,1074,1122,2270,0,0
56,114,1.37,630,1260,0,0,630,1260,0,0
56,124,13.49,2852,4615,2460,3832,130,261,0,0
57,0,2,165,433,103,310,0,0,0,0
57,1,11,759,1474,471,931,31,50,0,0
57,2,8,731,1463,663,1327,23,45,0,0
57,3,11.56,806,1642,240,548,320,627,0,0
57,4,6.44,1037,2115,459,958,578,1156,0,0
57,6,0.17,29,58,7,14,7,14,0,0
57,7,0.83,141,281,35,70,35,70,0,0
57,12,1,31,31,8,8,8,8,0,0
57,13,11.41,1014,1955,649,1280,122,225,0,0
57,14,28.68,2553,5044,1984,4114,210,357,0,0
57,15,36.39,2025,3380,1277,2435,194,245,0,0
57,16,87.24,5889,12040,4352,9272,662,1264,0,0
57,17,32.05,7312,16911,1911,3126,3933,11665,0,0
57,18,10.88,2204,4958,370,592,1528,4044,0,0
57,19,80.24,5906,11447,4437,9171,412,625,0,0
57,20,68.84,5817,11264,3296,6490,651,1251,0,0
57,21,6,198,235,49,58,49,58,0,0
57,35,1,58,58,0,0,0,0,0,0
57,37,5.21,926,1974,343,719,193,418,0,0
57,38,3.14,489,978,190,380,72,144,0,0
57,39,0.11,46,137,11,34,11,34,0,0
57,40,0.23,90,181,23,45,23,45,0,0
57,48,12.14,2633,5151,655,1327,1021,1998,0,0
57,49,6.2,1218,2800,643,1662,191,379,0,0
57,50,1.66,506,1376,143,285,0,0,0,0
57,44,5.98,854,1676,427,845,142,277,0,0
57,54,0.47,844,2531,0,0,844,2531,0,0
57,76,0.42,740,1480,185,370,185,370,0,0
57,77,9.94,3311,8735,55,148,3145,8292,0,0
57,78,1.68,438,1042,108,254,116,279,0,0
57,82,22.19,3176,4275,2631,3236,490,977,0,0
57,83,35.53,2901,5476,2764,5312,25,35,0,0
57,84,4.06,216,291,73,111,48,60,0,0
57,87,3.03,1402,2843,295,598,421,852,0,0
57,91,2.92,1959,3919,105,210,1644,3288,0,0
57,92,2.37,995,1990,103,205,688,1374,0,0
57,95,5.95,1043,2034,579,1144,155,296,0,0
57,113,0.85,359,1077,0,0,359,1077,0,0
57,114,0.14,59,177,0,0,59,177,0,0
57,120,2.27,1072,2144,0,0,1072,2144,0,0
57,124,24.27,3378,6734,3240,6360,46,124,0,0
57,125,67.01,6085,10750,5550,9922,119,185,0,0
57,126,59.24,6457,13097,5707,11577,415,996,0,0
57,127,131.66,8920,19957,5731,13795,1428,3430,0,0
57,66,5.97,928,1833,325,644,506,1006,0,0
57,72,2.23,1021,2041,131,261,629,1258,0,0
57,86,1.82,1374,2748,0,0,1374,2748,0,0
57,93,7.56,1846,3558,593,1152,773,1512,0,0
57,94,1.05,120,241,39,77,27,55,0,0
57,105,1,35,70,9,18,9,18,0,0
57,116,2,406,812,250,501,0,0,0,0
57,119,1,596,596,0,0,596,596,0,0
58,11,0.46,28,28,7,7,7,7,0,0
58,12,11.75,1148,2086,642,1173,96,172,0,0
58,13,37.72,2654,5250,2419,4830,70,133,0,0
58,14,41.66,3436,6989,3064,6343,91,163,0,0
58,15,33.85,6385,10646,4556,7368,610,1093,0,0
58,16,42.08,4151,7987,3141,6075,354,690,0,0
58,17,49.71,6265,16009,2379,4884,3576,10635,0,0
58,18,51.4,6978,16206,3271,5838,3437,9956,0,0
58,19,67.16,5371,9179,4551,8040,277,377,0,0
58,20,15.29,1040,1647,785,1371,43,50,0,0
58,37,5.72,826,1635,382,723,148,304,0,0
58,38,9.93,2398,7308,770,2153,534,1701,27,53
58,44,8.02,1169,2362,417,961,251,467,0,0
58,48,0.01,2,2,1,1,1,1,0,0
58,6,1.02,376,753,0,0,376,753,0,0
58,36,1.5,259,518,65,130,65,130,0,0
58,66,6.47,4219,8438,133,266,3857,7715,0,0
58,67,1.85,339,678,339,678,0,0,0,0
58,68,1,206,412,206,412,0,0,0,0
58,72,16.75,4472,7730,873,1703,2634,4188,0,0
58,82,12.06,4098,8624,366,549,3419,7398,0,0
58,86,4,1318,2575,119,223,961,1906,0,0
58,87,4.16,1766,4229,234,643,1063,2299,0,0
58,91,1.08,170,340,163,326,2,5,0,0
58,92,1,182,546,182,546,0,0,0,0
58,93,1.07,76,151,66,133,3,6,0,0
58,101,4.56,1958,3915,490,978,490,978,0,0
58,102,3.44,500,1001,276,553,75,149,0,0
58,119,2,1239,1863,0,0,1239,1863,0,0
58,124,19.25,1945,3686,1858,3544,17,24,0,0
58,125,62.32,5746,10389,5310,9666,74,118,0,0
58,126,48.23,4468,9089,3926,8045,153,319,0,0
58,127,88.96,5498,10128,3703,6909,496,946,0,0
58,71,0.98,494,988,123,247,123,247,0,0
59,6,8.15,3214,6612,236,458,2506,5238,0,0
59,11,4.4,1124,2249,406,813,442,885,0,0
59,12,3.45,350,503,166,318,13,13,0,0
59,13,28.03,2919,5816,2866,5727,18,30,0,0
59,14,52.01,5840,12735,5525,12163,44,81,0,0
59,15,77.21,6378,13678,5988,12973,67,122,0,0
59,16,110.59,4890,11080,4512,10365,96,186,0,0
59,17,22.67,2317,4447,1109,2001,1064,2116,0,0
59,18,1.84,307,606,94,186,208,414,0,0
59,19,5.55,821,1603,778,1516,14,29,0,0
59,20,1.95,67,170,13,38,13,38,0,0
59,23,2,263,737,244,718,7,7,0,0
59,36,1.5,941,1881,235,470,235,470,0,0
59,37,16,1066,3040,561,1261,341,1440,0,0
59,39,8,740,2020,374,1073,122,316,0,0
59,51,7,1378,2976,611,1444,184,368,0,0
59,3,1.6,180,305,125,249,0,0,0,0
59,10,1,132,397,132,397,0,0,0,0
59,21,1,73,73,18,18,18,18,0,0
59,26,1.87,537,1075,159,318,11,23,0,0
59,34,2.94,343,695,298,606,6,12,0,0
59,35,0.97,289,867,289,867,0,0,0,0
59,40,0.44,7,7,2,2,2,2,0,0
59,41,4.12,379,894,292,767,29,42,0,0
59,66,1.71,899,1799,122,244,533,1067,0,0
59,72,1.9,1083,2158,5,9,1074,2146,0,0
59,73,2.14,333,666,163,326,169,337,0,0
59,82,9.55,2650,3743,462,1151,2183,2588,0,0
59,106,1,147,294,147,294,0,0,0,0
59,107,11.4,2539,4756,519,865,1315,2581,0,0
59,108,0.6,318,637,0,0,318,637,0,0
59,112,5.11,486,972,319,637,55,112,0,0
59,113,6.88,725,1432,256,509,156,308,0,0
59,119,5.84,1215,2482,236,453,819,1749,0,0
59,123,4,540,1080,389,777,37,72,0,0
59,124,5.99,654,1287,518,1032,45,85,0,0
59,125,7.58,839,1350,799,1310,13,13,0,0
59,126,40.45,3643,7187,3465,6910,46,70,0,0
59,127,22.45,2338,4237,1840,3263,179,351,0,0
59,57,1,12,12,3,3,3,3,0,0
59,58,7,738,1474,411,821,84,168,0,0
59,86,3,250,501,241,481,3,7,0,0
59,120,0.4,56,111,56,111,0,0,0,0
60,2,13,1402,2494,629,1206,223,395,0,0
60,3,16.4,2220,3942,1805,3210,115,220,0,0
60,4,1,21,21,21,21,0,0,0,0
60,5,0.12,32,63,0,0,32,63,0,0
60,6,15.7,2049,4024,763,1508,969,1920,0,0
60,10,1,30,30,7,7,7,7,0,0
60,11,12.35,5604,11324,415,829,4728,9575,0,0
60,12,0.24,212,636,0,0,212,636,0,0
60,14,11.45,1678,3884,1481,3491,56,112,0,0
60,15,64.97,5548,9879,5319,9552,55,89,0,0
60,16,35.59,3101,6146,2994,5986,21,40,0,0
60,17,11.1,1024,2219,497,1254,296,599,0,0
60,20,6,2630,7855,127,371,2486,7448,0,0
60,26,2.13,208,399,145,286,4,4,0,0
60,33,3.99,469,939,368,736,20,40,0,0
60,34,0.11,32,64,32,64,0,0,0,0
60,35,1,34,103,9,26,9,26,0,0
60,36,4,264,421,184,341,27,27,0,0
60,37,4.86,432,751,368,635,21,39,0,0
60,38,0.14,16,30,16,30,0,0,0,0
60,41,2.43,78,127,56,105,7,7,0,0
60,0,5,2036,4843,409,817,1458,3686,0,0
60,7,0.67,78,234,0,0,0,0,0,0
60,8,1,211,422,211,422,0,0,0,0
60,21,1,120,361,30,90,30,90,0,0
60,40,3,187,522,126,371,20,50,0,0
60,42,6.96,787,1414,668,1184,40,77,0,0
60,43,8.47,1062,2363,425,910,212,485,0,0
60,50,0.04,53,105,0,0,53,105,0,0
60,56,10,3678,7792,433,974,2380,4870,0,0
60,58,3.07,1860,3143,381,618,1184,2224,0,0
60,59,1.93,223,445,61,121,54,109,0,0
60,62,4,649,1471,322,847,109,208,0,0
60,82,11.44,1066,1959,718,1400,81,118,0,0
60,109,1,75,149,19,37,19,37,0,0
60,113,2,553,1107,149,297,87,173,0,0
60,119,4.77,2327,6024,144,287,2112,5599,0,0
60,54,5.27,1448,2848,385,758,248,484,0,0
60,63,1,174,348,43,87,43,87,0,0
60,67,1.72,809,1317,82,88,564,1053,0,0
60,71,3,1051,3111,263,778,263,778,0,0
60,81,2,78,140,20,35,20,35,0,0
60,90,3.26,1102,2153,128,242,949,1884,0,0
60,101,1,7,7,2,2,2,2,0,0
60,107,3.99,1622,3245,374,748,374,748,0,0
60,122,1,258,516,258,516,0,0,0,0
60,123,0.03,7,14,2,3,2,3,0,0
61,0,5,489,866,463,811,8,18,0,0
61,3,1.01,41,41,11,11,9,9,0,0
61,4,1,234,469,59,117,59,117,0,0
61,7,2.91,567,1491,495,1242,0,0,0,0
61,15,25.13,4572,8824,1171,2308,2657,5409,0,0
61,24,3.35,654,1223,487,953,56,90,0,0
61,31,12.48,1315,2430,646,1281,150,290,0,0
61,36,24.04,2640,4360,2311,3968,110,131,0,0
61,37,12.95,1405,2777,1188,2367,26,42,0,0
61,38,2.55,291,582,122,245,0,0,0,0
61,40,1,51,101,13,25,13,25,0,0
61,42,1.8,91,182,74,148,6,11,0,0
61,43,4.78,425,693,331,507,31,62,0,0
61,47,8.44,3637,8016,132,232,3239,7317,0,0
61,49,0.92,43,43,11,11,11,11,0,0
61,50,26.05,6584,12923,599,1198,5434,10627,0,0
61,51,0.66,208,208,52,52,52,52,0,0
61,1,18,1098,1444,954,1252,48,64,0,0
61,6,8.42,792,1644,582,1317,70,109,0,0
61,14,12.12,1130,2840,898,2422,77,139,0,0
61,17,0.92,207,271,58,116,146,148,0,0
61,18,0.01,1,2,1,2,0,0,0,0
61,25,7.63,1494,2842,502,967,860,1684,0,0
61,32,1.24,107,214,22,43,22,43,0,0
61,48,4.53,665,1236,317,631,250,498,0,0
61,52,0.34,108,108,27,27,27,27,0,0
61,54,2.73,372,692,96,183,54,100,0,0
61,66,8.61,1593,2804,701,1318,280,477,0,0
61,67,6.92,1549,3248,411,860,540,1119,0,0
61,70,1.85,395,790,188,375,69,138,0,0
61,71,2.15,1035,2681,12,24,999,2609,0,0
61,81,15.01,5206,10949,781,1973,4025,8089,0,0
61,82,23.2,1850,3521,1404,2770,57,77,0,0
61,83,2.55,301,528,189,377,0,0,0,0
61,84,1,715,2146,0,0,715,2146,0,0
61,85,7,1832,3640,229,452,1476,2946,0,0
61,90,3.74,1018,2922,266,755,439,1100,0,0
61,107,8.01,1375,2495,578,1093,265,467,0,0
61,108,5.99,983,1949,520,1036,154,304,0,0
61,109,2.01,230,459,59,118,57,114,0,0
61,120,1,12,12,3,3,3,3,0,0
61,122,14.09,4539,7912,146,286,4091,7045,0,0
61,123,2.49,467,925,281,562,59,117,0,0
61,92,0.15,55,109,14,27,14,27,0,0
61,93,0.66,171,342,144,288,9,18,0,0
61,114,0.44,507,1014,0,0,507,1014,0,0
61,115,0.09,104,207,0,0,104,207,0,0
61,121,0.4,890,1781,0,0,890,1781,0,0
62,0,32.08,3369,7575,1301,2872,637,1303,480,1440
62,1,83.78,5357,10044,3084,6234,670,1166,0,0
62,4,1,70,70,17,17,17,17,0,0
62,14,1.14,65,130,18,35,9,19,0,0
62,15,5.18,1262,2646,212,424,471,1063,0,0
62,17,24.95,7301,11488,1316,2479,4906,6885,0,0
62,18,14.99,1570,3020,1235,2353,105,217,0,0
62,24,4,383,774,310,634,10,34,0,0
62,25,6.02,865,1460,39,67,753,1269,0,0
62,31,25.28,3141,6019,1634,3227,437,834,0,0
62,32,4.09,1088,1990,538,895,183,365,0,0
62,35,2.68,147,268,24,42,24,42,0,0
62,36,101.25,8072,18491,4604,10126,885,1858,449,2245
62,37,85.12,6326,13450,4964,10981,309,501,0,0
62,38,36.41,3268,6581,2552,5191,220,432,0,0
62,39,16.39,1786,3442,927,1774,178,346,0,0
62,40,1,29,29,7,7,7,7,0,0
62,42,3,313,643,91,186,14,33,0,0
62,43,9,815,1828,362,964,130,268,0,0
62,45,0.86,618,1757,0,0,618,1757,0,0
62,46,1.14,672,1593,0,0,672,1593,0,0
62,47,13.1,4790,11841,511,932,3968,10324,0,0
62,48,0.93,349,682,34,45,299,600,0,0
62,49,2,31,50,3,3,3,3,0,0
62,2,15.59,1564,3070,731,1448,209,403,0,0
62,3,1,32,96,8,24,8,24,0,0
62,7,2.48,268,535,144,289,25,50,0,0
62,8,2.54,145,258,56,104,8,8,0,0
62,16,1.4,626,1148,104,104,522,1043,0,0
62,23,0.46,279,558,0,0,279,558,0,0
62,30,8.6,801,1802,360,930,147,290,0,0
62,33,1.48,111,111,79,79,0,0,0,0
62,66,8.39,1340,2636,397,783,314,618,0,0
62,67,12.35,1440,2765,527,1025,293,556,0,0
62,76,1,42,42,11,11,11,11,0,0
62,77,7,670,1207,319,617,100,180,0,0
62,82,16.22,2553,6197,512,952,1757,4744,0,0
62,83,1,463,463,0,0,463,463,0,0
62,92,2.3,490,1364,80,214,250,723,0,0
62,93,11.48,1643,3132,1202,2387,84,153,0,0
62,100,2.08,250,323,63,81,63,81,0,0
62,101,4.93,1441,1644,513,716,310,310,0,0
62,110,5,336,657,291,578,15,26,0,0
62,111,2,302,603,219,437,28,55,0,0
62,114,0.01,13,25,0,0,13,25,0,0
62,115,3.87,2636,5110,0,0,2636,5110,0,0
62,116,9.59,2011,4102,434,866,1268,2622,0,0
62,125,9.68,1869,3580,129,217,1591,3141,0,0
62,126,4.63,1258,2518,645,1289,430,859,0,0
62,57,1.96,2644,12196,0,0,2644,12196,0,0
62,58,1,51,51,0,0,0,0,0,0
62,78,1,299,896,0,0,299,896,0,0
62,79,0.43,116,231,29,58,29,58,0,0
62,99,0.04,21,42,5,10,5,10,0,0
62,105,0.34,92,276,92,276,0,0,0,0
62,118,1,258,773,0,0,258,773,0,0
63,0,8.22,995,1889,877,1772,39,39,0,0
63,1,33.14,2671,4771,2072,3775,129,222,0,0
63,2,25.94,1975,3690,1792,3427,61,88,0,0
63,7,4.98,302,404,191,217,25,50,0,0
63,8,3,451,874,237,467,71,136,0,0
63,15,6.52,1421,2645,361,673,617,1185,0,0
63,16,0.72,671,1342,0,0,671,1342,0,0
63,17,1.01,144,288,8,16,121,241,0,0
63,18,14.71,1438,2708,1153,2235,29,46,0,0
63,19,6.48,697,1343,634,1256,21,29,0,0
63,23,1.54,646,1291,80,161,404,809,0,0
63,30,8.4,1994,3483,489,861,489,861,0,0
63,32,4.99,294,674,268,557,9,39,0,0
63,33,34.89,2412,4521,1939,3756,111,173,0,0
63,34,3.66,360,722,263,525,1,3,0,0
63,35,12.18,767,1479,565,1124,29,53,0,0
63,36,91.21,7563,17259,4355,9555,1315,2975,291,1454
63,37,43.03,3886,9379,1655,3851,195,317,0,0
63,38,80.83,5626,9723,4482,7551,185,296,0,0
63,39,8.13,732,1464,622,1243,3,5,0,0
63,45,0.22,168,336,0,0,168,336,0,0
63,46,7.78,1290,2707,294,618,736,1503,0,0
63,6,3,497,1184,402,995,32,63,0,0
63,20,3.25,413,857,201,345,6,41,0,0
63,21,1.51,139,139,103,103,12,12,0,0
63,27,3.12,453,885,143,280,103,202,0,0
63,28,3.88,290,520,179,358,17,33,0,0
63,55,1,19,57,5,14,5,14,0,0
63,56,2.77,7140,14166,8,17,7116,14116,0,0
63,57,0.28,131,514,0,0,131,514,0,0
63,78,1,72,144,18,36,18,36,0,0
63,79,17.93,3603,9052,767,1555,2404,6597,0,0
63,80,1.77,267,536,242,486,8,17,0,0
63,82,5.37,585,1484,151,382,144,368,0,0
63,83,9.65,1151,2128,436,828,239,434,0,0
63,92,2,424,1108,229,523,65,195,0,0
63,93,5.41,742,1415,149,297,369,670,0,0
63,98,4.99,1016,2032,302,605,410,820,0,0
63,99,10.75,3357,6569,986,1937,790,1543,0,0
63,100,1.2,575,1151,144,288,144,288,0,0
63,105,2.66,948,2040,373,919,192,374,0,0
63,109,2,310,621,310,621,0,0,0,0
63,110,5,531,1040,241,477,96,188,0,0
63,120,5,868,1723,249,494,91,179,0,0
63,125,0.68,133,265,0,0,133,265,0,0
63,62,1,34,68,8,17,8,17,0,0
63,114,5.52,406,481,0,0,406,481,0,0
64,3,7.15,1729,2928,995,1546,200,400,0,0
64,6,4.99,1469,3674,761,1705,235,656,0,0
64,7,6.89,1096,2191,673,1347,140,282,0,0
64,18,3.81,329,619,282,563,3,6,0,0
64,19,8,1877,4131,188,390,1542,3415,0,0
64,20,2.24,288,512,186,186,0,0,0,0
64,27,3.86,1876,2785,138,263,1711,2495,0,0
64,28,0.14,149,149,0,0,149,149,0,0
64,29,6.26,373,791,233,476,46,104,0,0
64,30,10.54,3118,6215,545,1086,2267,4529,0,0
64,31,2.21,258,486,4,4,232,460,0,0
64,33,2.52,183,380,37,77,33,69,0,0
64,34,0.01,1,2,0,0,0,0,0,0
64,35,12,929,1591,835,1477,31,38,0,0
64,36,22.31,2097,3882,1234,2360,209,400,0,0
64,37,19.89,1694,2179,1428,1864,89,106,0,0
64,38,33.65,2653,5111,2116,4199,94,176,0,0
64,39,1,25,25,6,6,6,6,0,0
64,40,13,1501,2755,522,983,326,591,0,0
64,42,7,878,1850,248,658,63,103,0,0
64,51,1,19,19,5,5,5,5,0,0
64,2,2.84,618,931,154,233,154,233,0,0
64,32,6.15,806,1451,537,1035,61,81,0,0
64,46,2.61,450,901,113,225,113,225,0,0
64,55,4,438,1091,236,687,22,43,0,0
64,56,13.14,4864,9656,1216,2414,1216,2414,0,0
64,61,17,2408,5223,713,1774,1192,2405,0,0
64,66,4,1805,3612,463,927,1342,2685,0,0
64,79,4.87,950,1900,167,334,567,1132,0,0
64,98,4.01,996,1884,250,473,248,470,0,0
64,113,7.03,1668,3812,278,523,1096,2764,0,0
64,114,13.46,3891,7408,0,0,3772,7171,0,0
64,127,10.02,827,1635,514,1022,104,204,0,0
64,52,2.15,274,541,68,135,68,135,0,0
64,53,8.26,1299,2986,549,1204,237,581,0,0
64,63,4,440,837,278,546,54,97,0,0
64,64,4,149,241,99,191,7,7,0,0
65,2,2,205,409,176,352,10,19,0,0
65,3,2.92,774,1918,184,457,225,548,0,0
65,4,8.56,5079,12664,121,273,4716,11845,0,0
65,7,4.11,705,1331,336,652,123,226,0,0
65,14,1,11,11,3,3,3,3,0,0
65,17,1,59,59,15,15,15,15,0,0
65,32,2.19,724,1090,199,308,89,89,0,0
65,35,0.09,11,22,3,6,3,6,0,0
65,36,8.69,881,1714,636,1222,82,164,0,0
65,37,12.65,1138,1628,920,1171,66,137,0,0
65,38,10.2,1211,2349,890,1774,90,174,0,0
65,40,1,17,17,4,4,4,4,0,0
65,46,20.11,2944,6089,676,1422,987,2042,0,0
65,19,7.63,1438,3923,302,621,1037,3107,0,0
65,30,12.26,1214,2609,444,876,413,1048,0,0
65,34,1,46,228,11,57,11,57,0,0
65,43,2,46,46,11,11,11,11,0,0
65,48,4,224,427,133,261,16,27,0,0
65,53,2.59,187,475,174,455,4,6,0,0
65,55,8,926,1899,458,970,156,310,0,0
65,56,0.86,547,1094,137,274,137,274,0,0
65,58,1,37,75,37,75,0,0,0,0
65,71,8,1514,2697,584,1086,302,522,0,0
65,74,5,972,1799,458,880,171,307,0,0
65,80,1,35,35,0,0,0,0,35,35
65,81,1,21,42,5,10,5,10,0,0
65,97,2.65,1835,3668,148,296,1577,3154,0,0
65,102,1,43,130,11,32,11,32,0,0
65,103,3,663,1327,272,544,131,261,0,0
65,108,7.07,1146,2917,462,914,547,1621,0,0
65,113,3,259,259,214,214,15,15,0,0
65,114,1,63,63,63,63,0,0,0,0
65,118,13,2199,4297,805,1579,994,1972,28,55
65,54,1.01,142,284,142,284,0,0,0,0
65,62,4,257,434,183,345,25,30,0,0
65,70,1,106,212,106,212,0,0,0,0
65,96,0.04,96,192,0,0,96,192,0,0
65,107,1.78,731,731,0,0,731,731,0,0
65,109,1,190,381,0,0,190,381,0,0
65,117,1,106,212,27,53,27,53,0,0
65,119,3,1979,3958,0,0,1979,3958,0,0
66,3,1,111,222,111,222,0,0,0,0
66,4,3.52,663,1763,494,1424,57,113,0,0
66,19,16.37,2489,5886,1284,2702,1050,2954,0,0
66,30,7.7,3352,6569,114,215,3012,5925,0,0
66,37,29.55,3940,7858,1514,3007,1946,4000,0,0
66,38,14.33,1418,3203,1215,2794,44,82,0,0
66,45,9.58,1052,1744,511,684,181,354,0,0
66,46,13.93,1470,2788,368,697,368,697,0,0
66,51,1.04,57,229,7,36,35,121,0,0
66,20,4,212,379,168,333,3,4,0,0
66,21,4,855,1790,466,1014,129,259,0,0
66,24,1,36,72,9,18,9,18,0,0
66,40,3,432,1215,379,1108,18,36,0,0
66,44,0.8,21,21,5,5,5,5,0,0
66,48,4,130,219,85,160,10,10,0,0
66,52,11.15,8524,23475,0,0,8524,23475,0,0
66,53,11.44,1841,4095,626,1701,891,1794,0,0
66,54,10.48,1526,3292,445,957,300,658,0,0
66,61,4,398,796,292,584,35,71,0,0
66,62,6,1754,4678,415,832,1195,3559,0,0
66,79,1,95,95,24,24,24,24,0,0
66,81,13,1432,3159,818,1829,136,305,0,0
66,97,3.31,1406,3040,87,232,1144,2345,0,0
66,107,0.22,86,86,0,0,86,86,0,0
66,108,5.16,2138,2887,0,0,2138,2887,0,0
66,55,1,17,86,4,22,4,22,0,0
66,56,1,17,85,4,21,4,21,0,0
67,19,1,99,99,0,0,0,0,0,0
67,20,0.49,35,35,0,0,0,0,0,0
67,21,7.5,764,1367,630,1135,6,12,0,0
67,30,0.04,8,8,2,2,2,2,0,0
67,32,6.26,3423,6677,234,458,3107,6135,0,0
67,33,0.74,202,202,0,0,202,202,0,0
67,37,19.89,2249,4282,1482,3049,495,889,0,0
67,38,0.95,235,235,59,59,59,59,0,0
67,39,1.31,417,834,104,208,104,208,0,0
67,40,3.69,744,1486,237,474,169,337,0,0
67,41,1,30,90,30,90,0,0,0,0
67,44,3.2,313,313,296,296,6,6,0,0
67,45,1.5,143,286,36,72,36,72,0,0
67,46,1.26,507,1014,127,254,127,254,0,0
67,51,22.18,2058,5933,373,791,1404,4479,0,0
67,5,1,76,76,19,19,19,19,0,0
67,6,2.64,688,1633,688,1633,0,0,0,0
67,10,0.6,68,136,68,136,0,0,0,0
67,11,6.16,1958,3916,336,671,1409,2817,0,0
67,52,70.81,9312,20264,2727,5698,5519,12451,0,0
67,53,18.76,7599,19109,185,365,7136,18197,0,0
67,54,2.44,1631,3888,311,778,698,1551,0,0
67,57,3,1390,1390,0,0,1390,1390,0,0
67,62,2,388,1039,190,446,66,198,0,0
67,63,1,28,112,7,28,7,28,28,112
67,79,2,279,558,171,340,36,72,0,0
67,96,4,753,1506,170,337,564,1129,0,0
67,101,10.49,4953,12992,336,810,3951,10566,0,0
67,108,5.76,1632,3100,265,529,835,1506,0,0
67,109,1,519,1037,0,0,519,1037,0,0
67,117,2.75,1034,2070,246,493,788,1577,0,0
67,58,5.38,617,1015,344,673,37,60,0,0
67,73,5,1605,4183,385,759,1089,3190,0,0
67,102,3.69,1049,2083,342,668,185,369,0,0
67,105,1,25,75,6,19,6,19,0,0
67,112,4.71,1017,3302,416,1446,98,310,0,0
67,116,0.25,107,213,0,0,107,213,0,0
67,124,1.16,328,656,266,533,62,123,0,0
67,125,1.84,689,1379,0,0,689,1379,0,0
68,2,3,515,987,405,799,37,63,0,0
68,5,2.06,268,535,80,160,63,125,0,0
68,6,0.3,83,165,83,165,0,0,0,0
68,11,2.24,848,1696,50,101,697,1394,0,0
68,16,7,2821,5536,201,402,1691,3276,0,0
68,19,4.98,3425,5693,63,139,3237,5277,0,0
68,23,3.04,1868,3736,0,0,1868,3736,0,0
68,27,2,73,73,10,10,10,10,0,0
68,28,28.97,2509,5378,1491,3421,319,591,0,0
68,31,4.05,341,649,183,359,8,8,0,0
68,32,4.95,431,747,231,433,67,105,0,0
68,34,0.92,903,1808,0,0,903,1808,0,0
68,38,1,336,671,84,168,84,168,0,0
68,46,2.42,683,1630,171,408,171,408,0,0
68,48,2.46,1138,2155,285,539,285,539,0,0
68,51,14.44,1275,2925,518,1024,323,905,0,0
68,3,2,835,1552,717,1434,0,0,0,0
68,20,3.23,812,1623,174,348,597,1193,0,0
68,24,8.31,932,1772,585,1145,116,208,0,0
68,25,0.12,41,82,41,82,0,0,0,0
68,29,0.03,3,7,1,2,1,2,0,0
68,33,6.85,2117,3714,127,255,1983,3444,0,0
68,40,3,472,921,180,354,6,6,0,0
68,41,1,126,251,31,63,31,63,0,0
68,45,5.33,856,1864,355,705,167,387,0,0
68,49,6.42,807,1494,202,373,202,373,0,0
68,52,20.48,1536,2976,1036,2053,120,215,0,0
68,53,16.54,1790,3579,1304,2610,147,296,0,0
68,54,0.24,113,226,28,57,28,57,0,0
68,57,0.44,53,106,53,106,0,0,0,0
68,58,6.18,999,2669,130,258,743,2165,0,0
68,59,11,1600,3089,274,520,1225,2422,0,0
68,73,2,2070,3531,0,0,2070,3531,0,0
68,85,17,3405,6932,267,742,3032,5989,0,0
68,88,1,58,115,14,29,14,29,0,0
68,101,15.42,2688,4432,1075,1924,518,817,0,0
68,102,5.4,538,802,273,301,38,65,0,0
68,112,9.3,1640,4030,121,294,1276,3147,0,0
68,117,16.93,6306,12515,3,3,6296,12505,0,0
68,55,0.74,74,148,59,118,5,10,0,0
68,63,2,872,1743,0,0,872,1743,0,0
68,64,0.14,18,36,5,9,5,9,0,0
68,66,6,435,1215,311,921,31,76,0,0
68,71,1,35,70,9,17,9,17,0,0
68,89,0.34,150,150,0,0,150,150,0,0
68,113,2,891,1781,58,116,717,1435,0,0
69,13,4,204,361,189,331,5,10,0,0
69,14,2,38,38,24,24,5,5,0,0
69,16,2,80,80,20,20,20,20,0,0
69,19,8.85,2836,5366,482,890,1612,3151,0,0
69,20,8.14,708,1283,557,1113,7,13,0,0
69,23,5.01,1420,2798,198,403,1064,2136,0,0
69,24,26.73,3667,7107,1590,3156,509,992,0,0
69,25,1.77,85,146,21,37,21,37,0,0
69,28,4.81,265,560,201,407,22,51,0,0
69,33,9.23,1144,2373,574,1169,360,741,0,0
69,45,0.25,19,19,19,19,0,0,0,0
69,48,3.77,877,2282,219,570,219,570,0,0
69,49,11.79,1672,3213,760,1487,305,575,0,0
69,50,5.74,640,1272,283,444,81,162,0,0
69,51,11.26,623,1373,191,366,80,143,0,0
69,5,1.46,656,1312,512,1024,0,0,0,0
69,31,6.91,596,1014,535,853,16,50,0,0
69,32,7.71,663,1376,375,764,50,113,0,0
69,34,4.08,172,412,110,237,21,58,0,0
69,36,3,530,950,151,275,28,28,0,0
69,37,0.82,195,389,0,0,0,0,0,0
69,38,1.18,408,816,364,729,0,0,0,0
69,46,1,171,342,43,85,43,85,0,0
69,55,4.26,325,661,116,235,13,28,0,0
69,63,0.11,58,117,0,0,58,117,0,0
69,64,4.75,914,1828,227,454,549,1098,0,0
69,65,0.16,61,122,11,22,29,58,0,0
69,66,7.84,2677,5754,186,357,2117,4682,0,0
69,70,7.86,3327,10014,625,1697,1947,5911,0,0
69,76,1,29,57,7,14,7,14,0,0
69,89,5.65,1235,1619,340,672,845,862,0,0
69,90,10.31,1845,3645,364,715,984,1955,0,0
69,108,5,1767,3515,479,953,1037,2069,0,0
69,113,2,281,562,200,399,27,55,0,0
69,117,27.07,4415,8893,855,1699,3422,6938,0,0
69,62,4.74,1287,3293,168,504,782,1782,0,0
69,67,0.01,9,19,0,0,9,19,0,0
69,115,2.52,463,909,64,123,194,383,0,0
69,116,2.65,568,1137,222,444,115,231,0,0
69,122,2.54,1157,2314,0,0,1157,2314,0,0
69,123,0.85,241,482,0,0,241,482,0,0
70,5,2.54,267,436,24,24,24,24,0,0
70,14,2,315,630,79,158,79,158,0,0
70,19,18.53,1609,2844,1394,2460,72,128,0,0
70,20,37.16,2714,5012,1938,3785,233,374,0,0
70,28,21.39,2125,4275,1066,2082,496,1161,0,0
70,31,8.09,808,1731,417,863,131,289,0,0
70,32,1.29,171,343,128,255,0,0,0,0
70,34,18.56,2187,4115,1354,2644,278,490,0,0
70,35,1.36,290,580,73,145,73,145,0,0
70,49,4.57,698,1280,203,377,67,105,0,0
70,50,7,669,1213,329,649,56,103,0,0
70,51,2,228,456,57,114,57,114,0,0
70,11,2.98,186,328,109,145,26,61,0,0
70,21,1.91,587,1155,142,284,142,284,0,0
70,27,1.8,1212,3637,0,0,1212,3637,0,0
70,53,5.81,500,907,299,586,52,92,0,0
70,54,5.19,855,1595,369,710,161,294,0,0
70,62,9.26,3753,10196,856,2326,1579,4025,0,0
70,63,1,3,3,1,1,1,1,0,0
70,67,0.99,1322,2645,0,0,1322,2645,0,0
70,70,0.13,123,491,31,123,31,123,0,0
70,90,1.69,66,169,9,27,9,27,0,0
70,102,4,444,874,261,518,28,53,0,0
70,106,8.96,1860,3718,265,530,1226,2453,0,0
70,108,3,586,993,276,378,103,205,0,0
70,113,1,28,28,0,0,0,0,0,0
70,115,8.63,1189,2295,364,723,648,1292,0,0
70,122,0.46,573,1146,0,0,573,1146,0,0
70,123,11.15,2836,5623,432,864,2269,4535,0,0
70,127,2,292,584,272,543,0,0,0,0
70,55,1,378,756,378,756,0,0,0,0
70,56,2.24,1081,2794,0,0,1081,2794,0,0
70,57,1,147,294,147,294,0,0,0,0
70,74,3.99,690,1260,388,746,101,171,0,0
70,75,0.01,2,5,2,5,0,0,0,0
70,79,3.4,814,1250,17,34,763,1148,0,0
70,94,1,452,903,0,0,452,903,0,0
70,105,2.45,352,705,297,595,18,37,0,0
70,107,0.59,378,757,93,187,98,197,0,0
70,109,1,89,179,89,179,0,0,0,0
70,116,0.2,23,46,0,0,0,0,0,0
70,126,3.36,315,621,292,586,4,9,0,0
71,2,6.85,4181,10078,161,321,4021,9757,0,0
71,3,1,148,296,148,296,0,0,0,0
71,11,1.02,11,28,3,7,3,7,0,0
71,20,24.22,2265,4613,1365,2858,293,579,0,0
71,21,4,346,592,271,518,25,25,0,0
71,27,1,1563,3125,0,0,1563,3125,0,0
71,48,3.04,1364,2747,2,5,1357,2733,0,0
71,9,5.22,382,722,164,317,28,46,0,0
71,12,0.31,24,29,10,15,5,5,0,0
71,13,2.69,190,261,85,157,14,14,0,0
71,17,0.58,154,308,154,308,0,0,0,0
71,26,1,27,55,7,14,7,14,0,0
71,28,0.31,110,305,28,76,28,76,0,0
71,41,1.99,89,152,3,6,0,0,0,0
71,42,3.01,702,1056,440,793,87,87,0,0
71,43,2.34,144,288,66,132,26,52,0,0
71,47,0.96,508,1523,0,0,508,1523,0,0
71,50,0.38,121,241,30,60,30,60,0,0
71,55,1,11,11,3,3,3,3,0,0
71,56,1.34,518,1217,203,406,315,811,0,0
71,57,0.42,146,291,146,291,0,0,0,0
71,62,2,195,390,169,339,9,17,0,0
71,79,15.6,2311,4420,782,1419,849,1686,0,0
71,85,3.79,1831,2940,0,0,1831,2940,0,0
71,95,9.88,1985,2826,86,172,1727,2309,0,0
71,96,6.12,734,1396,265,511,195,372,0,0
71,97,4,477,1245,291,655,62,197,0,0
71,102,3.3,452,833,227,436,76,132,0,0
71,103,6,1073,2145,404,808,544,1087,0,0
71,115,2,21,29,5,7,5,7,0,0
71,119,3,298,647,199,411,33,79,0,0
71,122,2.84,279,279,0,0,279,279,0,0
71,123,8.88,2354,4918,469,939,1539,3286,0,0
71,125,2,1139,2278,0,0,1139,2278,0,0
71,126,6.64,2647,5292,292,583,2354,4708,0,0
71,53,2,137,275,63,126,25,50,0,0
71,63,7.85,1875,4878,401,784,1288,3753,0,0
71,73,0.99,149,238,37,59,37,59,0,0
71,84,7.02,1041,1869,347,657,499,1016,0,0
71,101,4.69,2666,5691,176,267,2139,4891,0,0
72,0,7.44,3398,7720,524,1260,1828,3938,0,0
72,1,1,200,401,200,401,0,0,0,0
72,2,0.15,107,215,0,0,107,215,0,0
72,9,17.36,1688,3449,894,1761,113,199,0,0
72,10,4.99,1933,4162,187,509,1612,3385,0,0
72,16,0.43,73,146,18,36,18,36,0,0
72,17,8.99,1131,2159,668,1309,155,284,0,0
72,20,4.57,839,1656,311,621,169,338,0,0
72,21,31.22,4325,8589,2081,4255,1970,3909,0,0
72,22,34.13,3779,7243,3066,5843,237,466,0,0
72,28,2.69,625,1512,156,378,156,378,0,0
72,42,7,1370,2617,395,771,166,314,0,0
72,43,9.87,2238,4439,382,695,1571,3314,0,0
72,44,0.78,878,2635,0,0,878,2635,0,0
72,46,1.73,1244,3445,36,36,1137,3338,0,0
72,47,1.27,600,1801,46,138,462,1386,0,0
72,50,1.62,597,1194,149,298,149,298,0,0
72,4,3.7,740,1362,506,894,78,156,0,0
72,14,0.59,190,190,47,47,47,47,0,0
72,29,6.36,622,1390,478,1130,43,77,0,0
72,41,1,45,90,11,22,11,22,0,0
72,53,1,330,991,330,991,0,0,0,0
72,59,1,136,271,34,68,34,68,0,0
72,63,0.15,6,12,6,12,0,0,0,0
72,66,5,990,1981,411,821,194,387,0,0
72,73,7.01,3575,8103,572,1065,2288,5767,0,0
72,82,2,1397,2778,4,4,1385,2766,0,0
72,83,4,1097,2746,673,1603,141,381,0,0
72,84,10.92,1829,3813,180,360,1531,3276,0,0
72,85,1.27,573,773,3,6,564,755,0,0
72,123,2.28,1219,2721,0,0,1219,2721,0,0
72,52,1,11,11,3,3,3,3,0,0
72,67,1.22,170,335,166,331,1,1,0,0
72,96,1,9,9,2,2,2,2,0,0
72,98,0.01,7,14,0,0,7,14,0,0
72,109,0.51,210,210,0,0,210,210,0,0
72,113,4.75,696,1377,217,431,11,20,0,0
72,120,5.6,2108,4151,227,437,1831,3646,0,0
73,4,0.3,23,45,6,11,6,11,0,0
73,9,4.43,192,342,48,85,48,85,0,0
73,14,2.19,631,1050,66,66,433,852,0,0
73,15,21.13,3365,7322,1128,2653,1575,3380,0,0
73,18,2,75,75,19,19,19,19,0,0
73,19,3,371,667,296,593,0,0,0,0
73,20,34.56,2587,4820,2030,3875,91,143,0,0
73,21,73.82,6620,13958,4558,9190,1112,2652,0,0
73,22,74.72,6320,11566,5036,9146,537,1039,0,0
73,23,45.34,3054,6119,2370,4841,278,661,0,0
73,29,8.73,752,1466,403,798,116,223,0,0
73,30,2.91,2084,3315,93,187,1803,2754,0,0
73,31,1.78,1131,1450,80,160,891,971,0,0
73,32,6.77,1729,3107,557,1084,1011,1761,0,0
73,2,3.36,1220,4318,710,2292,170,675,446,2231
73,26,2.63,422,620,105,155,105,155,0,0
73,27,0.37,96,106,24,26,24,26,0,0
73,35,2,30,68,3,13,3,13,0,0
73,36,1,34,68,0,0,0,0,0,0
73,38,4.5,367,792,170,438,58,102,0,0
73,39,2.79,332,402,77,88,77,88,0,0
73,45,4.05,131,219,24,38,24,38,0,0
73,47,0.16,10,10,2,2,2,2,0,0
73,67,4.78,371,723,93,181,93,181,0,0
73,84,1,153,306,38,76,38,76,0,0
73,90,4,926,1802,214,417,214,417,0,0
73,98,5,2001,4002,583,1168,1058,2118,0,0
73,108,7.55,1167,2193,540,1060,438,793,0,0
73,109,4.34,1463,1524,8,23,1440,1456,0,0
73,113,0.25,10,21,3,5,3,5,0,0
73,120,11.16,1636,3218,464,916,1043,2074,0,0
73,121,0.23,75,151,0,0,75,151,0,0
73,69,2,1171,2132,0,0,1171,2132,0,0
73,70,4,862,1702,335,671,168,337,21,21
73,71,0.04,63,190,0,0,63,190,0,0
73,80,1.09,267,719,0,0,267,719,0,0
73,95,3,635,1149,500,970,45,60,0,0
73,107,1.95,1027,2054,0,0,1027,2054,0,0
73,110,0.19,145,289,36,72,36,72,0,0
73,111,1.63,1593,2204,153,305,1135,1288,0,0
73,114,1.53,373,746,0,0,373,746,0,0
73,115,6.65,1265,2740,101,203,1027,2268,0,0
73,119,2,179,358,104,207,25,50,0,0
0,0,1,30,30,7,7,7,7,0,0
0,1,1.78,2063,4563,0,0,2063,4563,0,0
0,2,3.14,1498,2443,0,0,1498,2443,0,0
0,3,9.51,1602,2925,548,1207,676,897,0,0
0,6,14.99,3138,7267,768,1939,1804,3910,0,0
0,10,1,7,22,2,6,2,6,0,0
0,13,4.93,2229,4826,731,1556,499,1089,0,0
0,16,2,583,882,146,221,146,221,0,0
0,17,1,34,69,9,17,9,17,0,0
0,18,0.02,1,1,0,0,0,0,0,0
0,19,0.98,52,52,13,13,13,13,0,0
0,20,2.02,986,2486,246,621,246,621,0,0
0,29,6.68,993,1988,521,1043,158,315,0,0
0,33,9.99,3183,6350,770,1535,1501,2997,0,0
0,34,8.42,798,1579,430,858,126,253,0,0
0,35,1,91,182,23,45,23,45,0,0
0,40,6.71,6557,18664,2,2,6548,18656,0,0
0,41,20.05,3376,7391,2096,3942,847,2422,0,0
0,42,13.98,1689,4804,491,1353,591,1217,410,1640
0,43,24.76,2273,5319,1430,3476,213,496,0,0
0,44,1.63,327,653,181,363,48,97,0,0
0,11,0.01,2,5,0,0,2,5,0,0
0,28,0.32,83,167,21,42,21,42,0,0
0,32,1,61,123,15,31,15,31,0,0
0,58,1,109,218,0,0,109,218,0,0
0,74,29.07,5421,10815,1878,3760,1169,2341,0,0
0,75,5.37,568,1308,242,535,96,244,0,0
0,76,4.99,422,796,299,587,41,70,0,0
0,77,13.92,8817,18704,1637,3540,3909,8085,0,0
0,80,4.28,487,974,481,961,2,4,0,0
0,86,1.01,77,154,19,38,19,38,0,0
0,88,2.64,2234,4468,91,181,1962,3924,0,0
0,89,0.16,62,123,0,0,62,123,0,0
0,92,51.36,4103,7209,3890,6872,70,112,0,0
0,93,22.73,1410,2566,1133,2228,57,75,0,0
0,94,58.75,4745,9142,2821,5756,772,1426,0,0
0,95,3.94,668,1880,109,250,31,93,0,0
0,96,7.69,1023,2293,339,671,646,1556,0,0
0,97,5.28,1284,2508,732,1449,184,352,0,0
0,98,0.69,178,355,44,89,44,89,0,0
0,104,2.12,278,556,143,286,45,90,0,0
0,105,1.98,1292,2584,120,240,932,1864,0,0
0,108,2.96,1268,4762,357,1204,165,629,0,0
0,109,0.02,30,121,8,30,8,30,0,0
0,111,7.6,831,1552,228,453,543,982,0,0
0,112,5.19,1180,3815,408,1066,251,909,0,0
0,113,2.65,5242,16332,1311,4083,1311,4083,0,0
0,114,2.17,2545,5544,361,836,1460,3035,0,0
0,123,0.47,118,238,118,238,0,0,0,0
0,124,55.37,6577,13960,6399,13688,49,79,0,0
0,125,43.17,4673,10278,3497,6916,834,2726,0,0
0,126,163.86,12035,29814,7802,19588,2015,5181,711,2281
0,127,53.74,3519,8331,1465,3148,1560,4103,0,0
0,70,0.01,2,5,2,5,0,0,0,0
0,78,1.01,75,168,0,0,75,168,0,0
0,79,6.23,769,1908,215,484,287,780,0,0
0,84,0.75,41,82,10,20,10,20,0,0
0,85,3,251,453,195,390,2,5,0,0
0,102,1,10,10,0,0,0,0,10,10
0,110,8,332,606,282,549,17,19,0,0
0,115,2,973,2919,96,290,683,2049,0,0
1,11,4.19,908,2315,5,10,903,2305,0,0
1,12,2.79,598,1243,266,533,332,710,0,0
1,34,2.58,692,1384,245,491,219,438,0,0
1,43,10.68,4057,8553,986,1972,2204,4848,0,0
1,2,3,382,1105,360,1070,7,12,0,0
1,33,1.17,623,1870,156,468,156,468,0,0
1,38,0.15,148,297,0,0,148,297,0,0
1,39,0.13,135,270,0,0,135,270,0,0
1,59,7,763,1492,513,1018,83,158,0,0
1,70,7.98,1305,2256,442,798,272,458,0,0
1,74,0.84,288,575,72,144,72,144,0,0
1,77,4.08,1498,3227,65,188,1303,2663,0,0
1,78,4.59,1284,3299,95,191,998,2727,0,0
1,79,9.16,843,1956,337,672,374,1083,0,0
1,84,4.87,1112,2224,305,611,269,538,0,0
1,85,4.38,244,488,180,359,21,43,0,0
1,92,5.24,560,1120,542,1083,6,12,0,0
1,93,29.21,2657,5272,2456,4981,35,65,0,0
1,94,80.9,5763,14050,3012,6741,882,1840,589,2948
1,95,4.9,644,1457,511,1324,45,45,0,0
1,97,3.55,3397,7946,4,8,3384,7920,0,0
1,98,0.49,1110,3330,0,0,1110,3330,0,0
1,109,5,1348,2734,147,303,908,1825,0,0
1,110,40.45,3870,8693,3356,7833,103,177,25,76
1,111,14.87,1676,2965,471,788,618,1162,0,0
1,112,10.26,2056,3705,562,821,121,208,0,0
1,114,1,12,12,0,0,0,0,12,12
1,124,22.54,2575,5123,2361,4726,87,148,0,0
1,125,58.7,6225,11784,4412,8329,1669,3198,0,0
1,126,78.31,6646,12734,4375,8588,986,1926,0,0
1,127,158.94,10025,19995,7719,15700,1022,2077,0,0
1,68,1.61,761,1522,190,380,190,380,0,0
1,86,13,892,1784,500,999,95,190,0,0
1,90,4.99,1721,4966,0,0,1721,4966,0,0
1,91,3.04,281,566,276,553,4,11,0,0
1,123,2,106,194,93,182,4,4,0,0
2,12,2,166,233,98,98,0,0,0,0
2,15,3,875,1750,387,775,162,325,0,0
2,22,1,7,7,0,0,0,0,0,0
2,23,3,64,142,17,36,17,36,0,0
2,32,1,277,554,69,138,69,138,0,0
2,33,13.83,3090,6760,1012,2245,629,1379,0,0
2,39,1.72,729,1450,2,2,723,1445,0,0
2,42,0.01,1,3,1,3,0,0,0,0
2,43,2.31,345,673,221,438,41,78,0,0
2,0,1,43,86,0,0,0,0,0,0
2,2,6,584,1168,276,553,44,89,0,0
2,7,1.48,410,1026,16,32,363,931,0,0
2,8,10.35,1791,4577,185,489,1467,3805,0,0
2,68,16.85,5400,11668,1644,3445,1710,4183,0,0
2,69,0.24,52,105,13,26,13,26,0,0
2,79,1,16,32,4,8,4,8,0,0
2,86,3,701,1325,175,331,175,331,0,0
2,90,6.26,1146,2176,266,687,769,1378,0,0
2,91,4.7,673,964,156,156,517,808,0,0
2,93,1,54,54,14,14,14,14,0,0
2,94,5,347,583,179,330,35,43,0,0
2,95,4.67,419,587,199,336,73,84,0,0
2,102,5.82,507,1063,366,603,47,154,0,0
2,109,17.51,2192,3075,2171,3039,7,13,0,0
2,110,67.34,4817,9653,3310,6448,820,1720,296,888
2,111,94.4,6804,12720,5328,10243,583,1122,0,0
2,112,35.62,3142,5368,2634,4528,156,194,0,0
2,113,1,17,17,4,4,4,4,0,0
2,114,8,1649,3093,569,1192,332,605,0,0
2,115,3,347,628,285,566,3,3,0,0
2,119,5,781,1555,564,1127,1,1,0,0
2,122,4.35,485,1114,419,982,22,44,0,0
2,123,13.65,1848,3571,709,1319,607,1218,0,0
2,125,69.99,6715,13712,6507,13396,41,68,0,0
2,126,96.69,7969,17936,6148,13748,920,2043,0,0
2,127,88.37,7725,13619,6898,12240,132,223,0,0
2,67,1.29,2785,5885,0,0,2785,5885,0,0
2,81,1,16,33,4,8,4,8,0,0
2,88,1.54,169,334,166,332,1,1,0,0
2,89,8.41,1659,3062,383,757,1251,2277,0,0
2,96,7.33,990,1944,559,1108,144,279,0,0
2,107,9,734,1416,292,572,86,158,0,0
2,108,5.95,992,2175,839,1868,51,102,0,0
2,116,1,89,178,22,44,22,44,0,0
2,121,1.87,197,394,189,378,3,5,0,0
2,124,4.77,488,1138,467,1112,7,9,0,0
3,0,1,16,16,4,4,4,4,0,0
3,8,10.17,1246,3131,454,940,581,1708,0,0
3,15,5.93,2071,4112,612,1216,487,966,0,0
3,16,9.07,1568,3006,689,1354,269,515,0,0
3,37,21,3998,8749,786,1554,2737,6331,0,0
3,38,4,1049,2079,442,878,203,400,0,0
3,50,3.53,843,1687,355,710,486,972,0,0
3,1,1,22,43,5,11,5,11,0,0
3,13,0.75,121,249,30,62,30,62,0,0
3,23,1,366,733,92,183,92,183,0,0
3,51,0.84,622,1243,56,112,453,907,0,0
3,59,13,1244,2035,360,682,494,650,0,0
3,61,24.07,2123,3804,980,1854,365,624,0,0
3,65,9,1560,2207,796,1237,255,324,0,0
3,68,1,142,285,142,285,0,0,0,0
3,81,1.03,615,2385,153,596,153,596,0,0
3,88,3,1063,1063,0,0,1063,1063,0,0
3,89,2.29,632,1171,158,316,466,839,0,0
3,90,1.76,545,1091,130,259,130,259,0,0
3,93,2.9,380,619,365,589,5,10,0,0
3,94,5.09,380,771,180,371,39,77,0,0
3,102,0.18,42,42,42,42,0,0,0,0
3,107,29.39,2523,4867,1434,2829,279,519,0,0
3,108,64.37,5835,9498,5650,9237,50,75,0,0
3,109,44.5,4809,8211,4662,7959,36,58,0,0
3,110,53.9,4920,7903,3780,5946,958,1666,0,0
3,111,63.14,5078,9212,4145,7804,246,344,0,0
3,112,1,52,103,13,26,13,26,0,0
3,116,7,1103,2173,433,858,224,439,0,0
3,121,4.13,420,812,394,787,2,2,0,0
3,122,8,565,1075,165,292,134,261,0,0
3,124,4.78,342,740,329,704,4,11,0,0
3,125,80.23,7540,14643,7269,14200,62,107,0,0
3,126,53.23,6206,12309,3016,5991,2821,5631,0,0
3,127,31.28,5678,11363,2050,3958,3391,7088,0,0
3,62,15.24,2557,4917,693,1337,1244,2439,0,0
3,80,0.08,1411,5643,353,1411,353,1411,0,0
3,82,0.3,273,819,0,0,273,819,0,0
4,2,7.8,812,1556,95,189,461,921,0,0
4,13,2.65,852,1788,185,419,185,419,0,0
4,14,7.6,1102,2268,481,1019,151,360,0,0
4,23,34.55,4416,9408,1966,4076,900,1940,0,0
4,24,16.39,1906,4125,984,2144,248,541,0,0
4,28,6,1142,2610,530,1387,204,407,0,0
4,34,3.42,340,841,206,574,45,89,0,0
4,35,14.43,1182,2558,901,2010,73,141,0,0
4,47,1.41,1617,4481,93,185,1340,3926,0,0
4,50,11.92,4500,10815,418,1127,3343,7630,0,0
4,51,4.71,1735,3656,168,384,1310,2668,0,0
4,3,6.22,843,1599,300,600,197,394,0,0
4,10,0.54,122,244,0,0,122,244,0,0
4,26,1,132,264,132,264,0,0,0,0
4,27,3,218,424,204,405,5,6,0,0
4,42,5.1,635,1227,192,340,148,296,0,0
4,43,2.6,352,703,179,357,58,115,0,0
4,46,0.46,1401,4202,0,0,1401,4202,0,0
4,56,7.49,1625,3593,703,1666,307,642,0,0
4,57,1.51,763,1591,191,398,191,398,0,0
4,62,0.69,302,604,0,0,302,604,0,0
4,73,1,6,6,2,2,2,2,0,0
4,80,1.57,10722,42407,2681,10601,2681,10601,0,0
4,81,0.71,6300,24852,1532,6127,1705,6473,0,0
4,82,2.31,916,2454,3,3,909,2446,0,0
4,84,4,388,410,333,338,18,24,0,0
4,92,0.02,0,0,0,0,0,0,0,0
4,93,7.98,785,1553,623,1232,42,69,0,0
4,108,10.39,953,1463,924,1432,10,10,0,0
4,109,5.32,679,1118,670,1098,3,7,0,0
4,110,10.15,2884,4452,513,745,2147,3260,0,0
4,111,23.46,2327,4397,2082,3970,81,143,0,0
4,119,12.69,2320,4176,348,558,1534,3018,0,0
4,120,15.31,1187,2228,554,1072,137,237,0,0
4,124,10.21,951,1495,245,472,360,366,0,0
4,125,38.2,3771,6689,3045,5749,103,131,0,0
4,126,40.51,6820,13458,5995,11854,275,535,0,0
4,127,33.45,4921,9903,2769,5549,1578,3152,0,0
4,79,1,1834,5503,459,1376,459,1376,0,0
4,98,1,25,75,6,19,6,19,0,0
4,101,1.33,82,136,20,34,20,34,0,0
4,102,6.46,979,1798,445,849,160,281,0,0
5,2,6.04,1364,2711,162,325,1201,2383,0,0
5,3,5.94,1047,2246,22,43,982,2116,0,0
5,9,7.22,1927,3921,502,1115,971,1927,0,0
5,10,9.46,1750,3488,208,414,1358,2713,0,0
5,21,1,23,23,6,6,6,6,0,0
5,23,6.76,1754,4508,653,1371,858,2518,0,0
5,24,0.29,417,1251,104,313,104,313,0,0
5,25,0.4,115,230,29,57,29,57,0,0
5,26,0.6,173,345,43,86,43,86,0,0
5,35,1.14,134,267,122,244,4,8,0,0
5,42,2.87,680,1346,180,346,167,333,0,0
5,43,1.43,413,826,103,206,103,206,0,0
5,46,22.13,5785,14308,1359,3072,2358,6395,0,0
5,8,4.78,536,1151,210,562,231,441,0,0
5,11,6.67,1970,3940,391,781,1492,2982,0,0
5,45,3,382,765,208,416,58,116,0,0
5,70,0.04,13,25,13,25,0,0,0,0
5,71,7.95,3224,6417,406,804,2574,5139,0,0
5,79,1,161,322,40,81,40,81,0,0
5,82,4,1945,5450,3,3,1937,5442,0,0
5,90,4,1052,1956,200,399,852,1556,0,0
5,101,0.03,5,9,1,2,1,2,0,0
5,102,1.18,514,1027,128,257,128,257,0,0
5,119,1,151,302,151,302,0,0,0,0
5,124,9.01,689,1485,632,1402,7,16,0,0
5,125,0.13,19,39,19,39,0,0,0,0
5,126,2.36,192,382,192,382,0,0,0,0
5,127,1.39,285,569,285,569,0,0,0,0
5,56,3.35,844,1687,567,1133,92,185,0,0
5,84,2,233,467,146,381,29,29,0,0
5,89,3,26,26,6,6,6,6,0,0
5,103,2.41,642,772,257,385,129,129,0,0
5,113,4,700,1382,526,1049,22,41,0,0
6,11,0.34,134,268,0,0,134,268,0,0
6,21,14,2235,5002,643,1418,531,1195,0,0
6,22,3,242,485,185,370,7,13,0,0
6,26,4.4,1326,3191,503,1141,274,682,0,0
6,27,4.15,2161,4321,540,1080,540,1080,0,0
6,32,24.85,4152,8601,1174,2422,993,2060,0,0
6,3,1,354,1061,354,1061,0,0,0,0
6,25,0.45,447,1342,112,336,112,336,0,0
6,33,2.04,65,102,11,14,11,14,0,0
6,35,7,1883,4301,491,1116,463,1061,0,0
6,44,0.23,273,545,0,0,273,545,0,0
6,56,2.65,657,1315,274,547,128,255,0,0
6,80,14.9,2839,5861,590,1431,1614,3206,0,0
6,83,15.28,1751,3144,803,1566,238,433,0,0
6,89,14.33,3994,7444,771,1518,2957,5439,0,0
6,91,4,411,822,198,395,71,142,0,0
6,94,1.46,451,614,288,328,55,95,0,0
6,95,9.52,3050,6166,630,1277,1880,3775,0,0
6,102,1.04,222,444,55,111,55,111,0,0
6,103,4.97,2974,5825,230,429,2416,4801,0,0
6,104,0.58,1223,2446,0,0,1223,2446,0,0
6,124,2,190,381,127,254,0,0,0,0
6,64,3.4,1110,2159,40,64,991,1966,0,0
6,74,1,6,6,2,2,2,2,0,0
6,77,4.27,296,583,278,555,6,9,0,0
6,81,16.68,979,1431,787,1099,32,46,0,0
6,82,6.41,720,1360,480,930,69,134,0,0
6,90,0.67,114,228,0,0,114,228,0,0
6,99,0.01,0,0,0,0,0,0,0,0
6,109,2.02,151,306,131,268,6,13,0,0
7,16,1,7,7,2,2,2,2,0,0
7,31,4.19,1957,4573,642,1449,438,1041,0,0
7,32,30.56,5419,11237,2040,4299,1014,2098,0,0
7,33,1.31,314,629,256,512,19,39,0,0
7,35,11,1324,2649,765,1529,186,373,0,0
7,37,7.88,1247,2134,408,727,280,469,0,0
7,38,4.48,2333,2755,178,270,1736,1819,0,0
7,39,0.38,145,232,22,43,81,102,0,0
7,41,17,2581,4890,786,1505,599,1129,0,0
7,42,1,180,359,180,359,0,0,0,0
7,44,14.77,3777,8757,559,1226,2427,5955,0,0
7,4,10,958,1962,697,1501,73,140,0,0
7,20,0.9,90,261,22,65,22,65,0,0
7,21,3.1,198,418,138,282,20,45,0,0
7,23,0.55,244,488,61,122,61,122,0,0
7,30,0.16,108,216,27,54,27,54,0,0
7,43,0.86,833,2498,208,625,208,625,0,0
7,54,2.58,3589,7176,120,239,3230,6458,0,0
7,56,1,30,30,8,8,8,8,0,0
7,61,11.37,1618,3332,310,547,988,2292,0,0
7,62,1.63,1143,2304,157,315,671,1360,0,0
7,63,1,6,11,1,3,1,3,0,0
7,64,0.59,145,290,37,72,37,72,0,0
7,68,9,1318,2329,445,814,291,505,0,0
7,77,8.73,1723,3595,218,436,1486,3122,0,0
7,81,39.87,3185,4750,2513,3695,163,252,0,0
7,82,92.16,6543,12581,3868,7157,661,1246,360,1438
7,83,34.98,3327,5535,2616,4401,436,681,0,0
7,84,9.38,894,1949,565,1414,190,221,0,0
7,86,1.15,252,281,252,281,0,0,0,0
7,87,14.06,3621,7163,442,843,2854,5749,0,0
7,92,2,37,120,9,30,9,30,0,0
7,95,1.02,636,653,4,8,623,627,0,0
7,98,1.86,100,332,25,83,25,83,0,0
7,99,2.13,78,110,20,27,20,27,0,0
7,109,3.98,1034,2131,202,601,825,1514,0,0
7,123,9.99,878,1707,368,725,108,204,0,0
7,55,9.32,1050,2071,503,1005,168,334,0,0
7,60,0.76,44,44,11,11,11,11,0,0
7,85,1.81,897,1821,0,0,897,1821,0,0
7,88,0.75,1382,2763,345,691,345,691,0,0
7,112,1,3,3,1,1,1,1,0,0
7,116,1.54,99,143,25,36,25,36,0,0
7,117,1.85,449,894,112,223,112,223,0,0
7,125,6.53,1544,3031,213,412,1200,2385,0,0
7,126,0.71,1958,3917,0,0,1958,3917,0,0
74,2,11.11,1887,3919,750,1558,635,1327,0,0
74,6,5,976,1952,457,912,173,345,0,0
74,15,2.1,193,477,72,168,40,103,0,0
74,19,1.31,35,81,9,20,9,20,0,0
74,20,17.07,1729,3471,770,1491,262,476,0,0
74,21,21.6,1518,3005,1071,2221,143,255,0,0
74,22,34.71,4221,9433,2058,4193,1055,1942,501,2003
74,23,19.92,2631,5648,1631,3607,331,672,3,10
74,24,21.77,1308,2987,766,1807,41,80,0,0
74,26,16,1724,2707,652,898,358,604,0,0
74,27,8,455,757,186,334,90,141,0,0
74,30,1,15,15,4,4,4,4,0,0
74,32,1.45,176,343,44,86,44,86,0,0
74,39,6.72,1372,2704,343,676,343,676,0,0
74,45,2.96,632,1177,86,86,215,430,0,0
74,46,2,525,969,191,302,111,223,0,0
74,47,0.84,52,52,13,13,13,13,0,0
74,3,1,343,343,86,86,86,86,0,0
74,49,3.58,757,1304,19,38,757,1304,0,0
74,50,2.44,1176,1759,0,0,1176,1759,0,0
74,53,4,2410,5668,0,0,2410,5668,0,0
74,66,6,1479,2805,155,155,1324,2649,0,0
74,70,1,184,368,184,368,0,0,0,0
74,71,9.96,3635,8910,80,160,3396,8431,0,0
74,80,2.92,1553,2692,0,0,1553,2692,0,0
74,88,2.28,409,817,102,204,102,204,0,0
74,89,1.73,316,633,79,158,79,158,0,0
74,96,5,532,1045,346,693,30,60,0,0
74,98,1,2,2,1,1,1,1,0,0
74,107,0.51,242,267,0,0,242,267,0,0
74,108,2.15,1152,1578,0,0,1152,1578,0,0
74,110,0.85,393,393,0,0,393,393,0,0
74,111,2.33,1162,1162,0,0,1162,1162,0,0
74,115,3.83,416,743,331,658,5,5,0,0
74,52,4.37,888,2026,508,1103,126,308,0,0
74,72,7.16,724,1273,400,765,95,156,0,0
74,77,0.02,11,32,3,8,3,8,0,0
74,97,8.77,1089,1973,656,1112,127,252,0,0
74,99,3.81,537,1011,391,767,49,81,0,0
74,103,1.37,239,239,10,10,208,208,0,0
74,114,2.58,1913,6018,0,0,1913,6018,0,0
75,2,2.53,2483,5848,0,0,2483,5848,0,0
75,6,1,72,216,18,54,18,54,0,0
75,13,1,14,14,3,3,3,3,0,0
75,20,10.83,2634,6664,527,1035,2048,5521,0,0
75,21,23.95,1758,3261,1511,2866,29,44,0,0
75,22,3.5,351,700,317,635,11,22,0,0
75,23,2,41,55,10,14,10,14,0,0
75,26,16.31,2040,4955,1201,2622,254,729,0,0
75,27,2.52,391,783,279,557,13,26,0,0
75,44,6.22,827,1602,206,401,206,401,0,0
75,45,16.76,3577,7078,686,1353,2175,4331,0,0
75,49,2.96,839,1164,25,25,763,1088,0,0
75,50,1.02,441,441,0,0,441,441,0,0
75,8,1,178,178,0,0,178,178,0,0
75,10,1.87,1795,3896,84,167,1712,3729,0,0
75,24,0.57,170,681,0,0,0,0,170,681
75,25,3.09,202,441,15,15,60,107,0,0
75,52,5.64,1618,3899,196,493,1027,2418,0,0
75,72,18.84,2710,5920,894,2019,1132,2354,0,0
75,77,13.35,2706,5663,802,1752,852,1511,0,0
75,80,1,559,1117,0,0,559,1117,0,0
75,97,6.23,714,1370,329,642,129,243,0,0
75,99,0.19,21,43,14,29,2,5,0,0
75,100,1,73,73,18,18,18,18,0,0
75,102,8.96,1646,2994,587,1122,782,1513,0,0
75,103,5.67,2906,4764,12,24,2894,4740,0,0
75,111,3.03,599,762,40,81,477,518,0,0
75,112,13.38,2663,4901,421,839,1906,3400,0,0
75,113,6.76,12370,53479,126,247,12158,53070,0,0
75,114,3.79,13347,65405,18,36,13293,65298,0,0
75,119,7,1451,2901,234,467,1009,2018,0,0
75,127,16.91,4652,11238,271,461,4094,10364,0,0
75,73,1.62,1360,2720,0,0,1360,2720,0,0
75,95,5,480,838,357,699,22,27,0,0
76,9,1.61,414,591,118,236,296,355,0,0
76,10,3.53,2898,7360,164,328,2734,7032,0,0
76,19,1,130,260,130,260,0,0,0,0
76,20,2,122,233,3,3,3,3,0,0
76,24,23.84,2085,4856,1301,3038,264,531,126,504
76,25,89.67,7421,15979,3715,8727,2774,5532,0,0
76,26,31.98,3419,6979,2714,5683,555,1099,0,0
76,32,2.39,107,198,27,49,5,7,0,0
76,33,34.19,2304,4610,1335,2971,299,523,0,0
76,0,4.94,1275,2552,675,1350,201,400,0,0
76,18,0.06,98,195,0,0,98,195,0,0
76,21,4,233,392,167,326,8,8,0,0
76,35,5.44,575,1239,143,309,143,309,0,0
76,57,9,1144,2284,288,576,189,377,0,0
76,60,7.8,1880,4783,468,931,1190,3490,0,0
76,65,8,2157,5520,586,1638,837,1921,0,0
76,73,0.38,319,639,0,0,319,639,0,0
76,77,2.63,761,761,47,47,620,620,0,0
76,90,16,2102,4057,648,1267,341,653,0,0
76,106,10,1805,3470,590,1146,645,1255,0,0
76,111,1,393,787,0,0,393,787,0,0
76,112,1.65,109,208,47,93,52,100,0,0
76,113,11.09,4527,14130,533,1151,3503,11827,0,0
76,114,11.23,18787,74932,53,156,18632,74463,0,0
76,115,5.29,5854,29569,76,227,5627,28887,0,0
76,59,1,1,1,0,0,0,0,0,0
76,61,0.5,67,134,17,33,17,33,0,0
76,79,0.14,69,201,2,3,64,192,0,0
76,80,1.24,716,2106,8,16,692,2058,0,0
76,98,0.79,324,1619,81,405,81,405,324,1619
76,124,3,1168,2337,362,723,807,1614,0,0
77,0,0.06,20,40,5,10,5,10,0,0
77,14,4.14,247,486,218,435,10,17,0,0
77,15,2.86,602,1169,293,578,103,197,0,0
77,18,1.01,3529,7058,0,0,3529,7058,0,0
77,19,3.92,2860,5707,16,31,2813,5614,0,0
77,20,2.77,278,552,235,468,14,28,0,0
77,21,4.23,1378,1796,387,773,970,981,0,0
77,24,5,338,799,310,742,10,18,0,0
77,26,2.71,430,824,302,596,9,9,0,0
77,29,4.6,1580,3036,376,753,1003,2008,0,0
77,32,13.29,4196,9537,128,248,3813,8792,0,0
77,33,9.13,922,1582,409,615,358,698,0,0
77,35,6.05,774,1505,338,671,136,268,0,0
77,36,4.51,377,715,281,551,15,21,0,0
77,25,7.32,604,1074,411,821,5,8,0,0
77,34,2,197,466,170,358,9,36,0,0
77,39,13.9,1928,4424,781,1717,364,884,0,0
77,41,1.98,862,1724,0,0,862,1724,0,0
77,42,1.17,357,517,0,0,357,517,0,0
77,51,4,979,1517,452,683,176,278,0,0
77,60,0.7,160,320,40,80,40,80,0,0
77,64,1,52,105,13,26,13,26,0,0
77,79,16.94,2755,5693,584,1158,1678,3566,0,0
77,80,15.67,4116,9175,676,1479,3031,6627,0,0
77,97,1.01,885,3541,221,886,221,886,2,9
77,98,0.2,83,415,21,104,21,104,83,415
77,101,1,78,78,20,20,20,20,0,0
77,110,0.82,184,368,46,92,46,92,0,0
77,111,32.24,4302,7991,2517,4700,595,1096,0,0
77,112,58.42,7081,14310,4583,9138,1246,2486,0,0
77,113,47.58,4500,8756,3793,7557,192,355,0,0
77,114,4.81,6856,27672,66,132,6659,27276,0,0
77,115,2.94,1899,6260,21,21,1833,6195,0,0
77,117,0.07,13,27,3,7,3,7,0,0
77,118,9.93,1412,2453,396,779,800,1267,0,0
77,119,2.1,213,426,53,106,53,106,0,0
77,78,2.34,163,384,57,107,7,7,0,0
77,91,0.4,246,492,62,123,62,123,0,0
77,96,0.17,8,8,2,2,2,2,0,0
77,100,1,16,16,4,4,4,4,0,0
77,125,0.58,186,373,47,93,47,93,0,0
77,126,1.07,167,335,42,84,42,84,0,0
78,8,5,1376,3086,440,868,313,740,0,0
78,12,11.68,1914,3735,779,1534,615,1208,0,0
78,23,1,31,31,8,8,8,8,0,0
78,24,1,354,708,0,0,354,708,0,0
78,29,1.4,1502,3005,220,441,841,1683,0,0
78,32,1,836,1670,0,0,836,1670,0,0
78,33,0.12,4,13,1,3,1,3,0,0
78,34,6.05,428,864,255,512,21,44,0,0
78,38,2,285,569,214,428,24,47,0,0
78,39,2.1,724,1449,410,822,104,209,0,0
78,41,10.77,2535,4166,340,650,1802,2832,0,0
78,42,0.08,95,190,0,0,95,190,0,0
78,4,2.15,1043,2086,138,277,628,1256,0,0
78,5,0.76,496,993,0,0,496,993,0,0
78,13,0.33,170,341,0,0,170,341,0,0
78,40,1,1118,2236,0,0,1118,2236,0,0
78,67,27.01,2523,6335,638,1636,587,1483,0,0
78,78,0.66,96,193,96,193,0,0,0,0
78,80,1,228,455,228,455,0,0,0,0
78,81,1,90,180,22,45,22,45,0,0
78,91,9.31,1843,3037,373,739,939,1150,0,0
78,92,4.29,946,1892,328,657,206,412,0,0
78,96,6.42,1210,2745,446,1245,595,1181,0,0
78,97,0.41,349,698,0,0,349,698,0,0
78,111,36.19,3284,6984,2327,5010,232,505,0,0
78,112,88.64,7844,18522,4028,9484,1867,5125,575,1149
78,113,24.93,2926,6775,1583,2993,27,44,0,0
78,114,15.66,3934,10516,1119,2224,2748,8203,0,0
78,115,1.01,482,1892,0,0,482,1892,0,0
78,119,2.74,939,1877,124,248,567,1134,0,0
78,120,0.17,89,178,0,0,89,178,0,0
78,125,1.12,548,1096,137,274,137,274,0,0
78,126,2.23,477,954,311,623,55,110,0,0
78,86,6.94,1965,4177,323,780,1597,3308,0,0
78,110,1,9,35,2,9,2,9,0,0
79,4,1.84,776,1399,134,229,375,711,0,0
79,5,0.25,229,458,0,0,229,458,0,0
79,12,3.42,483,1108,301,647,48,141,0,0
79,17,5.91,1206,2060,198,395,824,1327,0,0
79,18,7.74,799,1570,463,917,113,218,0,0
79,21,11.26,2939,5709,259,492,2424,4820,0,0
79,22,13.27,1053,1989,466,911,401,780,0,0
79,23,2.83,712,1423,80,160,577,1154,0,0
79,29,5.99,2138,4125,679,1321,486,935,0,0
79,31,5.99,601,1202,490,982,36,73,0,0
79,34,6.93,640,1643,480,1307,53,111,0,0
79,36,13.62,2005,5099,1404,3647,174,438,0,0
79,6,1.01,478,956,119,239,119,239,0,0
79,14,0.22,55,109,55,109,0,0,0,0
79,32,1.56,508,1016,127,254,127,254,0,0
79,35,2.01,198,207,192,193,1,3,0,0
79,48,11.78,2899,6068,504,1000,2227,4747,0,0
79,53,1.69,652,1299,14,27,609,1218,0,0
79,54,3.9,282,474,194,379,11,14,0,0
79,56,0.74,75,150,0,0,75,150,0,0
79,57,11.26,1299,2968,520,1489,670,1292,0,0
79,60,12.05,2274,3335,688,1186,832,1019,0,0
79,72,1,7,7,2,2,2,2,0,0
79,75,12,3543,7753,616,1231,2647,6019,0,0
79,77,1.86,139,278,34,70,34,70,0,0
79,78,0.14,14,29,4,7,4,7,0,0
79,85,0.69,554,1108,0,0,554,1108,0,0
79,86,19.37,2770,6166,575,1137,1737,3922,0,0
79,92,2,1420,2840,233,467,719,1438,0,0
79,94,6,4542,11694,144,289,4109,10829,0,0
79,95,5,671,1188,383,726,46,52,0,0
79,99,5.61,838,1346,190,297,190,297,0,0
79,108,8.4,768,1081,457,655,95,133,0,0
79,109,2.6,584,1133,495,990,0,0,0,0
79,110,7.44,600,836,517,709,13,13,0,0
79,111,47.14,5100,8778,3891,6546,377,717,0,0
79,112,97.39,8071,16032,5545,11552,1019,1915,0,0
79,113,27.37,2780,5128,1519,2857,902,1781,0,0
79,114,2.41,605,1101,233,357,124,248,0,0
79,61,0.05,9,18,2,4,2,4,0,0
79,70,14.71,2002,4479,273,641,1501,3326,0,0
79,71,2,211,422,0,0,211,422,0,0
79,98,0.39,52,103,0,0,0,0,0,0
79,102,1,46,46,12,12,12,12,0,0
79,103,2,183,343,160,320,0,0,0,0
79,106,0.3,82,164,82,164,0,0,0,0
80,3,6.91,1585,2351,184,366,1396,1975,0,0
80,4,19.79,3155,6221,726,1387,1850,3888,0,0
80,5,0.42,48,95,48,95,0,0,0,0
80,6,1.99,453,907,114,227,114,227,0,0
80,12,1.57,456,1153,275,610,60,181,0,0
80,14,8.79,1383,2545,613,1053,257,498,0,0
80,17,0.36,218,433,0,0,218,433,0,0
80,22,4.47,576,1125,119,232,323,640,0,0
80,23,0.17,121,242,0,0,121,242,0,0
80,32,15.48,1432,3010,730,1653,172,331,0,0
80,33,20.02,2283,4849,1745,3828,179,339,0,0
80,34,56.34,4285,10940,1987,4642,1037,2296,512,2561
80,35,29.37,2470,4900,1645,3294,125,243,0,0
80,36,31.02,2544,3835,2266,3420,92,138,0,0
80,47,1,1263,2525,0,0,1263,2525,0,0
80,48,4.21,1137,2709,1,1,1135,2706,0,0
80,21,5.99,1383,2613,330,914,964,1590,0,0
80,41,2,138,263,129,254,3,3,0,0
80,53,0.41,412,825,0,0,412,825,0,0
80,60,0.9,378,378,0,0,378,378,0,0
80,68,11,1585,3168,461,921,303,605,0,0
80,70,1.89,221,527,157,336,21,64,0,0
80,71,5.4,731,1407,316,619,359,704,0,0
80,84,6.84,619,1583,122,330,254,594,0,0
80,85,3.69,1728,3456,0,0,1728,3456,0,0
80,94,1,610,1830,152,457,152,457,0,0
80,102,11.97,795,1391,297,553,151,263,0,0
80,103,14.03,2839,5858,788,1497,1257,2654,0,0
80,105,5,267,394,162,289,35,35,0,0
80,106,9.71,1466,2496,745,1288,451,880,0,0
80,110,0.05,0,0,0,0,0,0,0,0
80,111,27.07,2029,2899,1909,2744,40,52,0,0
80,112,11.36,1175,2323,697,1391,140,276,0,0
80,113,4.7,508,885,461,790,16,32,0,0
80,117,12.92,1434,2748,752,1317,222,472,0,0
80,81,0.01,6,18,0,0,6,18,0,0
80,82,0.74,146,146,0,0,146,146,0,0
80,107,9,1997,3703,200,400,1766,3272,0,0
80,116,3.08,113,155,31,43,18,18,0,0
81,3,4.02,1726,4026,154,298,1447,3501,0,0
81,4,6.87,1483,2851,374,735,733,1451,0,0
81,11,2,562,1123,140,281,140,281,0,0
81,19,1,10,20,3,5,3,5,0,0
81,21,10.9,4762,8382,154,345,4524,7797,0,0
81,22,2.11,203,460,127,254,7,14,0,0
81,24,4,424,803,390,769,11,11,0,0
81,25,5,1268,1889,186,341,710,865,0,0
81,32,1.12,102,204,54,108,16,32,0,0
81,33,13.83,1282,2382,698,1117,171,375,0,0
81,34,46.62,3927,8013,2356,5026,558,1093,0,0
81,35,73.24,6763,13140,3546,7154,1736,3384,0,0
81,36,13.45,3018,6809,339,719,2404,5558,0,0
81,37,3.08,1321,3408,0,0,1321,3408,0,0
81,38,1,25,25,0,0,0,0,0,0
81,39,2,108,268,27,67,27,67,0,0
81,41,15.16,3202,5967,709,1357,2183,4108,0,0
81,42,5.68,1745,2641,41,83,1621,2392,0,0
81,18,2,76,76,19,19,19,19,0,0
81,20,2.08,234,278,30,61,5,9,0,0
81,40,2.16,194,388,185,371,3,6,0,0
81,44,6.02,1306,2613,277,555,860,1721,0,0
81,45,0.86,190,379,190,379,0,0,0,0
81,67,2.08,766,766,0,0,766,766,0,0
81,68,5.34,2344,2816,125,376,2219,2440,0,0
81,81,2.99,709,1864,239,478,455,1355,0,0
81,82,3.25,897,2256,283,565,582,1626,0,0
81,84,30.49,2742,6054,1057,2515,931,1927,0,0
81,85,6.46,1605,3179,292,578,612,1218,0,0
81,86,0.52,363,725,91,181,91,181,0,0
81,96,1.87,607,1166,152,292,152,292,0,0
81,97,2.13,179,192,163,167,5,9,0,0
81,113,10.93,1438,2779,24,24,1365,2706,0,0
81,114,1,133,267,133,267,0,0,0,0
81,115,0.42,165,330,41,83,41,83,0,0
81,116,0.58,226,453,57,113,57,113,0,0
81,52,1.88,311,595,97,168,71,142,0,0
81,74,2.86,489,1210,465,1162,8,16,0,0
81,75,0.19,79,79,0,0,79,79,0,0
81,76,0.81,325,325,0,0,325,325,0,0
81,107,1,256,512,256,512,0,0,0,0
81,119,8,1424,2825,246,487,996,1987,0,0
82,3,1,28,57,7,14,7,14,0,0
82,14,4.88,858,1663,238,468,605,1179,0,0
82,20,17.92,3599,7753,790,2018,2426,4914,0,0
82,33,22.05,2022,3845,1612,3053,114,217,0,0
82,34,14.91,927,1763,682,1346,73,126,0,0
82,35,48.06,4484,8385,3438,6512,473,933,0,0
82,36,14.9,2075,4204,1004,1832,461,1014,0,0
82,39,4,139,188,35,47,35,47,0,0
82,44,7.98,1096,2176,469,933,219,435,0,0
82,45,1.14,39,69,33,63,2,2,0,0
82,0,0.01,15,30,0,0,15,30,0,0
82,10,2.9,230,443,210,420,1,2,0,0
82,52,3.12,659,1318,165,329,165,329,0,0
82,63,1.5,858,2124,0,0,858,2124,0,0
82,64,2.55,959,1918,174,348,715,1430,0,0
82,68,3.04,1368,2436,76,151,1292,2285,0,0
82,74,10.16,2744,6892,552,1542,1618,3875,0,0
82,75,2.97,569,1320,142,329,142,329,0,0
82,76,1.1,1319,2638,0,0,1319,2638,0,0
82,80,2,90,136,11,23,11,23,0,0
82,84,5,2053,4106,0,0,2053,4106,0,0
82,85,2,232,462,231,461,0,0,0,0
82,97,4.97,904,1755,283,552,207,401,0,0
82,98,4.03,820,2220,275,696,181,508,0,0
82,111,7,940,1742,444,854,73,111,0,0
82,113,1.06,680,1361,0,0,680,1361,0,0
82,114,10,1174,2060,272,473,759,1444,0,0
82,115,2,230,489,208,423,7,22,0,0
82,124,4.94,1365,2697,540,1072,674,1340,0,0
82,125,7.05,976,1891,417,817,226,436,0,0
82,104,1,76,152,19,38,19,38,0,0
82,108,6.08,587,986,290,531,72,97,0,0
83,0,18.77,4217,8301,781,1551,2829,5585,0,0
83,10,8.25,2598,6771,360,1047,1918,4780,0,0
83,11,1.84,512,1204,0,0,512,1204,0,0
83,14,5.12,1807,4051,49,99,1757,3952,0,0
83,20,2.07,1480,2344,0,0,1480,2344,0,0
83,24,8,676,1331,483,1030,64,100,0,0
83,25,1,76,151,19,38,19,38,0,0
83,33,12.15,1340,2642,1296,2582,15,20,0,0
83,35,0.1,20,41,20,41,0,0,0,0
83,1,0.7,294,294,0,0,294,294,0,0
83,2,2,434,434,0,0,434,434,0,0
83,3,3.94,886,886,0,0,886,886,0,0
83,4,1.77,128,293,94,259,11,11,0,0
83,5,2.23,956,1898,3,3,946,1888,0,0
83,23,0.77,204,407,51,102,51,102,0,0
83,54,5.67,2335,4677,0,0,2335,4677,0,0
83,55,3.63,1565,3950,0,0,1565,3950,0,0
83,63,5.6,2402,5052,0,0,2402,5052,0,0
83,64,4.36,888,1700,383,1033,496,648,0,0
83,68,0.54,90,179,90,179,0,0,0,0
83,70,2.4,1267,3800,229,688,992,2974,0,0
83,75,1.72,1957,4161,0,0,1957,4161,0,0
83,76,2.18,1597,3555,0,0,1597,3555,0,0
83,89,0.38,524,1048,131,262,131,262,0,0
83,90,0.62,845,1691,211,423,211,423,0,0
83,91,6.01,1828,2804,174,326,1609,2433,0,0
83,92,5.1,312,712,75,169,75,168,0,0
83,93,20.49,5148,10753,725,1796,3990,7980,0,0
83,94,1.42,768,1537,75,150,544,1089,0,0
83,108,0.92,158,196,40,49,40,49,0,0
83,113,28.99,2178,3745,636,1117,571,989,0,0
83,125,5,996,1939,464,915,177,341,0,0
83,71,9.57,1101,2309,549,1218,169,335,0,0
83,96,1,38,75,9,19,9,19,0,0
83,97,0.9,213,636,211,632,0,0,0,0
83,102,0.81,118,236,30,59,30,59,0,0
84,0,1.38,188,376,47,94,47,94,0,0
84,1,2.36,267,455,141,279,83,99,0,0
84,2,3.71,1931,5045,0,0,1931,5045,0,0
84,3,18.53,3892,7552,385,760,3255,6311,0,0
84,4,7.04,1402,2650,519,1027,703,1284,0,0
84,18,3,355,666,322,633,11,11,0,0
84,19,3,907,1814,0,0,907,1814,0,0
84,20,0.91,537,1074,0,0,537,1074,0,0
84,23,2.23,528,1056,132,264,132,264,0,0
84,24,1,133,133,33,33,33,33,0,0
84,33,5,382,703,181,345,32,47,0,0
84,54,7.87,875,1828,460,914,236,565,0,0
84,55,2.83,411,1139,31,62,350,1017,0,0
84,70,1.12,160,347,40,87,40,87,0,0
84,71,12.91,1270,2712,288,687,535,1092,0,0
84,72,12.54,4780,12151,682,2287,3794,8773,0,0
84,75,6,501,1449,226,671,82,241,0,0
84,80,7,1254,2507,239,477,881,1761,0,0
84,91,0.99,1164,2325,0,0,1164,2325,0,0
84,97,9.1,867,1749,402,830,114,225,0,0
84,102,20.19,2515,4969,1052,2088,478,942,0,0
84,119,1,29,58,7,15,7,15,0,0
84,111,4.61,672,1913,100,201,479,1435,0,0
84,123,1,208,624,52,156,52,156,0,0
85,0,19.52,2154,4575,2091,4479,21,31,0,0
85,1,64.16,4962,9745,3179,6499,544,1067,0,0
85,2,48.24,5130,10672,1617,3173,2960,6498,0,0
85,3,11.7,1650,3747,477,1151,853,2002,0,0
85,34,16.89,1537,2762,1215,2199,93,158,0,0
85,36,12.39,1195,1802,750,1077,102,173,0,0
85,41,19.6,3640,6193,642,1047,2121,3460,0,0
85,42,4.57,517,1079,274,560,81,173,0,0
85,7,2.81,422,825,375,749,9,19,0,0
85,12,1,63,63,16,16,16,16,0,0
85,26,5.19,1487,3048,2,5,1480,3034,0,0
85,33,1.76,175,350,107,214,0,0,0,0
85,48,0.36,144,287,0,0,144,287,0,0
85,52,5,844,1587,392,757,151,276,0,0
85,61,12.56,2490,4592,749,1400,580,1064,0,0
85,72,3.45,3114,8298,258,775,2340,5974,0,0
85,73,0.01,3,8,0,0,3,8,0,0
85,88,10.99,2796,5534,125,246,2378,4752,0,0
85,92,10.53,1960,3222,217,432,1381,2076,0,0
85,93,5.44,641,1205,461,902,61,101,0,0
85,105,9.71,3123,6734,427,827,2389,5353,0,0
85,111,15.39,2040,4950,547,1222,812,2087,0,0
85,116,3,150,280,136,266,5,5,0,0
85,118,18.72,3822,8343,553,1148,2992,6561,0,0
85,119,2.28,88,189,29,62,19,41,0,0
85,123,0.03,7,14,7,14,0,0,0,0
85,124,9.97,2063,4143,312,627,1670,3343,0,0
85,60,3.44,637,1862,465,1388,49,142,0,0
85,70,6.92,775,1549,276,552,166,332,0,0
85,71,1.08,209,417,74,148,45,90,0,0
85,87,1.01,12,24,1,3,8,16,0,0
85,109,1.3,398,796,0,0,398,796,0,0
85,110,4.27,1175,2344,1,1,1171,2340,0,0
85,127,1,61,122,15,31,15,31,0,0
86,0,24.11,3005,6194,1274,2780,1107,2264,53,107
86,1,18.1,4371,7585,923,1812,2034,3007,0,0
86,2,10.59,1365,2356,260,426,584,1074,0,0
86,3,2.44,236,336,35,35,132,230,0,0
86,6,0.01,0,1,0,0,0,0,0,0
86,7,14.87,4213,9928,996,2763,2525,5294,0,0
86,9,2.96,1920,3840,0,0,1920,3840,0,0
86,10,1.05,232,463,210,419,22,44,0,0
86,24,29,2576,4503,645,1192,932,1551,0,0
86,26,8.52,2511,5298,181,363,1967,4209,0,0
86,27,13.28,854,1558,397,756,152,267,0,0
86,29,1.03,77,89,28,39,17,17,0,0
86,30,2.97,661,1321,408,816,84,168,0,0
86,33,6,1688,4274,350,696,1055,3019,0,0
86,34,27.35,2208,4282,1572,3127,140,264,0,0
86,36,43.96,5334,10776,3001,6007,589,1221,0,0
86,37,0.97,708,1417,0,0,708,1417,0,0
86,41,1.83,1158,1965,202,404,552,754,0,0
86,46,0.84,427,1281,0,0,427,1281,0,0
86,47,8.17,1967,4018,352,703,1536,3156,0,0
86,48,0.64,253,506,0,0,253,506,0,0
86,12,7,1292,2583,81,161,1050,2100,0,0
86,13,2,586,1172,309,618,92,184,0,0
86,18,0.24,62,121,16,32,15,30,0,0
86,19,1.92,171,314,150,293,7,7,0,0
86,35,3.96,274,518,219,430,19,29,0,0
86,43,1,61,61,15,15,15,15,0,0
86,60,3.96,3168,9357,1,1,3164,9353,0,0
86,71,8,2983,6733,386,848,2150,4836,0,0
86,75,4,446,1028,258,698,63,111,0,0
86,81,1,284,569,71,142,71,142,0,0
86,86,2,256,511,256,511,0,0,0,0
86,87,4,243,463,226,445,6,6,0,0
86,92,4.57,1108,2424,516,1290,181,361,0,0
86,94,2.82,1435,2869,359,717,359,717,0,0
86,98,1,6,6,2,2,2,2,0,0
86,105,0.29,250,749,0,0,250,749,0,0
86,109,2.74,1979,3959,0,0,1979,3959,0,0
86,110,20.43,3494,7662,1054,2057,1858,4542,0,0
86,114,10.98,1004,1871,420,806,318,603,0,0
86,125,4.35,784,1526,375,739,214,418,0,0
86,61,0.04,65,196,0,0,65,196,0,0
86,64,4.93,861,2185,489,1093,124,364,0,0
86,65,0.42,110,220,28,55,28,55,0,0
86,70,4,195,390,163,327,10,21,0,0
86,76,2.82,514,1029,465,931,16,33,0,0
86,84,5.63,974,1887,129,197,708,1418,0,0
86,97,10.86,1752,2882,847,1547,289,432,0,0
86,103,0.44,253,253,63,63,63,63,0,0
86,115,6.23,730,1456,378,755,321,642,0,0
86,117,5,706,1361,279,546,37,61,0,0
86,121,4.79,382,708,225,419,52,96,0,0
86,122,0.29,51,101,13,25,13,25,0,0
86,124,10.04,3195,7633,0,0,3195,7633,0,0
87,0,10.67,893,1943,407,854,321,680,0,0
87,1,1.23,614,1118,153,280,153,280,0,0
87,2,5.44,860,1537,215,384,215,384,0,0
87,3,4.39,330,517,83,129,83,129,0,0
87,7,8.31,1342,2684,193,384,1095,2196,0,0
87,9,4,242,456,156,305,10,13,0,0
87,15,9,3841,7445,292,585,3537,6837,0,0
87,18,7.84,2046,3935,597,1155,948,1858,0,0
87,36,1.71,176,449,114,324,19,38,0,0
87,41,6,963,2264,221,546,221,546,0,0
87,46,0.01,4,11,0,0,4,11,0,0
87,47,0.99,507,1522,0,0,507,1522,0,0
87,50,3.48,501,1112,360,830,58,115,0,0
87,51,6.56,3137,7331,140,419,2997,6913,0,0
87,34,1,5,9,1,2,1,2,0,0
87,35,2,431,773,364,706,22,22,0,0
87,45,0.18,38,76,9,19,9,19,0,0
87,49,1.55,523,1465,97,194,422,1265,0,0
87,61,1,9,9,3,3,3,3,0,0
87,64,3.07,516,1070,130,269,129,267,0,0
87,65,0.58,154,309,39,77,39,77,0,0
87,76,12.74,1417,2538,1389,2485,2,4,0,0
87,77,53.06,4841,8194,4634,7842,63,111,0,0
87,78,7.15,632,740,605,713,9,9,0,0
87,84,1.37,270,503,94,153,58,117,0,0
87,86,5,736,1444,308,609,143,278,0,0
87,92,2.46,205,431,65,131,0,0,0,0
87,93,1,223,445,223,445,0,0,0,0
87,94,14.19,3129,7153,1299,2820,1134,2492,0,0
87,97,4.13,613,1361,268,713,76,139,0,0
87,103,2.89,982,1637,530,977,151,219,0,0
87,104,10.67,1431,2793,567,1117,268,520,0,0
87,109,0.51,466,932,0,0,466,932,0,0
87,110,3.74,584,1399,36,36,477,1292,0,0
87,114,10.52,3542,8982,540,738,2991,8229,0,0
87,115,2.77,1157,3749,0,0,1157,3749,0,0
87,117,2.63,714,1272,144,284,144,284,0,0
87,121,11.73,1280,2671,276,298,943,2268,0,0
87,124,4.61,2481,6571,142,283,2332,6273,0,0
87,69,0.65,146,291,36,73,36,73,0,0
87,70,7.33,1640,3258,290,574,1288,2570,0,0
87,72,1,28,28,0,0,0,0,0,0
88,0,4.36,662,1664,119,323,305,696,0,0
88,10,12.39,2226,4059,701,1403,1287,2181,0,0
88,22,8.26,2311,5050,129,325,1996,4219,0,0
88,23,1,52,105,13,26,13,26,0,0
88,35,9.86,11392,32619,63,127,11201,32240,0,0
88,45,15.61,1917,3734,1005,1962,392,826,0,0
88,46,4.21,1690,3417,0,0,1690,3417,0,0
88,48,2,275,551,68,138,68,138,0,0
88,49,11.44,5666,11713,461,922,4514,9409,0,0
88,50,3.78,1005,2011,117,234,888,1776,0,0
88,51,0.18,67,135,0,0,67,135,0,0
88,9,4.14,999,1831,68,125,784,1452,0,0
88,21,1.25,123,245,80,161,14,28,0,0
88,34,4.24,1697,4552,68,68,1495,4349,0,0
88,57,6,2272,4676,430,860,1511,3153,0,0
88,70,0.03,2,4,0,0,2,4,0,0
88,75,3,212,212,189,189,5,5,0,0
88,76,7.61,1111,2176,544,1062,189,372,0,0
88,77,36.03,2979,5454,2718,4988,38,71,0,0
88,94,4,377,754,220,440,52,105,0,0
88,99,1,31,31,8,8,8,8,0,0
88,114,0.5,862,1724,0,0,862,1724,0,0
88,117,0.37,239,466,57,113,57,113,0,0
88,121,17.82,2340,4455,590,1123,1402,2748,0,0
88,122,9.37,3325,6760,250,527,2872,5771,0,0
88,66,1,28,57,7,14,7,14,0,0
88,78,0.86,115,230,23,45,47,93,0,0
88,82,1.17,569,1706,0,0,569,1706,0,0
88,83,2.64,2055,6090,0,0,2055,6090,0,0
88,89,4,212,417,177,352,11,21,0,0
88,90,19.31,1924,3718,904,1808,198,395,30,59
88,91,1,196,392,196,392,0,0,0,0
89,0,7.9,2166,2598,253,494,1758,1822,0,0
89,1,19.69,2542,6013,1353,3074,363,913,0,0
89,9,3.47,340,761,150,408,43,86,0,0
89,10,1,16,16,4,4,4,4,0,0
89,11,8,1115,2548,463,1061,621,1390,0,0
89,12,8,714,1269,428,780,11,13,0,0
89,21,7.23,779,1755,752,1708,9,15,0,0
89,22,7.28,1026,2048,350,787,201,396,0,0
89,33,6,513,923,225,432,32,46,0,0
89,34,1.65,3005,8241,0,0,3005,8241,0,0
89,35,5.2,11795,44981,1573,6549,7076,25329,0,0
89,47,1,242,970,61,242,61,242,0,0
89,5,2,68,82,17,21,17,21,0,0
89,32,1.37,256,513,140,279,39,78,0,0
89,48,11.7,1097,2880,486,1305,188,493,0,0
89,67,2,1136,2272,284,569,284,569,0,0
89,75,2,118,355,110,330,3,8,0,0
89,76,36.45,2537,4544,2131,3800,256,501,0,0
89,77,20.03,1564,2488,1355,2145,25,43,0,0
89,78,12.14,2037,4094,778,1560,744,1491,0,0
89,82,3.99,1184,3507,98,285,888,2654,0,0
89,83,14.43,2886,6573,602,1285,2046,4648,0,0
89,85,25.76,2077,3796,1863,3429,92,171,0,0
89,86,13.04,1650,2902,1204,2168,121,188,0,0
89,88,3.16,257,304,45,57,122,134,0,0
89,89,8.84,722,1423,428,856,91,182,0,0
89,90,4.69,544,1065,507,1013,5,10,0,0
89,91,3,252,503,231,463,7,13,0,0
89,98,18.99,1297,2820,390,865,303,652,0,0
89,105,1,540,1081,135,270,135,270,0,0
89,113,10,816,1259,150,294,484,610,0,0
89,118,3,993,1986,309,617,684,1369,0,0
89,120,0.09,26,52,0,0,26,52,0,0
89,121,2.92,991,1982,0,0,991,1982,0,0
89,127,3,262,498,229,451,11,16,0,0
89,53,0.63,100,199,25,50,25,50,0,0
89,66,0.03,29,87,0,0,29,87,0,0
89,71,2.09,869,1738,372,744,166,331,0,0
89,81,1,40,79,10,20,10,20,0,0
89,84,10.21,1641,3701,291,804,1254,2715,0,0
89,87,2,275,550,249,498,9,18,0,0
89,97,0.02,1,1,0,0,0,0,0,0
89,117,7,631,1241,377,750,85,164,0,0
90,0,38.7,3244,6359,2370,4697,415,806,0,0
90,1,32.74,3935,8282,2603,5921,362,628,0,0
90,4,10.16,1248,2727,426,1025,422,863,0,0
90,5,20.71,3017,6433,745,1483,1837,4141,0,0
90,8,2,99,198,25,49,25,49,0,0
90,12,1,27,54,7,13,7,13,0,0
90,13,15,2411,5433,550,1209,1646,3810,0,0
90,21,6.99,1197,2321,399,827,738,1424,0,0
90,22,1,266,533,0,0,266,533,0,0
90,32,3.82,313,512,196,372,27,35,0,0
90,33,0.24,10,19,2,5,2,5,0,0
90,34,1,898,898,224,224,224,224,0,0
90,35,4.06,8125,35176,1371,6279,4014,16338,0,0
90,48,3.3,317,707,274,619,14,29,0,0
90,2,10.66,1134,2077,1002,1871,26,51,0,0
90,20,1,115,232,29,58,29,58,0,0
90,29,4.06,817,1571,81,163,817,1571,0,0
90,30,1.93,541,942,140,140,401,802,0,0
90,41,1,35,104,8,26,8,26,0,0
90,49,1,127,254,32,64,32,64,0,0
90,53,0.37,57,115,14,29,14,29,0,0
90,66,1.97,865,2571,0,0,865,2571,0,0
90,67,15,3870,8588,588,1329,2706,5793,0,0
90,71,3.91,906,1811,295,590,204,407,0,0
90,73,1,20,80,5,20,5,20,20,80
90,74,3,82,128,20,32,20,32,0,0
90,75,17.38,1137,2439,826,1916,103,191,0,0
90,76,40.31,3495,6274,3202,5671,176,463,0,0
90,77,21.14,1556,2787,1339,2501,54,66,0,0
90,82,20.9,2908,5721,2183,4341,242,460,0,0
90,83,20.05,2188,4575,1444,2871,181,434,0,0
90,84,25.65,3022,5236,1839,3057,629,1197,0,0
90,85,16.58,1452,2676,1232,2289,58,115,0,0
90,86,34.53,2544,4324,2181,3691,103,173,0,0
90,89,0.76,16,32,4,8,4,8,0,0
90,90,12.74,834,1488,585,1034,43,72,0,0
90,126,1,37,75,9,19,9,19,0,0
90,127,3.08,100,216,19,41,9,22,0,0
90,79,0.84,366,733,92,183,92,183,0,0
90,81,6.31,466,609,460,602,2,2,0,0
90,88,2.44,83,166,9,18,9,18,0,0
90,91,1.54,81,142,60,120,0,1,0,0
90,108,1,20,41,5,10,5,10,0,0
90,110,1,19,19,0,0,0,0,0,0
90,122,2.46,193,365,151,296,14,23,0,0
91,0,10.99,1247,2493,857,1713,131,260,0,0
91,1,3.59,311,727,45,84,45,84,0,0
91,2,18.15,2096,3851,1882,3417,19,33,0,0
91,5,3.13,981,2057,3,5,973,2040,0,0
91,6,2,318,636,318,636,0,0,0,0
91,7,4,2062,5361,0,0,2062,5361,0,0
91,13,2,40,152,11,38,11,38,0,0
91,30,0.01,1,1,1,1,0,0,0,0
91,32,5.56,711,1139,433,863,175,175,0,0
91,67,2,218,220,55,55,55,55,0,0
91,75,45.14,3391,7613,1775,3714,1018,2813,0,0
91,76,17.37,1716,3210,1114,1986,321,826,0,0
91,77,14.42,4008,20832,329,1159,2992,17302,0,0
91,79,2.28,269,713,29,62,184,528,0,0
91,80,13.46,7700,19158,438,1020,6764,16858,0,0
91,81,31.73,3594,7179,2622,5250,786,1565,0,0
91,82,23.98,2497,4910,1390,2745,365,711,0,0
91,83,16.28,1662,3468,1443,3035,49,96,0,0
91,84,48.52,4450,8593,3181,5885,391,871,0,0
91,85,21.81,1624,2474,1438,2161,41,62,0,0
91,86,17.62,1649,3249,1310,2608,52,94,0,0
91,87,8.92,1479,3193,705,1582,227,467,0,0
91,88,15.99,1651,2596,1457,2261,55,97,0,0
91,89,14.92,1988,3893,975,1935,317,618,0,0
91,90,21.43,2249,4249,1437,2829,332,617,0,0
91,92,4,444,771,335,661,8,8,0,0
91,95,13.29,4365,7476,349,762,3644,5843,0,0
91,109,1,20,39,5,10,5,10,0,0
91,110,17.4,2310,4719,1218,2462,289,601,0,0
91,111,14.32,1942,3845,1359,2707,178,346,0,0
91,115,1,789,1576,0,0,789,1576,0,0
91,122,2.54,157,314,39,79,39,79,0,0
91,127,12.38,1053,2027,729,1453,70,136,0,0
91,61,1.65,491,983,123,246,123,246,0,0
91,62,2,281,508,240,468,13,13,0,0
91,72,7.35,948,1841,182,350,182,350,0,0
91,73,2.08,112,202,92,179,6,6,0,0
91,74,2.21,95,99,67,68,9,10,0,0
91,94,15.38,3142,6101,620,1194,2319,4591,0,0
91,113,5.97,358,384,110,117,83,89,0,0
91,114,5.51,987,1969,130,260,896,1790,0,0
91,118,4.45,390,730,154,296,156,300,0,0
91,119,3.21,196,380,53,103,48,92,0,0
91,126,0.37,95,190,24,48,24,48,0,0
92,23,15.99,3289,6580,704,1409,2180,4359,0,0
92,32,2.99,1086,2173,0,0,1086,2173,0,0
92,45,11.6,1558,3013,1015,2013,202,422,0,0
92,46,5.41,916,1857,0,0,916,1857,0,0
92,51,1,81,162,20,41,20,41,0,0
92,6,0.8,395,789,99,197,99,197,0,0
92,10,2.87,463,912,116,228,116,228,0,0
92,30,3.78,668,1289,49,86,522,1031,0,0
92,31,5.25,1600,3200,69,139,1392,2784,0,0
92,41,1,288,577,72,144,72,144,0,0
92,53,2,2182,2182,0,0,2182,2182,0,0
92,61,12.36,4148,8835,615,1303,2959,6262,0,0
92,72,1.57,859,2222,215,556,215,556,504,1512
92,74,64.21,4408,9865,2512,6020,903,2228,0,0
92,75,119.43,7723,17042,4948,11692,1431,3106,0,0
92,76,19.37,2047,4787,850,2358,294,540,0,0
92,77,30.16,3853,9850,738,1797,2461,6583,0,0
92,79,30.81,4251,9299,1814,3511,2103,5247,0,0
92,80,34.01,5308,9978,1315,2430,3118,6372,0,0
92,81,30.18,2854,6163,2030,4581,390,756,0,0
92,82,12.58,1432,2619,502,877,740,1475,0,0
92,83,42.88,4482,7408,3967,6428,325,635,0,0
92,84,32.65,2948,5759,2184,4367,230,417,0,0
92,85,43.04,3375,7248,2042,4572,700,1382,0,0
92,86,36.92,2459,5161,1766,3893,133,244,0,0
92,87,35.96,3101,7150,2043,4932,218,434,37,183
92,89,23.55,2720,5296,2552,5030,38,51,0,0
92,90,2.93,397,763,93,185,91,181,0,0
92,93,1,357,715,357,715,0,0,0,0
92,94,3.43,973,2601,36,107,866,2280,0,0
92,95,2.88,3411,4655,0,0,3411,4655,0,0
92,96,0.01,17,17,0,0,17,17,0,0
92,110,1,53,53,13,13,13,13,0,0
92,111,1.29,303,605,131,262,57,114,0,0
92,112,2,140,363,56,112,28,84,0,0
92,114,20.51,3153,6214,151,303,2797,5502,0,0
92,115,1,248,494,0,0,248,494,0,0
92,118,1.34,60,119,16,33,14,29,0,0
92,126,36.89,2635,5419,1816,3846,240,464,20,79
92,127,16.28,2615,5218,1781,3561,271,541,0,0
92,54,3,250,250,221,221,10,10,0,0
92,78,9,900,2010,462,1158,307,608,0,0
92,88,2.56,245,489,105,210,47,93,0,0
92,106,9,1652,3304,552,1106,937,1875,0,0
92,107,3,1477,2954,0,0,1477,2954,0,0
92,119,1,62,124,15,31,15,31,0,0
92,124,0.94,319,638,80,160,80,160,0,0
92,125,1.11,185,370,3,6,175,351,0,0
93,3,6.14,872,2212,478,1073,124,366,0,0
93,6,1.2,598,1197,150,299,150,299,0,0
93,10,4.13,488,890,321,620,56,90,0,0
93,16,8.03,875,1529,507,849,304,606,0,0
93,17,10.97,2236,4371,611,1209,1463,2912,0,0
93,30,4,234,448,161,317,24,44,0,0
93,31,3.97,843,1614,150,300,611,1151,0,0
93,49,2.95,396,792,277,554,40,79,0,0
93,50,0.05,12,25,12,25,0,0,0,0
93,4,8.97,1471,2919,1408,2816,14,27,0,0
93,12,1,47,93,12,23,12,23,0,0
93,15,2,64,64,16,16,16,16,0,0
93,22,2,277,554,277,554,0,0,0,0
93,23,1,240,480,240,480,0,0,0,0
93,41,3.8,805,1785,647,1337,53,150,0,0
93,53,5,2689,3818,282,564,1842,2124,0,0
93,54,12,1939,3725,440,860,1017,1946,0,0
93,59,4,2297,4595,250,500,1547,3095,0,0
93,61,2,560,1379,91,247,287,639,0,0
93,65,0.04,31,62,0,0,31,62,0,0
93,66,20.26,3677,7417,637,1369,2628,5244,0,0
93,73,20.35,1623,3032,1303,2609,32,66,0,0
93,74,165.94,10344,24890,6109,15633,1768,4254,0,0
93,75,155.05,10790,24177,6204,13203,1409,3382,857,3427
93,76,52.81,4832,8686,3969,7444,302,568,0,0
93,77,67.79,6935,14193,3783,8049,2503,4916,0,0
93,78,18.01,1930,4273,1423,3419,258,504,0,0
93,79,11.99,895,1346,775,1196,24,34,0,0
93,80,16.01,902,1860,788,1589,38,90,0,0
93,81,38.87,3310,6550,3004,5993,78,141,0,0
93,82,38,5387,12500,3581,7744,1154,3297,0,0
93,83,52.85,7040,20828,3362,8720,1557,4711,0,0
93,84,69.1,5545,12487,3560,8431,742,1694,0,0
93,85,187.78,9561,23549,6523,16957,1001,2365,0,0
93,86,74.88,3647,7157,2738,5578,186,312,0,0
93,87,10.35,1143,2169,1110,2134,10,10,0,0
93,88,32.35,3192,6026,2269,4108,259,549,0,0
93,89,39.7,3550,7375,2564,5423,237,457,0,0
93,94,1,936,1871,0,0,936,1871,0,0
93,106,5.45,635,955,123,199,269,360,0,0
93,107,0.54,47,93,12,23,12,23,0,0
93,116,3.67,2290,4580,0,0,2290,4580,0,0
93,124,0.06,22,44,6,11,6,11,0,0
93,125,1,783,1566,0,0,783,1566,0,0
93,126,30.37,4796,10368,2413,5029,1362,2928,0,0
93,127,40.86,5870,11714,3920,7900,1748,3490,0,0
93,60,4.61,559,1091,231,462,100,200,0,0
93,67,0.09,28,84,7,21,7,21,0,0
93,90,1.74,155,207,39,52,39,52,0,0
93,117,3,173,466,43,117,43,117,0,0
93,123,0.94,97,194,24,49,24,49,0,0
94,0,2.9,1245,2910,0,0,1245,2910,0,0
94,1,4.23,929,1781,375,731,480,944,0,0
94,2,2,81,177,12,36,12,36,0,0
94,3,64.01,5461,11530,3223,7017,916,1752,90,242
94,4,43.96,4625,9568,3369,6853,314,735,0,0
94,5,0.55,133,267,133,267,0,0,0,0
94,15,5,1103,2206,276,551,276,551,0,0
94,20,1.41,934,1867,0,0,934,1867,0,0
94,21,21.6,4207,8961,568,1603,3436,6979,0,0
94,41,6.2,788,1722,255,551,173,386,0,0
94,23,11.47,1695,3605,743,1806,431,768,0,0
94,47,3.23,612,1225,311,622,178,357,0,0
94,54,16,1259,2451,473,937,322,636,0,0
94,60,1.39,164,164,147,147,0,0,0,0
94,65,1.63,59,95,59,95,0,0,0,0
94,66,8.19,681,1362,369,714,84,176,0,0
94,67,0.8,244,731,61,183,61,183,0,0
94,71,6.94,1402,2328,350,582,350,582,0,0
94,73,18.36,4003,10926,883,1964,2433,7234,0,0
94,74,39.8,3881,7366,1971,3859,846,1622,0,0
94,75,55.01,5020,8569,3643,6312,280,448,0,0
94,76,46.25,4777,9279,4374,8763,151,188,0,0
94,77,71.15,5501,10416,5162,9985,58,88,0,0
94,78,2.52,214,429,143,286,0,0,0,0
94,81,4.75,485,971,445,890,14,27,0,0
94,82,53.58,5637,11082,4945,9845,106,190,0,0
94,83,56.29,5997,12818,4042,8899,450,931,0,0
94,84,114.17,9568,27436,5631,16409,1248,3386,203,814
94,85,188.13,12645,33662,6662,17110,2983,8495,908,3633
94,86,57.86,5799,11427,2422,4983,966,1876,0,0
94,87,30.22,3417,6878,2587,4784,561,1646,0,0
94,88,23.49,2147,4202,1908,3798,72,127,0,0
94,89,8,876,1849,673,1395,11,24,0,0
94,90,0.54,22,43,5,11,5,11,0,0
94,114,1,50,101,13,25,13,25,0,0
94,116,3.32,1472,3358,0,0,1472,3358,0,0
94,117,6,681,1362,342,684,113,226,0,0
94,123,7.06,921,1735,635,1266,64,125,0,0
94,124,3.01,442,885,114,225,111,220,0,0
94,125,1.99,251,502,242,483,0,0,10,19
94,126,12.36,1542,2640,1313,2322,4,8,0,0
94,127,49.59,3995,7550,2945,5901,281,406,0,0
94,91,1,26,51,0,0,0,0,26,51
94,122,0.31,51,103,51,103,0,0,0,0
95,0,1.25,728,1533,0,0,728,1533,0,0
95,1,1.63,413,722,0,0,413,722,0,0
95,3,60.75,4948,10982,2581,6104,680,1295,953,2721
95,4,1.63,711,1416,177,354,177,354,0,0
95,5,2.63,1018,1887,0,0,1018,1887,0,0
95,18,24.66,1596,3143,586,1249,462,898,0,0
95,23,1.53,257,534,8,21,232,469,0,0
95,35,14.21,3958,8252,304,585,3442,7292,0,0
95,37,4,409,820,276,552,44,89,0,0
95,38,15,3644,8645,287,444,2851,7250,0,0
95,46,1,1177,2354,0,0,1177,2354,0,0
95,47,13.77,2017,3812,700,1343,799,1542,0,0
95,48,2,948,1896,0,0,948,1896,0,0
95,7,1.09,163,343,150,305,4,13,0,0
95,17,3.9,601,1202,484,969,39,78,0,0
95,36,0.79,598,1197,0,0,598,1197,0,0
95,42,1,108,216,27,54,27,54,0,0
95,55,24.99,3224,6325,689,1351,1900,3774,0,0
95,56,17.34,3445,7860,367,771,2390,5646,0,0
95,68,4.27,1859,4955,105,209,1545,4328,0,0
95,70,3.97,4943,14811,2,2,4937,14805,0,0
95,71,1.06,1837,7328,460,1830,461,1836,0,0
95,72,2,75,135,4,4,4,4,0,0
95,73,5.84,3672,10652,60,91,3516,10425,0,0
95,74,37.9,11499,22876,1669,3051,9698,19569,0,0
95,75,62.38,4680,6890,4016,6013,169,213,0,0
95,76,14.51,2998,5942,771,1615,153,277,0,0
95,77,34.47,7562,13412,3148,5231,1456,2711,0,0
95,78,5,449,1117,415,1050,11,23,0,0
95,80,15.12,3281,6090,611,1527,2299,3791,291,873
95,81,4.95,1226,3326,252,683,188,502,54,162
95,82,33,2576,5092,2305,4597,85,160,0,0
95,83,50.97,5815,12690,4004,8204,694,2001,0,0
95,84,84.18,6978,14493,3498,7868,1127,2262,0,0
95,85,81.17,6989,13314,3977,7696,1021,2000,0,0
95,86,58.19,6048,11629,4108,7798,1352,2696,0,0
95,87,20.98,2117,4078,1920,3834,22,38,0,0
95,93,6,507,999,272,542,37,71,0,0
95,95,3,504,504,21,21,269,269,0,0
95,96,1,208,416,208,416,0,0,0,0
95,122,13.45,3713,7616,542,1082,2795,5789,0,0
95,123,0.25,13,26,3,6,3,6,0,0
95,127,11.48,2571,6552,794,1539,56,65,0,0
95,57,0.67,416,832,0,0,416,832,0,0
95,69,2.45,1766,4861,109,217,1226,3569,0,0
95,79,0.89,33,33,0,0,33,33,0,0
95,106,6.65,1269,2540,318,635,318,635,0,0
96,4,3,568,973,141,243,141,243,0,0
96,5,0.37,194,387,0,0,194,387,0,0
96,6,13.58,1427,3095,1110,2613,9,11,0,0
96,7,33.2,2819,5264,1412,2751,398,726,0,0
96,8,1,3555,14223,0,0,3555,14223,0,0
96,17,25.14,2204,3905,1552,3053,400,448,0,0
96,18,1.37,151,176,3,10,141,148,0,0
96,23,1.41,192,384,192,384,0,0,0,0
96,25,1,24,24,6,6,6,6,0,0
96,30,1,73,146,18,36,18,36,0,0
96,33,2.5,1324,2649,0,0,1324,2649,0,0
96,55,0.39,143,285,0,0,143,285,0,0
96,56,3.61,2010,5801,0,0,2010,5801,0,0
96,63,10,2099,4507,652,1502,764,1245,70,139
96,67,0.23,692,2767,0,0,692,2767,0,0
96,68,5.06,12783,57299,9,28,12756,57216,0,0
96,69,9.3,7831,29566,96,174,7453,28783,0,0
96,70,1.02,663,1988,154,463,199,598,0,0
96,71,2,168,335,42,84,42,84,0,0
96,73,14.8,1760,3790,1441,3013,65,176,0,0
96,74,24.08,2269,3680,1596,2397,601,1181,0,0
96,75,5.89,577,761,402,445,32,52,0,0
96,77,0.08,387,773,97,193,97,193,0,0
96,79,0.45,39,79,0,0,39,79,0,0
96,80,1.59,473,945,0,0,473,945,0,0
96,82,40.96,4253,7823,3544,6496,160,300,0,0
96,83,75.56,5817,11417,4843,9039,440,1491,0,0
96,84,68.39,5513,10048,3994,7470,750,1438,0,0
96,85,44.97,5365,11073,3208,6255,1326,3321,0,0
96,86,12.67,4971,14043,647,1294,4238,12576,0,0
96,92,13.84,2151,3862,1331,2555,273,437,0,0
96,93,2.16,163,299,136,271,0,0,0,0
96,95,9,1496,2851,191,347,1042,2049,0,0
96,102,11.64,2378,4088,939,1840,1272,2078,0,0
96,103,2.52,1129,1412,19,19,1072,1355,0,0
96,104,1,83,165,21,41,21,41,0,0
96,106,2.41,337,661,240,480,28,55,0,0
96,126,4.01,1439,3647,0,0,1439,3646,0,0
96,127,6.5,819,1607,700,1368,40,80,0,0
96,87,3.77,1448,4292,3,3,1440,4285,0,0
96,105,0.21,26,26,0,0,0,0,0,0
96,112,0.12,40,80,40,80,0,0,0,0
97,2,2.16,2831,7771,1,1,2827,7767,0,0
97,5,1,162,323,0,0,162,323,0,0
97,6,3,491,914,491,914,0,0,0,0
97,7,7.13,817,1224,620,1011,66,71,0,0
97,8,9,665,1224,449,887,52,93,0,0
97,17,11.94,942,1992,747,1690,43,58,0,0
97,19,2.11,334,828,334,828,0,0,0,0
97,23,14.11,1917,3667,1146,2250,192,343,0,0
97,33,7.51,1646,3259,221,436,1325,2642,0,0
97,36,3,546,1054,9,9,324,639,0,0
97,0,0.2,91,182,0,0,91,182,0,0
97,1,3.01,350,771,219,437,101,303,0,0
97,18,14.57,1423,2822,1347,2690,18,30,0,0
97,24,4.52,379,747,85,168,16,30,0,0
97,37,2,207,413,183,367,8,15,0,0
97,44,0.07,17,35,17,35,0,0,0,0
97,45,1.93,360,721,246,491,0,0,0,0
97,50,0.32,47,94,12,23,12,23,0,0
97,51,0.68,97,195,24,49,24,49,0,0
97,63,6,1464,3576,552,1265,304,770,0,0
97,67,1.87,2529,9481,13,25,2492,9405,0,0
97,68,1.81,7525,29933,21,25,7462,29856,0,0
97,81,3.11,369,738,53,107,53,107,0,0
97,82,15.51,1730,3268,1549,2929,61,112,0,0
97,83,13.86,1056,1924,822,1535,55,90,0,0
97,84,40.33,5012,9564,2913,5435,864,1705,0,0
97,85,70.74,5364,10109,3990,7549,529,1016,0,0
97,86,7.96,3408,8812,233,467,3040,8073,0,0
97,87,2.31,2059,4260,24,49,1986,4115,0,0
97,93,13.47,4037,9850,551,1287,2814,6947,0,0
97,99,4,849,1700,376,751,128,255,0,0
97,102,0.63,378,378,0,0,378,378,0,0
97,103,7.2,2170,3693,713,1320,1246,2161,0,0
97,104,2,2437,3660,0,0,2437,3660,0,0
97,105,0.06,8,8,0,0,0,0,0,0
97,106,0.66,86,94,8,16,0,0,0,0
97,112,2.97,1286,3430,312,608,938,2781,0,0
97,113,7.9,3502,7625,15,30,3469,7561,0,0
97,125,5.78,3093,9066,170,458,2855,8513,0,0
97,126,2.22,1050,3032,61,153,960,2849,0,0
97,127,1.09,260,520,260,520,0,0,0,0
97,54,0.44,287,587,69,138,81,173,0,0
97,70,0.01,1,3,1,3,0,0,0,0
97,71,8.01,1084,1889,645,1446,99,100,0,0
97,76,2.48,51,70,13,17,13,17,0,0
97,77,0.52,20,41,5,10,5,10,0,0
97,90,4,431,833,362,725,13,26,0,0
97,94,2.49,1254,2668,7,7,1233,2646,0,0
98,0,9.79,2432,4810,133,253,2032,4051,0,0
98,1,7.11,2389,6067,197,498,1986,5038,0,0
98,2,3.72,9868,29435,42,85,9741,29181,0,0
98,7,7,1166,2602,184,344,582,1538,0,0
98,15,9,1768,3005,526,918,846,1558,0,0
98,16,3,342,571,181,333,54,79,0,0
98,18,33.72,3099,5717,2917,5368,60,115,0,0
98,19,39.59,2912,5680,2195,4355,295,583,0,0
98,20,2,376,751,110,221,340,679,0,0
98,23,3,183,293,68,136,14,28,0,0
98,24,4.97,567,1769,463,1430,35,114,0,0
98,32,9,2463,4877,233,453,2186,4359,0,0
98,4,1.06,51,95,13,24,13,24,0,0
98,5,3.94,1051,2057,504,996,182,354,0,0
98,53,1.53,1596,4474,0,0,1596,4474,0,0
98,54,8.02,2758,6930,728,1446,1577,4599,0,0
98,71,4.98,1515,2948,576,1131,313,606,0,0
98,74,5.35,351,479,159,174,22,37,0,0
98,75,9.65,873,1690,439,772,135,296,0,0
98,76,1,10,10,3,3,3,3,0,0
98,84,26.16,2724,4695,2209,3980,213,280,0,0
98,85,5.79,1399,2732,508,950,891,1782,0,0
98,86,2.15,555,1084,7,7,535,1064,0,0
98,87,4.07,438,871,288,575,50,98,0,0
98,88,5.93,1227,2411,127,243,883,1754,0,0
98,90,9,2490,4757,639,1077,1235,2463,0,0
98,93,0.71,712,781,8,25,687,705,0,0
98,94,0.34,344,344,0,0,344,344,0,0
98,106,5.92,483,930,86,163,424,838,0,0
98,107,13.08,1479,2371,146,266,1231,1951,0,0
98,109,0.18,82,162,0,0,82,162,0,0
98,110,3.81,1808,3175,0,0,1808,3175,0,0
98,113,0.02,29,59,0,0,29,59,0,0
98,117,9.64,2493,4861,358,707,1850,3582,0,0
98,123,3.39,865,1730,281,562,195,389,0,0
98,124,1.61,167,334,145,289,7,15,0,0
98,57,15.76,1756,3444,703,1468,351,658,0,0
98,111,1.4,1519,3153,0,0,1519,3153,0,0
99,2,1,104,208,104,208,0,0,0,0
99,12,7.48,500,921,276,626,54,78,10,10
99,18,16.74,2073,4085,862,1771,397,766,0,0
99,19,53.15,4379,10049,2302,4930,536,1335,463,1782
99,20,14.56,1647,3187,627,1228,438,849,0,0
99,23,1,27,53,7,13,7,13,0,0
99,41,13.46,1636,3894,486,961,851,2422,0,0
99,42,6.34,3483,10109,0,0,3483,10109,0,0
99,51,9.07,3666,8287,661,1560,2443,5126,0,0
99,11,2.03,1427,2822,8,8,1403,2799,0,0
99,21,10.49,922,1905,848,1813,25,30,0,0
99,22,2.88,1120,1758,435,869,685,889,0,0
99,27,4,678,1230,418,730,87,167,0,0
99,28,12.87,1249,2268,809,1615,120,190,0,0
99,29,1,24,24,6,6,6,6,0,0
99,40,0.87,1006,3020,0,0,1006,3020,0,0
99,47,1,78,155,19,39,19,39,0,0
99,50,0.93,23,33,13,23,3,3,0,0
99,57,5.24,328,866,302,789,9,26,0,0
99,64,1,126,252,31,63,31,63,0,0
99,71,1.4,1480,3235,275,824,1205,2411,0,0
99,72,2.6,3413,6828,59,118,3236,6473,0,0
99,74,1,18,18,0,0,0,0,0,0
99,75,1,162,324,162,324,0,0,0,0
99,84,6,864,3134,216,782,216,782,0,0
99,90,4.74,392,807,69,165,41,81,0,0
99,110,7.51,4702,8694,173,344,4440,8246,0,0
99,111,25.46,4682,9434,1346,2622,2688,5663,0,0
99,117,2.35,394,788,118,234,132,263,0,0
99,89,1.26,375,1067,332,980,15,29,0,0
99,105,2.26,276,551,178,356,13,25,0,0
99,106,17.12,1834,3330,762,1509,533,752,0,0
99,115,0.77,1360,2720,0,0,1360,2720,0,0
99,116,0.23,417,834,0,0,417,834,0,0
100,11,3.94,1072,2096,54,99,909,1797,0,0
100,12,7.54,516,881,93,150,183,331,0,0
100,18,38.88,2721,4829,2218,4024,343,645,0,0
100,19,84.17,6637,13457,3998,8178,1127,2323,0,0
100,20,16.65,1450,2792,858,1711,121,238,0,0
100,21,23.19,3258,5785,2330,4076,245,440,0,0
100,22,33.65,2994,6044,1730,3448,459,909,0,0
100,27,0.9,762,2285,0,0,762,2285,0,0
100,28,10.22,3794,9516,342,683,3208,8348,0,0
100,36,4,924,2220,568,1228,119,331,0,0
100,40,2.12,921,2762,0,0,921,2762,0,0
100,41,13.2,1784,4228,1089,2745,113,221,0,0
100,49,14,2907,5988,948,1925,1407,2845,0,0
100,10,1,131,394,131,394,0,0,0,0
100,50,10,1896,4380,680,1760,990,2045,0,0
100,71,22.77,4963,11260,1127,2441,2625,6012,0,0
100,72,22.07,2012,4275,833,1564,943,2303,0,0
100,74,5,1367,2734,669,1339,232,465,0,0
100,89,1,47,95,12,24,12,24,0,0
100,95,1,434,868,0,0,434,868,0,0
100,101,0.14,41,81,10,20,10,20,0,0
100,102,3.86,457,913,232,464,75,150,0,0
100,105,3.7,310,369,42,84,257,262,0,0
100,106,13.91,1635,2841,720,1395,522,750,0,0
100,109,0.01,7,15,2,4,2,4,0,0
100,110,10.04,3009,4899,371,525,2183,3608,0,0
100,111,9.85,1112,2173,632,1259,244,483,0,0
100,113,1,90,180,22,45,22,45,0,0
100,117,6.39,3149,7042,212,424,2437,5619,0,0
100,118,1.9,462,892,346,684,99,191,0,0
100,61,2,402,805,101,201,101,201,0,0
100,70,0.17,53,53,0,0,53,53,0,0
100,78,3.7,203,406,178,357,8,16,0,0
100,107,1,24,48,6,12,6,12,0,0
100,112,0.72,176,353,44,88,44,88,0,0
101,11,23,4798,10493,567,1172,3609,7996,0,0
101,12,1,17,33,0,0,0,0,0,0
101,19,80.13,6034,10281,4457,7771,422,706,0,0
101,20,13.55,1668,2953,806,1516,287,479,0,0
101,21,3.14,537,983,468,913,0,0,0,0
101,22,3.58,377,754,279,558,33,65,0,0
101,23,7,3890,7539,48,96,3746,7251,0,0
101,36,2,256,256,249,249,3,3,0,0
101,42,2.55,618,1046,15,30,573,955,0,0
101,43,6.45,1322,2820,311,739,567,1135,0,0
101,6,1.75,62,62,6,6,6,6,0,0
101,7,0.25,9,9,2,2,2,2,0,0
101,8,0.37,387,774,0,0,387,774,0,0
101,14,2.12,152,305,38,76,38,76,0,0
101,30,9.82,2145,4178,225,422,1470,2912,0,0
101,31,0.66,516,1032,0,0,516,1032,0,0
101,38,4,987,2293,317,713,223,527,0,0
101,77,7.14,2136,3733,222,222,1834,3432,0,0
101,78,2.3,211,347,152,286,20,21,0,0
101,87,7,559,1114,182,361,9,16,0,0
101,94,6.21,1711,2852,179,352,1445,2332,0,0
101,95,0.79,336,336,0,0,336,336,0,0
101,101,13,1095,2066,597,1177,210,404,0,0
101,117,1.71,2144,6117,0,0,2144,6117,0,0
101,61,4,1139,2848,514,1170,209,559,0,0
101,68,1.01,463,1389,113,338,125,375,0,0
101,70,1,27,27,7,7,7,7,0,0
101,75,1,62,124,16,31,16,31,0,0
101,76,2.6,342,685,124,248,198,397,0,0
101,124,9.17,2098,4937,312,624,1570,3881,0,0
102,4,3.89,2243,4488,5,9,2229,4459,0,0
102,5,1.07,134,281,3,10,123,250,0,0
102,6,6.06,439,846,343,678,31,53,0,0
102,7,12.13,942,1763,641,1258,73,121,0,0
102,8,10.62,2069,3636,583,1065,892,1683,0,0
102,14,1.88,340,904,252,728,29,58,0,0
102,19,12.34,967,1550,891,1446,25,35,0,0
102,20,10.92,926,1674,846,1531,16,26,0,0
102,30,2.52,751,1502,0,0,751,1502,0,0
102,43,1,15,15,4,4,4,4,0,0
102,13,6,889,2783,223,697,222,696,0,0
102,16,0.6,207,415,52,104,52,104,0,0
102,17,1,69,69,17,17,17,17,0,0
102,28,2,299,598,270,540,10,19,0,0
102,32,1,14,14,4,4,4,4,0,0
102,37,1,17,17,4,4,4,4,0,0
102,62,4,1398,3656,349,914,349,914,0,0
102,68,1.99,2366,7098,206,620,1745,5237,0,0
102,74,2,294,589,73,147,73,147,0,0
102,76,0.99,548,1095,0,0,548,1095,0,0
102,77,0.27,58,108,2,2,52,102,0,0
102,79,14.08,3203,6599,257,508,2825,5866,0,0
102,82,1,190,380,48,95,48,95,0,0
102,92,9.99,1884,3363,169,337,1527,2650,0,0
102,98,2,157,314,148,296,3,6,0,0
102,101,5,753,1233,421,606,21,42,0,0
102,102,0.91,147,147,147,147,0,0,0,0
102,103,2.1,504,794,355,644,50,50,0,0
102,124,1.83,706,1411,0,0,706,1411,0,0
102,127,5,790,1781,376,980,138,267,0,0
102,56,2.04,802,1605,0,0,802,1605,0,0
102,58,1,7,7,2,2,2,2,0,0
102,71,1,23,47,6,12,6,12,0,0
102,80,0.92,62,62,16,16,16,16,0,0
102,88,1,163,325,163,325,0,0,0,0
102,90,1,59,59,15,15,15,15,0,0
102,97,2.59,1670,3096,265,285,1366,2732,0,0
103,2,11,2573,5035,572,1194,1501,2947,0,0
103,4,0.04,58,117,0,0,58,117,0,0
103,7,12.9,879,1810,512,1137,94,180,0,0
103,13,2.33,805,2966,297,934,169,677,677,2709
103,16,2.4,990,2636,247,659,247,659,0,0
103,23,1,733,2199,183,549,183,549,0,0
103,28,10,927,1472,687,1149,80,108,0,0
103,8,0.71,89,89,0,0,0,0,0,0
103,9,0.12,171,514,0,0,171,514,0,0
103,32,0.64,175,175,0,0,175,175,0,0
103,33,0.59,150,200,0,0,150,200,0,0
103,34,0.77,167,334,0,0,167,334,0,0
103,35,1,84,167,21,42,21,42,0,0
103,36,1,56,113,14,28,14,28,0,0
103,46,0.04,14,27,3,7,3,7,0,0
103,47,1.35,252,504,63,126,63,126,0,0
103,53,2,187,612,47,153,47,153,0,0
103,56,6.96,1561,2984,220,405,1155,2275,0,0
103,57,4,235,461,216,430,6,10,0,0
103,67,7,668,1010,212,368,55,55,0,0
103,84,22.51,3923,7571,906,1630,2532,5038,0,0
103,85,2.46,281,312,140,140,68,100,0,0
103,94,11,1526,3047,436,1001,818,1603,0,0
103,95,5,656,1293,164,323,164,323,0,0
103,97,0.4,165,165,165,165,0,0,0,0
103,101,2,364,728,341,683,7,15,0,0
103,102,2,1347,2674,5,5,1332,2659,0,0
103,114,6.3,1240,2443,136,272,810,1620,0,0
103,115,0.7,132,264,129,258,0,0,0,0
103,125,3,211,421,184,368,9,18,0,0
103,58,1,193,579,48,145,48,145,0,0
103,68,3,743,1605,119,356,624,1248,0,0
103,74,4,274,539,201,400,13,24,0,0
103,76,1,66,132,17,33,17,33,0,0
103,87,1.8,850,1700,212,425,212,425,0,0
103,88,0.2,133,267,33,67,33,67,0,0
103,89,0.39,166,332,41,83,41,83,0,0
103,90,1.61,670,1340,168,335,168,335,0,0
103,119,0.01,3,5,0,0,3,5,0,0
103,120,1.6,570,1139,30,60,535,1069,0,0
103,126,4.78,801,1504,43,62,671,1318,0,0
104,5,14,2029,3873,1042,1894,508,1017,0,0
104,7,2.21,145,224,70,74,4,9,0,0
104,9,5.02,3602,8627,148,282,3427,8318,0,0
104,10,5.87,1160,2182,445,797,528,1197,0,0
104,12,0.41,361,1443,0,0,361,1443,0,0
104,13,10.26,3511,8079,389,779,2876,6810,0,0
104,20,2,532,1063,458,915,25,49,0,0
104,23,0.94,11304,56514,2826,14128,2826,14128,0,0
104,27,15.92,2099,3945,1388,2742,266,501,0,0
104,28,15.46,3302,7620,162,319,3076,7183,0,0
104,33,2.01,496,742,0,0,496,742,0,0
104,34,2,439,681,0,0,439,681,0,0
104,35,1.28,134,263,21,40,21,40,0,0
104,36,3.72,501,960,80,150,80,150,0,0
104,38,18.24,3543,8747,206,479,3125,7855,0,0
104,46,11.95,2780,5730,553,1149,1672,3386,0,0
104,47,9.65,1582,2865,97,187,1291,2304,0,0
104,4,1,37,37,9,9,9,9,0,0
104,6,1,12,12,3,3,3,3,0,0
104,22,1.74,259,441,181,363,0,0,0,0
104,32,0.93,240,480,0,0,240,480,0,0
104,39,4.87,195,372,176,347,6,8,0,0
104,75,9.03,1270,2698,655,1350,205,450,0,0
104,77,6.4,569,1260,409,953,5,5,0,0
104,84,11.7,5593,10368,497,995,4100,7384,0,0
104,85,0.32,177,531,0,0,177,531,0,0
104,87,3.41,1210,2346,193,383,881,1738,0,0
104,88,6.58,1213,2520,455,1004,540,1080,0,0
104,89,3.29,266,533,100,200,56,111,0,0
104,90,0.71,108,216,108,216,0,0,0,0
104,118,8,1929,4024,148,296,1485,3134,0,0
104,120,6.39,1079,2135,208,416,827,1631,0,0
104,125,2.09,297,603,205,410,37,82,0,0
104,126,8.13,943,1954,369,717,260,650,0,0
104,52,0.34,9,19,2,5,2,5,0,0
104,53,6.66,1822,4298,715,1594,369,901,0,0
104,66,0.49,201,403,201,403,0,0,0,0
104,73,1,174,348,44,87,44,87,0,0
104,91,1,73,145,18,36,18,36,0,0
104,119,1,140,280,35,70,35,70,0,0
105,4,1,180,359,45,90,45,90,0,0
105,6,1,204,408,204,408,0,0,0,0
105,7,4.04,373,745,290,580,7,14,0,0
105,8,12.97,736,1523,447,892,57,114,0,0
105,22,7.39,967,2606,226,438,630,2000,0,0
105,23,2.37,723,3345,179,830,188,857,0,0
105,26,2,538,1077,538,1077,0,0,0,0
105,27,9.61,1016,2030,781,1562,28,54,0,0
105,29,1,7,7,2,2,2,2,0,0
105,32,10.17,1429,2830,559,1112,784,1561,0,0
105,33,2.01,1099,3297,0,0,1099,3297,0,0
105,34,2,602,1770,0,0,602,1770,0,0
105,37,9.51,988,1932,397,787,451,896,0,0
105,38,11.44,2407,4944,314,661,1889,3811,0,0
105,39,6.46,2467,4998,7,7,2447,4978,0,0
105,0,2,300,600,195,391,0,0,0,0
105,12,4,479,957,450,901,9,19,0,0
105,18,0.28,62,124,0,0,62,124,0,0
105,30,2,68,93,17,23,17,23,0,0
105,31,22.17,1762,3423,1591,3166,47,75,0,0
105,36,1.63,130,256,110,220,4,10,0,0
105,66,1.51,251,459,218,426,11,11,0,0
105,75,0.97,46,46,11,11,11,11,0,0
105,77,12.6,1112,2174,709,1410,113,217,0,0
105,90,5.04,391,730,280,547,36,60,0,0
105,91,2.96,930,1861,271,543,220,439,0,0
105,100,3.75,1147,1908,138,201,734,1304,0,0
105,101,2.25,761,1326,66,132,563,929,0,0
105,119,3,1737,3474,0,0,1737,3474,0,0
105,124,2,527,1001,132,251,132,251,0,0
105,55,3.98,878,1941,250,547,380,806,0,0
105,81,1,272,817,68,204,68,204,0,0
105,82,5.31,1172,2339,285,570,411,817,0,0
105,83,2.37,1009,2017,1,1,1007,2013,0,0
106,7,6.88,1534,3360,116,277,1121,2333,65,196
106,8,5.33,399,841,158,326,80,172,0,0
106,9,12.67,1072,2376,564,1350,169,341,0,0
106,12,4,351,552,285,419,6,12,0,0
106,13,1,23,140,6,35,6,35,0,0
106,17,1.11,174,347,0,0,174,347,0,0
106,18,4.61,951,1901,348,697,571,1142,0,0
106,21,0.58,1949,7797,487,1949,487,1949,0,0
106,22,4.27,11620,46839,349,1394,10571,42657,0,0
106,31,17.73,1221,2130,874,1608,58,93,0,0
106,32,31.09,3285,6916,1353,2943,726,1630,0,0
106,33,9.9,816,1658,376,841,140,259,0,0
106,36,25.79,3771,7682,1366,2522,1639,3810,0,0
106,37,16.35,6736,16424,411,735,6140,15373,0,0
106,38,7.51,1032,2050,993,1982,13,23,0,0
106,3,2.77,943,1917,3,3,934,1909,0,0
106,5,1,80,80,20,20,20,20,0,0
106,6,3.12,715,1429,5,11,699,1398,0,0
106,11,7.13,516,973,239,480,16,34,0,0
106,14,4.31,1707,3414,222,444,1469,2938,0,0
106,15,1.29,585,1169,62,124,399,798,0,0
106,20,1,116,233,116,233,0,0,0,0
106,23,1.37,761,2347,16,16,712,2297,0,0
106,34,2,78,156,20,39,20,39,0,0
106,35,8.65,1117,2117,877,1721,53,74,0,0
106,44,1,56,56,14,14,14,14,0,0
106,54,1.79,186,372,132,263,0,0,0,0
106,55,5.09,2098,2527,645,872,484,552,0,0
106,56,0.14,20,41,5,10,5,10,0,0
106,62,6,4703,10853,597,1554,2915,6190,0,0
106,64,2,462,1388,0,0,462,1388,0,0
106,65,3,376,727,94,182,94,182,0,0
106,76,2,72,72,19,19,19,19,0,0
106,82,9.23,1791,3153,241,478,1466,2516,0,0
106,89,3,253,506,63,126,63,126,0,0
106,100,2,103,190,87,174,0,0,0,0
106,104,3,4091,8179,479,959,2649,5300,0,0
106,105,2.01,1021,2043,0,0,1021,2043,0,0
106,117,1.91,1258,3267,0,0,1258,3267,0,0
106,118,7.09,1522,2821,285,516,667,1273,0,0
106,52,2.87,664,1327,356,712,103,205,0,0
106,53,4.33,496,974,337,666,54,103,0,0
106,67,3,489,916,350,685,46,77,0,0
106,81,2.91,354,644,27,43,285,558,0,0
106,106,2,403,806,120,240,6,11,0,0
106,126,3.8,1423,2846,121,240,1064,2126,0,0
107,2,0.31,122,256,28,56,39,90,0,0
107,3,8.55,4073,8479,243,485,3307,6948,0,0
107,4,12.41,1550,2779,425,697,978,1772,0,0
107,6,0.95,26,79,0,0,0,0,0,0
107,7,1.05,177,355,176,351,0,0,0,0
107,11,4.87,317,822,207,608,10,19,0,0
107,12,5,354,689,231,457,41,78,0,0
107,13,21.73,3141,6827,727,1534,1843,4197,0,0
107,14,8.94,1561,2944,751,1467,596,1156,0,0
107,15,1.29,559,1117,25,50,484,968,0,0
107,21,5,603,1097,311,615,69,132,0,0
107,22,0.87,3945,15622,0,0,3945,15622,0,0
107,23,0.62,644,1903,4,4,633,1892,0,0
107,24,22.84,3054,6064,1064,2293,1092,2155,0,0
107,25,0.09,13,27,13,27,0,0,0,0
107,26,15.52,2895,6715,558,1209,1531,3709,0,0
107,35,19.17,1696,3396,1356,2713,67,137,0,0
107,36,94.74,7846,17739,4885,10624,417,844,459,2295
107,37,45.82,4160,6688,2889,4530,489,891,0,0
107,38,11.1,1226,2213,940,1571,36,55,0,0
107,41,4.12,1745,5708,70,100,1553,5448,0,0
107,20,8.59,2860,8597,373,1342,1740,4571,0,0
107,27,0.78,49,97,12,25,12,24,0,0
107,31,1,330,661,0,0,330,661,0,0
107,52,0.05,15,31,15,31,0,0,0,0
107,53,10.75,1848,4008,810,1765,323,703,0,0
107,54,7,943,1868,542,1079,28,52,0,0
107,62,6,897,1719,465,912,144,269,0,0
107,63,15.88,3720,8277,588,1380,2670,5993,0,0
107,64,5.14,520,998,362,715,125,239,0,0
107,69,6.66,3053,5849,335,794,2388,4063,0,0
107,81,52.99,5484,10865,2054,4091,1744,3474,0,0
107,82,13.92,12422,52965,257,514,11830,51824,0,0
107,83,4.06,1673,5080,356,791,1012,3520,0,0
107,104,3.04,1641,3825,0,0,1641,3825,0,0
107,105,3.96,1521,2566,254,507,1163,1849,0,0
107,110,3,987,2463,282,563,561,1612,0,0
107,120,13.95,3191,6249,306,579,2801,5570,0,0
107,123,0.02,4,9,4,9,0,0,0,0
107,124,8.98,1629,3181,487,955,743,1468,0,0
107,126,2.2,781,1563,139,278,139,278,0,0
107,80,4.81,457,702,37,67,348,500,0,0
107,84,1.55,332,582,83,146,83,146,0,0
107,101,2,192,384,180,360,0,0,0,0
107,106,2.06,435,871,7,13,429,858,0,0
107,107,1.57,1256,2511,141,282,1111,2223,0,0
107,119,0.05,18,36,0,0,18,36,0,0
108,2,2.18,1343,3018,0,0,1343,3018,0,0
108,3,10.82,3155,6311,119,238,2854,5709,0,0
108,4,0.97,107,429,27,107,27,107,0,0
108,13,4.44,675,1321,200,393,440,874,0,0
108,14,0.56,15,29,4,7,4,7,0,0
108,15,1.44,413,424,3,6,404,407,0,0
108,19,2.45,2196,6589,250,751,1446,4337,0,0
108,20,13.34,4033,9994,101,294,3730,9114,0,0
108,21,8.58,2476,5962,562,1633,1345,2859,0,0
108,22,6,8640,32259,0,0,8640,32259,0,0
108,24,5.03,1877,4614,342,898,1101,2416,0,0
108,26,22.16,2565,5318,1088,1655,1185,3043,0,0
108,27,5.46,629,925,535,831,12,12,0,0
108,30,9.53,977,1934,340,676,340,674,0,0
108,31,17.8,2816,5242,587,1090,1776,3467,0,0
108,34,25.21,2909,5880,2353,4797,185,361,0,0
108,35,41.84,5648,11454,4995,10044,175,406,0,0
108,36,64.94,5435,11020,3796,7908,451,845,11,22
108,37,49.88,4727,8410,3163,5754,439,740,0,0
108,38,25.99,3667,8769,2063,4025,277,840,0,0
108,41,10.88,1203,2131,448,825,238,410,0,0
108,42,1,212,212,212,212,0,0,0,0
108,0,5.91,861,1489,269,479,469,881,0,0
108,5,2,145,291,99,198,0,0,0,0
108,39,0.43,22,60,8,17,5,14,0,0
108,43,3,709,1391,445,883,88,169,0,0
108,48,0.1,42,84,10,21,10,21,0,0
108,57,3,724,1784,38,77,608,1554,0,0
108,63,0.87,338,414,0,0,338,414,0,0
108,64,4.12,1793,3946,0,0,1793,3946,0,0
108,69,0.34,388,388,0,0,388,388,0,0
108,80,10.74,1641,4680,558,1467,649,1647,0,0
108,81,4.59,274,470,193,335,11,13,0,0
108,82,3.02,586,1984,99,259,288,1205,0,0
108,83,5.81,2655,5596,228,526,1973,4017,0,0
108,84,1.68,643,1681,161,420,161,420,0,0
108,89,11,2687,5651,323,646,1935,4147,0,0
108,94,5.99,2725,5654,118,287,2370,4793,0,0
108,95,6.99,2050,3018,359,719,1572,2061,0,0
108,96,1.83,151,217,37,54,37,54,0,0
108,97,0.17,13,27,3,7,3,7,0,0
108,101,1,433,867,0,0,433,867,0,0
108,102,2,665,1331,348,697,106,211,0,0
108,106,2.94,671,1343,103,207,568,1136,0,0
108,107,7.6,1650,2831,646,1174,636,1155,0,0
108,108,2.84,1740,3300,51,152,1588,2844,0,0
108,70,7.6,1729,3330,432,833,432,833,0,0
108,75,2,110,110,28,28,28,28,0,0
108,76,3.94,366,704,180,354,62,117,0,0
108,87,0.88,157,307,22,44,91,175,0,0
108,88,7.05,1786,2964,260,409,1430,2363,0,0
108,90,0.52,806,1611,0,0,806,1611,0,0
108,122,2.02,209,417,145,291,3,6,0,0
109,0,5.18,966,1939,152,304,806,1617,0,0
109,7,1.01,126,251,124,249,0,1,0,0
109,8,13.99,2060,4706,981,2012,345,869,0,0
109,19,3.46,3604,12363,93,230,3325,11675,0,0
109,20,16.17,2454,6565,407,999,1731,4869,0,0
109,21,4.19,5276,20224,12,32,5240,20126,0,0
109,22,1,3409,13637,0,0,3409,13637,0,0
109,30,1.66,371,742,93,186,93,186,0,0
109,34,16.73,1797,3724,963,2063,495,988,0,0
109,35,43.86,3185,6695,2585,5675,125,203,0,0
109,36,52.08,4819,8951,3760,7056,332,602,0,0
109,37,6.84,950,1546,866,1380,81,162,0,0
109,38,23.74,2003,2466,1572,1987,302,317,0,0
109,39,26.76,2295,4012,1787,3370,148,193,0,0
109,43,0.4,22,46,14,30,3,5,0,0
109,47,0.04,26,32,6,8,6,8,0,0
109,48,10.85,2754,4796,1008,1734,583,1021,0,0
109,2,8.05,755,1445,692,1368,21,25,0,0
109,10,4.67,335,665,6,10,318,634,0,0
109,12,2,335,650,79,157,79,157,0,0
109,40,4.71,647,1225,591,1156,19,23,0,0
109,42,2,24,24,2,2,2,2,0,0
109,62,7.3,2008,4066,502,1016,502,1016,0,0
109,63,6.99,1025,2147,590,1293,145,285,0,0
109,70,1.4,185,358,46,89,46,89,0,0
109,73,8.21,1002,1842,271,502,607,1174,0,0
109,74,10.79,1615,2899,274,360,1076,2104,0,0
109,76,1.06,32,45,8,11,8,11,0,0
109,79,7.37,1872,4138,122,210,1508,3507,0,0
109,80,1.93,1199,2397,173,345,681,1361,0,0
109,88,2.07,191,340,13,27,191,340,0,0
109,90,0.48,736,1471,0,0,736,1471,0,0
109,95,0.03,12,24,0,0,12,24,0,0
109,122,6.98,1275,2677,272,544,1002,2133,0,0
109,61,0.41,227,453,57,113,57,113,0,0
109,72,1,40,79,10,20,10,20,0,0
109,119,2,374,557,230,413,48,48,0,0
110,0,7.08,1229,2406,377,741,647,1282,0,0
110,1,15.36,2013,3946,1079,2141,648,1281,0,0
110,2,19.24,1878,3373,1266,2471,320,525,0,0
110,8,2,189,378,145,290,15,29,0,0
110,10,19.44,2215,4248,693,1345,1303,2565,0,0
110,12,9.16,2401,5496,105,187,2221,5235,0,0
110,13,4,664,1093,275,382,130,237,0,0
110,20,1.99,1951,5353,1,3,1949,5345,0,0
110,21,3.65,3128,11296,421,1413,1864,7060,0,0
110,32,3.6,2578,4232,95,190,2292,3661,0,0
110,33,19.59,2328,5611,891,2186,1084,2631,0,0
110,34,5.76,556,1112,268,537,96,192,0,0
110,35,3,70,144,17,36,17,36,0,0
110,36,9.19,846,1335,805,1229,4,8,0,0
110,37,1.63,129,251,124,245,2,2,0,0
110,39,1.25,58,64,41,42,6,7,0,0
110,40,9.87,926,1699,718,1348,69,117,0,0
110,41,13,986,1915,790,1565,66,117,0,0
110,42,12,1130,2026,857,1680,93,152,0,0
110,43,15.6,1419,2162,909,1372,165,253,0,0
110,44,7.01,2089,4134,121,230,1726,3441,0,0
110,48,3,3599,7329,33,99,3500,7033,0,0
110,51,1,43,43,11,11,11,11,0,0
110,3,0.69,168,322,15,25,124,245,0,0
110,11,4.41,529,946,150,296,373,643,0,0
110,19,2,174,174,135,135,0,0,0,0
110,22,0.25,705,2821,176,705,176,705,0,0
110,52,3,1104,2209,519,1038,560,1121,0,0
110,61,0.07,37,75,9,19,9,19,0,0
110,62,2.23,835,1671,209,417,209,417,0,0
110,63,15.23,4033,8795,1756,3920,759,1624,0,0
110,75,1,42,84,11,21,11,21,0,0
110,79,0.7,306,306,0,0,306,306,0,0
110,80,3,1748,3496,0,0,1748,3496,0,0
110,97,2.29,1762,3523,53,105,1709,3417,0,0
110,103,17,4819,10005,586,1171,3936,8275,0,0
110,109,6,3492,6985,345,692,2754,5507,0,0
110,125,21.94,2341,4817,617,1268,869,1772,0,0
110,96,5.88,2294,4939,280,647,1800,3686,0,0
110,118,1,206,412,52,103,52,103,0,0
111,0,4.26,576,1151,553,1106,8,15,0,0
111,1,0.67,107,213,107,213,0,0,0,0
111,2,2.92,229,435,180,354,10,14,0,0
111,3,2.67,281,562,70,141,70,141,0,0
111,10,16.77,3314,8982,688,1835,2284,7104,0,0
111,12,0.68,176,352,176,352,0,0,0,0
111,20,4.95,3202,11434,631,2451,1309,4082,0,0
111,21,3.33,1606,5376,402,1344,402,1344,0,0
111,26,1.1,700,1401,0,0,700,1401,0,0
111,27,1.9,346,691,0,0,346,691,0,0
111,32,0.48,724,732,2,4,718,720,0,0
111,33,0.34,61,183,61,183,0,0,0,0
111,34,2,49,99,48,95,0,1,0,0
111,44,1,142,284,142,284,0,0,0,0
111,5,1,31,31,8,8,8,8,0,0
111,6,2.02,1211,2422,0,0,1211,2422,0,0
111,9,0.13,66,66,0,0,66,66,0,0
111,11,6.47,808,1616,288,577,437,875,0,0
111,17,0.3,150,300,38,75,38,75,0,0
111,19,2.05,1341,2682,0,0,1341,2682,0,0
111,51,1.29,855,2459,251,727,26,52,0,0
111,61,1,902,902,225,225,225,225,0,0
111,62,6.99,3131,6528,783,1632,783,1632,0,0
111,63,1.59,120,241,116,232,1,3,0,0
111,64,1.18,123,246,68,137,18,37,0,0
111,96,33.07,4761,8319,1551,3065,2571,4121,0,0
111,97,3.76,709,1355,233,465,337,613,0,0
111,108,1.08,267,535,0,0,267,535,0,0
111,109,7.18,2514,4529,465,804,1762,3400,0,0
111,110,0.75,305,610,0,0,305,610,0,0
111,125,3.05,324,662,81,165,81,165,0,0
111,69,2,210,594,53,148,53,148,0,0
111,87,1,65,130,16,33,16,33,0,0
111,90,1,65,131,16,33,16,33,0,0
111,95,3,455,818,214,404,81,138,0,0
112,6,18.41,2278,4308,629,1321,1473,2802,0,0
112,7,0.57,67,134,67,133,0,0,0,0
112,10,0.26,82,163,0,0,82,163,0,0
112,17,5.7,1160,2272,412,811,249,487,0,0
112,19,3,205,390,184,362,7,9,0,0
112,25,18,2809,5056,1156,2271,1287,2133,0,0
112,28,7.42,2626,4451,211,422,2324,3846,0,0
112,32,4.19,968,2226,526,1343,306,611,0,0
112,33,0.81,1037,2073,0,0,1037,2073,0,0
112,37,0.97,53,107,0,0,0,0,0,0
112,38,0.03,2,3,0,0,0,0,0,0
112,47,3.31,999,2105,250,525,250,525,0,0
112,48,10.85,2695,5245,1020,2010,537,1043,0,0
112,51,1.71,554,1108,139,277,139,277,0,0
112,0,6.96,538,1035,435,859,35,59,0,0
112,2,0.41,7,7,0,0,0,0,0,0
112,15,1.65,253,253,215,215,0,0,0,0
112,43,0.01,4,12,0,0,4,12,0,0
112,71,1,242,242,242,242,0,0,0,0
112,79,5,2444,4184,406,637,1686,3196,0,0
112,96,2.97,1236,2381,89,267,969,1581,0,0
112,97,4.06,1331,2665,102,203,1096,2194,0,0
112,98,5.97,1380,3201,599,1308,178,467,0,0
112,108,2,945,1892,0,0,945,1892,0,0
112,120,12,1059,2039,480,941,193,367,0,0
112,84,1,43,43,11,11,11,11,0,0
112,85,0.51,329,752,29,29,240,663,0,0
112,86,7.72,1404,3313,278,551,973,2482,0,0
113,0,26.39,2772,5135,2139,3927,196,387,0,0
113,2,0.59,10,10,0,0,0,0,0,0
113,6,6.34,654,1667,302,831,118,280,0,0
113,14,1,46,46,12,12,12,12,0,0
113,15,6.35,748,1441,423,837,75,140,0,0
113,28,6.23,610,745,592,718,6,9,0,0
113,36,5,831,1410,114,114,626,1205,0,0
113,43,0.99,393,1177,0,0,393,1177,0,0
113,44,10.01,2986,5861,494,962,2389,4746,0,0
113,47,0.83,537,1610,134,403,134,403,0,0
113,3,2,154,308,143,287,4,7,0,0
113,5,0.66,51,102,13,26,13,26,0,0
113,16,1.99,1084,2494,0,0,1084,2494,0,0
113,17,2.07,249,308,107,166,47,47,0,0
113,23,0.01,4,8,4,8,0,0,0,0
113,48,1,95,190,24,47,24,47,0,0
113,67,4,388,757,166,326,74,143,0,0
113,71,2,250,499,62,125,62,125,0,0
113,85,2.77,1444,1444,361,361,361,361,0,0
113,91,7.13,1417,2426,246,614,866,1061,281,842
113,92,1.82,299,774,247,669,0,0,0,0
113,106,1.69,811,1621,0,0,811,1621,0,0
113,120,5.01,2146,5544,450,901,1400,4053,0,0
113,54,1,50,100,13,25,13,25,0,0
113,55,0.35,175,175,44,44,44,44,0,0
113,56,3.51,1310,2438,328,609,328,609,0,0
113,68,0.36,56,112,14,28,14,28,0,0
113,69,0.77,118,236,30,59,30,59,0,0
113,75,3.69,530,888,355,666,63,84,0,0
113,113,1,40,40,10,10,10,10,0,0
114,0,39.58,5004,9083,3569,6490,873,1653,0,0
114,1,8.64,1840,3492,256,344,1539,3071,0,0
114,2,6,3964,11862,18,50,3907,11714,0,0
114,4,7.48,2766,5518,353,706,2308,4610,0,0
114,7,3.69,1256,2513,352,703,639,1277,0,0
114,8,12.31,746,1469,604,1209,28,56,0,0
114,9,1,26,52,7,13,7,13,0,0
114,16,2.01,548,1621,4,9,535,1596,0,0
114,17,10.26,4091,9699,843,1795,724,1558,0,0
114,22,19.55,1433,2571,877,1610,141,251,0,0
114,23,6.43,797,1579,752,1501,15,26,0,0
114,28,7.35,2016,3549,402,740,1518,2712,0,0
114,31,14,2284,5464,1409,3487,292,659,0,0
114,38,0.61,147,295,0,0,147,295,0,0
114,39,4.39,1294,2577,639,1274,513,1022,0,0
114,42,1,175,350,44,87,44,87,0,0
114,43,1,71,141,0,0,0,0,0,0
114,44,1,1325,2649,0,0,1325,2649,0,0
114,5,4.33,827,2185,788,2095,4,11,0,0
114,14,0.43,60,119,60,119,0,0,0,0
114,15,11.52,1164,1861,1066,1723,22,36,0,0
114,18,8.86,4651,10192,1163,2548,1163,2548,0,0
114,19,2.83,1008,2017,10,21,977,1955,0,0
114,35,4.25,985,1893,577,1136,20,22,0,0
114,56,1.13,510,1272,128,318,128,318,0,0
114,59,9,1324,2515,595,1156,243,453,0,0
114,69,5.87,271,544,68,136,68,136,0,0
114,72,13.22,2806,6092,1043,2134,1258,2843,0,0
114,73,1.78,447,1049,53,86,288,790,0,0
114,74,1,1233,2466,0,0,1233,2466,0,0
114,75,6.32,3006,5774,388,539,2618,5235,0,0
114,91,7.9,2980,6144,447,1081,2383,4766,0,0
114,92,2.15,689,1528,171,505,508,1013,0,0
114,100,1,64,127,16,32,16,32,0,0
114,106,6.8,2480,5533,157,295,2284,5199,0,0
114,114,10.99,2172,4439,811,1644,498,1021,0,0
114,57,0.87,366,729,0,0,366,729,0,0
114,58,3.5,635,1218,424,836,70,128,0,0
114,61,1,48,48,12,12,12,12,0,0
114,66,1,86,171,21,43,21,43,0,0
114,70,1.43,86,86,59,59,0,0,0,0
114,71,0.57,79,79,79,79,0,0,0,0
114,107,0.35,18,18,5,5,5,5,0,0
114,118,2.56,1599,3982,231,401,1022,2897,0,0
114,119,0.02,43,130,0,0,43,130,0,0
115,0,29.55,2865,4168,2618,3719,82,150,0,0
115,1,10.61,869,1557,742,1365,15,31,0,0
115,3,3.06,198,339,115,229,60,63,0,0
115,4,26.88,5988,11824,813,1833,4697,8911,0,0
115,5,36.77,3192,6061,2316,4236,268,612,0,0
115,6,0.59,100,200,100,200,0,0,0,0
115,8,9.36,1474,2944,506,1010,842,1683,0,0
115,14,0.45,74,74,74,74,0,0,0,0
115,15,7.59,964,2292,817,2065,25,27,0,0
115,17,2.55,2058,4543,508,1123,533,1173,0,0
115,18,10.8,5037,11406,861,2054,2454,5242,0,0
115,19,1.29,742,1484,0,0,742,1484,0,0
115,35,2.75,175,361,152,307,8,18,0,0
115,36,1,176,352,44,88,44,88,0,0
115,37,1,35,70,9,17,9,17,0,0
115,7,5.77,1447,2724,200,394,1194,2237,0,0
115,9,1,29,29,7,7,7,7,0,0
115,16,1,21,21,5,5,5,5,0,0
115,22,2.38,282,530,248,496,0,0,0,0
115,24,6.09,1133,2382,230,588,707,1411,0,0
115,55,0.8,432,864,40,80,311,623,0,0
115,56,0.7,359,719,90,180,90,180,0,0
115,57,1.08,401,458,0,0,401,458,0,0
115,58,15.58,2353,5129,1362,3192,342,658,0,0
115,59,2.97,111,111,28,28,28,28,0,0
115,68,1,10,10,2,2,2,2,0,0
115,69,16.01,2346,5860,902,2097,480,1253,829,2368
115,83,3.42,373,705,223,436,40,69,0,0
115,84,9.58,1279,2529,846,1686,127,248,0,0
115,86,9.32,1391,3063,647,1365,248,566,0,0
115,97,0.24,125,125,31,31,31,31,0,0
115,98,0.76,388,388,97,97,97,97,0,0
115,104,7.7,3426,6663,62,124,3240,6291,0,0
115,105,9.83,1954,3605,646,1285,1052,1828,0,0
115,106,12.82,2101,3812,280,549,1280,2259,0,0
115,107,1,360,360,2,2,352,352,0,0
115,114,1,55,111,14,28,14,28,0,0
115,118,2.11,1079,3054,65,131,954,2860,0,0
115,119,1.31,201,413,186,372,12,34,0,0
115,64,3,982,1965,420,841,187,375,0,0
115,65,1,87,174,87,174,0,0,0,0
115,78,0.02,9,17,0,0,9,17,0,0
115,79,0.98,473,946,0,0,473,946,0,0
115,87,4.69,1225,2538,270,563,674,1371,0,0
116,1,1,184,369,46,92,46,92,0,0
116,5,1.89,350,777,109,296,0,0,0,0
116,6,18.01,1637,3109,1415,2793,68,99,0,0
116,7,13.94,2882,5310,919,2014,1546,2113,0,0
116,8,9.07,3500,7123,422,767,2770,5608,0,0
116,10,3.03,679,1331,217,405,444,888,0,0
116,17,12.88,1483,2956,921,1840,567,1129,0,0
116,18,16.1,2452,5017,872,1247,1316,3386,0,0
116,19,17.24,2353,5659,1004,2052,1017,2858,0,0
116,20,51.77,4619,8940,2487,4904,693,1316,0,0
116,22,1.62,103,175,72,144,0,0,0,0
116,24,2.81,851,1789,119,357,700,1400,0,0
116,25,3.81,561,1086,28,49,503,997,0,0
116,26,12.28,1727,3287,488,935,681,1319,0,0
116,47,1,47,93,12,23,12,23,0,0
116,49,22,3814,8987,1631,3568,688,1729,0,0
116,50,3,450,661,443,654,2,2,0,0
116,3,13.34,1332,2545,498,1029,194,421,0,0
116,9,3.25,297,431,288,421,3,3,0,0
116,11,0.13,5,11,1,3,1,3,0,0
116,13,1,28,28,7,7,7,7,0,0
116,15,1,152,303,152,303,0,0,0,0
116,16,0.34,97,290,24,72,24,72,0,0
116,21,1,279,558,70,140,70,140,0,0
116,41,1,91,182,23,45,23,45,0,0
116,52,7,1507,2989,231,455,814,1622,0,0
116,55,4.62,1909,3780,128,257,1525,3010,0,0
116,65,2,459,917,143,285,0,0,0,0
116,78,1,542,1084,0,0,542,1084,0,0
116,80,5.59,1241,2482,365,730,755,1511,0,0
116,81,1.41,1113,2226,0,0,1113,2226,0,0
116,86,1,188,376,47,94,47,94,0,0
116,87,4,933,1842,352,697,194,381,0,0
116,94,1,139,279,34,70,34,70,0,0
116,97,4.61,1262,1605,137,274,1112,1303,0,0
116,104,0.98,2075,4152,0,0,2075,4152,0,0
116,105,0.02,44,88,0,0,44,88,0,0
116,106,8.81,1232,2451,554,1104,226,449,0,0
116,118,1.63,1260,3188,0,0,1260,3188,0,0
116,119,14.49,3939,8275,668,1271,2991,6572,0,0
116,54,0.25,61,123,0,0,61,123,0,0
116,67,1,34,34,9,9,9,9,0,0
116,96,0.55,916,1831,0,0,916,1831,0,0
116,122,0.34,22,44,6,11,6,11,0,0
116,124,0.1,34,69,0,0,34,69,0,0
116,125,2.81,952,1903,0,0,952,1903,0,0
117,0,1,27,53,6,13,6,13,0,0
117,3,5.65,378,691,244,471,22,27,0,0
117,4,13.02,1040,2627,764,2072,49,97,0,0
117,5,37.2,3157,5752,2303,4268,320,557,0,0
117,6,2.99,602,1185,602,1185,0,0,0,0
117,8,21.14,1794,3503,1415,2797,106,211,0,0
117,9,41.29,2751,5880,2360,5164,111,190,0,0
117,10,12.05,1632,3521,423,932,638,1332,0,0
117,11,8.26,497,1006,185,372,104,210,0,0
117,12,16.01,2519,4785,1350,2656,558,1071,0,0
117,13,1.84,336,585,83,146,83,146,0,0
117,16,33.8,3403,7472,2506,5290,721,1906,0,0
117,17,60.61,6246,12131,5298,10165,300,640,0,0
117,18,64.48,5669,10223,5277,9556,121,202,0,0
117,19,20.86,5655,14562,725,1646,4270,11212,0,0
117,20,37.39,5446,11993,3903,9015,506,984,0,0
117,21,26.45,3196,6484,2400,4904,217,433,0,0
117,49,3.05,450,900,113,225,113,225,0,0
117,50,4.95,796,1857,398,1061,133,266,0,0
117,7,9.4,793,1282,626,967,39,72,0,0
117,22,6,496,992,391,781,35,70,0,0
117,30,6,1092,1999,487,789,604,1209,0,0
117,35,1,131,131,33,33,33,33,0,0
117,43,1,18,18,5,5,5,5,0,0
117,55,10.64,2345,5148,647,1424,1020,2306,0,0
117,62,11.39,1045,1784,439,843,87,139,0,0
117,63,9.07,776,1251,589,1001,39,39,0,0
117,95,4,280,475,215,408,22,23,0,0
117,96,5.45,2654,5532,60,181,2473,4987,0,0
117,97,35.8,4709,8540,1012,1967,2725,4782,0,0
117,98,4.3,1945,3807,0,0,1945,3807,0,0
117,118,1.85,2008,4017,0,0,2008,4017,0,0
117,119,1.02,425,435,0,0,425,435,0,0
117,122,1.66,109,219,28,54,28,54,0,0
117,124,2.18,597,1366,0,0,597,1366,0,0
117,125,8.91,1623,3224,396,885,1011,1983,0,0
117,54,1,151,302,151,302,0,0,0,0
117,65,0.04,1,1,0,0,0,0,0,0
117,67,1,49,98,12,25,12,25,0,0
117,69,4.38,568,1387,222,586,112,255,0,0
117,85,1,21,62,0,0,0,0,0,0
118,3,4.83,894,2107,482,1304,137,268,357,1047
118,5,16.24,1988,3501,1368,2561,206,314,0,0
118,6,12.22,1303,2489,1127,2235,44,70,0,0
118,7,20.5,2214,4023,1379,2406,248,485,0,0
118,8,16.62,1624,3055,1194,2259,211,400,0,0
118,9,19.47,1651,3433,1163,2377,117,283,0,0
118,10,60,3294,7278,2472,5667,250,537,15,15
118,11,27.5,3688,7344,2404,4604,560,1409,0,0
118,12,9.72,711,1521,321,760,131,254,0,0
118,13,3.01,151,504,35,118,47,154,0,0
118,16,69.88,5142,11559,3924,8894,203,429,0,0
118,17,37.9,3528,6866,3249,6313,53,108,0,0
118,18,51.45,4335,8550,4096,8044,63,124,0,0
118,19,64.78,6267,12131,4156,8010,1752,3480,0,0
118,20,21.68,7740,20544,1717,3215,5980,17280,0,0
118,21,67.14,5393,10347,4976,9588,226,441,0,0
118,22,54.69,3826,7441,3460,6853,116,189,0,0
118,23,16.74,1170,2303,991,1978,55,105,0,0
118,29,5.64,658,1217,299,575,120,215,0,0
118,30,13,2907,5030,583,1162,1884,2995,0,0
118,41,3.51,313,566,15,15,267,520,0,0
118,14,2.79,211,422,207,415,1,2,0,0
118,15,6.89,753,1762,646,1471,27,78,0,0
118,40,3.33,457,925,133,269,319,641,0,0
118,43,2,1107,2215,521,1041,587,1173,0,0
118,54,1,90,90,22,22,22,22,0,0
118,62,9.05,2761,6463,824,1885,999,2236,0,0
118,63,7.48,702,1196,559,957,44,71,0,0
118,65,10.6,1001,1864,843,1661,26,26,0,0
118,67,7.61,654,1283,448,891,24,43,0,0
118,69,1.62,119,340,68,200,17,47,0,0
118,70,2,52,202,41,192,3,3,38,189
118,71,7,2500,5795,472,1142,1391,2980,0,0
118,97,14.18,4505,9305,605,1210,3440,7173,0,0
118,98,3.11,1516,2222,0,0,1516,2222,0,0
118,122,4.49,6248,13332,68,136,6044,12925,0,0
118,123,0.5,277,553,69,138,69,138,0,0
118,126,1,17,33,4,8,4,8,0,0
118,58,0.41,223,445,56,111,56,111,0,0
118,64,2.52,424,849,289,579,45,90,0,0
118,66,9.38,1107,2145,762,1456,256,513,0,0
118,68,6,437,874,213,426,36,73,0,0
118,106,0.02,8,16,2,4,2,4,0,0
119,1,16.39,1584,2793,1261,2302,144,270,0,0
119,2,22.62,2975,5894,1537,3203,921,1810,0,0
119,3,1.17,62,99,15,25,15,25,0,0
119,4,2.99,1176,3225,301,602,874,2622,0,0
119,5,1.34,258,430,129,301,43,43,0,0
119,7,1.56,195,214,182,186,5,9,0,0
119,9,5.56,121,187,31,47,31,47,0,0
119,10,15.71,1057,2160,672,1455,73,139,0,0
119,11,125.96,6384,13931,5050,11689,176,232,0,0
119,12,20.01,9189,33069,540,1210,8148,30682,0,0
119,13,13.36,17198,68248,55,108,17033,67924,0,0
119,14,27.16,4053,9229,1942,4053,1483,3847,0,0
119,15,53.32,6190,15514,4418,11848,1302,2659,0,0
119,16,38.81,4357,12141,1423,3958,2134,6022,251,1006
119,17,4.21,186,620,67,216,40,135,110,439
119,18,21.09,1583,3754,1428,3419,43,104,0,0
119,19,65.56,5946,11360,5693,10928,63,109,0,0
119,20,26.02,4086,8902,1474,3115,1801,4165,0,0
119,21,43.31,3667,7106,3284,6395,195,389,0,0
119,22,36.39,2697,5147,2414,4615,44,81,0,0
119,23,12.85,944,1845,400,791,181,352,0,0
119,24,17.44,1435,2467,469,727,321,579,0,0
119,26,4,506,1345,30,61,416,1162,0,0
119,29,1.37,434,868,294,588,47,94,0,0
119,40,8.16,755,1408,358,690,242,459,0,0
119,41,2,464,829,25,25,390,755,0,0
119,43,2,568,1135,0,0,568,1135,0,0
119,8,0.14,2,2,0,0,0,0,0,0
119,25,5,1529,3388,135,354,1122,2327,0,0
119,37,1,46,93,12,23,12,23,0,0
119,42,0.96,73,89,4,8,4,8,0,0
119,58,5.59,1639,3100,599,1152,347,649,0,0
119,60,7.43,1615,3210,976,1948,213,421,0,0
119,64,14.81,1959,3877,1482,2963,146,291,0,0
119,65,17.8,2117,3633,1905,3228,66,129,0,0
119,66,40.8,4464,7945,3764,6765,122,205,0,0
119,67,48.01,5372,9774,3699,7059,641,1038,0,0
119,68,81.87,6800,15642,4030,9322,497,1075,249,997
119,69,7.16,609,1182,538,1072,13,26,0,0
119,71,3.24,1090,2117,60,120,122,181,0,0
119,72,2.83,1644,3287,148,296,1200,2399,0,0
119,74,5,650,1284,163,321,163,321,0,0
119,81,0.52,1050,2099,0,0,1050,2099,0,0
119,89,9.97,2632,5265,1036,2072,993,1988,0,0
119,99,0.65,50,100,13,25,13,25,0,0
119,100,5.35,504,881,248,465,39,45,0,0
119,106,1.98,916,1832,229,459,229,459,0,0
119,59,0.21,129,213,32,53,32,53,0,0
119,75,3,1035,2070,112,224,878,1757,0,0
119,82,0.48,966,1933,0,0,966,1933,0,0
119,93,1,38,77,10,19,10,19,0,0
119,103,1.96,264,491,183,366,15,30,0,0
119,104,3.42,477,955,295,590,61,122,0,0
119,122,1,32,32,8,8,8,8,0,0
120,1,2.22,326,632,5,5,269,532,0,0
120,2,19.06,2251,4115,1821,3261,28,56,0,0
120,3,4.92,348,619,271,537,7,9,0,0
120,4,32,3091,6039,2195,4351,261,494,0,0
120,6,2,334,902,260,754,25,50,0,0
120,9,8.88,676,1569,554,1447,19,19,0,0
120,10,12.19,2996,5819,181,318,2618,5193,0,0
120,11,10.85,2798,5745,642,1481,1749,3496,0,0
120,12,27.31,2386,5914,1482,3764,651,1584,0,0
120,13,16.92,4938,12310,2147,4841,1889,4719,0,0
120,14,26.93,5555,11916,2387,4819,2524,5825,0,0
120,15,84.72,8412,22140,4672,12079,2792,8185,0,0
120,16,156.86,9891,26155,7511,20725,619,1485,0,0
120,17,34.08,2449,7914,1366,4048,379,1336,900,4085
120,18,31.25,2232,5032,1157,2893,813,1694,24,71
120,19,11.72,762,1685,396,1083,155,299,0,0
120,21,11.76,5991,17910,200,400,5774,17478,0,0
120,22,23.76,3485,7344,2119,3252,1273,3974,0,0
120,24,1.02,448,1218,31,62,354,1031,0,0
120,36,39.15,3485,6661,1828,3615,950,1862,0,0
120,38,1,47,94,12,24,12,24,0,0
120,41,4,912,1779,228,445,228,445,0,0
120,42,2.04,833,2008,207,501,207,501,0,0
120,7,0.28,10,10,3,3,3,3,0,0
120,20,5.68,639,1075,549,906,4,4,0,0
120,23,18.76,1126,2304,854,1694,133,360,0,0
120,37,13.24,1117,1892,392,699,419,751,0,0
120,59,2.12,1787,3096,119,119,1429,2739,0,0
120,60,5.08,3664,7811,245,490,3419,7321,0,0
120,65,2,229,431,203,405,0,0,0,0
120,66,13.37,976,1672,643,1139,111,178,0,0
120,67,50.65,4618,8773,2371,4596,987,1877,0,0
120,68,59.9,5503,11562,3150,6627,966,2116,331,875
120,69,0.85,272,543,68,136,68,136,0,0
120,71,1.93,233,398,50,91,82,123,0,0
120,72,5,592,1013,232,421,120,197,0,0
120,82,1.84,815,2091,258,517,492,1444,0,0
120,83,5.33,1044,2131,378,903,209,396,0,0
120,89,1.02,585,1171,1,1,583,1167,0,0
120,102,2,632,1252,0,0,632,1252,0,0
120,103,2.18,2652,5303,270,539,2382,4764,0,0
120,121,0.96,37,37,9,9,9,9,0,0
120,122,2.04,72,72,18,18,18,18,0,0
120,73,1.08,58,99,30,71,9,9,0,0
120,74,11.68,938,1252,859,1141,19,30,0,0
120,75,8.9,1411,3035,963,2214,268,537,0,0
120,76,9.61,1043,2023,878,1756,34,68,0,0
120,77,1,28,112,7,28,7,28,28,112
120,81,2.62,4037,11124,442,1080,2710,7884,0,0
121,1,0.78,937,1874,0,0,937,1874,0,0
121,2,1,38,38,10,10,10,10,0,0
121,5,5.77,933,2194,2,2,927,2188,0,0
121,6,6.24,937,2366,172,461,529,1250,0,0
121,7,0.72,26,26,7,7,7,7,0,0
121,9,2.12,62,67,20,26,14,14,0,0
121,10,5.96,1074,2147,665,1331,136,272,0,0
121,11,33.77,3361,6807,2912,5927,141,278,0,0
121,12,76.48,7071,15104,5576,12631,334,532,0,0
121,13,163.74,12036,32992,7061,19582,2256,5892,0,0
121,14,197.01,11696,31902,7562,22201,3121,7636,0,0
121,15,101.68,9929,31482,4886,16078,3889,12603,0,0
121,16,163.79,11759,34246,8716,26311,1030,2573,0,0
121,17,151.81,11072,30867,7577,20701,1346,4424,0,0
121,18,58.09,5370,14168,2906,7655,855,2385,0,0
121,19,29.06,2309,4884,1915,3893,285,807,0,0
121,20,68.9,6342,12282,5665,11066,261,528,0,0
121,21,13.61,10677,38551,718,1432,9943,37096,0,0
121,22,61.44,7127,18062,4740,8560,2154,9156,0,0
121,23,40.99,5473,12731,2404,4809,2810,7392,0,0
121,24,9.44,3121,6972,48,103,2977,6663,0,0
121,25,2.05,498,1238,60,181,317,695,0,0
121,26,4.11,408,887,267,551,47,112,0,0
121,36,14.98,1222,2360,994,1968,91,161,0,0
121,37,3.62,239,408,75,131,18,18,0,0
121,40,1,147,295,37,74,37,74,0,0
121,31,0.59,1683,3366,0,0,1683,3366,0,0
121,32,6.48,3361,7548,219,505,2705,6032,0,0
121,33,8.8,2515,6130,103,185,2280,5726,0,0
121,59,1.16,785,1570,0,0,785,1570,0,0
121,67,8.5,1153,2667,733,1562,129,358,0,0
121,68,16.01,2524,4893,1776,3398,236,471,0,0
121,69,1.7,410,821,248,498,54,108,0,0
121,73,13.18,1664,3350,1184,2562,52,71,0,0
121,74,58.46,4212,6548,3384,5261,107,141,0,0
121,75,63.09,5933,12490,3804,8433,826,1791,0,0
121,76,21.65,2145,4150,1363,2530,170,320,0,0
121,77,3.24,466,823,216,288,72,144,0,0
121,81,0.21,212,635,53,159,53,159,0,0
121,92,0.92,616,1233,154,308,154,308,0,0
121,93,1.08,290,581,250,500,13,27,0,0
121,95,2,876,876,219,219,219,219,0,0
121,103,0.44,1145,2291,0,0,1145,2291,0,0
121,118,0.79,34,69,9,17,9,17,0,0
121,119,3.21,420,789,241,481,43,86,0,0
121,65,1.61,135,217,42,80,30,45,0,0
121,66,0.95,232,695,232,695,0,0,0,0
121,70,6.67,1561,3610,390,902,390,902,0,0
121,71,1.24,277,637,214,449,21,63,0,0
121,82,1.22,63,118,58,113,2,2,0,0
121,106,3,349,670,218,429,44,81,0,0
121,122,0.77,1582,3163,0,0,1582,3163,0,0
122,8,2.66,1566,3549,0,0,1566,3549,0,0
122,9,18.3,2999,6677,693,1769,1538,3094,0,0
122,10,7.37,1950,8632,1944,8619,0,0,0,0
122,11,68.07,5933,13674,5352,12775,64,117,0,0
122,12,35.97,4344,12536,3634,11359,166,309,0,0
122,13,66.42,8995,23111,3343,7667,620,1255,0,0
122,14,61.2,7991,25453,3420,11075,2416,7479,0,0
122,15,157.39,17171,56338,9940,34559,5899,17804,0,0
122,16,217.79,20916,69687,10989,37518,9438,31346,0,0
122,17,112.91,14811,51499,5711,18921,7668,27826,372,1834
122,18,75.72,14121,53735,6385,21757,2738,11509,0,0
122,19,70.65,4680,11039,3468,7881,398,1222,0,0
122,20,45.85,5489,12338,3149,6460,1883,5098,0,0
122,21,6.79,3930,9644,165,329,3437,8657,0,0
122,22,3.81,4185,10220,1,1,4182,10217,0,0
122,24,0.37,66,132,0,0,66,132,0,0
122,31,1.41,1170,2319,5,5,1154,2303,0,0
122,32,0.51,68,68,17,17,17,17,0,0
122,33,3.2,515,739,76,79,288,503,0,0
122,48,2.56,729,1634,441,941,78,213,219,597
122,49,3.37,1614,4760,393,1180,393,1180,831,2490
122,50,5,616,1200,370,732,28,47,0,0
122,30,1,48,97,12,24,12,24,0,0
122,40,2.22,708,1415,0,0,708,1415,0,0
122,47,5.95,749,1498,260,521,163,326,0,0
122,64,1.62,2057,4287,43,129,1928,3900,0,0
122,65,7.81,3515,7591,517,1175,2179,4498,0,0
122,69,3.38,295,417,154,265,47,51,0,0
122,70,1,427,427,107,107,107,107,0,0
122,71,5.09,200,424,64,134,45,97,0,0
122,74,108.5,8308,20456,4817,11622,1061,2255,613,3066
122,75,55.49,4030,9338,2841,6565,217,474,0,0
122,76,12.85,1590,3383,888,2081,213,392,32,32
122,82,2.76,572,1141,295,589,1,1,0,0
122,84,10,1855,4089,448,913,819,1963,0,0
122,94,1.5,1874,3748,0,0,1874,3748,0,0
122,95,3.5,1244,2313,299,554,833,1621,0,0
122,100,5,2132,4263,425,849,1369,2737,0,0
122,101,4,733,1466,371,742,121,241,0,0
122,112,1.42,1103,2205,408,815,232,463,0,0
122,113,1.58,262,524,249,496,5,9,0,0
122,116,10,1563,2891,337,614,827,1593,0,0
122,122,1.23,2475,4950,0,0,2475,4950,0,0
122,73,2.93,450,961,118,251,111,237,0,0
122,77,1.04,62,124,16,31,16,31,0,0
122,81,0.48,99,196,24,49,24,49,0,0
122,87,1,112,225,28,56,28,56,0,0
122,93,0.98,428,855,33,65,330,660,0,0
123,9,1.61,256,736,27,80,43,96,0,0
123,10,3.71,1287,5727,1229,5554,19,58,0,0
123,11,43.55,5066,18994,4790,18632,20,28,0,0
123,12,14.93,9969,25996,2587,6718,2460,6426,0,0
123,13,45.62,6283,14894,2647,5247,1068,2856,0,0
123,14,89.14,7678,18470,4570,10794,1029,2582,0,0
123,15,117.63,10231,29841,5679,16983,3269,9473,0,0
123,16,152.22,15308,48516,9604,30787,3899,13914,0,0
123,17,152.84,17244,54603,8764,26849,6250,18542,1054,6322
123,18,144.39,10230,28420,7564,21553,1441,4171,0,0
123,19,85.24,6292,14967,4560,10799,500,1394,0,0
123,20,70.89,5901,12653,4542,9567,481,1014,0,0
123,21,0.24,39,79,39,79,0,0,0,0
123,40,10.77,3862,7665,475,943,3224,6441,0,0
123,46,1,39,77,10,19,10,19,0,0
123,47,1.07,61,122,15,31,15,31,0,0
123,48,2.05,427,622,7,14,406,580,0,0
123,22,3.51,798,1836,515,1259,93,189,0,0
123,23,1,8,8,2,2,2,2,0,0
123,39,3,1034,2069,0,0,1034,2069,0,0
123,42,1.51,1322,2643,0,0,1322,2643,0,0
123,43,7.49,1962,3889,631,1254,755,1502,0,0
123,55,6,1340,2264,335,566,335,566,0,0
123,64,1,41,41,10,10,10,10,0,0
123,74,16.17,1562,3133,1185,2360,64,138,0,0
123,75,3.87,324,326,313,314,4,4,0,0
123,76,0.79,186,373,26,52,26,52,0,0
123,78,11.86,1009,1869,487,937,398,757,0,0
123,80,1,349,698,349,698,0,0,0,0
123,81,14.45,2091,3994,670,1309,430,830,0,0
123,82,26.09,2455,4856,1247,2559,146,253,0,0
123,88,4.26,843,1585,601,1203,100,200,0,0
123,92,0.24,255,511,0,0,255,511,0,0
123,93,4.78,908,1815,217,435,595,1191,0,0
123,94,1,17,34,0,0,0,0,0,0
123,100,14,2773,6717,574,1231,1469,3862,0,0
123,108,3.31,539,1073,161,321,307,612,0,0
123,110,6.91,1277,1885,507,802,509,613,0,0
123,122,1,257,770,64,193,64,193,0,0
123,53,2.01,175,314,140,270,12,14,0,0
123,54,2,162,324,161,322,0,1,0,0
123,77,0.49,292,582,0,0,290,580,0,0
123,90,2.54,146,272,110,216,12,19,0,0
123,107,9.69,1332,2640,445,884,295,584,0,0
123,111,0.09,36,36,0,0,36,36,0,0
123,123,0.87,179,358,51,102,12,25,0,0
124,0,14.01,1626,2833,1118,2326,170,170,0,0
124,1,4,215,423,158,314,6,10,0,0
124,11,7,274,508,220,437,9,15,0,0
124,12,16.2,3358,7582,2411,4936,302,854,0,0
124,13,87.57,8383,17974,5292,11019,589,1117,0,0
124,14,101.61,7907,16185,6130,13115,740,1374,0,0
124,15,69.04,6107,18031,3791,11509,1055,3353,0,0
124,16,66.43,8208,28119,4357,15490,1480,4685,0,0
124,17,82.95,7031,19396,4486,12858,1741,5163,95,380
124,18,86.06,6673,16989,4672,12692,1229,2778,50,201
124,19,52.19,3775,7812,3234,6808,97,188,0,0
124,20,36.73,4757,10752,3515,7447,484,1263,0,0
124,22,8.49,1215,2850,577,1532,203,410,0,0
124,27,4.92,2832,7995,238,470,2443,7262,0,0
124,45,3,738,1448,398,796,104,208,0,0
124,23,4.99,848,1845,337,711,325,687,0,0
124,28,0.1,277,832,0,0,277,832,0,0
124,33,0.23,84,252,21,63,21,63,0,0
124,50,0.57,908,1816,0,0,908,1816,0,0
124,51,1.06,97,182,5,5,87,172,0,0
124,52,4,158,303,149,289,3,5,0,0
124,53,2.99,1551,3068,388,767,388,767,0,0
124,74,0.48,115,228,115,228,0,0,0,0
124,75,1,14,14,0,0,0,0,0,0
124,77,0.25,165,330,0,0,165,330,0,0
124,78,3.4,310,356,205,215,15,30,0,0
124,82,1,376,753,94,188,94,188,0,0
124,88,4.74,1235,2470,57,114,1064,2129,0,0
124,90,15.47,1698,3564,1003,2061,215,483,0,0
124,100,1,1288,2576,322,645,322,645,0,0
124,105,6.89,2118,4348,779,1670,447,892,0,0
124,106,1.11,98,174,25,44,24,43,0,0
124,123,1.13,256,512,74,148,13,26,0,0
124,56,1.6,658,1301,80,241,417,578,0,0
124,57,0.26,118,118,0,0,118,118,0,0
124,63,4.22,1151,2667,657,1405,164,421,0,0
124,85,0.54,658,1318,0,0,658,1318,0,0
124,117,4.23,601,1172,150,293,150,293,0,0
125,2,1.31,551,1101,0,0,551,1101,0,0
125,5,8.03,451,834,342,667,37,56,0,0
125,6,14.97,1172,2184,957,1903,37,60,0,0
125,8,3.03,1154,2309,32,63,1058,2118,0,0
125,9,3.42,292,569,248,492,3,3,0,0
125,10,10.58,3139,8463,474,995,2189,6422,0,0
125,11,0.93,5186,15558,0,0,5186,15558,0,0
125,12,12.7,3531,8867,148,287,3313,8455,0,0
125,13,53.35,5274,10475,3387,6780,1068,2144,0,0
125,14,55.66,9310,24971,3423,7694,4501,14121,0,0
125,15,54.59,8941,26081,3615,9728,2583,7636,0,0
125,16,26.15,5393,17530,2358,6918,1125,3761,0,0
125,17,22.89,6398,19705,1486,2727,895,2531,0,0
125,18,29.37,7223,17459,1470,3238,4976,12250,0,0
125,19,46.44,4675,9807,4355,9276,37,53,0,0
125,20,39.59,4272,10563,4029,10037,55,123,0,0
125,21,54.9,3649,7018,1558,3075,609,1179,0,0
125,23,0.01,1,2,0,0,0,0,0,0
125,27,7.95,2115,4581,410,820,1578,3508,0,0
125,28,0.03,87,262,0,0,87,262,0,0
125,33,3.77,412,1063,103,265,103,265,0,0
125,35,8,1223,2551,378,852,282,567,0,0
125,36,7,327,591,106,222,73,123,0,0
125,37,4,339,828,142,285,16,31,0,0
125,39,1,70,140,18,35,18,35,0,0
125,50,6.01,1101,1743,296,476,570,1026,0,0
125,51,11.5,4648,6785,1080,1366,2283,3995,0,0
125,3,0.69,293,586,0,0,293,586,0,0
125,30,9.24,1332,2024,517,807,400,534,0,0
125,31,2,708,1213,0,0,708,1213,0,0
125,52,0.85,12,12,3,3,3,3,0,0
125,56,7.17,2487,4622,303,618,1792,3223,0,0
125,57,1.96,859,1292,108,216,535,644,0,0
125,63,0.78,715,2860,178,715,178,715,0,0
125,71,16,3059,6405,1042,2435,671,1323,0,0
125,73,0.99,1638,3275,0,0,1638,3275,0,0
125,74,1.85,312,1156,0,0,0,0,312,1156
125,75,0.15,46,183,0,0,0,0,46,183
125,85,8.47,1948,3718,520,995,862,1679,0,0
125,90,4,1716,3431,696,1391,341,681,0,0
125,92,20,2819,5639,874,1747,639,1277,0,0
125,113,5,210,210,53,53,53,53,0,0
125,114,17.07,1336,2360,1047,2021,105,146,0,0
125,117,3.75,1359,2708,385,767,297,591,0,0
125,118,6.02,1098,2155,533,1055,345,680,0,0
125,53,1.4,716,1432,178,358,178,358,0,0
125,64,1.06,194,388,48,97,48,97,0,0
125,81,3,832,1574,271,542,561,1032,0,0
125,112,0.21,4,7,1,2,1,2,0,0
125,115,3.27,448,813,284,486,161,321,0,0
125,127,1,175,350,44,88,44,88,0,0
126,3,4,667,1333,182,371,439,886,0,0
126,6,3,910,2539,768,2256,47,94,0,0
126,8,3.8,794,1588,198,397,198,397,0,0
126,11,18.02,3115,6310,643,1378,2054,4102,0,0
126,12,34.06,9738,25845,2464,4788,6885,20323,0,0
126,13,40.94,7140,16147,4169,7823,2698,7943,0,0
126,14,72.27,7889,17939,5155,12464,2092,4344,0,0
126,15,61.53,5508,11222,4313,8631,781,1837,0,0
126,16,9.81,829,1897,695,1698,4,9,0,0
126,17,21.82,5740,12544,1529,2590,659,1278,0,0
126,18,38.11,9696,24893,2244,4348,6978,19669,0,0
126,19,55.25,5625,12401,5028,11284,177,343,0,0
126,20,59.51,5672,13976,5430,13562,68,126,0,0
126,21,14.83,1331,2656,1041,2139,29,51,0,0
126,30,1.76,443,472,2,3,438,462,0,0
126,35,1,576,1153,144,288,144,288,0,0
126,36,5.99,1572,3533,551,848,792,2270,0,0
126,44,1.68,62,84,44,46,3,5,0,0
126,45,1.32,55,110,3,6,3,6,0,0
126,7,1,25,25,0,0,0,0,0,0
126,25,4,966,1804,241,450,241,450,0,0
126,28,1,48,48,12,12,12,12,0,0
126,51,0.87,210,419,210,419,0,0,0,0
126,53,0.6,258,517,65,129,65,129,0,0
126,56,0.01,1,1,1,1,0,0,0,0
126,64,5.94,865,1801,489,997,125,268,0,0
126,75,7.39,742,1270,358,582,128,229,0,0
126,108,9,1539,3037,498,1048,601,1002,0,0
126,112,22.87,1699,3358,1362,2722,102,202,0,0
126,113,12.06,725,1258,565,921,33,73,0,0
126,114,29.69,4568,8746,1759,3197,1930,3851,0,0
126,115,1.96,600,1137,162,260,438,876,0,0
126,116,2,487,974,144,289,8,16,0,0
126,120,2.2,197,326,49,81,49,81,0,0
126,123,2,206,412,95,189,37,74,0,0
126,124,1,271,541,68,135,68,135,0,0
126,59,3.92,1510,4934,377,1234,377,1234,505,2020
126,65,4.76,728,1403,182,351,182,351,0,0
126,66,0.24,100,201,25,50,25,50,0,0
126,87,0.81,49,97,12,24,12,24,0,0
126,121,4.12,1636,3733,365,691,840,2255,0,0
126,122,1.88,809,1619,3,5,802,1604,0,0
127,2,2.88,298,483,167,333,6,12,0,0
127,3,4.12,373,839,254,531,40,103,0,0
127,4,12.23,3548,7482,638,1262,2781,5988,0,0
127,8,4.17,3216,6432,127,254,2835,5669,0,0
127,9,11.96,897,1731,669,1326,28,45,0,0
127,10,23.28,2453,4525,1684,3146,163,280,0,0
127,11,37.11,4277,8338,2892,5688,829,1639,0,0
127,12,62.31,6271,12285,4771,9376,629,1242,0,0
127,13,37.7,5079,10326,3045,6318,619,1277,0,0
127,14,64.35,6322,13203,3728,8346,2113,4184,0,0
127,15,51.88,4491,8324,4130,7694,102,178,0,0
127,16,66.03,4983,9197,3952,7384,235,430,0,0
127,17,2.35,3736,8631,319,926,319,926,0,0
127,18,15.54,2719,5650,606,1378,1237,2615,0,0
127,19,30.08,5439,10618,1351,2673,3802,7574,0,0
127,20,44.75,3879,7429,3457,6704,71,115,0,0
127,28,6,1235,2162,532,1056,416,551,0,0
127,44,8.19,2598,5338,203,414,2153,4423,0,0
127,49,3,1367,3678,279,559,992,2928,0,0
127,51,1.13,123,245,54,108,23,46,0,0
127,1,5.78,336,518,210,365,29,37,0,0
127,24,0.08,10,21,10,21,0,0,0,0
127,42,2.88,193,270,136,155,19,38,0,0
127,43,1.92,420,825,368,721,17,35,0,0
127,59,2.08,77,330,19,82,19,82,62,294
127,66,1,27,27,0,0,0,0,0,0
127,67,1,178,357,178,357,0,0,0,0
127,70,5,522,957,197,306,108,217,0,0
127,73,4.03,740,1246,198,338,117,176,0,0
127,74,2.97,259,369,50,78,50,78,0,0
127,75,9.61,926,1547,422,768,148,219,0,0
127,87,0.19,11,23,3,6,3,6,0,0
127,90,7.11,1970,3939,775,1550,488,977,0,0
127,91,0.89,1123,2247,0,0,1123,2247,0,0
127,111,4,387,683,300,595,4,4,0,0
127,112,13.65,1052,1750,449,847,105,160,0,0
127,113,81.68,6556,12953,3749,7715,997,1918,0,0
127,114,29.62,2102,4021,1515,3003,78,105,0,0
127,121,2.68,1579,4311,40,79,1459,4072,0,0
127,122,1.12,339,682,56,113,170,344,0,0
127,125,2,136,182,11,23,101,113,0,0
127,56,2,172,308,145,280,9,9,0,0
127,115,1.17,36,36,0,0,0,0,0,0
8,5,2.12,112,173,75,136,13,13,0,0
8,15,7.42,1320,2640,468,936,284,567,0,0
8,16,9.58,4005,8719,1051,2279,985,2147,0,0
8,20,2.38,608,1197,53,100,450,896,0,0
8,21,5.62,2458,4375,424,714,1185,2234,0,0
8,23,8.43,1363,3151,402,970,321,727,0,0
8,24,0.02,7,21,2,5,2,5,0,0
8,29,5.25,1646,2333,602,797,348,511,0,0
8,30,12.59,2796,6307,981,2370,579,1261,0,0
8,32,0.05,9,27,2,7,2,7,0,0
8,37,6.26,1808,3958,631,1347,392,870,0,0
8,41,1,5829,11658,0,0,5829,11658,0,0
8,43,0.14,139,416,35,104,35,104,0,0
8,47,34.56,2430,4984,1544,3573,213,290,0,0
8,6,0.88,469,938,469,938,0,0,0,0
8,10,1,260,521,0,0,260,521,0,0
8,33,4.25,401,942,328,819,17,33,0,0
8,34,3.37,217,382,110,208,36,58,0,0
8,48,5.07,340,816,229,673,85,96,0,0
8,49,6.27,581,1162,225,451,57,114,0,0
8,50,1.09,375,749,115,230,87,173,0,0
8,51,0.21,53,105,13,26,13,26,0,0
8,54,4,1710,6092,208,416,1365,5402,0,0
8,55,28.11,1732,3892,982,2351,243,501,0,0
8,60,0.24,14,14,4,4,4,4,0,0
8,81,21.08,1243,1248,1182,1182,20,22,0,0
8,82,48.1,5300,8188,4356,6465,279,502,0,0
8,83,2.17,195,308,27,54,0,0,0,0
8,84,7.16,1654,3570,121,307,1291,2648,0,0
8,85,2.03,2196,3259,0,0,2196,3259,0,0
8,87,0.04,23,47,0,0,23,47,0,0
8,96,2,655,1005,88,175,393,480,0,0
8,97,3,241,414,60,103,60,103,0,0
8,98,1.57,147,295,110,220,12,25,0,0
8,99,13.77,3625,7747,756,1677,2558,5475,0,0
8,100,2.66,773,2199,83,162,683,2030,0,0
8,103,8,1076,2116,336,665,702,1396,0,0
8,105,10.02,667,1234,329,642,32,55,0,0
8,106,7.35,826,1449,446,694,52,105,0,0
8,111,13,2519,5019,706,1408,1511,3017,0,0
8,114,7,1291,2440,444,853,646,1256,0,0
8,117,3.62,286,497,71,124,71,124,0,0
8,121,1.03,1242,3727,0,0,1242,3727,0,0
8,122,9.97,2770,3852,461,918,2272,2897,0,0
8,125,1.76,449,897,29,59,360,720,0,0
8,126,0.01,20,40,0,0,20,40,0,0
8,74,1,6,6,2,2,2,2,0,0
8,91,0.34,168,337,0,0,168,337,0,0
8,92,2.66,978,1936,5,5,963,1921,0,0
9,5,1.13,1308,6008,0,0,1308,6008,0,0
9,6,3.86,1300,4785,0,0,1300,4785,0,0
9,21,4.65,2109,5939,108,229,1783,5252,0,0
9,22,28.66,4404,10418,1552,3725,939,2285,0,0
9,26,12.99,1459,3313,774,1642,152,416,0,0
9,28,10,1191,2227,483,857,97,179,0,0
9,33,16.79,1712,3549,636,1313,301,644,0,0
9,34,9.86,744,1857,266,591,79,216,0,0
9,46,18.8,2139,7050,913,2554,409,1499,0,0
9,47,64.26,4841,9460,4351,8588,138,233,0,0
9,48,26.35,3528,7113,1260,2154,1121,3194,0,0
9,49,36.37,4625,9264,2205,4667,1835,3648,0,0
9,50,36.51,3766,7681,2463,4887,817,2004,0,0
9,51,36,3718,7436,2214,4636,441,872,0,0
9,8,0.4,47,93,47,93,0,0,0,0
9,9,1.17,313,809,124,293,82,208,0,0
9,10,5.2,531,1282,343,852,63,143,0,0
9,13,2.44,180,359,142,285,11,21,0,0
9,14,2.52,262,521,260,519,1,1,0,0
9,20,1,2069,6206,517,1551,517,1551,0,0
9,25,1.01,28,55,8,16,7,13,0,0
9,27,3,171,341,133,267,13,25,0,0
9,32,4.91,2093,4046,523,1012,523,1012,0,0
9,45,0.46,42,127,42,127,0,0,0,0
9,81,37.9,2806,4604,2458,4213,59,73,0,0
9,82,49.39,4015,6984,3476,6264,121,173,0,0
9,87,2,431,1059,282,613,50,149,0,0
9,90,26,2740,5897,672,1556,1494,3331,0,0
9,91,8,1110,2203,121,238,929,1853,0,0
9,104,6.36,634,918,95,119,348,562,0,0
9,105,8.29,1102,2030,393,690,642,1250,0,0
9,106,12.97,908,1748,586,1156,87,157,0,0
9,116,7,2253,5465,365,970,1294,2828,0,0
9,123,3,149,429,136,404,4,8,0,0
9,52,2.3,40,60,25,45,5,5,0,0
9,69,0.02,45,90,0,0,45,90,0,0
9,70,2.41,1740,4482,433,1299,927,2044,0,0
9,80,11.71,1352,2464,975,1916,71,128,0,0
9,83,6.25,573,1097,534,1055,13,14,0,0
9,84,6.18,982,1328,67,122,922,1246,0,0
9,86,1,45,179,0,0,0,0,0,0
9,93,2,205,410,201,402,1,3,0,0
9,117,4,515,997,158,316,108,216,0,0
9,120,6.74,709,1371,592,1172,39,66,0,0
9,122,5.56,2392,5023,202,405,1785,3808,0,0
10,9,8.13,2058,4745,237,631,1348,2853,0,0
10,10,10.11,2131,4662,189,427,1562,3380,0,0
10,13,20.19,1835,3443,813,1618,120,232,0,0
10,14,36.86,2370,4685,1585,3154,230,447,0,0
10,20,1,380,1140,95,285,95,285,0,0
10,22,16.7,2279,4667,987,2072,414,850,0,0
10,25,8,607,1153,271,527,43,71,0,0
10,32,3.08,1276,2553,319,638,319,638,0,0
10,33,0.72,84,168,21,42,21,42,0,0
10,45,13.6,2569,5016,814,1608,537,1054,0,0
10,46,2.39,589,1178,400,799,63,126,0,0
10,47,51.72,4062,8070,3404,7015,151,257,0,0
10,48,167.74,11316,30347,6846,17482,2589,6971,644,3222
10,49,72.77,5379,11957,3267,7818,827,1646,0,0
10,50,26.26,2157,4619,1684,3768,69,127,0,0
10,51,31.54,5641,11053,2562,4918,3016,6025,0,0
10,1,6,689,1522,137,310,58,152,0,0
10,8,1.29,1359,2718,0,0,1359,2718,0,0
10,21,1.72,833,1366,208,342,208,342,0,0
10,23,1.21,116,232,114,228,1,1,0,0
10,27,0.12,8,12,2,3,2,3,0,0
10,28,6.15,489,722,272,479,72,81,0,0
10,52,2,155,311,137,273,0,0,0,0
10,65,9,2647,5376,424,1001,2022,4020,0,0
10,66,1,73,147,18,37,18,37,0,0
10,69,6.46,2664,6061,481,1145,1222,2628,0,0
10,70,18.42,3236,6948,792,1827,1293,2687,0,0
10,71,2,141,281,131,262,3,6,0,0
10,76,2,29,29,8,8,8,8,0,0
10,81,4.6,274,496,219,427,16,20,0,0
10,82,12.53,1254,2484,1079,2157,53,104,15,15
10,83,1.61,115,230,80,160,12,24,0,0
10,84,3.82,671,1315,0,0,671,1315,0,0
10,90,0.63,49,49,12,12,12,12,0,0
10,91,0.37,29,29,7,7,7,7,0,0
10,93,6.9,1553,2919,140,233,1312,2578,0,0
10,106,1,320,640,320,640,0,0,0,0
10,113,13.19,1954,3943,645,1535,996,1686,0,0
10,120,0.26,37,73,25,49,4,8,0,0
10,121,2,224,440,218,434,2,2,0,0
10,122,7.15,708,1357,537,1070,26,47,0,0
10,123,3.29,600,1179,584,1164,5,5,0,0
10,95,5.49,1022,1824,415,775,161,267,0,0
10,108,9,1497,2941,157,301,915,1818,0,0
11,5,4,351,702,300,600,17,34,0,0
11,8,7.54,2732,6645,328,790,1762,4300,0,0
11,13,28.37,2355,4528,839,1632,499,952,0,0
11,21,0.01,5,5,1,1,1,1,0,0
11,22,0.02,3,5,3,5,0,0,0,0
11,23,0.04,5,10,5,10,0,0,0,0
11,27,9.93,2425,4813,666,1324,586,1163,0,0
11,28,11.11,1174,2074,725,1429,86,151,0,0
11,45,0.01,6,12,1,3,1,3,0,0
11,46,2.8,1672,4479,204,408,112,224,0,0
11,47,28.41,2279,4774,1021,2354,705,1390,0,0
11,48,113.61,6937,16464,4576,11043,266,600,0,0
11,49,42.48,4275,8319,3182,6203,471,918,0,0
11,50,22.12,2139,4456,2075,4326,22,43,0,0
11,51,0.01,27,55,0,0,27,55,0,0
11,7,0.2,163,490,0,0,163,490,0,0
11,14,0.63,37,74,9,18,9,18,0,0
11,26,0.04,25,49,6,12,6,12,0,0
11,69,1.69,1496,3451,115,343,1153,2420,0,0
11,70,4,1426,2851,85,169,1189,2378,0,0
11,74,13.4,2221,3491,796,1500,1016,1424,0,0
11,75,1.95,850,1282,0,0,850,1282,0,0
11,80,3,194,388,170,340,8,16,0,0
11,86,6.87,2855,7290,126,377,2729,6913,0,0
11,93,8.51,773,1422,348,665,114,195,0,0
11,94,4,1023,2048,196,392,671,1340,0,0
11,95,4.51,800,1328,338,461,405,792,0,0
11,110,12,448,867,337,670,15,25,0,0
11,113,2.81,416,832,104,208,104,208,0,0
11,55,2,175,316,141,283,0,0,0,0
11,57,0.01,10,20,0,0,10,20,0,0
11,58,6.55,2409,4655,378,590,1769,3537,0,0
11,62,1,244,1220,244,1220,0,0,244,1220
11,81,1,307,615,0,0,0,0,0,0
11,87,0.13,35,71,0,0,35,71,0,0
11,109,1,41,41,10,10,10,10,0,0
11,115,6,522,1043,230,460,92,184,0,0
12,8,15.96,3331,7548,544,1226,2263,5000,0,0
12,22,3.72,2114,5428,239,490,1395,3957,0,0
12,23,0.31,155,461,18,54,100,301,0,0
12,28,27.05,2621,4637,2239,4033,121,161,0,0
12,46,5.19,1085,1933,250,441,250,441,0,0
12,47,4.34,433,1073,154,427,75,192,0,0
12,48,13.62,1179,2307,934,1857,24,36,0,0
12,49,52.62,3984,7627,3336,6616,109,204,0,0
12,50,33.21,3291,6720,3077,6307,56,92,0,0
12,51,1.72,2189,6407,665,1839,507,1523,0,0
12,2,2,223,873,56,218,56,218,217,866
12,21,0.83,634,634,158,158,158,158,0,0
12,26,1.93,531,1029,133,257,133,257,0,0
12,27,0.07,35,70,9,18,9,18,0,0
12,30,2.23,130,172,33,43,33,43,0,0
12,33,3.11,815,2097,204,525,204,525,0,0
12,53,3.99,3807,9968,146,439,3368,8652,0,0
12,54,22,2900,5893,1225,2583,1286,2567,0,0
12,58,2.44,451,903,102,205,7,14,0,0
12,62,6.28,928,1773,232,443,232,443,0,0
12,63,8,369,739,92,185,92,185,0,0
12,74,11.65,2398,4600,13,13,2360,4562,0,0
12,86,3,218,218,202,202,5,5,0,0
12,92,0.67,47,94,0,0,0,0,0,0
12,93,2.93,432,866,409,819,0,0,0,0
12,120,8,746,1155,316,418,143,245,0,0
12,126,3.72,1352,2702,138,275,1211,2422,0,0
12,127,6.4,1372,2461,232,394,872,1674,0,0
12,59,4,235,381,128,253,10,17,0,0
12,87,4,236,473,188,376,16,32,0,0
12,89,1,77,153,19,38,19,38,0,0
12,94,0.02,23,92,0,0,23,92,0,0
12,103,1,14,14,0,0,0,0,14,14
12,113,1,4,4,1,1,1,1,0,0
12,121,0.14,63,63,0,0,63,63,0,0
13,1,1,46,138,11,34,11,34,0,0
13,2,14.99,2060,4276,720,1480,326,691,0,0
13,5,6,1460,3049,149,331,1012,2057,0,0
13,16,1,75,226,0,0,0,0,75,226
13,22,5.41,926,1689,549,1057,126,211,0,0
13,23,4.88,638,1033,365,670,91,121,0,0
13,27,4.65,1714,3427,246,490,1217,2435,0,0
13,28,44.28,5185,10368,4461,9023,228,426,0,0
13,29,16.39,1318,2674,918,1965,78,127,0,0
13,30,5.05,879,2090,240,481,178,456,0,0
13,31,4.72,1069,2998,24,49,283,823,0,0
13,33,6.89,1366,3352,342,838,342,838,0,0
13,41,11,1797,3515,780,1648,307,590,0,0
13,42,5,1946,4193,486,1048,486,1048,0,0
13,48,1,35,69,9,17,9,17,0,0
13,49,27.71,2294,4608,1824,3762,71,131,0,0
13,50,23.51,3438,6853,3173,6347,82,163,0,0
13,17,1,16,48,4,12,4,12,0,0
13,18,0.01,3,9,1,2,1,2,0,0
13,21,2.24,282,552,116,229,3,3,0,0
13,56,19.77,3517,6934,1084,2164,839,1593,0,0
13,58,0.86,120,241,30,60,30,60,0,0
13,59,1.14,165,329,150,300,5,10,0,0
13,62,8.72,1888,4350,495,1133,435,1013,0,0
13,66,0.01,1,2,1,2,0,0,0,0
13,67,3.37,1223,2446,261,521,962,1925,0,0
13,68,0.2,43,85,37,74,6,11,0,0
13,80,5,1967,3899,244,479,1706,3403,0,0
13,83,11,1494,3481,339,736,943,2205,0,0
13,84,9,1453,2988,230,451,1173,2457,0,0
13,85,1.34,1371,2743,0,0,1371,2743,0,0
13,86,6.66,1977,4507,489,977,1277,3108,0,0
13,92,1,212,636,53,159,53,159,0,0
13,93,10.58,2534,6563,415,962,1640,4620,0,0
13,94,1.4,1004,3225,0,0,1004,3225,0,0
13,110,7,766,2217,495,1544,17,35,240,960
13,113,5.05,4406,9066,205,474,4040,8145,0,0
13,121,6.85,1849,2964,317,774,1176,1478,0,0
13,123,10,1596,3239,644,1457,775,1533,0,0
13,126,5.75,1183,2364,456,913,688,1376,0,0
13,127,7.12,729,1588,436,864,17,25,0,0
13,63,1,208,415,52,104,52,104,0,0
13,96,0.95,551,1102,0,0,551,1102,0,0
13,97,2.04,2126,6246,13,13,2087,6207,0,0
13,101,4.78,1712,3420,1,1,1710,3418,0,0
13,108,5,690,1519,282,713,127,249,0,0
13,120,3,1272,1571,299,597,974,974,0,0
14,17,33.05,3045,6205,919,1952,709,1417,0,0
14,18,5.94,872,1982,452,964,140,340,0,0
14,21,6.41,1128,2511,226,451,323,646,128,511
14,22,6.2,1222,3213,352,991,290,741,0,0
14,26,2.9,1214,2929,306,737,303,731,0,0
14,27,23.18,2787,5680,1391,2927,575,1137,0,0
14,28,49.78,5370,10706,3486,6923,552,1114,0,0
14,29,72.65,6058,12728,3727,8199,874,1726,0,0
14,43,15.88,1610,3157,787,1566,226,443,0,0
14,44,3.95,365,721,225,448,41,79,0,0
14,46,4,2311,4601,0,0,2290,4580,21,21
14,49,2.32,139,278,75,150,6,12,0,0
14,30,38.61,2720,5736,844,1784,692,1395,0,0
14,31,7.99,754,1604,435,894,107,237,0,0
14,33,0.28,121,242,30,60,30,60,0,0
14,37,12,2619,5354,472,868,1482,3028,0,0
14,56,3.24,556,1113,498,996,19,39,0,0
14,67,0.42,417,834,0,0,417,834,0,0
14,80,0.01,2,4,0,0,2,4,0,0
14,94,1,66,66,16,16,16,16,0,0
14,97,4.01,1341,2970,223,511,674,1437,0,0
14,101,6.22,595,1176,367,731,191,379,0,0
14,108,4,512,965,41,42,452,904,18,18
14,109,7,611,1205,500,996,37,70,0,0
14,112,6.95,2853,5707,148,296,2694,5386,0,0
14,113,21.74,7478,12994,334,690,6745,11460,0,0
14,121,4.99,3562,7125,155,310,3332,6664,0,0
14,69,0.02,3,6,3,6,0,0,0,0
14,73,6,1336,2201,5,5,1320,2186,0,0
14,74,0.08,92,185,0,0,92,185,0,0
14,76,3.44,429,1122,277,714,102,306,0,0
14,87,5,453,905,146,292,15,29,0,0
14,98,1,432,864,0,0,432,864,0,0
14,114,0.21,112,112,0,0,112,112,0,0
15,4,5.03,596,1191,458,917,45,91,0,0
15,14,27,1427,2800,725,1439,207,404,0,0
15,21,3,1030,2880,414,1034,205,616,0,0
15,22,1,35,104,9,26,9,26,0,0
15,28,32.94,3476,6650,2329,4461,372,707,0,0
15,29,70.5,6857,14541,3362,7163,1432,2959,0,0
15,30,156.55,11365,26991,4115,9605,2668,5914,677,2600
15,31,10.57,1101,2392,246,538,97,241,0,0
15,32,4,1584,2067,483,966,1101,1101,0,0
15,33,5.71,2211,4259,553,1065,553,1065,0,0
15,43,2,91,183,19,38,19,38,0,0
15,44,2.18,42,74,6,10,6,10,0,0
15,50,11,1111,2626,531,1328,193,432,0,0
15,3,5.32,610,1220,303,606,89,178,0,0
15,13,1,13,13,3,3,3,3,0,0
15,15,1,69,138,0,0,0,0,0,0
15,16,2,182,362,182,362,0,0,0,0
15,41,2.56,602,714,234,345,123,123,0,0
15,62,1,46,92,11,23,11,23,0,0
15,69,4.98,1118,2138,379,751,224,440,0,0
15,73,8.67,1582,3067,253,492,1301,2548,0,0
15,74,0.25,277,554,0,0,277,554,0,0
15,76,7.56,1712,4006,239,687,1442,3287,0,0
15,97,10.44,1254,3231,415,944,458,1295,0,0
15,98,1.89,798,2104,69,134,591,1702,0,0
15,104,6,1191,2361,485,965,235,465,0,0
15,112,34.04,4554,8623,720,1319,3023,5927,0,0
15,113,6.01,813,1312,432,785,127,175,0,0
15,115,0.05,19,37,5,9,5,9,0,0
15,116,3.95,787,1575,377,753,137,274,0,0
15,121,0.01,30,59,0,0,30,59,0,0
15,52,1.51,347,694,347,694,0,0,0,0
15,58,9,2281,6250,645,1711,502,1424,0,0
15,59,5,316,627,256,511,20,39,0,0
15,78,1,911,2732,0,0,911,2732,0,0
15,95,30.64,2421,2945,2158,2680,88,88,0,0
15,96,9.94,1054,1080,1015,1023,13,19,0,0
16,3,26.16,3121,6613,2021,4101,316,782,0,0
16,4,7.48,545,1007,432,847,33,49,0,0
16,12,0.59,643,1286,0,0,643,1286,0,0
16,13,18.42,2965,5890,354,698,2083,4156,0,0
16,15,16,1559,3035,825,1628,245,468,0,0
16,16,2,159,318,133,266,9,17,0,0
16,27,3.27,394,887,253,532,47,119,0,0
16,28,22.16,3884,7755,2658,5311,409,815,0,0
16,29,23.33,2668,5302,1580,3168,338,686,0,0
16,30,8.81,1645,2611,449,730,398,627,0,0
16,35,8.76,3113,6121,469,911,1968,3908,0,0
16,41,0.44,87,173,87,173,0,0,0,0
16,11,6,413,820,103,205,103,205,0,0
16,32,1.27,68,134,18,34,17,33,0,0
16,47,8.37,1045,2032,329,643,239,463,0,0
16,48,9.63,837,1633,316,622,174,337,0,0
16,50,2.16,674,1315,169,328,169,328,0,0
16,52,17.47,4696,9199,1555,2938,1037,2077,0,0
16,53,6.08,465,930,122,254,114,226,0,0
16,78,12,2041,3645,685,1120,1018,1978,0,0
16,86,2,342,476,186,320,52,52,0,0
16,89,4.04,228,394,137,270,16,27,0,0
16,90,2.41,419,665,419,665,0,0,0,0
16,94,42.6,3435,6494,3044,5777,93,173,0,0
16,95,32.57,2728,4805,1160,1701,647,1305,0,0
16,96,11.09,2268,5260,888,1338,25,29,0,0
16,97,10.27,5533,15896,198,395,5335,15501,0,0
16,98,1.41,555,1566,12,12,518,1529,0,0
16,101,12.07,1185,2883,486,1194,222,564,0,0
16,105,3.6,553,1168,337,691,72,159,63,189
16,106,6.4,979,2436,218,554,327,774,477,1431
16,54,2.74,2913,10374,78,311,2836,10063,0,0
16,58,9.22,1117,2443,430,911,230,510,0,0
16,63,1,51,101,13,25,13,25,0,0
16,91,3.06,200,373,27,43,17,33,0,0
16,93,17.97,1218,2338,1048,2079,46,75,0,0
16,102,1,249,497,242,484,7,13,0,0
16,109,7.29,1424,2429,371,637,637,1168,0,0
16,119,5.18,1646,2963,199,394,1437,2560,0,0
17,2,1,517,1034,129,259,129,259,0,0
17,3,1,466,466,0,0,466,466,0,0
17,8,14.99,3746,6109,61,128,3387,5374,0,0
17,9,1.18,1726,3524,0,0,1726,3524,0,0
17,11,19,1640,3552,833,1966,225,442,0,0
17,27,4.36,5371,19203,17,33,5321,19104,0,0
17,28,2.64,994,2913,0,0,994,2913,0,0
17,31,15,1246,2664,863,1713,37,61,0,0
17,32,6.73,809,1264,614,905,55,109,0,0
17,35,2.24,256,688,226,659,10,10,0,0
17,36,5,1386,2770,629,1257,252,505,0,0
17,45,22.14,3626,8847,1276,2680,1687,4818,0,0
17,50,0.84,459,919,115,230,115,230,0,0
17,4,3.75,1263,2527,59,118,1087,2174,0,0
17,5,5.51,766,1349,270,495,314,583,0,0
17,21,0.18,41,83,41,83,0,0,0,0
17,44,10.06,597,997,363,678,78,106,0,0
17,54,1.19,1466,6734,0,0,1466,6734,0,0
17,58,5.79,944,1593,515,957,144,213,0,0
17,66,1,2,2,1,1,1,1,0,0
17,70,0.16,77,155,0,0,77,155,0,0
17,71,5.85,1271,2543,223,445,945,1890,0,0
17,86,10.01,2115,3585,230,442,1841,3093,0,0
17,89,3,219,410,56,103,56,103,0,0
17,90,2.51,253,422,191,360,21,21,0,0
17,93,40.68,4816,8821,4000,7478,271,446,0,0
17,94,143.76,9907,20290,7167,15558,948,1971,0,0
17,95,94.41,8730,18186,4877,9724,2335,4654,614,2386
17,96,27.17,2917,5771,1771,3037,879,2285,0,0
17,101,1.91,1064,2129,0,0,1064,2129,0,0
17,102,0.03,12,25,0,0,12,25,0,0
17,103,1,28,111,28,111,0,0,28,111
17,104,10.92,1886,2773,348,493,1130,1871,0,0
17,109,23.61,1819,3064,566,965,687,1241,0,0
17,114,1.13,190,371,181,361,0,0,0,0
17,115,5.87,2001,4043,486,996,486,996,0,0
17,118,0.27,341,682,0,0,341,682,0,0
17,119,0.56,513,1006,0,0,513,1006,0,0
17,63,10.98,992,1912,546,1041,133,258,0,0
17,64,0.28,58,116,58,116,0,0,0,0
17,68,4.05,960,1920,225,451,285,569,0,0
17,85,1,17,17,0,0,0,0,0,0
17,88,1,22,22,0,0,0,0,0,0
17,92,0.02,12,24,3,6,3,6,0,0
18,3,2,940,940,235,235,235,235,0,0
18,4,0.74,290,579,1,3,285,571,0,0
18,8,25.15,2734,5586,1042,2188,1144,2332,0,0
18,9,0.52,1099,2252,0,0,1099,2252,0,0
18,11,1,96,192,24,48,24,48,0,0
18,21,12.82,3425,7664,816,1663,1315,3345,0,0
18,26,2,2174,8296,543,2074,543,2074,0,0
18,36,12.92,4316,7513,1257,2073,2007,3790,0,0
18,37,1.08,1450,2899,163,325,962,1924,0,0
18,44,2.42,714,1415,82,160,626,1248,0,0
18,45,4.38,1095,2167,260,508,811,1635,0,0
18,10,2,563,1126,0,0,563,1126,0,0
18,22,1.12,541,1080,135,270,135,270,0,0
18,31,1,1323,2646,0,0,1323,2646,0,0
18,32,0.08,13,25,13,25,0,0,0,0
18,50,1,378,756,95,189,95,189,0,0
18,63,1.74,311,622,280,561,10,20,0,0
18,64,9.4,4908,13552,459,1154,3533,10091,0,0
18,65,3.33,1101,2971,522,1445,193,508,0,0
18,68,9.83,4552,11529,923,2640,2270,4829,0,0
18,71,2,160,313,154,306,2,2,0,0
18,92,1.82,1669,3281,15,15,1625,3237,0,0
18,93,45.26,4314,8631,2400,5140,719,1348,0,0
18,94,35.35,2629,5988,1390,2962,572,1330,0,0
18,95,5.55,589,1522,42,67,453,1300,0,0
18,96,0.15,23,46,23,46,0,0,0,0
18,104,0.08,12,24,12,24,0,0,0,0
18,109,0.09,1,1,0,0,0,0,0,0
18,110,5,1084,1369,479,758,202,204,0,0
18,119,0.66,542,1627,0,0,542,1627,0,0
18,120,14.36,7064,14385,813,1293,5940,12550,0,0
18,121,1.3,298,658,25,51,222,508,0,0
18,123,3,371,553,215,397,32,32,0,0
18,78,3.1,553,954,386,734,40,42,0,0
18,87,2,41,41,30,30,4,4,0,0
18,88,4,144,144,24,24,24,24,0,0
18,89,1,34,34,8,8,8,8,0,0
18,97,1,420,420,0,0,420,420,0,0
19,5,31.73,3528,7255,1071,2255,1519,3226,0,0
19,8,0.6,20,20,0,0,0,0,0,0
19,9,14.57,1908,3875,711,1365,825,1798,0,0
19,10,15.49,2221,4438,582,1216,1340,2662,0,0
19,18,7.53,1815,3739,765,1672,350,689,0,0
19,19,2.56,873,1550,432,815,147,245,0,0
19,20,1.9,524,703,265,443,86,86,0,0
19,22,2.88,1343,2684,336,671,336,671,0,0
19,32,6.04,975,1950,432,865,537,1075,0,0
19,33,8.87,3529,7010,363,725,2990,5978,0,0
19,39,1,153,307,153,307,0,0,0,0
19,6,3.27,1308,4126,123,300,939,3227,0,0
19,29,0.11,22,45,0,0,22,45,0,0
19,30,8.52,1505,3091,487,974,1007,2095,0,0
19,50,1,113,225,113,225,0,0,0,0
19,64,0.36,65,130,16,31,18,36,0,0
19,65,6.9,712,1424,255,510,152,305,0,0
19,68,0.13,162,486,41,122,41,122,0,0
19,76,8.55,1655,4047,441,878,1097,2939,0,0
19,78,4.9,608,1156,189,363,287,559,0,0
19,92,2,987,987,0,0,987,987,0,0
19,97,12,2624,3857,459,918,1779,2167,0,0
19,98,1,10,10,2,2,2,2,0,0
19,113,3,1994,3988,654,1307,447,893,0,0
19,116,3.44,5527,15975,237,558,4818,14302,0,0
19,117,5.56,1399,2634,488,935,304,566,0,0
19,120,1.55,9152,27098,0,0,9152,27098,0,0
19,121,0.12,1338,4014,0,0,1338,4014,0,0
19,53,1,5,14,1,3,1,3,0,0
19,77,0.13,115,346,0,0,115,346,0,0
19,83,0.13,60,241,60,241,0,0,0,0
19,84,2.25,384,1423,320,1252,21,57,0,0
19,88,0.71,512,1024,128,256,128,256,0,0
19,89,0.29,209,418,52,104,52,104,0,0
19,99,1.49,12,20,3,5,3,5,0,0
19,100,1.2,292,583,62,124,105,210,0,0
19,101,2.38,423,827,106,207,106,207,0,0
19,104,1,22,87,0,0,0,0,0,0
19,124,1.52,92,161,75,144,6,6,0,0
20,5,1,112,223,28,56,28,56,0,0
20,6,2,195,389,179,357,5,11,0,0
20,9,8.52,1865,4289,584,1168,799,2157,0,0
20,11,1,5,5,1,1,1,1,0,0
20,25,15.05,1829,4178,847,2058,239,469,0,0
20,26,2,119,237,30,59,30,59,0,0
20,29,1,456,2284,114,571,114,571,456,2284
20,30,1.37,95,109,86,89,3,7,0,0
20,0,2.63,274,549,224,448,0,0,0,0
20,1,3.37,193,380,188,375,2,2,0,0
20,31,0.37,567,1134,0,0,567,1134,0,0
20,45,10.39,1668,3732,955,2354,210,405,0,0
20,49,7.59,2393,5188,773,1646,540,1181,0,0
20,50,0.42,84,167,83,165,0,1,0,0
20,54,26.89,2747,6766,1306,3240,438,1085,0,0
20,55,5.81,2227,4485,281,640,1852,3697,0,0
20,72,12,1677,3114,620,1181,489,918,0,0
20,76,2.32,204,403,163,325,14,27,0,0
20,78,1,177,353,177,353,0,0,0,0
20,83,2.51,343,1478,165,688,59,264,0,0
20,84,5.11,391,1824,352,1743,5,11,345,1725
20,89,6.12,3513,5150,942,1679,1562,1862,0,0
20,99,8.51,2083,3308,720,1224,455,695,0,0
20,100,9.35,2271,4394,394,752,1323,2608,0,0
20,101,5.07,878,1739,519,1034,119,235,0,0
20,102,5.99,1993,3158,45,89,1948,3069,0,0
20,109,3,249,611,147,408,34,68,0,0
20,124,16.48,2346,4584,1667,3306,227,426,0,0
20,57,1,309,618,77,155,77,155,0,0
20,60,1.75,289,566,280,557,3,3,0,0
20,61,0.12,76,152,19,38,19,38,0,0
20,67,9,1677,3267,636,1252,346,671,0,0
20,71,1,732,2197,0,0,732,2197,0,0
20,88,4.73,399,720,190,361,69,120,0,0
21,0,18,2562,5163,899,1694,1133,2314,0,0
21,1,9,1253,2885,231,504,616,1486,0,0
21,13,1,18,18,0,0,0,0,0,0
21,16,15.83,3987,9998,1108,2730,935,2385,0,0
21,17,9.69,1089,1700,490,862,182,245,0,0
21,24,1.86,291,582,169,338,41,81,0,0
21,25,9.09,927,1978,394,922,178,352,0,0
21,29,10,812,1600,224,490,159,296,0,0
21,30,3,163,395,88,245,19,39,0,0
21,31,0.63,984,1968,0,0,984,1968,0,0
21,41,1,5,5,1,1,1,1,0,0
21,45,10.61,2346,4814,597,1225,531,1092,0,0
21,50,1.03,26,34,7,15,0,0,19,19
21,51,7,995,2447,572,1259,141,396,0,0
21,6,1,219,438,55,109,55,109,0,0
21,27,1.09,519,1038,0,0,519,1038,0,0
21,28,5.18,1867,3695,194,388,1633,3266,0,0
21,54,0.95,311,623,78,156,78,156,0,0
21,55,0.35,376,753,4,8,364,728,0,0
21,56,15,3570,6509,1066,1975,811,1463,0,0
21,60,17.29,3742,7385,1133,2229,1583,3172,0,0
21,61,8.62,2604,6615,769,1876,1286,3601,0,0
21,64,5.11,1592,3184,492,984,366,733,0,0
21,66,6,673,1284,247,479,142,268,0,0
21,71,3,214,409,169,332,15,25,0,0
21,81,3,888,1688,222,422,222,422,0,0
21,86,3,274,539,263,524,4,5,0,0
21,88,2.02,202,403,50,101,50,101,0,0
21,89,0.12,61,121,15,30,15,30,0,0
21,103,24.98,5310,11700,1500,2990,2626,6360,0,0
21,109,3,574,890,337,415,79,158,0,0
21,111,4.58,7495,15541,872,1668,6263,13153,0,0
21,122,4,552,1058,288,564,12,12,0,0
21,63,0.55,125,249,125,249,0,0,0,0
21,104,0.18,24,48,24,48,0,0,0,0
22,6,7,3883,11331,640,1745,2217,6603,0,0
22,16,38.05,3528,7073,1593,3382,723,1405,0,0
22,17,1.42,167,251,84,168,0,0,0,0
22,27,0.95,210,420,0,0,210,420,0,0
22,28,9.78,1009,2013,765,1536,126,256,0,0
22,42,1,25,49,6,12,6,12,0,0
22,50,6.97,1005,1737,553,1039,151,234,0,0
22,51,4.03,3265,8705,139,143,2850,8278,0,0
22,9,3.98,2393,6248,0,0,2393,6248,0,0
22,15,1,119,238,30,59,30,59,0,0
22,60,1.01,1037,3112,0,0,1037,3112,0,0
22,61,0.22,165,495,3,9,156,468,0,0
22,63,0.16,36,71,36,71,0,0,0,0
22,64,0.19,43,86,43,86,0,0,0,0
22,77,5.63,719,1330,397,783,238,464,0,0
22,78,1.37,243,488,113,225,131,263,0,0
22,81,1,15,15,4,4,4,4,0,0
22,86,6.74,3024,5713,271,459,2208,4334,0,0
22,87,0.26,50,50,13,13,13,13,0,0
22,93,16.9,4060,7372,828,1684,3027,5222,0,0
22,94,1.23,826,826,0,0,826,826,0,0
22,100,1,4,4,1,1,1,1,0,0
22,103,1.85,685,1371,171,343,171,343,0,0
22,106,6,2504,4196,746,1291,585,969,0,0
22,111,0.42,450,1349,0,0,450,1349,0,0
22,122,2,1473,2946,0,0,1473,2946,0,0
22,123,2,401,803,401,803,0,0,0,0
22,126,5,1018,1154,491,627,175,175,0,0
22,127,1,38,38,9,9,9,9,0,0
22,52,0.97,546,1091,136,273,136,273,0,0
22,72,0.17,153,458,0,0,153,458,0,0
22,92,2.48,414,1092,19,55,358,926,0,0
22,112,1,132,265,33,66,33,66,0,0
22,113,2.35,181,230,53,64,151,163,0,0
23,9,21.02,3814,7886,1263,2742,1517,3171,0,0
23,22,11,918,1718,438,847,160,291,0,0
23,30,1,424,846,1,1,422,844,0,0
23,31,5.99,857,1801,440,1131,144,234,0,0
23,2,1,44,88,11,22,11,22,0,0
23,3,12.68,2029,4059,1361,2783,185,369,0,0
23,32,7.39,614,1698,229,727,128,323,242,969
23,33,5.61,617,1233,127,293,101,190,26,103
23,46,3,401,714,313,626,0,0,0,0
23,72,6.84,2224,5160,220,425,1977,4708,0,0
23,79,24.46,2316,4552,834,1855,1156,2072,0,0
23,86,5,356,797,200,422,52,126,0,0
23,87,8,2991,5001,391,761,2492,4061,0,0
23,88,2,636,762,0,0,636,762,0,0
23,89,1,25,74,0,0,0,0,0,0
23,91,5,126,331,31,83,31,83,0,0
23,92,2.56,433,866,20,39,374,748,0,0
23,93,1.83,425,910,0,0,425,910,0,0
23,112,2,208,208,139,139,23,23,0,0
23,113,6.65,1329,2046,1063,1692,286,315,0,0
23,122,2,314,628,269,538,0,0,0,0
23,125,11.49,2578,4909,536,1011,1823,3584,0,0
23,126,6.51,1121,2585,205,205,891,2354,0,0
23,70,2.98,580,1344,182,449,127,282,0,0
23,90,1,27,27,7,7,7,7,0,0
23,114,0.67,10,20,3,5,3,5,0,0
23,115,0.33,5,10,1,2,1,2,0,0
24,3,16.57,3129,7245,1160,2753,609,1384,0,0
24,22,7.83,3027,7000,633,1504,1500,3237,0,0
24,27,33,2013,3926,918,1835,269,539,0,0
24,31,10,1223,2436,734,1464,55,108,0,0
24,38,8,1337,2564,311,618,311,618,0,0
24,43,26.39,3953,8000,1270,2563,876,1777,0,0
24,45,21.83,3116,6103,817,1602,1827,3620,0,0
24,46,5.18,1257,2678,314,670,314,670,0,0
24,17,2,256,512,235,469,7,14,0,0
24,53,0.98,887,1773,222,443,222,443,0,0
24,69,1,413,826,0,0,413,826,0,0
24,70,10.03,2224,7643,1509,6098,210,429,521,2084
24,79,2.54,498,996,18,35,446,890,0,0
24,90,2,39,39,10,10,10,10,0,0
24,91,1,42,125,10,31,10,31,0,0
24,95,4,257,513,130,261,17,36,22,43
24,97,1,14,14,4,4,4,4,0,0
24,99,13.78,2747,4519,1373,2447,458,691,0,0
24,100,0.91,915,1830,229,457,229,457,0,0
24,108,6,1646,2673,688,1237,296,453,0,0
24,120,9,636,965,322,558,56,87,0,0
24,121,6,1467,2338,353,571,353,571,0,0
24,125,11.46,2160,4702,223,435,1750,3913,0,0
24,126,16.71,2738,5239,767,1472,1694,3301,0,0
24,54,11.66,1247,2464,600,1192,182,356,0,0
24,61,0.02,3,5,3,5,0,0,0,0
24,82,1.07,547,1144,156,361,130,261,0,0
24,87,4,225,440,146,289,26,50,0,0
24,89,1,313,627,0,0,313,627,0,0
24,113,4,578,954,310,570,89,128,0,0
24,127,1.29,35,35,35,35,0,0,0,0
25,3,30.1,2554,5434,1732,3915,153,266,0,0
25,4,36.37,3418,6390,2691,5219,154,289,0,0
25,5,15.74,1408,2885,1307,2723,8,15,0,0
25,16,16.22,1596,3022,1053,2076,79,130,0,0
25,17,12.79,821,1520,601,1173,72,114,0,0
25,22,0.17,96,289,24,72,24,72,0,0
25,27,1,55,111,14,28,14,28,0,0
25,43,5.61,546,1150,233,580,99,180,0,0
25,48,2.09,1209,3023,418,988,488,1127,0,0
25,49,1.91,1506,3012,205,409,1016,2031,0,0
25,1,0.08,9,9,2,2,2,2,0,0
25,12,3,302,704,167,359,45,115,0,0
25,54,11.36,931,1726,350,666,178,323,0,0
25,56,3.98,569,1138,142,285,142,285,0,0
25,57,2.82,507,1015,127,254,379,759,0,0
25,61,3.98,3520,12647,420,839,2903,11411,0,0
25,62,1,983,2948,0,0,983,2948,0,0
25,80,1,104,104,26,26,26,26,0,0
25,81,0.01,3,13,3,13,0,0,0,0
25,82,0.92,337,1348,337,1348,0,0,0,0
25,89,8,1821,3697,739,1408,1037,2114,0,0
25,91,2,107,397,8,61,8,61,0,0
25,95,2.02,777,1183,48,145,632,748,0,0
25,96,12.98,2901,6359,326,642,2345,5281,0,0
25,97,1,3,7,1,2,1,2,0,0
25,99,1.31,942,1377,236,346,235,344,0,0
25,107,8,1789,3270,603,1128,396,714,0,0
25,108,3,825,1561,512,934,104,209,0,0
25,119,2.2,217,364,196,343,0,0,0,0
25,120,5.8,791,1179,609,955,13,27,0,0
25,126,7.55,1768,3199,405,880,1175,1803,0,0
25,127,0.09,32,96,8,24,8,24,0,0
25,58,0.2,95,191,0,0,95,191,0,0
25,75,1.19,54,108,49,98,2,3,0,0
25,76,0.41,105,210,105,210,0,0,0,0
25,77,2,286,573,187,374,33,66,0,0
25,90,1,27,54,0,0,0,0,0,0
25,109,4.52,677,1114,480,900,66,71,0,0
25,125,1,74,74,18,18,18,18,0,0
26,0,12,1542,3898,397,1082,577,1329,0,0
26,1,1.92,119,119,30,30,30,30,0,0
26,2,36.02,2440,5184,1754,3659,289,616,0,0
26,3,49.46,4990,10983,1707,3566,1208,1896,0,0
26,4,52.18,5214,10728,3843,8050,645,1270,0,0
26,5,28.74,2370,5032,1411,3226,237,434,0,0
26,12,29.42,3287,6593,1671,3387,485,961,0,0
26,13,5.08,289,502,117,216,57,95,0,0
26,14,3,338,587,249,498,0,0,0,0
26,16,18.11,1982,3764,1445,2868,134,247,0,0
26,17,11.88,1370,2510,1185,2324,45,45,0,0
26,42,2.86,3510,7524,126,378,3133,6391,0,0
26,49,3.99,1839,4087,460,1022,460,1022,0,0
26,9,11.04,490,1015,259,599,52,93,0,0
26,10,0.29,13,25,3,6,3,6,0,0
26,15,1,176,528,176,528,0,0,0,0
26,25,1.05,25,65,6,16,6,16,0,0
26,26,0.95,297,892,74,223,74,223,0,0
26,36,7.89,376,682,206,409,27,50,0,0
26,37,2.11,227,436,212,421,3,3,0,0
26,40,3.02,2546,5396,409,1106,1318,2075,0,0
26,41,1.52,1171,2490,111,259,838,1713,0,0
26,47,0.08,4,4,1,1,1,1,0,0
26,57,0.33,97,97,24,24,24,24,0,0
26,58,2.67,709,1219,177,305,177,305,0,0
26,59,0.87,1708,3414,0,0,1708,3414,0,0
26,75,3.81,1217,2434,182,365,990,1981,0,0
26,76,7.6,2095,3285,376,752,1713,2520,0,0
26,77,6.93,1871,4414,244,656,1139,2447,0,0
26,78,15.56,3157,6263,361,721,2726,5400,0,0
26,81,2.93,669,669,168,168,168,168,0,0
26,83,13.46,2146,3904,514,1012,1495,2654,0,0
26,94,2,1110,2220,0,0,1110,2220,0,0
26,100,1.01,1424,2849,0,0,1424,2849,0,0
26,103,3,1137,2775,1137,2775,0,0,0,0
26,109,3.48,1000,1608,331,483,188,340,0,0
26,125,1,39,39,10,10,10,10,0,0
26,126,2.89,621,1340,155,335,155,335,0,0
26,127,2,501,748,310,557,64,64,0,0
26,52,1,34,101,0,0,0,0,0,0
26,53,1,67,67,17,17,17,17,0,0
26,60,0.12,237,475,0,0,237,475,0,0
26,79,0.15,107,107,0,0,107,107,0,0
26,80,0.07,10,10,3,3,3,3,0,0
26,84,2.53,536,1072,0,0,536,1072,0,0
26,90,1,29,29,7,7,7,7,0,0
26,97,1,436,871,109,218,109,218,0,0
26,98,0.09,14,28,14,28,0,0,0,0
26,99,3.99,2302,4149,214,313,1961,3808,0,0
26,101,1.32,361,723,361,723,0,0,0,0
27,1,2,24,24,6,6,6,6,0,0
27,2,41.07,3326,8090,1501,2939,980,3509,0,0
27,3,110.51,8467,19527,4165,10087,2285,5340,0,0
27,4,97.2,7013,15040,4982,10832,873,1881,0,0
27,5,55.87,4288,8423,3748,7667,122,171,0,0
27,7,4.97,582,1056,551,992,11,21,0,0
27,9,23.43,2392,4523,1622,3071,250,478,0,0
27,10,5.25,255,449,174,344,12,20,0,0
27,12,2.5,238,614,86,207,50,136,0,0
27,25,7.01,1089,3769,531,2261,175,481,356,1781
27,26,7,1725,4135,192,555,1150,2471,0,0
27,36,7.14,1091,1719,546,848,350,628,0,0
27,37,14,992,1655,431,780,165,248,0,0
27,40,2.12,932,2169,233,542,233,542,0,0
27,41,0.48,296,813,74,203,74,203,0,0
27,47,0.93,49,49,12,12,12,12,0,0
27,49,1,170,507,168,504,1,1,0,0
27,50,4.98,3159,6319,524,1049,2345,4690,0,0
27,6,7.28,731,1449,487,948,202,407,0,0
27,8,1,119,238,119,238,0,0,0,0
27,58,1.62,549,1098,309,619,80,160,0,0
27,59,9.17,1380,2627,598,1166,624,1200,0,0
27,60,10.74,5252,10504,0,0,5252,10504,0,0
27,70,3.22,1892,3991,93,184,1614,3437,0,0
27,71,6.18,1429,3476,106,262,1110,2685,0,0
27,72,2,127,252,32,63,32,63,0,0
27,75,2,796,2219,188,565,627,1882,0,0
27,76,2,599,599,0,0,599,599,0,0
27,77,11.85,1881,5671,256,620,1338,4255,0,0
27,78,26.65,3720,6798,1317,2475,1873,3267,21,21
27,79,15.64,1959,3876,1236,2635,604,1119,0,0
27,82,1.73,60,111,16,28,16,28,0,0
27,89,6.74,2902,4278,687,1373,2136,2746,0,0
27,90,2.26,677,677,191,191,436,436,0,0
27,98,0.91,139,278,139,278,0,0,0,0
27,99,5,2803,5441,398,755,1609,3176,0,0
27,100,0.08,35,35,9,9,9,9,0,0
27,101,2.61,602,770,245,382,119,129,0,0
27,103,1,22,22,0,0,0,0,0,0
27,112,7,1545,3046,385,762,385,762,0,0
27,119,5,1667,4537,573,1290,366,1083,0,0
27,61,4.08,462,883,14,17,421,831,0,0
27,69,0.61,547,1094,137,273,137,273,0,0
27,83,0.27,18,37,5,9,5,9,0,0
27,94,6.24,3281,3533,246,481,2998,3004,0,0
27,109,5.75,724,1271,449,855,92,139,0,0
27,113,3,577,771,290,484,96,96,0,0
27,118,3,1668,3254,610,1201,352,685,0,0
28,1,21.26,2068,4233,1436,2989,59,116,0,0
28,2,92.01,7384,15887,4803,10623,1118,2334,0,0
28,3,113.8,9633,24621,5900,13714,1547,3737,728,4366
28,4,57.71,7024,14959,3118,6312,2164,5334,0,0
28,5,20.63,3550,9134,1453,3246,1266,3858,0,0
28,6,12.75,896,1706,576,1144,25,40,0,0
28,8,1,5,5,1,1,1,1,0,0
28,14,15,1415,2796,478,982,291,543,0,0
28,20,5.86,901,2006,551,1330,116,225,0,0
28,22,2,613,1226,154,306,154,306,0,0
28,23,2,798,1597,200,399,200,399,0,0
28,35,1.62,851,1861,0,0,851,1861,0,0
28,36,14.94,4641,9290,647,1271,3932,7937,0,0
28,37,0.94,1779,3559,0,0,1779,3559,0,0
28,43,25.74,4255,8807,1729,3505,826,1706,0,0
28,44,0.24,171,342,43,85,43,85,0,0
28,50,4.01,3314,7311,665,1657,1316,2341,0,0
28,15,1,193,385,193,385,0,0,0,0
28,16,3,2302,4604,576,1151,576,1151,0,0
28,21,0.98,1039,2078,260,520,260,520,0,0
28,30,2.08,258,516,101,203,19,38,0,0
28,31,0.92,388,775,377,753,0,0,0,0
28,42,3.72,252,441,198,381,18,20,0,0
28,56,2,163,303,146,286,6,6,0,0
28,57,5,1070,2098,224,438,824,1639,0,0
28,59,1.06,139,279,139,279,0,0,0,0
28,60,4.94,657,1288,637,1268,7,7,0,0
28,61,2.4,193,385,170,339,8,15,0,0
28,76,3,43,86,11,22,11,22,0,0
28,77,15.36,2876,7752,1150,2765,1592,4747,0,0
28,78,26.13,4451,10862,1260,2824,2012,5095,0,0
28,79,5.33,1392,2757,444,884,315,625,0,0
28,94,14.1,3582,7516,486,1081,2451,4929,0,0
28,106,8.59,2419,4791,251,435,1665,3486,0,0
28,109,3.26,1927,4870,15,15,1883,4825,0,0
28,112,1,769,1539,193,384,193,384,0,0
28,58,1,577,1154,0,0,577,1154,0,0
28,73,2.03,281,560,278,554,1,2,0,0
28,75,2,168,336,42,84,42,84,0,0
28,85,8.75,2771,7104,282,615,2362,6131,0,0
28,93,3.03,2134,2192,0,0,2134,2192,0,0
28,105,0.46,480,480,0,0,480,480,0,0
28,121,3.06,660,1413,267,660,131,251,0,0
29,1,0.5,72,145,72,145,0,0,0,0
29,2,46.16,4061,7309,3440,6226,185,330,0,0
29,3,56.87,6289,12402,5548,11045,222,427,0,0
29,4,23.41,4483,11055,1856,3703,2189,6182,0,0
29,5,4.7,1243,2456,30,53,1152,2297,0,0
29,15,1,18,18,0,0,0,0,18,18
29,16,3,1110,2979,278,745,278,745,0,0
29,17,31,2182,5213,819,1950,452,1083,0,0
29,20,3.16,290,580,73,145,73,145,0,0
29,25,17.62,4672,9228,614,1421,3633,7024,0,0
29,30,8.99,1292,2867,542,1386,215,459,0,0
29,31,7,520,1025,239,500,79,146,0,0
29,36,4.35,935,1963,0,0,935,1963,0,0
29,43,1.3,296,592,130,262,55,110,0,0
29,44,1,317,633,79,158,79,158,0,0
29,19,9,888,2325,731,2064,53,87,0,0
29,26,11.05,3143,5284,237,475,2431,3860,0,0
29,49,4,448,1048,107,258,107,258,0,0
29,58,7,1301,2443,894,1747,120,200,0,0
29,60,3.99,389,725,350,686,13,13,0,0
29,71,14,3726,8702,207,378,3127,7610,0,0
29,72,15.41,1733,3013,1633,2870,30,44,0,0
29,73,43.27,4897,9363,3131,5245,183,220,0,0
29,74,63.81,4235,9042,3076,6725,277,613,0,0
29,75,10.53,831,1570,716,1358,3,4,0,0
29,76,57.78,3052,7976,2287,5991,281,1036,241,962
29,77,108.36,10174,25325,5414,13457,2098,5954,0,0
29,78,127.52,10237,24411,7140,18180,747,1677,0,0
29,79,36.6,4348,10361,1867,3662,959,1945,768,3070
29,80,1.54,190,280,48,70,48,70,0,0
29,85,0.25,73,220,18,55,18,55,0,0
29,94,2.44,801,1919,269,765,450,988,0,0
29,105,0.25,261,261,0,0,261,261,0,0
29,106,20.07,5380,11084,1425,2528,2353,5549,0,0
29,107,3.62,571,1085,254,458,106,209,0,0
29,121,2.94,314,777,238,673,25,34,0,0
29,95,1.73,1231,3498,267,605,964,2893,0,0
29,102,1,53,53,53,53,0,0,0,0
29,103,2,344,615,271,542,0,0,0,0
30,2,19.72,1266,2334,1119,2119,12,12,0,0
30,3,59.37,5552,10875,4736,9445,213,417,0,0
30,4,32.78,4941,9835,3629,7251,1083,2151,0,0
30,5,9.67,10124,27905,714,1763,8699,24091,0,0
30,6,1.91,851,2553,213,639,213,639,0,0
30,15,5.81,453,905,176,353,80,161,0,0
30,17,2,263,527,66,132,66,132,0,0
30,23,29.76,2840,5578,1288,2448,503,1024,0,0
30,24,1.42,381,923,91,344,290,580,0,0
30,25,4.84,302,614,277,565,9,16,0,0
30,26,1.47,1676,3338,291,584,800,1587,0,0
30,30,1,419,1259,0,0,419,1259,0,0
30,42,7.47,1958,3894,46,120,1513,2916,0,0
30,45,7,3082,6649,0,0,3082,6649,0,0
30,8,0.41,235,471,41,81,195,389,0,0
30,9,4.84,502,1002,178,356,55,109,0,0
30,14,0.03,6,12,6,12,0,0,0,0
30,41,4.71,615,742,58,79,396,416,0,0
30,51,7.77,2059,4345,274,675,1734,3468,50,199
30,53,21.68,1458,3073,1345,2857,38,71,0,0
30,54,18.14,1199,2411,738,1480,57,118,0,0
30,55,21.27,2666,4885,1954,3521,237,455,0,0
30,56,1,1785,5353,0,0,1785,5353,0,0
30,65,3,699,1028,261,522,370,370,0,0
30,67,9.02,2676,5197,347,689,2285,4428,0,0
30,71,0.25,44,109,44,109,0,0,0,0
30,72,37.55,3073,6205,2770,5722,114,205,0,0
30,73,33.65,2928,5247,2148,3459,169,325,0,0
30,74,49,3510,7424,2134,4108,744,1967,61,183
30,75,41.52,3840,11472,1891,5336,1117,3888,72,215
30,76,160.41,10778,31994,7444,22775,2071,7127,43,171
30,77,63.84,5808,14072,3866,10165,1046,2182,0,0
30,78,63.13,5757,9014,4910,7706,627,987,0,0
30,79,41.99,3130,6009,2699,5336,76,128,0,0
30,80,16,1269,1504,710,770,177,236,0,0
30,91,4,406,810,192,385,209,417,0,0
30,92,7,915,1781,712,1414,39,67,0,0
30,94,0.1,195,586,0,0,195,586,0,0
30,95,4.37,4426,9772,0,0,4426,9772,0,0
30,97,0.85,1429,2858,0,0,1429,2858,0,0
30,98,2.58,1638,3227,93,173,1361,2711,0,0
30,101,3,470,581,118,145,118,145,0,0
30,104,6,750,1355,417,818,28,41,0,0
30,106,2,1583,5293,130,260,1193,4512,0,0
30,110,4.55,1569,3030,634,1240,312,597,0,0
30,111,0.45,179,351,45,87,45,87,0,0
30,52,9.12,897,2097,888,2079,3,6,0,0
30,58,0.43,120,240,34,68,29,57,0,0
30,59,1.57,330,659,197,394,44,88,0,0
30,68,0.97,158,315,0,0,158,315,0,0
30,93,0.12,4,8,1,2,1,2,0,0
30,102,4.42,1617,4486,476,1338,467,1311,0,0
30,113,3,518,1093,185,504,26,26,0,0
30,117,3.8,1684,6072,422,1522,442,1581,1684,6072
30,121,5,1215,3335,324,1234,780,1776,0,0
30,122,1,260,519,0,0,260,519,0,0
31,3,4.02,725,1451,182,363,182,363,0,0
31,4,13.56,2237,5476,334,835,1304,3175,0,0
31,7,6,1786,3894,0,0,1786,3894,0,0
31,8,5.59,1381,2951,411,823,927,2043,0,0
31,9,4.16,587,893,147,223,147,223,0,0
31,14,2.35,1564,3129,106,212,1360,2722,0,0
31,15,26.82,3012,6086,1555,3131,641,1302,0,0
31,20,17.55,827,1539,602,1167,41,67,0,0
31,23,3.28,457,909,86,171,368,735,0,0
31,24,3.91,1097,2447,436,936,496,1056,0,0
31,42,0.82,515,1544,129,386,129,386,0,0
31,48,1,5,20,1,5,1,5,0,0
31,50,9.51,2658,4541,819,1497,619,1020,0,0
31,51,4.09,782,1828,209,593,446,921,0,0
31,5,6.76,1691,4623,487,1187,973,2859,0,0
31,6,0.02,79,236,0,0,79,236,0,0
31,52,42.17,3739,8149,2507,5780,743,1475,0,0
31,53,114.96,8552,20231,4468,10958,1728,3785,526,1552
31,54,55.57,4811,9864,3775,7808,449,860,0,0
31,55,37.4,5621,11810,1920,3655,2793,6638,0,0
31,56,20.07,13074,40661,393,838,12558,39473,0,0
31,67,3,187,375,47,94,47,94,0,0
31,70,7,1737,3815,312,709,942,1970,0,0
31,71,36.56,2877,5946,2769,5781,22,40,0,0
31,72,21.83,2072,4228,1851,3816,98,190,0,0
31,73,36.46,3545,7982,2489,4671,745,2742,0,0
31,74,40.89,3515,8147,2471,5600,666,1859,0,0
31,75,96.13,8865,27582,5068,13247,2688,11462,40,320
31,76,149.2,11710,38506,6845,20516,1791,5817,963,7702
31,77,26.48,1983,4581,1395,3189,433,1223,0,0
31,78,47.83,3444,7417,3267,7050,31,68,0,0
31,79,14.36,1356,2706,959,1917,132,263,0,0
31,80,32.12,3532,5919,2313,4158,729,891,0,0
31,92,4.42,2130,4259,354,708,1606,3210,0,0
31,93,7.45,1672,3711,269,630,1163,2418,0,0
31,98,15.52,4366,7933,1247,2296,1265,2332,0,0
31,102,1.58,791,1581,198,395,198,395,0,0
31,103,1,171,341,171,341,0,0,0,0
31,117,2.2,190,371,48,93,48,93,78,156
31,121,2.32,224,437,101,198,3,3,0,0
31,122,3.68,1764,3503,6,6,1746,3485,0,0
31,57,1,30,121,8,30,8,30,0,0
31,97,4.05,1504,3008,0,1,1503,3005,0,0
31,123,1,560,560,0,0,560,560,0,0
31,127,2,2073,5227,270,810,1263,2797,0,0
32,4,0.86,188,376,0,0,188,376,0,0
32,5,2.64,4585,12398,340,679,3567,10360,0,0
32,6,0.16,811,2433,0,0,811,2433,0,0
32,19,1.95,20,20,2,2,2,2,0,0
32,20,11.57,694,1068,484,806,52,69,0,0
32,21,11.1,3412,7260,499,901,2390,5503,0,0
32,24,8.58,743,1311,532,934,21,42,0,0
32,25,0.05,7,7,7,7,0,0,0,0
32,51,3.65,658,1305,4,4,645,1292,0,0
32,26,1.17,71,86,38,41,11,14,0,0
32,41,0.02,3,7,0,0,3,7,0,0
32,42,1.6,238,476,0,0,238,476,0,0
32,49,0.02,16,62,0,0,16,62,0,0
32,50,0.79,539,2156,0,0,539,2156,0,0
32,52,24.13,2697,6049,2591,5830,72,146,0,0
32,53,43.37,3758,7135,3197,5921,193,451,0,0
32,54,20.17,1982,3885,1148,2277,422,826,0,0
32,55,3.04,2327,6874,21,43,2262,6746,0,0
32,56,3.97,3271,9435,251,660,2516,7454,0,0
32,69,1.88,142,283,134,267,3,5,0,0
32,70,0.12,18,36,18,36,0,0,0,0
32,71,15.98,1131,2246,909,1813,53,100,0,0
32,72,50.19,3993,7602,3462,6626,115,219,0,0
32,73,76.12,5651,9198,5341,8683,90,138,0,0
32,74,41.2,3516,7234,2495,4807,454,1208,0,0
32,75,81.22,8951,22672,5172,12760,2027,5099,0,0
32,76,38.61,7567,22141,1831,5357,4696,13532,0,0
32,77,28.66,5259,13176,1203,3190,840,3062,0,0
32,78,19.12,1528,3374,1327,3033,51,79,0,0
32,79,17.78,1724,3770,698,1476,573,1228,0,0
32,80,12.02,1531,2653,1397,2370,45,94,0,0
32,61,1.74,155,309,130,260,8,16,0,0
32,62,2,308,616,308,616,0,0,0,0
32,103,0.6,98,197,98,197,0,0,0,0
32,104,1,35,35,9,9,9,9,0,0
32,105,2,483,1246,483,1246,0,0,0,0
32,106,1.97,532,1062,166,331,122,243,0,0
32,107,2,1392,2785,307,613,473,946,0,0
32,127,0.26,88,176,22,44,22,44,0,0
33,7,11,2094,5333,506,1282,791,2139,0,0
33,13,13.44,2040,4679,891,2152,375,825,0,0
33,19,1,227,910,227,910,0,0,0,0
33,21,0.83,1216,1216,0,0,1216,1216,0,0
33,26,7.83,837,1480,336,552,95,185,0,0
33,33,13.65,1804,3406,798,1401,352,703,0,0
33,34,21.05,2691,4026,776,1387,1306,1538,0,0
33,35,3.01,723,1447,327,654,132,264,0,0
33,39,2.02,1571,3142,0,0,1571,3142,0,0
33,41,1.38,90,179,20,39,32,62,0,0
33,42,13.2,3611,7145,890,1759,2565,5113,0,0
33,49,2,176,352,124,248,0,0,0,0
33,50,3.19,503,1529,93,251,224,775,0,0
33,8,6.9,545,1058,364,720,60,112,0,0
33,9,8.64,1083,2179,849,1701,59,121,0,0
33,40,4.32,458,888,424,840,11,16,0,0
33,43,1.78,193,386,184,368,3,6,0,0
33,52,0.87,146,292,146,292,0,0,0,0
33,53,2.07,277,494,232,449,15,15,0,0
33,61,5.26,928,2031,234,343,120,228,0,0
33,64,4.69,1624,3352,139,278,1475,3051,0,0
33,65,9.7,2311,5666,299,544,1871,4949,0,0
33,71,8,469,914,441,877,9,12,0,0
33,72,38.2,3680,7504,2784,5743,641,1262,0,0
33,73,55.78,4911,8786,4016,7134,267,519,0,0
33,74,67.82,6480,13435,4199,8826,1285,2600,66,263
33,75,53.31,10215,27500,3811,9466,2590,7228,132,527
33,76,66.5,7032,16879,4110,9994,1443,3070,0,0
33,77,53.99,5337,11265,4148,7402,905,3422,0,0
33,78,21.71,2242,4439,2091,4066,22,32,0,0
33,103,1.4,203,406,203,406,0,0,0,0
33,104,9.92,4205,8411,1367,2734,947,1893,0,0
33,105,1.42,183,366,46,91,46,91,0,0
33,106,7.37,1489,2897,957,1898,172,327,0,0
33,107,7.24,2136,3450,278,334,1795,2990,0,0
33,111,1,36,73,0,0,36,73,0,0
33,121,9.01,2104,4155,583,1153,858,1702,0,0
33,127,8.12,2462,5925,651,1282,1650,4360,0,0
33,57,1,45,45,11,11,11,11,0,0
33,66,0.54,884,3106,0,0,884,3106,0,0
33,79,2,502,1361,107,322,107,322,0,0
33,109,1.98,625,884,430,495,65,130,0,0
33,110,0.02,5,11,1,3,1,3,0,0
33,117,2,752,1504,0,0,752,1504,0,0
33,126,4.29,2788,12775,121,235,2587,12394,0,0
34,0,14.44,3148,6222,622,1231,1941,3870,0,0
34,3,1,41,81,10,20,10,20,0,0
34,5,1,56,110,14,27,14,27,0,0
34,6,8.09,2159,8898,550,2245,537,2218,530,4238
34,7,5,826,1583,762,1520,5,5,0,0
34,8,20.9,3873,9444,641,1236,2796,7428,0,0
34,9,1.45,324,912,128,323,65,196,0,0
34,13,0.56,383,766,96,191,96,191,0,0
34,33,5.26,1652,4989,99,200,1352,4390,0,0
34,34,11.05,1436,2587,477,882,285,499,0,0
34,39,5.13,1673,2053,23,46,1604,1914,0,0
34,40,9.65,5182,10644,526,1051,4374,9054,0,0
34,42,4.8,2825,6882,25,49,2751,6734,0,0
34,43,1.22,765,1532,23,48,740,1484,0,0
34,2,1,129,387,129,387,0,0,0,0
34,14,0.13,83,165,21,41,21,41,0,0
34,15,1.87,1211,2422,303,606,303,606,0,0
34,30,6,740,1681,284,623,103,263,0,0
34,63,5,214,428,171,342,9,17,0,0
34,64,0.82,303,915,0,0,303,915,0,0
34,65,0.83,1905,7618,0,0,1905,7618,0,0
34,66,7.42,3040,9185,246,492,2700,8508,0,0
34,72,21.4,2457,4359,2027,3513,144,282,0,0
34,73,27.02,2395,5044,2292,4859,23,38,0,0
34,74,74.81,6033,11063,5188,9651,367,692,0,0
34,75,74.37,6433,14628,3681,7551,2204,6222,0,0
34,76,47.46,5082,10366,3809,7846,574,1261,0,0
34,77,48,5064,7842,4391,6615,329,616,0,0
34,78,0.36,55,55,55,55,0,0,0,0
34,79,1,57,113,0,0,0,0,0,0
34,89,20.98,3446,6040,685,1283,2538,4490,0,0
34,104,2.07,137,273,48,96,29,59,0,0
34,118,20.07,2844,6220,1039,2027,1572,3758,0,0
34,121,2,478,651,478,651,0,0,0,0
34,125,3.9,675,756,240,240,419,500,0,0
34,126,20.73,5245,10944,574,1292,4307,9110,0,0
34,127,21.94,6345,15293,435,857,5886,14410,0,0
34,57,0.7,508,1016,0,0,508,1016,0,0
34,58,0.47,294,588,0,0,294,588,0,0
34,90,0.02,5,10,0,0,5,10,0,0
34,95,4.54,2074,4663,372,882,983,2091,0,0
34,96,0.53,689,1378,0,0,689,1378,0,0
34,110,7,1405,2405,444,694,321,571,0,0
34,111,2,157,266,121,229,12,12,0,0
34,117,4.93,359,460,90,115,90,115,0,0
34,122,3.85,700,700,250,250,441,441,0,0
34,123,3,816,1633,66,133,617,1234,0,0
34,124,2.05,118,227,13,24,93,185,0,0
35,0,13.31,1359,2527,998,1948,97,146,0,0
35,1,1,109,219,109,219,0,0,0,0
35,6,26.83,2974,6375,2144,4613,147,303,0,0
35,8,0.09,39,78,0,0,32,63,0,0
35,15,9.79,5009,14217,889,2462,2348,6837,0,0
35,21,23.94,2448,4810,2075,4130,124,227,0,0
35,22,15.01,1240,2398,814,1626,114,230,0,0
35,26,7,3603,10913,234,537,2901,9302,0,0
35,40,0.86,450,900,0,0,450,900,0,0
35,48,4,1193,2755,492,936,605,1722,0,0
35,14,0.43,86,172,86,172,0,0,0,0
35,16,1.13,360,830,90,208,90,208,0,0
35,23,0.01,0,0,0,0,0,0,0,0
35,25,0.03,16,32,0,0,16,32,0,0
35,46,2.25,330,654,325,649,2,2,0,0
35,47,1.93,652,1420,323,675,271,571,0,0
35,54,9.24,3063,6529,205,552,2496,4971,0,0
35,55,1,451,901,113,225,113,225,0,0
35,57,1.07,202,405,175,351,27,54,0,0
35,58,2.76,692,1302,343,665,309,597,0,0
35,65,3.92,214,429,137,274,26,52,0,0
35,66,6.08,1185,2992,121,362,821,1907,0,0
35,72,15.93,1801,3187,1689,3019,19,31,0,0
35,73,38.05,5294,11082,4780,9925,261,710,0,0
35,74,47.8,9246,24222,3070,6292,5911,17463,0,0
35,75,44.89,4776,9299,3918,7558,465,949,0,0
35,76,42.53,7315,17131,2284,4673,4503,11384,0,0
35,77,10.43,7040,14637,1623,3384,2174,4485,0,0
35,85,10.91,3361,6567,248,496,3043,5932,0,0
35,95,0.94,139,415,137,411,1,1,0,0
35,97,4,1738,4624,468,931,1201,3567,0,0
35,104,1,136,272,34,68,34,68,0,0
35,122,12.88,1643,3436,1416,3031,47,52,0,0
35,123,17.9,2225,4772,1938,4217,78,150,0,0
35,124,19.87,2284,4506,1176,2338,1073,2131,0,0
35,125,40.01,5677,12427,1656,3560,3463,7772,0,0
35,126,25.76,17709,46749,350,800,17139,45315,0,0
35,127,14.12,10360,28953,12,17,10321,28902,0,0
35,52,1,23,46,0,0,0,0,23,46
35,53,1.93,850,1641,0,0,850,1641,0,0
35,59,4,774,1507,259,508,410,809,0,0
35,60,1.7,786,2359,0,0,786,2359,0,0
35,78,1,98,195,24,49,24,49,0,0
35,86,4.91,1222,2855,179,462,683,1470,0,0
35,105,1,82,163,20,41,20,41,0,0
35,106,1,51,51,13,13,13,13,0,0
35,110,1,29,29,0,0,0,0,0,0
35,114,3.69,832,1514,341,756,75,75,0,0
36,5,15,2672,5231,443,711,2026,4188,0,0
36,6,6.38,637,1240,254,501,125,242,0,0
36,14,1.57,124,236,115,228,3,3,0,0
36,15,3.08,369,766,242,490,43,93,0,0
36,21,29.65,2562,5037,2274,4466,75,150,0,0
36,22,72.15,6121,13787,4962,10830,418,824,353,1414
36,24,0.43,190,190,48,48,48,48,0,0
36,25,2.54,1279,2311,62,62,1093,2125,0,0
36,36,8.25,1815,4124,92,184,1539,3573,0,0
36,37,15.76,2010,3774,955,1679,560,1120,0,0
36,42,5.31,2463,5387,267,533,1859,4179,0,0
36,46,6.74,2206,5645,340,679,1775,4783,0,0
36,47,5.05,3777,8570,40,80,3657,8330,0,0
36,50,3,1404,2808,332,664,1034,2068,0,0
36,23,1.81,217,435,155,309,0,0,0,0
36,28,2.42,1845,4152,345,690,808,2082,0,0
36,41,1.15,2125,4353,26,78,2046,4118,0,0
36,53,20.97,4232,10665,589,1493,3560,9022,0,0
36,54,2.86,293,585,271,543,10,20,0,0
36,56,10.01,2996,6039,720,1437,1675,3424,0,0
36,60,1.3,398,1016,0,0,398,1016,0,0
36,73,2.7,1878,4818,109,122,1552,4453,0,0
36,74,7.97,3440,9886,210,421,3217,9442,0,0
36,75,8.87,4854,10928,118,234,4503,10232,0,0
36,76,9.4,5378,10868,46,92,5241,10593,0,0
36,77,15.92,5705,13790,774,1967,3261,7783,0,0
36,83,3.58,4377,5123,0,0,4377,5123,0,0
36,84,7.4,2198,5354,544,1378,795,1677,0,0
36,85,5.09,2588,5125,274,535,2285,4558,0,0
36,86,5.1,1474,2242,155,304,1300,1910,0,0
36,93,3,1276,3399,320,850,320,850,0,0
36,97,1,18,37,5,9,5,9,0,0
36,102,7.15,1593,3520,685,1411,249,540,336,1009
36,105,4,236,456,217,429,6,8,0,0
36,111,10.22,1437,2452,837,1289,170,329,0,0
36,112,57.13,4050,5282,3761,4941,53,70,0,0
36,114,11,976,1582,671,978,35,69,0,0
36,122,20.91,2313,4727,1789,3729,187,370,0,0
36,123,40.36,3464,6891,2683,5564,251,480,0,0
36,124,48.69,5682,12195,2587,5380,2519,5714,0,0
36,125,39.15,4301,8577,2076,3695,1401,3290,0,0
36,126,17.31,6881,18562,1241,3569,3394,8775,0,0
36,127,1.06,537,1350,0,0,537,1350,0,0
36,59,5,1400,2800,355,709,882,1763,0,0
36,63,1,114,228,114,228,0,0,0,0
36,64,1,147,293,147,293,0,0,0,0
36,70,4.6,667,1379,357,814,103,188,0,0
36,79,3.99,862,2253,270,540,590,1711,0,0
36,80,0.84,195,204,55,64,47,47,0,0
36,109,1.5,842,1931,62,186,656,1374,0,0
36,110,2.48,482,482,482,482,0,0,0,0
36,113,9.88,801,1149,792,1136,3,4,0,0
36,115,1,304,911,76,228,76,228,0,0
36,118,1,55,110,14,28,14,28,0,0
37,6,4.71,659,1318,222,445,146,291,0,0
37,16,5.85,859,2441,215,610,215,610,0,0
37,21,14.05,1427,3533,830,2306,167,323,0,0
37,22,16.75,1113,2330,775,1550,204,534,0,0
37,23,1,20,41,5,10,5,10,0,0
37,28,7.58,1649,3280,635,1267,338,671,0,0
37,41,3.86,734,1907,488,1086,58,226,0,0
37,42,14.68,3435,7145,1123,2550,1760,3510,0,0
37,45,2,475,950,343,686,44,88,0,0
37,46,2.03,1022,2044,255,511,255,511,0,0
37,15,3.15,631,1788,158,447,158,447,0,0
37,20,1.84,565,2402,355,1772,0,0,355,1772
37,27,2.51,182,365,86,171,18,36,0,0
37,44,1,201,802,50,201,50,201,201,802
37,51,2.26,912,2697,0,0,912,2697,0,0
37,63,1.89,866,1732,0,0,866,1732,0,0
37,64,14.11,1830,4463,445,901,1013,2830,0,0
37,70,4.39,3461,6999,63,146,3270,6561,0,0
37,71,0.01,16,31,0,0,16,31,0,0
37,73,5.66,1214,2816,257,610,445,986,0,0
37,74,14.18,1857,3684,324,648,950,1900,0,0
37,76,9,1325,2859,541,1062,123,227,0,0
37,77,4.32,1689,3974,0,0,1689,3974,0,0
37,79,0.02,5,5,1,1,1,1,0,0
37,80,1.15,66,66,17,17,17,17,0,0
37,100,1,52,104,0,0,0,0,0,0
37,102,7.89,1170,2085,655,1098,172,329,0,0
37,103,10.27,1809,3014,659,1167,370,590,0,0
37,108,1,1260,5040,0,0,1260,5040,0,0
37,109,15.91,11080,34969,524,1965,9511,29072,0,0
37,110,13.11,4745,14036,651,858,4083,13163,0,0
37,111,58.33,4703,5968,4563,5804,46,55,0,0
37,112,50.27,3750,6248,3422,5849,70,93,0,0
37,113,49.85,4500,8114,4011,7067,152,335,0,0
37,114,9.31,1401,1491,678,701,240,263,0,0
37,121,1.16,1668,3080,128,128,1539,2952,0,0
37,122,50.44,5721,9837,2590,4349,2576,4479,0,0
37,123,83.56,6236,12170,4955,10049,211,379,0,0
37,124,35.55,5532,11511,3196,5990,1732,4470,0,0
37,125,6.82,4328,16826,23,46,4259,16688,0,0
37,65,1,101,204,25,50,26,54,0,0
37,90,1.71,339,677,158,314,60,121,0,0
37,101,1,166,166,0,0,166,166,0,0
37,107,1.34,284,569,284,569,0,0,0,0
37,120,1.47,521,1043,0,0,521,1043,0,0
38,2,1,55,55,14,14,14,14,0,0
38,3,7,1396,2793,337,675,937,1876,0,0
38,9,3.49,341,651,111,215,198,389,0,0
38,20,1.35,118,353,19,57,19,57,0,0
38,21,15.44,2502,5268,816,1817,1260,2508,0,0
38,23,0.13,2,2,0,0,0,0,0,0
38,24,0.87,12,12,3,3,3,3,0,0
38,27,15.49,2322,4196,595,1029,466,834,0,0
38,33,14.99,3411,5579,1097,1427,1817,3476,0,0
38,51,4.75,1492,3555,264,529,1210,2992,0,0
38,10,6,888,2092,607,1294,83,245,0,0
38,11,0.03,1,1,0,0,0,0,0,0
38,12,9.42,1225,2305,562,1088,252,468,0,0
38,15,1.25,125,350,31,87,31,87,56,281
38,34,5.15,919,1838,352,705,189,378,0,0
38,52,1,101,305,101,305,0,0,0,0
38,53,5,1235,1534,219,421,916,948,0,0
38,64,1,32,32,0,0,0,0,0,0
38,65,18.27,3118,7542,733,1566,2092,5440,0,0
38,66,5.45,2236,5736,152,416,1781,4487,0,0
38,74,0.02,1,3,0,1,0,1,0,0
38,90,7.29,2919,4535,412,727,2315,3616,0,0
38,100,5,452,782,262,403,50,101,0,0
38,102,4.16,1591,2822,357,664,520,827,0,0
38,103,1.54,330,661,32,64,234,469,0,0
38,106,7.4,2358,4313,590,1079,590,1079,0,0
38,107,7.26,608,1180,359,709,49,90,0,0
38,109,7.96,1206,3410,197,394,998,2992,0,0
38,110,32.56,5497,12070,1285,2418,3480,8482,0,0
38,111,61.31,8859,17674,4130,6697,3215,7036,0,0
38,112,48.33,5197,10097,2992,5504,921,1992,0,0
38,113,57.17,5918,11794,3129,5560,1566,3966,0,0
38,114,7.75,796,1550,486,947,111,208,0,0
38,117,4.69,916,1920,401,889,172,344,0,0
38,118,4.31,343,662,60,113,60,113,0,0
38,119,2,117,213,6,6,101,196,0,0
38,120,7.53,1193,2243,54,96,1033,1952,0,0
38,121,16,777,1264,482,632,130,273,16,33
38,122,68.88,6295,13518,3834,8095,1231,2886,146,583
38,123,17.97,7173,20342,1286,3233,4139,12363,0,0
38,124,15.55,4658,12599,901,1736,3597,10584,0,0
38,68,3.06,1053,1956,95,191,767,1383,0,0
38,79,0.02,6,13,0,0,6,13,0,0
38,80,5.64,1027,1955,179,334,489,954,0,0
38,88,1.02,45,60,30,30,0,0,0,0
38,89,1.98,71,122,8,8,0,0,0,0
38,127,11,3669,8341,0,0,3669,8341,0,0
39,9,4.5,699,1351,187,363,294,576,0,0
39,10,2,160,289,136,265,8,8,0,0
39,11,0.93,55,110,14,27,14,27,0,0
39,12,13.61,1407,3247,1186,2806,71,141,0,0
39,14,2,93,253,23,63,23,63,0,0
39,15,4.47,707,2325,141,511,141,511,169,843
39,16,0.28,33,66,0,0,0,0,0,0
39,21,19.92,3599,7502,888,1759,2125,4643,0,0
39,34,1.86,383,657,96,164,96,164,0,0
39,41,1.61,3648,7295,0,0,3648,7295,0,0
39,46,6.01,2939,7023,446,892,2445,6036,0,0
39,4,2,128,243,115,230,0,0,0,0
39,13,1.01,62,64,17,19,15,15,0,0
39,22,2.07,211,437,167,330,37,100,0,0
39,40,0.39,950,1900,0,0,950,1900,0,0
39,45,4,278,535,193,381,6,6,0,0
39,58,1,24,142,0,0,0,0,24,142
39,65,1.28,1375,2087,0,0,1375,2087,0,0
39,68,6.95,2896,6996,44,88,2764,6733,0,0
39,79,0.49,106,212,0,0,106,212,0,0
39,80,9.86,1757,3421,569,1116,949,1875,0,0
39,97,4,873,1674,383,748,163,308,0,0
39,102,1,136,136,34,34,34,34,0,0
39,109,19.13,1441,2285,1244,1988,65,99,0,0
39,110,42.55,5606,10667,4320,8415,368,666,0,0
39,111,78.4,7179,12203,5775,10119,303,472,0,0
39,112,135.1,11992,27725,6147,13609,1843,3778,739,2832
39,113,59.76,4264,8688,2943,5923,823,1879,0,0
39,114,11.39,1323,2546,536,1016,493,970,0,0
39,117,5,460,830,191,360,22,22,0,0
39,121,9.2,3136,13651,694,3579,2592,12015,1653,10727
39,122,96.6,7055,18497,4093,11590,2333,5671,20,123
39,123,41.57,9309,27882,1637,4638,3750,11350,0,0
39,124,2.9,2361,7083,0,0,2361,7083,0,0
39,126,50.75,3932,6077,3746,5779,56,93,0,0
39,76,4.82,538,1414,498,1335,13,26,169,677
39,93,2.82,331,797,33,54,231,635,0,0
39,106,3,56,56,14,14,14,14,0,0
39,115,0.02,7,14,0,0,7,14,0,0
39,119,3,261,521,7,15,239,477,0,0
39,125,13.95,1238,2236,1105,2014,30,60,0,0
40,3,1.6,84,169,76,152,3,5,0,0
40,4,2.81,382,733,70,142,312,591,0,0
40,5,9.59,4432,9909,408,815,3981,9006,0,0
40,12,4,1550,3949,652,1518,299,811,0,0
40,38,2,244,488,199,399,15,30,0,0
40,2,10.55,2906,6106,389,777,2412,5132,0,0
40,11,4,669,1680,356,972,283,567,0,0
40,18,1,14,82,3,20,3,20,0,0
40,19,6.5,544,1293,306,664,67,185,0,0
40,45,8.15,618,1542,397,1112,74,143,0,0
40,46,2.22,764,1451,191,363,191,363,0,0
40,53,8,2537,6300,159,305,2064,5383,0,0
40,58,2.99,1630,4600,160,320,1383,4106,0,0
40,59,1,48,48,12,12,12,12,0,0
40,76,1.19,271,541,268,536,1,2,0,0
40,77,6.99,3230,6342,117,117,3112,6224,0,0
40,91,12.84,4670,11403,747,2011,2737,5989,0,0
40,93,7.18,834,1569,357,694,317,614,0,0
40,109,19.04,1995,3092,678,954,439,713,0,0
40,110,22.71,1938,3553,1149,2056,234,454,0,0
40,111,44.69,3942,6374,3087,5088,205,348,0,0
40,112,24.02,2426,4229,1500,2866,129,228,0,0
40,113,34.85,2722,5422,2174,4576,196,291,0,0
40,114,1,15,15,4,4,4,4,0,0
40,121,7.43,522,987,41,77,399,757,0,0
40,122,121.65,12310,34604,5964,15535,4358,10447,1110,6661
40,123,137.06,10886,25953,7605,18523,1431,3833,0,0
40,124,58.66,5607,11406,4339,8997,566,1102,0,0
40,125,70.05,5571,10589,4906,9307,273,518,0,0
40,126,55.79,4909,8578,4602,7985,103,197,0,0
40,65,1,125,249,31,62,31,62,0,0
40,84,1,21,21,5,5,5,5,0,0
40,92,0.17,423,1270,106,317,106,317,0,0
40,107,1,149,598,0,0,0,0,149,598
40,118,1,96,193,24,48,24,48,0,0
40,119,1.91,750,1428,0,0,750,1428,0,0
40,120,10.47,2076,5262,347,999,1576,3926,0,0
41,2,1.45,123,206,10,11,92,174,0,0
41,8,8.91,2472,4867,446,892,1732,3386,0,0
41,9,1.1,118,236,30,59,30,59,0,0
41,11,7,1499,2770,730,1048,256,574,0,0
41,12,1,71,141,18,35,18,35,0,0
41,19,4.5,2307,5113,337,799,1295,2716,0,0
41,34,14.01,4029,8389,617,1216,2741,5861,0,0
41,35,14.42,1476,2636,929,1445,133,270,0,0
41,36,5.98,1536,3973,533,1291,249,724,0,0
41,45,11.01,4983,13624,300,731,4081,11433,0,0
41,46,0.62,199,391,50,98,50,98,0,0
41,3,1,124,247,124,247,0,0,0,0
41,40,6.93,2620,5104,378,721,2025,4017,0,0
41,43,0.64,98,244,42,96,21,56,0,0
41,61,6.14,1117,2110,455,879,422,812,0,0
41,62,4.47,1794,2247,214,294,1150,1363,0,0
41,63,2,358,358,0,0,358,358,0,0
41,70,6,833,1667,177,355,424,848,0,0
41,91,2,456,913,403,806,18,36,0,0
41,92,2,398,796,100,199,100,199,0,0
41,103,3.97,1627,3153,240,454,1333,2642,0,0
41,104,2.03,476,953,129,259,151,302,0,0
41,106,2,889,1779,5,9,876,1751,0,0
41,107,4,644,1394,435,803,197,578,0,0
41,109,15.82,1680,3176,420,794,420,794,0,0
41,110,2.5,267,512,61,117,83,161,0,0
41,111,1.3,210,407,3,3,200,398,0,0
41,113,5,1186,2243,503,874,228,457,0,0
41,120,2.63,314,604,21,36,250,495,0,0
41,121,11.98,802,1609,713,1447,21,35,0,0
41,122,128.41,8391,18754,6837,16041,296,513,0,0
41,123,77.79,6819,13414,5572,11623,186,283,0,0
41,124,71.87,6037,11520,5606,10897,134,245,0,0
41,125,90.08,7397,14222,7075,13673,74,119,0,0
41,126,19.01,1814,3196,1785,3157,4,6,0,0
41,81,8.21,1502,3125,224,588,1123,2239,0,0
41,85,2.28,544,1235,309,537,78,233,0,0
41,96,6.85,1871,3766,459,915,495,1021,0,0
41,97,0.14,44,133,0,0,44,133,0,0
42,3,1.48,201,403,167,334,11,23,0,0
42,4,2.52,388,723,334,667,0,0,0,0
42,6,8.52,1921,3703,134,239,1519,2986,0,0
42,7,8.49,939,1683,358,669,193,339,0,0
42,11,6,452,1258,392,1062,14,33,0,0
42,20,6.79,1705,4014,539,1452,686,1448,0,0
42,25,1,67,67,17,17,17,17,0,0
42,27,3,134,366,104,306,5,11,0,0
42,32,12.89,2043,4043,958,1906,305,598,0,0
42,35,5.6,495,1043,188,392,98,213,0,0
42,40,1.07,750,1498,153,306,289,579,0,0
42,43,28.39,7557,15573,679,1553,6032,11971,0,0
42,44,2.05,2782,8132,855,2353,642,1927,0,0
42,12,5,712,1685,482,1225,77,153,0,0
42,19,0.51,455,910,0,0,455,910,0,0
42,47,1.13,333,986,83,246,83,246,0,0
42,60,1.73,169,338,133,266,12,24,0,0
42,61,2.66,211,402,132,259,26,48,0,0
42,62,2,253,376,0,0,253,376,0,0
42,68,8.21,2322,3792,110,210,2164,3507,0,0
42,69,0.8,124,230,1,1,121,228,0,0
42,76,12,2430,4655,582,1070,1693,3350,0,0
42,77,2,898,898,114,114,557,557,0,0
42,81,2.79,157,364,116,321,15,17,0,0
42,85,6.72,2152,4304,760,1519,1128,2257,0,0
42,96,1.64,708,2359,147,501,266,859,413,1650
42,97,2.37,202,523,21,41,140,399,0,0
42,110,4.99,1003,2004,158,315,509,1018,0,0
42,121,37.78,3578,7584,2388,5293,377,744,0,0
42,122,60.9,5595,10679,5125,9870,301,567,0,0
42,123,50.28,5210,9838,4764,8993,87,135,0,0
42,124,56.2,6369,11663,6190,11414,17,29,0,0
42,125,57.93,5528,9605,5103,8812,269,519,0,0
42,64,1,185,370,46,92,46,92,0,0
42,71,0.55,69,139,69,139,0,0,0,0
42,72,0.1,13,26,13,26,0,0,0,0
42,73,2.66,399,798,327,654,24,48,0,0
42,78,0.83,123,247,31,62,31,62,0,0
42,80,0.22,374,1495,0,0,374,1495,0,0
43,3,1.6,101,148,47,94,0,0,0,0
43,4,12.4,1590,2762,318,535,886,1670,0,0
43,12,3,222,444,172,345,16,33,0,0
43,13,6,886,1764,376,750,170,338,0,0
43,19,4.78,446,804,111,201,111,201,0,0
43,20,14.93,2076,3959,931,2044,381,638,0,0
43,23,0.28,62,186,0,0,0,0,0,0
43,24,7.73,975,2068,358,706,75,141,0,0
43,25,13,1807,3590,522,1036,429,851,0,0
43,29,31.08,2730,5686,1268,2658,213,422,0,0
43,31,1.15,49,94,11,23,11,23,0,0
43,32,12.95,1128,1827,572,848,165,307,0,0
43,39,4,298,533,223,440,12,18,0,0
43,43,0.91,248,495,0,0,248,495,0,0
43,47,6.51,1694,3808,423,952,423,952,0,0
43,48,1.37,286,572,228,456,19,39,0,0
43,60,5,1761,3522,129,258,1588,3176,0,0
43,70,4,1117,2027,40,80,997,1787,0,0
43,71,5.03,1230,2307,200,375,662,1299,0,0
43,72,0.31,25,25,0,0,0,0,0,0
43,73,6.35,722,1443,396,792,288,576,0,0
43,78,3.01,492,864,123,216,123,216,0,0
43,79,12.19,3657,10568,464,921,2811,8895,0,0
43,80,9.13,3825,13980,4,4,3812,13967,0,0
43,121,39.87,4148,8165,3880,7633,62,151,0,0
43,122,50.01,4703,7896,4492,7539,60,109,0,0
43,123,48.55,4223,7407,3710,6455,139,261,0,0
43,124,59.88,4804,7605,4644,7386,41,61,0,0
43,125,21.17,1667,3185,1602,3070,21,39,0,0
43,126,1,33,33,8,8,8,8,0,0
43,127,2,41,49,10,12,10,12,0,0
43,56,1,14,29,4,7,4,7,0,0
43,61,2.26,937,1815,122,227,833,1606,0,0
43,69,8.44,1379,2413,962,1839,139,192,0,0
43,102,0.04,8,8,8,8,0,0,0,0
43,112,1.8,620,1240,64,128,64,128,0,0
43,119,1.47,199,497,124,348,25,50,0,0
44,8,6.58,1222,3015,565,1783,220,410,228,1138
44,9,2.43,441,881,110,221,110,221,0,0
44,10,7.94,2344,3221,586,805,586,805,0,0
44,11,8.68,1022,1914,475,938,179,322,0,0
44,16,6,302,634,76,159,76,159,0,0
44,21,1,42,84,10,21,10,21,0,0
44,24,14.38,4643,9863,436,1255,4102,8395,0,0
44,29,11.91,776,1532,500,1000,12,25,18,18
44,30,4.48,345,806,331,777,5,10,0,0
44,31,9.52,1224,2350,836,1739,86,95,0,0
44,32,2,1313,2639,0,0,1313,2639,0,0
44,34,2,435,844,415,823,7,7,0,0
44,43,0.54,30,61,8,15,8,15,0,0
44,44,0.46,26,52,7,13,7,13,0,0
44,14,0.63,9,18,2,4,2,4,0,0
44,15,0.18,8,10,2,2,2,2,0,0
44,56,4.82,1271,3253,509,1011,746,2224,0,0
44,60,1,105,210,26,52,26,52,0,0
44,61,9.74,1335,2387,396,764,836,1353,0,0
44,65,12,2190,4278,713,1399,1315,2606,0,0
44,69,22.65,3022,5901,2852,5593,56,102,0,0
44,70,16.12,1691,3240,815,1622,406,805,0,0
44,71,7.94,691,1013,388,595,52,90,0,0
44,78,3.62,407,424,102,106,102,106,0,0
44,79,13,2448,4787,542,1064,1814,3610,0,0
44,80,1,437,437,0,0,437,437,0,0
44,81,14.01,1339,2439,606,1152,432,804,0,0
44,89,10.55,1887,3149,597,618,1259,2502,0,0
44,90,1.45,440,880,71,142,369,738,0,0
44,99,5,1076,2152,469,937,188,376,0,0
44,102,6.59,1328,2190,652,1043,225,382,0,0
44,103,1.37,171,171,43,43,43,43,0,0
44,112,0.2,66,131,16,33,16,33,0,0
44,115,10.31,3872,7527,715,1323,2959,5810,0,0
44,116,1.7,197,197,185,185,4,4,0,0
44,119,1.53,482,1024,165,390,106,212,0,0
44,121,3,216,451,192,385,2,4,0,0
44,122,2.2,338,676,338,676,0,0,0,0
44,123,24.15,2135,4100,2047,3963,21,38,0,0
44,124,3,559,1119,0,0,0,0,0,0
44,55,1.93,227,478,131,261,62,184,0,0
44,109,1,39,39,39,39,0,0,0,0
45,0,13.44,957,1759,847,1567,19,29,0,0
45,1,7,1471,2940,610,1220,80,159,0,0
45,3,1,20,60,0,0,0,0,0,0
45,10,2.98,201,392,195,386,2,2,0,0
45,11,3.4,222,225,111,113,8,8,0,0
45,14,1.21,18,20,4,5,4,5,0,0
45,15,21.98,2202,3832,935,1730,387,633,0,0
45,22,1,14,14,3,3,3,3,0,0
45,23,0.02,14,42,0,0,14,42,0,0
45,24,5.59,3762,9501,198,396,3477,8931,0,0
45,26,10.96,4804,10313,1022,2304,2187,4753,0,0
45,28,7,1088,2663,716,1678,71,196,0,0
45,31,10.37,922,1856,378,820,181,346,0,0
45,32,9.12,733,1124,396,706,113,140,0,0
45,48,5.66,5424,22560,1357,5639,1357,5639,0,0
45,50,2.09,392,794,214,431,71,144,0,0
45,51,3.92,2819,5767,148,327,2248,4528,0,0
45,6,4.57,416,832,161,323,84,169,0,0
45,16,1,8,8,2,2,2,2,0,0
45,25,1,24,24,0,0,0,0,0,0
45,30,4,881,1686,330,641,183,348,0,0
45,37,2.67,467,934,300,599,56,112,0,0
45,44,0.55,136,408,34,102,34,102,0,0
45,47,0.35,607,2429,152,607,152,607,0,0
45,55,3.94,1004,1992,269,535,727,1449,0,0
45,56,1.32,476,1059,0,0,476,1059,0,0
45,68,7.63,1193,1345,163,306,984,987,0,0
45,69,25.84,2781,5029,2639,4828,42,57,0,0
45,70,37.59,2676,5264,1722,3224,503,1048,0,0
45,71,20.71,1708,3396,1502,2992,34,56,0,0
45,107,0.78,122,245,122,245,0,0,0,0
45,108,1.22,132,166,59,94,24,24,0,0
45,114,0.59,122,122,122,122,0,0,0,0
45,115,0.41,84,84,84,84,0,0,0,0
45,58,0.03,7,13,7,13,0,0,0,0
45,76,1,168,168,168,168,0,0,0,0
45,110,2,92,92,45,45,16,16,0,0
45,111,1,46,91,46,91,0,0,0,0
45,120,3,563,1429,511,1326,0,0,0,0
46,0,2.56,83,166,13,26,13,26,0,0
46,6,8.43,717,1139,452,699,21,27,0,0
46,9,15.78,2377,4564,1100,2050,687,1359,0,0
46,10,3.16,1788,2699,450,680,900,1581,0,0
46,26,2.04,201,402,51,100,51,100,0,0
46,28,0.01,0,1,0,0,0,0,0,0
46,32,4.03,387,768,134,256,72,132,0,0
46,33,5.87,1113,1825,215,389,781,1286,0,0
46,36,2,154,307,146,292,3,5,0,0
46,37,3.33,659,1317,387,775,90,181,0,0
46,41,14.1,2037,4414,1924,4206,6,6,0,0
46,44,14.45,3497,9109,744,1552,2152,6222,0,0
46,8,0.21,36,36,36,36,0,0,0,0
46,12,0.98,668,1335,0,0,668,1335,0,0
46,13,5,1465,2930,190,380,895,1789,0,0
46,30,1,19,19,5,5,5,5,0,0
46,34,4.6,492,985,462,923,10,20,0,0
46,35,0.75,28,56,7,14,7,14,0,0
46,40,0.1,20,41,20,41,0,0,0,0
46,45,0.99,119,239,30,60,30,60,0,0
46,58,2.7,173,345,161,321,4,8,0,0
46,59,11.27,2222,4443,211,445,1844,3637,0,0
46,68,10.7,1252,2393,374,748,735,1360,0,0
46,69,29.55,3370,7732,858,1754,869,2128,0,0
46,70,58.37,5671,12335,3287,6243,1197,2901,475,1899
46,71,27.51,3478,7259,1955,4299,856,1697,0,0
46,76,4,993,1684,178,351,459,632,0,0
46,114,1.15,503,1006,162,324,114,227,0,0
46,115,0.85,255,509,251,501,1,3,0,0
46,118,15.01,1851,3883,482,949,959,2144,0,0
46,55,0.79,1524,4572,0,0,1524,4572,0,0
46,56,5.05,727,1453,405,809,105,210,0,0
46,60,5,607,1037,375,706,49,55,0,0
46,61,2,85,85,21,21,21,21,0,0
46,72,0.11,157,315,0,0,157,315,0,0
46,73,1.29,417,833,0,0,417,833,0,0
46,74,0.06,44,88,0,0,44,88,0,0
46,82,0.13,30,122,30,122,0,0,30,122
46,83,5.87,631,1634,346,1090,72,136,203,812
46,101,3,399,399,246,246,51,51,0,0
46,121,3,415,729,266,507,25,25,0,0
46,122,3,245,471,204,403,14,23,0,0
46,127,1.22,277,555,223,447,18,36,0,0
47,4,5.65,1891,4286,291,813,1301,2692,0,0
47,8,35.55,4594,9689,1729,3576,769,1503,487,1482
47,9,77.29,4507,8916,3117,6529,303,524,73,145
47,10,27.46,4233,7907,1047,2093,2591,4624,0,0
47,12,9.99,972,1929,524,1045,126,248,0,0
47,13,60.93,3794,6245,3038,5046,411,766,11,11
47,26,4,400,878,100,220,100,220,0,0
47,29,5.89,883,1770,465,1050,114,190,0,0
47,30,3.66,699,1398,175,349,175,349,0,0
47,32,3.48,536,962,263,498,91,155,0,0
47,33,6,461,683,403,625,19,19,0,0
47,34,16.63,1904,3654,1330,2623,78,117,0,0
47,35,9.44,1034,1942,927,1819,11,17,0,0
47,36,3,201,320,129,238,24,27,0,0
47,40,50.99,5056,9282,4296,8030,205,329,0,0
47,41,8.72,476,973,251,507,36,77,0,0
47,5,4.01,97,164,12,28,18,38,0,0
47,14,2.57,228,340,219,331,3,3,0,0
47,15,0.04,6,17,6,17,0,0,0,0
47,16,7.31,592,1139,395,779,27,42,0,0
47,17,12.31,1361,2699,951,1902,129,258,0,0
47,18,1.4,248,362,248,362,0,0,0,0
47,22,1,79,79,79,79,0,0,0,0
47,38,9.78,1236,2833,823,1989,94,194,0,0
47,39,0.12,12,32,6,13,2,6,0,0
47,55,13.75,4904,10858,765,1580,2865,6624,0,0
47,56,14.42,1774,3443,1167,2320,178,339,0,0
47,60,3,271,482,202,388,23,31,0,0
47,68,36.7,2778,5303,2626,5097,39,47,0,0
47,69,99.86,5707,11454,3687,7935,752,1312,0,0
47,70,62.78,7811,18965,3575,7236,3685,10634,0,0
47,71,9.79,2709,5925,991,1940,1457,3551,0,0
47,72,1.59,2782,5565,0,0,2782,5565,0,0
47,73,4.71,635,1269,265,531,316,631,0,0
47,74,0.94,728,1457,0,0,728,1457,0,0
47,78,10.55,3064,6612,164,277,2655,5899,0,0
47,90,5,2230,5676,140,279,1812,4839,0,0
47,114,14.18,4131,8373,633,1119,2974,6570,0,0
47,79,2.45,224,427,151,296,66,127,0,0
47,83,1.08,236,472,5,11,220,440,0,0
47,84,5.92,852,1247,507,596,141,268,0,0
47,86,1.96,336,672,173,345,164,327,0,0
47,87,1.46,395,791,0,0,395,791,0,0
47,89,3,494,990,124,247,124,247,0,0
47,100,1,28,28,7,7,7,7,0,0
47,101,8.81,1023,1858,468,888,185,323,0,0
47,106,0.32,51,101,13,25,13,25,0,0
47,109,0.12,419,1256,0,0,419,1256,0,0
47,113,1.64,1231,2585,0,0,1231,2585,0,0
48,4,1.26,1346,2693,0,0,1346,2693,0,0
48,5,0.08,85,169,0,0,85,169,0,0
48,8,12.32,2741,6423,731,2172,1390,2862,0,0
48,9,19.13,1751,3349,1406,2807,26,43,0,0
48,10,46.16,3928,7601,3029,5973,254,472,0,0
48,11,14.04,728,1269,555,1086,28,32,0,0
48,12,4.53,114,151,19,19,19,19,0,0
48,13,63.64,7238,16969,3225,6111,3686,10400,0,0
48,14,20.97,3243,8137,616,1201,2082,5967,0,0
48,15,37.99,2673,5793,2280,5071,99,176,0,0
48,16,14.32,2097,4270,839,1849,1100,2170,0,0
48,17,18.66,1807,3526,1410,2800,78,138,0,0
48,22,1.84,853,1708,484,969,123,246,0,0
48,23,2.17,265,513,112,220,51,98,0,0
48,30,0.46,118,236,30,59,30,59,0,0
48,35,0.71,78,78,78,78,0,0,0,0
48,37,5,285,384,135,234,36,36,0,0
48,38,13.88,3178,7575,732,1435,1708,4726,0,0
48,39,23.91,2935,5916,1541,3214,130,232,0,0
48,40,16.54,2935,5254,1840,3677,602,1020,0,0
48,41,2.44,1105,2222,153,432,301,580,0,0
48,7,3.31,702,1877,251,640,57,133,0,0
48,21,0.17,23,23,6,6,6,6,0,0
48,27,1,24,24,24,24,0,0,0,0
48,55,7.99,7701,17874,1175,2968,4176,8970,0,0
48,64,4,743,1485,183,365,536,1071,0,0
48,65,13.03,1098,2074,712,1302,129,258,0,0
48,66,10.94,2036,4602,581,1305,1024,2190,0,0
48,68,27.08,2262,4447,1905,3934,42,60,0,0
48,69,45.88,3690,7465,2737,5415,561,1343,0,0
48,70,25.52,2026,4059,1735,3623,73,121,0,0
48,81,3,256,504,199,397,2,2,0,0
48,82,1,94,188,23,47,23,47,0,0
48,85,9.27,3305,5832,495,961,2314,3957,0,0
48,86,0.39,265,386,0,0,265,386,0,0
48,87,0.36,200,400,0,0,200,400,0,0
48,89,5,1413,2806,154,303,1230,2456,0,0
48,90,2,206,366,172,332,11,11,0,0
48,101,0.19,34,68,9,17,9,17,0,0
48,105,12.37,2421,4821,880,1770,494,997,0,0
48,106,13.68,2174,4255,917,1814,274,530,0,0
48,109,0.87,2919,8758,0,0,2919,8758,0,0
48,113,1.37,596,1454,0,0,596,1454,0,0
48,114,1.81,222,534,90,270,1,2,0,0
48,116,5,1808,3616,301,603,1247,2494,0,0
48,125,7.39,2425,4831,194,383,2221,4437,0,0
48,67,2,183,303,120,239,0,0,0,0
48,103,1.12,293,410,73,102,73,102,0,0
48,104,0.49,48,95,12,24,12,24,0,0
48,110,6.21,1390,2780,177,353,1134,2268,0,0
48,117,2,381,762,381,762,0,0,0,0
48,118,2.13,1381,3225,0,0,1381,3225,0,0
49,7,26.09,2821,6291,1350,3004,420,944,0,0
49,8,2.87,1056,2113,0,0,1056,2113,0,0
49,9,0.06,13,26,13,26,0,0,0,0
49,10,4.83,770,1404,758,1392,0,0,0,0
49,13,22.74,4631,9132,982,1786,3455,6927,0,0
49,14,57.31,3728,6386,3018,5252,189,329,0,0
49,15,21.96,3423,8255,1070,2460,759,1881,0,0
49,21,0.83,113,113,28,28,28,28,0,0
49,27,0.13,25,50,25,50,0,0,0,0
49,28,20.74,2404,5122,1094,2342,373,799,0,0
49,29,2,74,130,14,28,14,28,0,0
49,38,0.53,107,214,107,214,0,0,0,0
49,39,64.22,4843,9307,4008,7930,219,388,0,0
49,40,80.28,6767,13518,3712,7742,1586,2922,0,0
49,41,10.2,3611,7083,434,849,2475,4932,0,0
49,42,0.81,689,1372,0,0,683,1366,0,0
49,48,8,1598,3346,879,1908,239,480,0,0
49,4,0.37,74,74,74,74,0,0,0,0
49,12,12.84,1364,2718,1281,2560,28,53,0,0
49,26,1,42,135,30,110,4,8,0,0
49,49,2.47,1047,2339,262,585,262,585,0,0
49,52,4.88,1358,3024,339,757,339,757,0,0
49,65,12,546,836,170,277,124,186,0,0
49,66,14.03,6628,13473,718,1490,4909,9871,0,0
49,68,5.16,389,778,361,720,10,19,0,0
49,69,2.48,188,376,178,356,3,7,0,0
49,80,4.99,846,1692,831,1660,5,10,0,0
49,85,2.54,861,2390,176,352,675,2020,0,0
49,86,0.01,13,13,0,0,13,13,0,0
49,103,1.88,1103,1798,276,450,276,450,0,0
49,105,0.14,104,209,26,52,26,52,0,0
49,110,3.79,1050,2100,366,731,611,1222,0,0
49,113,10.21,1466,2402,169,339,1252,2001,0,0
49,118,7.58,1901,4315,541,1037,1163,2974,216,432
49,125,17.62,3685,7295,496,974,2587,5155,0,0
49,53,1.56,161,321,102,203,20,39,0,0
49,67,1,78,156,19,39,19,39,0,0
49,112,0.76,128,154,0,0,128,154,0,0
49,119,0.76,77,153,77,153,0,0,0,0
49,124,8.37,630,1190,501,986,28,41,0,0
50,4,26.58,7548,17640,1088,2246,5049,12300,0,0
50,5,1.39,957,2196,0,0,957,2196,0,0
50,6,8,544,1058,445,884,33,58,0,0
50,7,16.76,1296,2668,971,2097,109,190,0,0
50,11,20.12,2019,3556,978,1975,255,435,0,0
50,12,27.12,3194,6325,2667,5317,176,336,0,0
50,13,17.27,1002,1856,735,1452,65,111,0,0
50,14,37.11,2879,6529,2086,4829,486,1138,0,0
50,15,15.7,1146,2345,928,2104,186,188,0,0
50,16,8,1102,2714,1026,2558,19,34,0,0
50,17,15.06,1937,4482,1599,3815,91,178,0,0
50,21,6.45,954,1924,322,647,189,382,0,0
50,22,14.09,2490,5402,1193,2512,406,938,0,0
50,23,5.45,746,1696,547,1334,152,292,0,0
50,26,5,1509,3185,99,392,1408,2789,0,0
50,28,16.17,1495,3341,1220,2822,52,94,0,0
50,29,4.96,480,743,318,581,55,55,0,0
50,33,4,530,745,218,433,3,3,0,0
50,39,53.77,5458,13702,2365,5906,1539,3073,505,2696
50,40,152.59,9986,22892,6860,16860,1218,2462,0,0
50,41,24.17,2262,4336,1485,2950,540,1062,0,0
50,42,29.55,2706,5344,2390,4767,100,186,0,0
50,43,24.47,2408,4700,2209,4399,28,36,0,0
50,49,0.53,112,224,28,56,28,56,0,0
50,0,2.07,2578,5131,7,7,2559,5111,0,0
50,3,1.66,863,2034,0,0,863,2034,0,0
50,10,5.19,847,1694,847,1694,0,0,0,0
50,18,17.51,1640,3189,1188,2353,144,265,0,0
50,19,4.1,293,563,84,164,69,133,0,0
50,20,7,688,1586,655,1512,11,25,0,0
50,37,0.02,2,4,2,4,0,0,0,0
50,38,4.56,626,1252,477,955,76,151,0,0
50,44,3.9,266,502,67,126,67,126,0,0
50,52,3.17,472,515,23,23,66,109,0,0
50,53,11.38,4073,9376,558,1134,3315,7806,0,0
50,55,0.32,14,28,3,7,3,7,0,0
50,56,0.68,29,58,7,15,7,15,0,0
50,59,6,610,1203,38,71,498,989,0,0
50,60,1.73,3963,11888,306,919,3044,9132,0,0
50,69,1,52,104,13,26,13,26,0,0
50,80,19.4,2640,4814,2234,4042,159,305,0,0
50,81,15.37,1213,2215,1057,1952,30,56,0,0
50,108,1,98,196,24,49,24,49,0,0
50,113,2.03,35,35,0,0,35,35,0,0
50,118,1.51,122,243,118,236,1,2,0,0
50,119,1,331,662,0,0,331,662,0,0
50,121,0.24,43,86,27,55,16,31,0,0
50,122,4.76,2151,4262,737,1464,781,1552,0,0
50,124,5.99,472,828,340,656,37,51,0,0
50,125,5.05,926,2092,252,503,673,1587,0,0
50,57,0.42,564,797,0,0,564,797,0,0
50,61,4,908,1889,57,132,737,1493,0,0
51,0,1.09,420,840,159,318,261,522,0,0
51,1,8.93,871,1612,696,1366,51,75,0,0
51,2,7.58,759,1365,615,1105,20,40,0,0
51,9,7,741,966,548,772,8,8,0,0
51,10,18.89,2189,3970,2014,3736,35,54,0,0
51,11,66.5,5236,8652,4871,8215,123,146,0,0
51,12,6.27,870,1589,853,1572,6,6,0,0
51,13,2,107,107,26,26,26,26,0,0
51,14,8.83,1446,3018,597,1367,25,33,0,0
51,15,37.03,2608,5909,1385,3577,732,1447,0,0
51,16,20.7,1314,2872,1100,2396,70,159,0,0
51,17,52.72,3057,5775,2645,5152,103,159,0,0
51,18,28.3,2146,4368,1580,3257,144,317,0,0
51,19,6.75,7240,29293,1615,6885,3013,9872,0,0
51,20,8.72,4500,15383,823,1771,3152,12271,0,0
51,21,7.79,2145,4330,670,1348,771,1552,0,0
51,22,11.66,2766,6113,860,1866,635,1416,0,0
51,23,6.63,490,1017,345,773,48,81,0,0
51,25,3.37,352,671,277,545,25,42,0,0
51,26,0.63,113,225,28,56,28,56,0,0
51,37,11.32,773,1470,397,775,125,231,0,0
51,38,14.74,1610,3204,804,1753,253,452,0,0
51,39,27.57,2712,5528,1909,4113,306,549,0,0
51,40,30.63,9049,17981,1756,3345,6679,13464,0,0
51,41,7.77,2889,6329,411,824,2206,4963,0,0
51,42,38.78,3492,7108,2218,4634,676,1362,42,42
51,43,32.04,2529,4968,1907,3978,109,193,0,0
51,44,12.77,1378,2736,876,1752,132,263,0,0
51,47,7,1335,2805,435,1004,300,600,0,0
51,57,7.76,3325,5584,383,762,2386,3717,0,0
51,60,0.27,445,1335,111,334,111,334,0,0
51,61,7.03,7465,20153,297,594,6574,18371,0,0
51,68,4.38,577,1080,244,482,70,133,0,0
51,69,10.62,2290,3815,235,432,1900,3149,0,0
51,70,3,220,440,193,387,9,18,0,0
51,72,3.9,1793,4603,0,0,1793,4603,0,0
51,73,14.18,4531,7434,568,1017,3892,6327,0,0
51,80,25.49,2258,3622,1494,2671,478,519,0,0
51,81,18.36,1683,3194,1333,2594,109,192,0,0
51,90,1,126,251,31,63,31,63,0,0
51,111,0.08,5,9,1,2,1,2,0,0
51,112,6.92,1334,2785,643,1314,231,490,0,0
51,119,1,8,24,2,6,2,6,0,0
51,124,15.42,2429,5450,1357,3273,494,1018,0,0
51,125,4.52,1910,4010,165,323,1727,3668,0,0
51,126,3.06,825,1648,157,312,269,537,0,0
51,54,1,131,392,33,98,33,98,0,0
51,55,1,81,81,81,81,0,0,0,0
51,56,0.03,8,16,2,5,0,0,0,0
51,58,7.82,456,875,368,736,17,34,0,0
51,62,3.43,1362,3744,58,90,1187,3475,0,0
51,74,5,246,413,176,340,12,13,0,0
51,79,3,253,253,0,0,253,253,0,0
51,113,1.7,545,1091,149,297,397,793,0,0
51,115,0.6,65,129,64,129,0,0,0,0
51,123,1.26,325,634,309,618,0,0,0,0
52,1,32.5,2722,5310,2026,4064,196,343,0,0
52,2,8.87,420,767,164,315,22,31,0,0
52,10,41.97,2983,5339,2690,4912,50,75,0,0
52,11,80.88,5718,9746,5272,8979,85,127,0,0
52,12,71.47,4378,8325,3505,6975,204,293,0,0
52,13,31.72,2360,4927,1199,2574,109,182,0,0
52,14,10.33,1828,4002,674,1658,380,777,0,0
52,15,79.78,7065,16003,3287,7655,2013,4727,0,0
52,16,68.51,4595,10328,3874,9113,138,262,0,0
52,17,31.1,6280,16459,6067,16081,49,96,0,0
52,18,0.93,28,28,7,7,7,7,0,0
52,20,4.1,6472,25673,142,533,6047,24071,0,0
52,21,9.36,2825,8730,484,1256,2052,6319,0,0
52,22,1.16,81,162,52,104,10,19,0,0
52,30,0.68,22,44,5,11,5,11,0,0
52,31,12.32,943,1712,712,1416,52,75,0,0
52,34,4.3,1684,4098,421,1025,421,1025,0,0
52,35,9.26,1955,4099,667,1381,429,906,0,0
52,38,1,26,52,6,13,6,13,0,0
52,39,23.18,1859,3800,1650,3503,42,53,0,0
52,40,17.35,7045,13468,298,570,5897,11525,0,0
52,42,6.17,1713,4133,393,1096,856,1851,0,0
52,48,3,1233,1608,0,0,1233,1608,0,0
52,0,0.14,14,28,4,7,4,7,0,0
52,9,7.2,507,963,404,796,34,56,0,0
52,19,1,619,1858,0,0,619,1858,0,0
52,36,7.66,808,1857,500,1028,60,147,0,0
52,49,0.89,945,945,0,0,945,945,0,0
52,56,12.22,1073,1973,577,1112,90,138,0,0
52,57,16.74,3174,6875,932,2000,692,1520,0,0
52,59,8,1850,4569,1004,2188,282,794,0,0
52,61,7.64,6935,19575,221,500,6271,18075,0,0
52,62,7.72,13606,40582,6,6,13589,40564,0,0
52,68,2.57,1261,1943,0,0,1261,1943,0,0
52,69,4.4,1399,2525,213,426,1094,1916,0,0
52,73,8.01,1428,3147,57,111,1258,2813,0,0
52,74,3.91,1673,3306,0,0,1673,3306,0,0
52,77,1,22,44,5,11,5,11,0,0
52,78,18,1714,2740,975,1658,247,360,0,0
52,79,6.99,2666,4867,501,887,1932,3748,0,0
52,80,21.06,2134,3548,1376,2266,599,1020,0,0
52,81,32.38,2367,4234,1873,3456,92,161,0,0
52,83,10.6,2819,4925,356,710,2248,3789,0,0
52,84,0.39,412,414,1,1,410,411,0,0
52,97,7.01,3199,4563,547,862,2215,2917,0,0
52,106,13.36,2648,4899,964,1830,561,1023,0,0
52,112,1,68,136,17,34,17,34,0,0
52,113,0.3,167,334,0,0,167,334,0,0
52,115,7.4,876,1749,292,583,78,154,0,0
52,121,0.11,75,151,0,0,75,151,0,0
52,122,5.89,1724,3630,356,891,1308,2615,0,0
52,124,3.33,285,571,247,496,12,25,0,0
52,126,8.98,2573,8345,599,1953,776,2485,0,0
52,54,1,7,7,2,2,2,2,0,0
52,119,3.18,219,428,141,279,61,119,0,0
52,123,3,624,1568,396,1113,76,152,0,0
52,127,0.13,81,325,20,81,20,81,0,0
53,0,1.29,91,91,18,18,18,18,0,0
53,1,9.71,1021,1822,587,1002,109,211,0,0
53,9,8.15,2872,5172,213,420,2643,4730,0,0
53,10,16.62,5793,7627,725,1079,5039,6512,0,0
53,11,26.47,2112,4034,2042,3912,24,40,0,0
53,12,56.3,5986,10410,4259,7223,563,1051,0,0
53,13,51.04,4989,10257,3578,7037,531,1154,0,0
53,14,27.77,7405,22967,3215,10377,893,3269,0,0
53,15,104.82,10916,30362,6106,17898,1974,5776,0,0
53,16,25.88,2799,6043,1747,3531,315,779,0,0
53,17,6.22,969,2522,671,1433,99,363,328,1312
53,20,6.82,3033,6765,196,392,2444,5590,0,0
53,21,7.56,10480,49252,6,6,10461,49232,0,0
53,22,4.76,4083,9829,4,5,4073,9815,0,0
53,23,1.36,1536,4608,0,0,1536,4608,0,0
53,32,10.88,1191,2011,586,1078,202,310,0,0
53,35,0.43,18,36,5,9,5,9,0,0
53,36,1.34,444,946,111,237,111,237,0,0
53,39,5.23,927,1787,390,762,179,341,0,0
53,40,2.77,339,645,85,161,85,161,0,0
53,49,7.46,1772,4336,852,1895,379,885,0,0
53,18,1.71,218,541,44,80,88,300,0,0
53,19,0.03,236,1179,0,0,236,1179,0,0
53,26,7.61,804,1545,450,898,73,125,0,0
53,27,0.94,135,335,135,334,0,0,0,0
53,28,1,33,33,0,0,0,0,0,0
53,33,1,196,393,49,98,49,98,0,0
53,34,3.76,958,1924,153,309,795,1593,0,0
53,50,1.67,131,131,33,33,33,33,0,0
53,56,1,179,538,179,538,0,0,0,0
53,57,3.01,377,726,94,181,94,181,0,0
53,61,0.34,334,669,84,167,84,167,0,0
53,62,2.84,1530,4540,13,26,1491,4462,0,0
53,66,0.57,605,605,0,0,605,605,0,0
53,68,1.02,695,1391,0,0,695,1391,0,0
53,80,5.38,709,1070,334,581,125,163,0,0
53,81,24.81,2823,5624,2055,4183,28,42,0,0
53,89,2.95,1541,3081,161,321,1333,2666,0,0
53,106,9.64,997,1881,423,818,192,355,0,0
53,107,16,1593,2607,721,1152,253,408,0,0
53,119,4.82,1838,4585,0,0,1838,4585,0,0
53,122,1,77,155,19,39,19,39,0,0
53,125,1,33,33,8,8,8,8,0,0
53,126,9.76,2827,7410,49,89,2682,7145,0,0
53,64,1.09,497,988,61,184,313,436,0,0
53,65,1.61,1275,2091,0,0,1275,2091,0,0
53,67,0.32,1427,2854,0,0,1427,2854,0,0
53,82,0.05,14,28,3,7,3,7,0,0
53,83,0.2,54,108,13,27,13,27,0,0
53,87,4.88,1246,2477,339,674,790,1577,0,0
53,88,1.17,448,896,0,0,448,896,0,0
53,98,1,62,62,16,16,16,16,0,0
53,104,4.76,328,581,269,522,16,16,0,0
53,105,0.24,3,3,0,0,0,0,0,0
53,108,1,14,14,3,3,3,3,0,0
53,127,4.13,410,821,46,93,271,542,0,0
54,9,19.64,2818,5580,1341,2668,459,909,0,0
54,10,11.44,3964,9559,297,554,3328,8403,0,0
54,11,7.36,1779,3484,136,254,1526,3033,0,0
54,12,27.7,2822,5657,1928,3938,235,460,0,0
54,13,69.33,6040,11662,4529,8553,970,2029,0,0
54,14,56.01,6928,17051,4515,12799,1965,3788,0,0
54,15,161.59,13884,42640,7581,22856,5301,17173,214,1283
54,16,80.82,8948,29134,4611,14422,1976,5411,941,5408
54,17,12.77,22214,84492,443,834,21580,83383,0,0
54,18,4.65,21029,86960,56,163,20860,86471,0,0
54,19,2.82,8760,41643,28,39,8678,41525,0,0
54,20,2.7,3580,14796,0,0,3580,14796,0,0
54,21,5.04,691,1967,145,379,258,831,0,0
54,22,0.88,277,832,0,0,277,832,0,0
54,26,0.09,14,41,14,41,0,0,0,0
54,27,5.7,1377,2865,69,207,1279,2574,0,0
54,32,11.47,2443,5452,1012,2167,476,1096,0,0
54,33,20.64,2888,7065,973,2534,620,1473,419,1677
54,34,0.24,249,498,0,0,249,498,0,0
54,39,1,22,22,0,0,0,0,0,0
54,40,1,42,42,10,10,10,10,0,0
54,49,2.76,313,666,234,478,26,63,0,0
54,50,5.21,2718,5204,203,347,2393,4729,0,0
54,28,0.33,167,334,0,0,167,334,0,0
54,64,3.9,1146,1782,523,1059,582,615,0,0
54,65,1.82,846,1352,0,0,846,1352,0,0
54,67,0.68,2983,5964,0,0,2983,5964,0,0
54,72,8,3693,7388,1460,2919,745,1489,0,0
54,76,6.46,1078,2152,758,1515,66,131,0,0
54,77,0.54,154,308,37,74,37,74,0,0
54,80,32.58,2843,4670,2327,4081,371,396,0,0
54,81,89.2,6423,12338,4514,8652,769,1545,34,103
54,82,63.06,6977,14691,3117,6861,2421,5201,1,3
54,83,43.36,3662,5763,1964,3667,1085,1188,0,0
54,91,0.04,17,51,0,0,17,51,0,0
54,92,12.95,3321,7160,255,642,2828,6048,0,0
54,93,1,49,98,12,24,12,24,0,0
54,98,6.78,1429,2150,815,1459,197,223,0,0
54,100,8.33,1854,3305,905,1641,317,554,0,0
54,101,10.85,2589,4025,706,1052,608,953,0,0
54,103,1,42,42,10,10,10,10,0,0
54,112,8.83,1885,3682,504,993,1293,2572,0,0
54,126,16.53,2262,4435,1577,3139,603,1192,0,0
54,61,8.7,2813,15964,43,120,2685,15603,0,0
54,62,1.82,549,1098,0,1,548,1095,0,0
54,63,1,768,1535,192,384,192,384,0,0
54,66,3.08,852,1703,213,426,213,426,0,0
54,71,1,169,339,169,339,0,0,0,0
54,84,1.89,214,427,100,199,38,75,0,0
54,99,2.1,870,1741,162,324,162,324,0,0
54,102,0.81,354,354,88,88,88,88,0,0
54,111,0.17,135,270,0,0,135,270,0,0
54,113,1,49,99,0,0,49,99,0,0
54,118,1,167,500,42,125,42,125,0,0
54,127,4,54,54,13,13,13,13,0,0
55,1,7.99,1615,3157,132,247,1218,2417,0,0
55,3,10.92,1137,2207,365,716,430,848,0,0
55,8,6.01,2939,13345,15,75,2894,13121,0,0
55,10,11.28,2016,4035,317,634,1650,3300,0,0
55,11,25.08,2748,5280,1018,2008,1314,2490,0,0
55,12,56.95,4797,10136,4012,8684,62,101,0,0
55,13,13.43,1169,2314,694,1413,305,606,0,0
55,14,45.34,6116,16623,2438,5261,1089,2199,0,0
55,15,111.82,11495,28468,6190,15120,4240,11090,0,0
55,16,96.8,7666,18229,5305,12136,793,2122,0,0
55,17,5.18,14311,51610,46,93,14171,51331,0,0
55,18,2.8,21194,85398,0,0,21194,85398,0,0
55,19,1.76,13280,53122,0,0,13280,53122,0,0
55,20,5.33,3321,11062,190,205,2751,10448,0,0
55,27,3.49,475,951,280,560,91,181,0,0
55,28,3.84,598,1197,186,372,138,275,0,0
55,34,7,1373,2746,276,554,1045,2088,0,0
55,36,1,67,133,17,33,17,33,0,0
55,37,4,398,865,301,619,32,82,0,0
55,39,1.51,145,223,37,56,37,56,0,0
55,2,1.41,116,233,29,58,29,58,0,0
55,4,1.91,199,399,180,360,6,13,0,0
55,7,0.21,261,521,0,0,261,521,0,0
55,24,6.16,315,576,202,389,38,62,0,0
55,25,7.48,1069,2096,568,1125,167,324,0,0
55,40,2.06,199,336,153,290,15,15,0,0
55,60,0.27,175,2269,0,0,175,2269,0,0
55,61,9.49,9406,37189,21,56,9344,37022,0,0
55,62,3.33,5613,23977,2,2,5606,23970,0,0
55,63,13.92,1722,3750,717,1511,559,1194,0,0
55,64,12.92,1374,3110,744,1628,487,1221,0,0
55,65,2,97,97,24,24,24,24,0,0
55,66,4.92,921,1982,366,768,185,405,0,0
55,69,8,2792,5536,305,598,2323,4635,0,0
55,72,2,1306,2109,0,0,1306,2109,0,0
55,77,1,71,142,18,35,18,35,0,0
55,80,24.06,2136,3581,1695,3047,210,223,0,0
55,81,80.55,6553,13292,4440,9074,427,778,223,669
55,82,67.43,6562,15133,3877,8902,814,1672,677,2117
55,83,56.76,5454,10444,3525,5582,243,466,0,0
55,84,8.99,1038,1560,436,742,201,273,47,140
55,98,5.12,680,877,308,495,124,127,0,0
55,99,4.02,1873,3728,516,1026,453,901,0,0
55,100,14,1931,3632,833,1608,351,644,47,95
55,101,3.31,840,1588,162,300,356,688,0,0
55,104,8.38,1054,1768,669,1299,66,95,0,0
55,117,7.82,1102,2528,543,1410,187,372,0,0
55,126,25.08,3460,7821,1573,3172,1687,4391,0,0
55,127,18.84,3203,7110,1313,2953,1418,2851,0,0
55,105,1,288,288,72,72,72,72,0,0
55,116,0.36,21,42,5,10,5,10,0,0
55,118,0.18,35,139,35,139,0,0,0,0
55,122,0.17,74,149,19,37,19,37,0,0
56,1,19.2,2021,4482,1474,3135,174,448,0,0
56,2,2.4,202,382,112,223,23,46,0,0
56,3,28.88,3153,6427,1441,3024,836,1663,0,0
56,4,4.29,363,845,285,686,1,3,0,0
56,7,3.79,1195,2390,155,309,1001,2002,0,0
56,11,3.76,367,706,203,399,111,216,0,0
56,12,4.25,500,946,167,321,296,577,0,0
56,14,20.89,1887,3650,1442,2857,149,264,0,0
56,15,95.87,6915,15851,5525,13027,234,461,0,0
56,16,111.49,8143,16369,5101,10719,1635,3204,0,0
56,17,1.93,3616,14004,125,250,3491,13753,0,0
56,18,1.92,11317,48322,0,0,11317,48322,0,0
56,19,36.02,5180,12734,1257,2610,3280,9015,0,0
56,20,39.02,2982,5660,1904,3957,247,370,0,0
56,21,5,198,299,50,75,50,75,0,0
56,24,2,977,1954,53,107,977,1954,0,0
56,25,0.36,41,81,10,20,10,20,0,0
56,39,22.09,2556,6324,844,1972,462,1168,0,0
56,40,16,1412,2931,779,1702,211,410,0,0
56,50,5.35,494,936,103,193,37,61,0,0
56,13,8.52,913,2735,170,510,403,1209,252,971
56,49,0.65,122,244,122,244,0,0,0,0
56,61,0.54,410,1229,0,0,410,1229,0,0
56,62,10,2737,5777,649,1373,1485,3048,0,0
56,69,1.07,174,348,174,348,0,0,0,0
56,70,0.93,137,274,137,274,0,0,0,0
56,81,23.62,2724,5444,2203,4406,174,346,0,0
56,82,19.64,2379,5191,1293,2398,897,2501,0,0
56,83,46.12,3592,7057,2675,5181,203,431,0,0
56,84,2.39,128,236,33,59,33,59,0,0
56,98,0.52,679,1357,0,0,679,1357,0,0
56,99,1.47,1485,2970,215,431,839,1679,0,0
56,100,5.69,1047,1485,605,716,146,257,0,0
56,104,6.61,1035,2053,625,1244,137,270,0,0
56,116,13.25,4192,8606,549,1098,3526,7273,0,0
56,117,1.38,268,729,41,82,227,648,0,0
56,119,12.01,2225,4150,814,1625,1012,1736,505,1010
56,120,15.74,3731,6858,599,912,2911,5725,0,0
56,122,2.83,497,995,124,249,124,249,0,0
56,125,33.77,2962,5541,2615,4935,137,258,0,0
56,126,62.14,4601,8772,3644,7043,254,465,0,0
56,127,121.38,10903,27296,5651,13185,2176,5161,1018,5090
56,54,4.53,1878,4828,426,1077,1109,3127,0,0
56,76,2.58,1108,2135,277,534,277,534,0,0
56,77,2.81,748,1654,0,0,748,1654,0,0
56,78,2.56,106,213,0,0,106,213,0,0
56,101,2,233,269,206,215,9,18,0,0
56,113,9.63,2121,4339,525,1074,1122,2270,0,0
56,114,1.37,630,1260,0,0,630,1260,0,0
56,124,13.49,2852,4615,2460,3832,130,261,0,0
57,0,2,165,433,103,310,0,0,0,0
57,1,11,759,1474,471,931,31,50,0,0
57,2,8,731,1463,663,1327,23,45,0,0
57,3,11.56,806,1642,240,548,320,627,0,0
57,4,6.44,1037,2115,459,958,578,1156,0,0
57,6,0.17,29,58,7,14,7,14,0,0
57,7,0.83,141,281,35,70,35,70,0,0
57,12,1,31,31,8,8,8,8,0,0
57,13,11.41,1014,1955,649,1280,122,225,0,0
57,14,28.68,2553,5044,1984,4114,210,357,0,0
57,15,36.39,2025,3380,1277,2435,194,245,0,0
57,16,87.24,5889,12040,4352,9272,662,1264,0,0
57,17,32.05,7312,16911,1911,3126,3933,11665,0,0
57,18,10.88,2204,4958,370,592,1528,4044,0,0
57,19,80.24,5906,11447,4437,9171,412,625,0,0
57,20,68.84,5817,11264,3296,6490,651,1251,0,0
57,21,6,198,235,49,58,49,58,0,0
57,35,1,58,58,0,0,0,0,0,0
57,37,5.21,926,1974,343,719,193,418,0,0
57,38,3.14,489,978,190,380,72,144,0,0
57,39,0.11,46,137,11,34,11,34,0,0
57,40,0.23,90,181,23,45,23,45,0,0
57,48,12.14,2633,5151,655,1327,1021,1998,0,0
57,49,6.2,1218,2800,643,1662,191,379,0,0
57,50,1.66,506,1376,143,285,0,0,0,0
57,44,5.98,854,1676,427,845,142,277,0,0
57,54,0.47,844,2531,0,0,844,2531,0,0
57,76,0.42,740,1480,185,370,185,370,0,0
57,77,9.94,3311,8735,55,148,3145,8292,0,0
57,78,1.68,438,1042,108,254,116,279,0,0
57,82,22.19,3176,4275,2631,3236,490,977,0,0
57,83,35.53,2901,5476,2764,5312,25,35,0,0
57,84,4.06,216,291,73,111,48,60,0,0
57,87,3.03,1402,2843,295,598,421,852,0,0
57,91,2.92,1959,3919,105,210,1644,3288,0,0
57,92,2.37,995,1990,103,205,688,1374,0,0
57,95,5.95,1043,2034,579,1144,155,296,0,0
57,113,0.85,359,1077,0,0,359,1077,0,0
57,114,0.14,59,177,0,0,59,177,0,0
57,120,2.27,1072,2144,0,0,1072,2144,0,0
57,124,24.27,3378,6734,3240,6360,46,124,0,0
57,125,67.01,6085,10750,5550,9922,119,185,0,0
57,126,59.24,6457,13097,5707,11577,415,996,0,0
57,127,131.66,8920,19957,5731,13795,1428,3430,0,0
57,66,5.97,928,1833,325,644,506,1006,0,0
57,72,2.23,1021,2041,131,261,629,1258,0,0
57,86,1.82,1374,2748,0,0,1374,2748,0,0
57,93,7.56,1846,3558,593,1152,773,1512,0,0
57,94,1.05,120,241,39,77,27,55,0,0
57,105,1,35,70,9,18,9,18,0,0
57,116,2,406,812,250,501,0,0,0,0
57,119,1,596,596,0,0,596,596,0,0
58,11,0.46,28,28,7,7,7,7,0,0
58,12,11.75,1148,2086,642,1173,96,172,0,0
58,13,37.72,2654,5250,2419,4830,70,133,0,0
58,14,41.66,3436,6989,3064,6343,91,163,0,0
58,15,33.85,6385,10646,4556,7368,610,1093,0,0
58,16,42.08,4151,7987,3141,6075,354,690,0,0
58,17,49.71,6265,16009,2379,4884,3576,10635,0,0
58,18,51.4,6978,16206,3271,5838,3437,9956,0,0
58,19,67.16,5371,9179,4551,8040,277,377,0,0
58,20,15.29,1040,1647,785,1371,43,50,0,0
58,37,5.72,826,1635,382,723,148,304,0,0
58,38,9.93,2398,7308,770,2153,534,1701,27,53
58,44,8.02,1169,2362,417,961,251,467,0,0
58,48,0.01,2,2,1,1,1,1,0,0
58,6,1.02,376,753,0,0,376,753,0,0
58,36,1.5,259,518,65,130,65,130,0,0
58,66,6.47,4219,8438,133,266,3857,7715,0,0
58,67,1.85,339,678,339,678,0,0,0,0
58,68,1,206,412,206,412,0,0,0,0
58,72,16.75,4472,7730,873,1703,2634,4188,0,0
58,82,12.06,4098,8624,366,549,3419,7398,0,0
58,86,4,1318,2575,119,223,961,1906,0,0
58,87,4.16,1766,4229,234,643,1063,2299,0,0
58,91,1.08,170,340,163,326,2,5,0,0
58,92,1,182,546,182,546,0,0,0,0
58,93,1.07,76,151,66,133,3,6,0,0
58,101,4.56,1958,3915,490,978,490,978,0,0
58,102,3.44,500,1001,276,553,75,149,0,0
58,119,2,1239,1863,0,0,1239,1863,0,0
58,124,19.25,1945,3686,1858,3544,17,24,0,0
58,125,62.32,5746,10389,5310,9666,74,118,0,0
58,126,48.23,4468,9089,3926,8045,153,319,0,0
58,127,88.96,5498,10128,3703,6909,496,946,0,0
58,71,0.98,494,988,123,247,123,247,0,0
59,6,8.15,3214,6612,236,458,2506,5238,0,0
59,11,4.4,1124,2249,406,813,442,885,0,0
59,12,3.45,350,503,166,318,13,13,0,0
59,13,28.03,2919,5816,2866,5727,18,30,0,0
59,14,52.01,5840,12735,5525,12163,44,81,0,0
59,15,77.21,6378,13678,5988,12973,67,122,0,0
59,16,110.59,4890,11080,4512,10365,96,186,0,0
59,17,22.67,2317,4447,1109,2001,1064,2116,0,0
59,18,1.84,307,606,94,186,208,414,0,0
59,19,5.55,821,1603,778,1516,14,29,0,0
59,20,1.95,67,170,13,38,13,38,0,0
59,23,2,263,737,244,718,7,7,0,0
59,36,1.5,941,1881,235,470,235,470,0,0
59,37,16,1066,3040,561,1261,341,1440,0,0
59,39,8,740,2020,374,1073,122,316,0,0
59,51,7,1378,2976,611,1444,184,368,0,0
59,3,1.6,180,305,125,249,0,0,0,0
59,10,1,132,397,132,397,0,0,0,0
59,21,1,73,73,18,18,18,18,0,0
59,26,1.87,537,1075,159,318,11,23,0,0
59,34,2.94,343,695,298,606,6,12,0,0
59,35,0.97,289,867,289,867,0,0,0,0
59,40,0.44,7,7,2,2,2,2,0,0
59,41,4.12,379,894,292,767,29,42,0,0
59,66,1.71,899,1799,122,244,533,1067,0,0
59,72,1.9,1083,2158,5,9,1074,2146,0,0
59,73,2.14,333,666,163,326,169,337,0,0
59,82,9.55,2650,3743,462,1151,2183,2588,0,0
59,106,1,147,294,147,294,0,0,0,0
59,107,11.4,2539,4756,519,865,1315,2581,0,0
59,108,0.6,318,637,0,0,318,637,0,0
59,112,5.11,486,972,319,637,55,112,0,0
59,113,6.88,725,1432,256,509,156,308,0,0
59,119,5.84,1215,2482,236,453,819,1749,0,0
59,123,4,540,1080,389,777,37,72,0,0
59,124,5.99,654,1287,518,1032,45,85,0,0
59,125,7.58,839,1350,799,1310,13,13,0,0
59,126,40.45,3643,7187,3465,6910,46,70,0,0
59,127,22.45,2338,4237,1840,3263,179,351,0,0
59,57,1,12,12,3,3,3,3,0,0
59,58,7,738,1474,411,821,84,168,0,0
59,86,3,250,501,241,481,3,7,0,0
59,120,0.4,56,111,56,111,0,0,0,0
60,2,13,1402,2494,629,1206,223,395,0,0
60,3,16.4,2220,3942,1805,3210,115,220,0,0
60,4,1,21,21,21,21,0,0,0,0
60,5,0.12,32,63,0,0,32,63,0,0
60,6,15.7,2049,4024,763,1508,969,1920,0,0
60,10,1,30,30,7,7,7,7,0,0
60,11,12.35,5604,11324,415,829,4728,9575,0,0
60,12,0.24,212,636,0,0,212,636,0,0
60,14,11.45,1678,3884,1481,3491,56,112,0,0
60,15,64.97,5548,9879,5319,9552,55,89,0,0
60,16,35.59,3101,6146,2994,5986,21,40,0,0
60,17,11.1,1024,2219,497,1254,296,599,0,0
60,20,6,2630,7855,127,371,2486,7448,0,0
60,26,2.13,208,399,145,286,4,4,0,0
60,33,3.99,469,939,368,736,20,40,0,0
60,34,0.11,32,64,32,64,0,0,0,0
60,35,1,34,103,9,26,9,26,0,0
60,36,4,264,421,184,341,27,27,0,0
60,37,4.86,432,751,368,635,21,39,0,0
60,38,0.14,16,30,16,30,0,0,0,0
60,41,2.43,78,127,56,105,7,7,0,0
60,0,5,2036,4843,409,817,1458,3686,0,0
60,7,0.67,78,234,0,0,0,0,0,0
60,8,1,211,422,211,422,0,0,0,0
60,21,1,120,361,30,90,30,90,0,0
60,40,3,187,522,126,371,20,50,0,0
60,42,6.96,787,1414,668,1184,40,77,0,0
60,43,8.47,1062,2363,425,910,212,485,0,0
60,50,0.04,53,105,0,0,53,105,0,0
60,56,10,3678,7792,433,974,2380,4870,0,0
60,58,3.07,1860,3143,381,618,1184,2224,0,0
60,59,1.93,223,445,61,121,54,109,0,0
60,62,4,649,1471,322,847,109,208,0,0
60,82,11.44,1066,1959,718,1400,81,118,0,0
60,109,1,75,149,19,37,19,37,0,0
60,113,2,553,1107,149,297,87,173,0,0
60,119,4.77,2327,6024,144,287,2112,5599,0,0
60,54,5.27,1448,2848,385,758,248,484,0,0
60,63,1,174,348,43,87,43,87,0,0
60,67,1.72,809,1317,82,88,564,1053,0,0
60,71,3,1051,3111,263,778,263,778,0,0
60,81,2,78,140,20,35,20,35,0,0
60,90,3.26,1102,2153,128,242,949,1884,0,0
60,101,1,7,7,2,2,2,2,0,0
60,107,3.99,1622,3245,374,748,374,748,0,0
60,122,1,258,516,258,516,0,0,0,0
60,123,0.03,7,14,2,3,2,3,0,0
61,0,5,489,866,463,811,8,18,0,0
61,3,1.01,41,41,11,11,9,9,0,0
61,4,1,234,469,59,117,59,117,0,0
61,7,2.91,567,1491,495,1242,0,0,0,0
61,15,25.13,4572,8824,1171,2308,2657,5409,0,0
61,24,3.35,654,1223,487,953,56,90,0,0
61,31,12.48,1315,2430,646,1281,150,290,0,0
61,36,24.04,2640,4360,2311,3968,110,131,0,0
61,37,12.95,1405,2777,1188,2367,26,42,0,0
61,38,2.55,291,582,122,245,0,0,0,0
61,40,1,51,101,13,25,13,25,0,0
61,42,1.8,91,182,74,148,6,11,0,0
61,43,4.78,425,693,331,507,31,62,0,0
61,47,8.44,3637,8016,132,232,3239,7317,0,0
61,49,0.92,43,43,11,11,11,11,0,0
61,50,26.05,6584,12923,599,1198,5434,10627,0,0
61,51,0.66,208,208,52,52,52,52,0,0
61,1,18,1098,1444,954,1252,48,64,0,0
61,6,8.42,792,1644,582,1317,70,109,0,0
61,14,12.12,1130,2840,898,2422,77,139,0,0
61,17,0.92,207,271,58,116,146,148,0,0
61,18,0.01,1,2,1,2,0,0,0,0
61,25,7.63,1494,2842,502,967,860,1684,0,0
61,32,1.24,107,214,22,43,22,43,0,0
61,48,4.53,665,1236,317,631,250,498,0,0
61,52,0.34,108,108,27,27,27,27,0,0
61,54,2.73,372,692,96,183,54,100,0,0
61,66,8.61,1593,2804,701,1318,280,477,0,0
61,67,6.92,1549,3248,411,860,540,1119,0,0
61,70,1.85,395,790,188,375,69,138,0,0
61,71,2.15,1035,2681,12,24,999,2609,0,0
61,81,15.01,5206,10949,781,1973,4025,8089,0,0
61,82,23.2,1850,3521,1404,2770,57,77,0,0
61,83,2.55,301,528,189,377,0,0,0,0
61,84,1,715,2146,0,0,715,2146,0,0
61,85,7,1832,3640,229,452,1476,2946,0,0
61,90,3.74,1018,2922,266,755,439,1100,0,0
61,107,8.01,1375,2495,578,1093,265,467,0,0
61,108,5.99,983,1949,520,1036,154,304,0,0
61,109,2.01,230,459,59,118,57,114,0,0
61,120,1,12,12,3,3,3,3,0,0
61,122,14.09,4539,7912,146,286,4091,7045,0,0
61,123,2.49,467,925,281,562,59,117,0,0
61,92,0.15,55,109,14,27,14,27,0,0
61,93,0.66,171,342,144,288,9,18,0,0
61,114,0.44,507,1014,0,0,507,1014,0,0
61,115,0.09,104,207,0,0,104,207,0,0
61,121,0.4,890,1781,0,0,890,1781,0,0
62,0,32.08,3369,7575,1301,2872,637,1303,480,1440
62,1,83.78,5357,10044,3084,6234,670,1166,0,0
62,4,1,70,70,17,17,17,17,0,0
62,14,1.14,65,130,18,35,9,19,0,0
62,15,5.18,1262,2646,212,424,471,1063,0,0
62,17,24.95,7301,11488,1316,2479,4906,6885,0,0
62,18,14.99,1570,3020,1235,2353,105,217,0,0
62,24,4,383,774,310,634,10,34,0,0
62,25,6.02,865,1460,39,67,753,1269,0,0
62,31,25.28,3141,6019,1634,3227,437,834,0,0
62,32,4.09,1088,1990,538,895,183,365,0,0
62,35,2.68,147,268,24,42,24,42,0,0
62,36,101.25,8072,18491,4604,10126,885,1858,449,2245
62,37,85.12,6326,13450,4964,10981,309,501,0,0
62,38,36.41,3268,6581,2552,5191,220,432,0,0
62,39,16.39,1786,3442,927,1774,178,346,0,0
62,40,1,29,29,7,7,7,7,0,0
62,42,3,313,643,91,186,14,33,0,0
62,43,9,815,1828,362,964,130,268,0,0
62,45,0.86,618,1757,0,0,618,1757,0,0
62,46,1.14,672,1593,0,0,672,1593,0,0
62,47,13.1,4790,11841,511,932,3968,10324,0,0
62,48,0.93,349,682,34,45,299,600,0,0
62,49,2,31,50,3,3,3,3,0,0
62,2,15.59,1564,3070,731,1448,209,403,0,0
62,3,1,32,96,8,24,8,24,0,0
62,7,2.48,268,535,144,289,25,50,0,0
62,8,2.54,145,258,56,104,8,8,0,0
62,16,1.4,626,1148,104,104,522,1043,0,0
62,23,0.46,279,558,0,0,279,558,0,0
62,30,8.6,801,1802,360,930,147,290,0,0
62,33,1.48,111,111,79,79,0,0,0,0
62,66,8.39,1340,2636,397,783,314,618,0,0
62,67,12.35,1440,2765,527,1025,293,556,0,0
62,76,1,42,42,11,11,11,11,0,0
62,77,7,670,1207,319,617,100,180,0,0
62,82,16.22,2553,6197,512,952,1757,4744,0,0
62,83,1,463,463,0,0,463,463,0,0
62,92,2.3,490,1364,80,214,250,723,0,0
62,93,11.48,1643,3132,1202,2387,84,153,0,0
62,100,2.08,250,323,63,81,63,81,0,0
62,101,4.93,1441,1644,513,716,310,310,0,0
62,110,5,336,657,291,578,15,26,0,0
62,111,2,302,603,219,437,28,55,0,0
62,114,0.01,13,25,0,0,13,25,0,0
62,115,3.87,2636,5110,0,0,2636,5110,0,0
62,116,9.59,2011,4102,434,866,1268,2622,0,0
62,125,9.68,1869,3580,129,217,1591,3141,0,0
62,126,4.63,1258,2518,645,1289,430,859,0,0
62,57,1.96,2644,12196,0,0,2644,12196,0,0
62,58,1,51,51,0,0,0,0,0,0
62,78,1,299,896,0,0,299,896,0,0
62,79,0.43,116,231,29,58,29,58,0,0
62,99,0.04,21,42,5,10,5,10,0,0
62,105,0.34,92,276,92,276,0,0,0,0
62,118,1,258,773,0,0,258,773,0,0
63,0,8.22,995,1889,877,1772,39,39,0,0
63,1,33.14,2671,4771,2072,3775,129,222,0,0
63,2,25.94,1975,3690,1792,3427,61,88,0,0
63,7,4.98,302,404,191,217,25,50,0,0
63,8,3,451,874,237,467,71,136,0,0
63,15,6.52,1421,2645,361,673,617,1185,0,0
63,16,0.72,671,1342,0,0,671,1342,0,0
63,17,1.01,144,288,8,16,121,241,0,0
63,18,14.71,1438,2708,1153,2235,29,46,0,0
63,19,6.48,697,1343,634,1256,21,29,0,0
63,23,1.54,646,1291,80,161,404,809,0,0
63,30,8.4,1994,3483,489,861,489,861,0,0
63,32,4.99,294,674,268,557,9,39,0,0
63,33,34.89,2412,4521,1939,3756,111,173,0,0
63,34,3.66,360,722,263,525,1,3,0,0
63,35,12.18,767,1479,565,1124,29,53,0,0
63,36,91.21,7563,17259,4355,9555,1315,2975,291,1454
63,37,43.03,3886,9379,1655,3851,195,317,0,0
63,38,80.83,5626,9723,4482,7551,185,296,0,0
63,39,8.13,732,1464,622,1243,3,5,0,0
63,45,0.22,168,336,0,0,168,336,0,0
63,46,7.78,1290,2707,294,618,736,1503,0,0
63,6,3,497,1184,402,995,32,63,0,0
63,20,3.25,413,857,201,345,6,41,0,0
63,21,1.51,139,139,103,103,12,12,0,0
63,27,3.12,453,885,143,280,103,202,0,0
63,28,3.88,290,520,179,358,17,33,0,0
63,55,1,19,57,5,14,5,14,0,0
63,56,2.77,7140,14166,8,17,7116,14116,0,0
63,57,0.28,131,514,0,0,131,514,0,0
63,78,1,72,144,18,36,18,36,0,0
63,79,17.93,3603,9052,767,1555,2404,6597,0,0
63,80,1.77,267,536,242,486,8,17,0,0
63,82,5.37,585,1484,151,382,144,368,0,0
63,83,9.65,1151,2128,436,828,239,434,0,0
63,92,2,424,1108,229,523,65,195,0,0
63,93,5.41,742,1415,149,297,369,670,0,0
63,98,4.99,1016,2032,302,605,410,820,0,0
63,99,10.75,3357,6569,986,1937,790,1543,0,0
63,100,1.2,575,1151,144,288,144,288,0,0
63,105,2.66,948,2040,373,919,192,374,0,0
63,109,2,310,621,310,621,0,0,0,0
63,110,5,531,1040,241,477,96,188,0,0
63,120,5,868,1723,249,494,91,179,0,0
63,125,0.68,133,265,0,0,133,265,0,0
63,62,1,34,68,8,17,8,17,0,0
63,114,5.52,406,481,0,0,406,481,0,0
64,3,7.15,1729,2928,995,1546,200,400,0,0
64,6,4.99,1469,3674,761,1705,235,656,0,0
64,7,6.89,1096,2191,673,1347,140,282,0,0
64,18,3.81,329,619,282,563,3,6,0,0
64,19,8,1877,4131,188,390,1542,3415,0,0
64,20,2.24,288,512,186,186,0,0,0,0
64,27,3.86,1876,2785,138,263,1711,2495,0,0
64,28,0.14,149,149,0,0,149,149,0,0
64,29,6.26,373,791,233,476,46,104,0,0
64,30,10.54,3118,6215,545,1086,2267,4529,0,0
64,31,2.21,258,486,4,4,232,460,0,0
64,33,2.52,183,380,37,77,33,69,0,0
64,34,0.01,1,2,0,0,0,0,0,0
64,35,12,929,1591,835,1477,31,38,0,0
64,36,22.31,2097,3882,1234,2360,209,400,0,0
64,37,19.89,1694,2179,1428,1864,89,106,0,0
64,38,33.65,2653,5111,2116,4199,94,176,0,0
64,39,1,25,25,6,6,6,6,0,0
64,40,13,1501,2755,522,983,326,591,0,0
64,42,7,878,1850,248,658,63,103,0,0
64,51,1,19,19,5,5,5,5,0,0
64,2,2.84,618,931,154,233,154,233,0,0
64,32,6.15,806,1451,537,1035,61,81,0,0
64,46,2.61,450,901,113,225,113,225,0,0
64,55,4,438,1091,236,687,22,43,0,0
64,56,13.14,4864,9656,1216,2414,1216,2414,0,0
64,61,17,2408,5223,713,1774,1192,2405,0,0
64,66,4,1805,3612,463,927,1342,2685,0,0
64,79,4.87,950,1900,167,334,567,1132,0,0
64,98,4.01,996,1884,250,473,248,470,0,0
64,113,7.03,1668,3812,278,523,1096,2764,0,0
64,114,13.46,3891,7408,0,0,3772,7171,0,0
64,127,10.02,827,1635,514,1022,104,204,0,0
64,52,2.15,274,541,68,135,68,135,0,0
64,53,8.26,1299,2986,549,1204,237,581,0,0
64,63,4,440,837,278,546,54,97,0,0
64,64,4,149,241,99,191,7,7,0,0
65,2,2,205,409,176,352,10,19,0,0
65,3,2.92,774,1918,184,457,225,548,0,0
65,4,8.56,5079,12664,121,273,4716,11845,0,0
65,7,4.11,705,1331,336,652,123,226,0,0
65,14,1,11,11,3,3,3,3,0,0
65,17,1,59,59,15,15,15,15,0,0
65,32,2.19,724,1090,199,308,89,89,0,0
65,35,0.09,11,22,3,6,3,6,0,0
65,36,8.69,881,1714,636,1222,82,164,0,0
65,37,12.65,1138,1628,920,1171,66,137,0,0
65,38,10.2,1211,2349,890,1774,90,174,0,0
65,40,1,17,17,4,4,4,4,0,0
65,46,20.11,2944,6089,676,1422,987,2042,0,0
65,19,7.63,1438,3923,302,621,1037,3107,0,0
65,30,12.26,1214,2609,444,876,413,1048,0,0
65,34,1,46,228,11,57,11,57,0,0
65,43,2,46,46,11,11,11,11,0,0
65,48,4,224,427,133,261,16,27,0,0
65,53,2.59,187,475,174,455,4,6,0,0
65,55,8,926,1899,458,970,156,310,0,0
65,56,0.86,547,1094,137,274,137,274,0,0
65,58,1,37,75,37,75,0,0,0,0
65,71,8,1514,2697,584,1086,302,522,0,0
65,74,5,972,1799,458,880,171,307,0,0
65,80,1,35,35,0,0,0,0,35,35
65,81,1,21,42,5,10,5,10,0,0
65,97,2.65,1835,3668,148,296,1577,3154,0,0
65,102,1,43,130,11,32,11,32,0,0
65,103,3,663,1327,272,544,131,261,0,0
65,108,7.07,1146,2917,462,914,547,1621,0,0
65,113,3,259,259,214,214,15,15,0,0
65,114,1,63,63,63,63,0,0,0,0
65,118,13,2199,4297,805,1579,994,1972,28,55
65,54,1.01,142,284,142,284,0,0,0,0
65,62,4,257,434,183,345,25,30,0,0
65,70,1,106,212,106,212,0,0,0,0
65,96,0.04,96,192,0,0,96,192,0,0
65,107,1.78,731,731,0,0,731,731,0,0
65,109,1,190,381,0,0,190,381,0,0
65,117,1,106,212,27,53,27,53,0,0
65,119,3,1979,3958,0,0,1979,3958,0,0
66,3,1,111,222,111,222,0,0,0,0
66,4,3.52,663,1763,494,1424,57,113,0,0
66,19,16.37,2489,5886,1284,2702,1050,2954,0,0
66,30,7.7,3352,6569,114,215,3012,5925,0,0
66,37,29.55,3940,7858,1514,3007,1946,4000,0,0
66,38,14.33,1418,3203,1215,2794,44,82,0,0
66,45,9.58,1052,1744,511,684,181,354,0,0
66,46,13.93,1470,2788,368,697,368,697,0,0
66,51,1.04,57,229,7,36,35,121,0,0
66,20,4,212,379,168,333,3,4,0,0
66,21,4,855,1790,466,1014,129,259,0,0
66,24,1,36,72,9,18,9,18,0,0
66,40,3,432,1215,379,1108,18,36,0,0
66,44,0.8,21,21,5,5,5,5,0,0
66,48,4,130,219,85,160,10,10,0,0
66,52,11.15,8524,23475,0,0,8524,23475,0,0
66,53,11.44,1841,4095,626,1701,891,1794,0,0
66,54,10.48,1526,3292,445,957,300,658,0,0
66,61,4,398,796,292,584,35,71,0,0
66,62,6,1754,4678,415,832,1195,3559,0,0
66,79,1,95,95,24,24,24,24,0,0
66,81,13,1432,3159,818,1829,136,305,0,0
66,97,3.31,1406,3040,87,232,1144,2345,0,0
66,107,0.22,86,86,0,0,86,86,0,0
66,108,5.16,2138,2887,0,0,2138,2887,0,0
66,55,1,17,86,4,22,4,22,0,0
66,56,1,17,85,4,21,4,21,0,0
67,19,1,99,99,0,0,0,0,0,0
67,20,0.49,35,35,0,0,0,0,0,0
67,21,7.5,764,1367,630,1135,6,12,0,0
67,30,0.04,8,8,2,2,2,2,0,0
67,32,6.26,3423,6677,234,458,3107,6135,0,0
67,33,0.74,202,202,0,0,202,202,0,0
67,37,19.89,2249,4282,1482,3049,495,889,0,0
67,38,0.95,235,235,59,59,59,59,0,0
67,39,1.31,417,834,104,208,104,208,0,0
67,40,3.69,744,1486,237,474,169,337,0,0
67,41,1,30,90,30,90,0,0,0,0
67,44,3.2,313,313,296,296,6,6,0,0
67,45,1.5,143,286,36,72,36,72,0,0
67,46,1.26,507,1014,127,254,127,254,0,0
67,51,22.18,2058,5933,373,791,1404,4479,0,0
67,5,1,76,76,19,19,19,19,0,0
67,6,2.64,688,1633,688,1633,0,0,0,0
67,10,0.6,68,136,68,136,0,0,0,0
67,11,6.16,1958,3916,336,671,1409,2817,0,0
67,52,70.81,9312,20264,2727,5698,5519,12451,0,0
67,53,18.76,7599,19109,185,365,7136,18197,0,0
67,54,2.44,1631,3888,311,778,698,1551,0,0
67,57,3,1390,1390,0,0,1390,1390,0,0
67,62,2,388,1039,190,446,66,198,0,0
67,63,1,28,112,7,28,7,28,28,112
67,79,2,279,558,171,340,36,72,0,0
67,96,4,753,1506,170,337,564,1129,0,0
67,101,10.49,4953,12992,336,810,3951,10566,0,0
67,108,5.76,1632,3100,265,529,835,1506,0,0
67,109,1,519,1037,0,0,519,1037,0,0
67,117,2.75,1034,2070,246,493,788,1577,0,0
67,58,5.38,617,1015,344,673,37,60,0,0
67,73,5,1605,4183,385,759,1089,3190,0,0
67,102,3.69,1049,2083,342,668,185,369,0,0
67,105,1,25,75,6,19,6,19,0,0
67,112,4.71,1017,3302,416,1446,98,310,0,0
67,116,0.25,107,213,0,0,107,213,0,0
67,124,1.16,328,656,266,533,62,123,0,0
67,125,1.84,689,1379,0,0,689,1379,0,0
68,2,3,515,987,405,799,37,63,0,0
68,5,2.06,268,535,80,160,63,125,0,0
68,6,0.3,83,165,83,165,0,0,0,0
68,11,2.24,848,1696,50,101,697,1394,0,0
68,16,7,2821,5536,201,402,1691,3276,0,0
68,19,4.98,3425,5693,63,139,3237,5277,0,0
68,23,3.04,1868,3736,0,0,1868,3736,0,0
68,27,2,73,73,10,10,10,10,0,0
68,28,28.97,2509,5378,1491,3421,319,591,0,0
68,31,4.05,341,649,183,359,8,8,0,0
68,32,4.95,431,747,231,433,67,105,0,0
68,34,0.92,903,1808,0,0,903,1808,0,0
68,38,1,336,671,84,168,84,168,0,0
68,46,2.42,683,1630,171,408,171,408,0,0
68,48,2.46,1138,2155,285,539,285,539,0,0
68,51,14.44,1275,2925,518,1024,323,905,0,0
68,3,2,835,1552,717,1434,0,0,0,0
68,20,3.23,812,1623,174,348,597,1193,0,0
68,24,8.31,932,1772,585,1145,116,208,0,0
68,25,0.12,41,82,41,82,0,0,0,0
68,29,0.03,3,7,1,2,1,2,0,0
68,33,6.85,2117,3714,127,255,1983,3444,0,0
68,40,3,472,921,180,354,6,6,0,0
68,41,1,126,251,31,63,31,63,0,0
68,45,5.33,856,1864,355,705,167,387,0,0
68,49,6.42,807,1494,202,373,202,373,0,0
68,52,20.48,1536,2976,1036,2053,120,215,0,0
68,53,16.54,1790,3579,1304,2610,147,296,0,0
68,54,0.24,113,226,28,57,28,57,0,0
68,57,0.44,53,106,53,106,0,0,0,0
68,58,6.18,999,2669,130,258,743,2165,0,0
68,59,11,1600,3089,274,520,1225,2422,0,0
68,73,2,2070,3531,0,0,2070,3531,0,0
68,85,17,3405,6932,267,742,3032,5989,0,0
68,88,1,58,115,14,29,14,29,0,0
68,101,15.42,2688,4432,1075,1924,518,817,0,0
68,102,5.4,538,802,273,301,38,65,0,0
68,112,9.3,1640,4030,121,294,1276,3147,0,0
68,117,16.93,6306,12515,3,3,6296,12505,0,0
68,55,0.74,74,148,59,118,5,10,0,0
68,63,2,872,1743,0,0,872,1743,0,0
68,64,0.14,18,36,5,9,5,9,0,0
68,66,6,435,1215,311,921,31,76,0,0
68,71,1,35,70,9,17,9,17,0,0
68,89,0.34,150,150,0,0,150,150,0,0
68,113,2,891,1781,58,116,717,1435,0,0
69,13,4,204,361,189,331,5,10,0,0
69,14,2,38,38,24,24,5,5,0,0
69,16,2,80,80,20,20,20,20,0,0
69,19,8.85,2836,5366,482,890,1612,3151,0,0
69,20,8.14,708,1283,557,1113,7,13,0,0
69,23,5.01,1420,2798,198,403,1064,2136,0,0
69,24,26.73,3667,7107,1590,3156,509,992,0,0
69,25,1.77,85,146,21,37,21,37,0,0
69,28,4.81,265,560,201,407,22,51,0,0
69,33,9.23,1144,2373,574,1169,360,741,0,0
69,45,0.25,19,19,19,19,0,0,0,0
69,48,3.77,877,2282,219,570,219,570,0,0
69,49,11.79,1672,3213,760,1487,305,575,0,0
69,50,5.74,640,1272,283,444,81,162,0,0
69,51,11.26,623,1373,191,366,80,143,0,0
69,5,1.46,656,1312,512,1024,0,0,0,0
69,31,6.91,596,1014,535,853,16,50,0,0
69,32,7.71,663,1376,375,764,50,113,0,0
69,34,4.08,172,412,110,237,21,58,0,0
69,36,3,530,950,151,275,28,28,0,0
69,37,0.82,195,389,0,0,0,0,0,0
69,38,1.18,408,816,364,729,0,0,0,0
69,46,1,171,342,43,85,43,85,0,0
69,55,4.26,325,661,116,235,13,28,0,0
69,63,0.11,58,117,0,0,58,117,0,0
69,64,4.75,914,1828,227,454,549,1098,0,0
69,65,0.16,61,122,11,22,29,58,0,0
69,66,7.84,2677,5754,186,357,2117,4682,0,0
69,70,7.86,3327,10014,625,1697,1947,5911,0,0
69,76,1,29,57,7,14,7,14,0,0
69,89,5.65,1235,1619,340,672,845,862,0,0
69,90,10.31,1845,3645,364,715,984,1955,0,0
69,108,5,1767,3515,479,953,1037,2069,0,0
69,113,2,281,562,200,399,27,55,0,0
69,117,27.07,4415,8893,855,1699,3422,6938,0,0
69,62,4.74,1287,3293,168,504,782,1782,0,0
69,67,0.01,9,19,0,0,9,19,0,0
69,115,2.52,463,909,64,123,194,383,0,0
69,116,2.65,568,1137,222,444,115,231,0,0
69,122,2.54,1157,2314,0,0,1157,2314,0,0
69,123,0.85,241,482,0,0,241,482,0,0
70,5,2.54,267,436,24,24,24,24,0,0
70,14,2,315,630,79,158,79,158,0,0
70,19,18.53,1609,2844,1394,2460,72,128,0,0
70,20,37.16,2714,5012,1938,3785,233,374,0,0
70,28,21.39,2125,4275,1066,2082,496,1161,0,0
70,31,8.09,808,1731,417,863,131,289,0,0
70,32,1.29,171,343,128,255,0,0,0,0
70,34,18.56,2187,4115,1354,2644,278,490,0,0
70,35,1.36,290,580,73,145,73,145,0,0
70,49,4.57,698,1280,203,377,67,105,0,0
70,50,7,669,1213,329,649,56,103,0,0
70,51,2,228,456,57,114,57,114,0,0
70,11,2.98,186,328,109,145,26,61,0,0
70,21,1.91,587,1155,142,284,142,284,0,0
70,27,1.8,1212,3637,0,0,1212,3637,0,0
70,53,5.81,500,907,299,586,52,92,0,0
70,54,5.19,855,1595,369,710,161,294,0,0
70,62,9.26,3753,10196,856,2326,1579,4025,0,0
70,63,1,3,3,1,1,1,1,0,0
70,67,0.99,1322,2645,0,0,1322,2645,0,0
70,70,0.13,123,491,31,123,31,123,0,0
70,90,1.69,66,169,9,27,9,27,0,0
70,102,4,444,874,261,518,28,53,0,0
70,106,8.96,1860,3718,265,530,1226,2453,0,0
70,108,3,586,993,276,378,103,205,0,0
70,113,1,28,28,0,0,0,0,0,0
70,115,8.63,1189,2295,364,723,648,1292,0,0
70,122,0.46,573,1146,0,0,573,1146,0,0
70,123,11.15,2836,5623,432,864,2269,4535,0,0
70,127,2,292,584,272,543,0,0,0,0
70,55,1,378,756,378,756,0,0,0,0
70,56,2.24,1081,2794,0,0,1081,2794,0,0
70,57,1,147,294,147,294,0,0,0,0
70,74,3.99,690,1260,388,746,101,171,0,0
70,75,0.01,2,5,2,5,0,0,0,0
70,79,3.4,814,1250,17,34,763,1148,0,0
70,94,1,452,903,0,0,452,903,0,0
70,105,2.45,352,705,297,595,18,37,0,0
70,107,0.59,378,757,93,187,98,197,0,0
70,109,1,89,179,89,179,0,0,0,0
70,116,0.2,23,46,0,0,0,0,0,0
70,126,3.36,315,621,292,586,4,9,0,0
71,2,6.85,4181,10078,161,321,4021,9757,0,0
71,3,1,148,296,148,296,0,0,0,0
71,11,1.02,11,28,3,7,3,7,0,0
71,20,24.22,2265,4613,1365,2858,293,579,0,0
71,21,4,346,592,271,518,25,25,0,0
71,27,1,1563,3125,0,0,1563,3125,0,0
71,48,3.04,1364,2747,2,5,1357,2733,0,0
71,9,5.22,382,722,164,317,28,46,0,0
71,12,0.31,24,29,10,15,5,5,0,0
71,13,2.69,190,261,85,157,14,14,0,0
71,17,0.58,154,308,154,308,0,0,0,0
71,26,1,27,55,7,14,7,14,0,0
71,28,0.31,110,305,28,76,28,76,0,0
71,41,1.99,89,152,3,6,0,0,0,0
71,42,3.01,702,1056,440,793,87,87,0,0
71,43,2.34,144,288,66,132,26,52,0,0
71,47,0.96,508,1523,0,0,508,1523,0,0
71,50,0.38,121,241,30,60,30,60,0,0
71,55,1,11,11,3,3,3,3,0,0
71,56,1.34,518,1217,203,406,315,811,0,0
71,57,0.42,146,291,146,291,0,0,0,0
71,62,2,195,390,169,339,9,17,0,0
71,79,15.6,2311,4420,782,1419,849,1686,0,0
71,85,3.79,1831,2940,0,0,1831,2940,0,0
71,95,9.88,1985,2826,86,172,1727,2309,0,0
71,96,6.12,734,1396,265,511,195,372,0,0
71,97,4,477,1245,291,655,62,197,0,0
71,102,3.3,452,833,227,436,76,132,0,0
71,103,6,1073,2145,404,808,544,1087,0,0
71,115,2,21,29,5,7,5,7,0,0
71,119,3,298,647,199,411,33,79,0,0
71,122,2.84,279,279,0,0,279,279,0,0
71,123,8.88,2354,4918,469,939,1539,3286,0,0
71,125,2,1139,2278,0,0,1139,2278,0,0
71,126,6.64,2647,5292,292,583,2354,4708,0,0
71,53,2,137,275,63,126,25,50,0,0
71,63,7.85,1875,4878,401,784,1288,3753,0,0
71,73,0.99,149,238,37,59,37,59,0,0
71,84,7.02,1041,1869,347,657,499,1016,0,0
71,101,4.69,2666,5691,176,267,2139,4891,0,0
72,0,7.44,3398,7720,524,1260,1828,3938,0,0
72,1,1,200,401,200,401,0,0,0,0
72,2,0.15,107,215,0,0,107,215,0,0
72,9,17.36,1688,3449,894,1761,113,199,0,0
72,10,4.99,1933,4162,187,509,1612,3385,0,0
72,16,0.43,73,146,18,36,18,36,0,0
72,17,8.99,1131,2159,668,1309,155,284,0,0
72,20,4.57,839,1656,311,621,169,338,0,0
72,21,31.22,4325,8589,2081,4255,1970,3909,0,0
72,22,34.13,3779,7243,3066,5843,237,466,0,0
72,28,2.69,625,1512,156,378,156,378,0,0
72,42,7,1370,2617,395,771,166,314,0,0
72,43,9.87,2238,4439,382,695,1571,3314,0,0
72,44,0.78,878,2635,0,0,878,2635,0,0
72,46,1.73,1244,3445,36,36,1137,3338,0,0
72,47,1.27,600,1801,46,138,462,1386,0,0
72,50,1.62,597,1194,149,298,149,298,0,0
72,4,3.7,740,1362,506,894,78,156,0,0
72,14,0.59,190,190,47,47,47,47,0,0
72,29,6.36,622,1390,478,1130,43,77,0,0
72,41,1,45,90,11,22,11,22,0,0
72,53,1,330,991,330,991,0,0,0,0
72,59,1,136,271,34,68,34,68,0,0
72,63,0.15,6,12,6,12,0,0,0,0
72,66,5,990,1981,411,821,194,387,0,0
72,73,7.01,3575,8103,572,1065,2288,5767,0,0
72,82,2,1397,2778,4,4,1385,2766,0,0
72,83,4,1097,2746,673,1603,141,381,0,0
72,84,10.92,1829,3813,180,360,1531,3276,0,0
72,85,1.27,573,773,3,6,564,755,0,0
72,123,2.28,1219,2721,0,0,1219,2721,0,0
72,52,1,11,11,3,3,3,3,0,0
72,67,1.22,170,335,166,331,1,1,0,0
72,96,1,9,9,2,2,2,2,0,0
72,98,0.01,7,14,0,0,7,14,0,0
72,109,0.51,210,210,0,0,210,210,0,0
72,113,4.75,696,1377,217,431,11,20,0,0
72,120,5.6,2108,4151,227,437,1831,3646,0,0
73,4,0.3,23,45,6,11,6,11,0,0
73,9,4.43,192,342,48,85,48,85,0,0
73,14,2.19,631,1050,66,66,433,852,0,0
73,15,21.13,3365,7322,1128,2653,1575,3380,0,0
73,18,2,75,75,19,19,19,19,0,0
73,19,3,371,667,296,593,0,0,0,0
73,20,34.56,2587,4820,2030,3875,91,143,0,0
73,21,73.82,6620,13958,4558,9190,1112,2652,0,0
73,22,74.72,6320,11566,5036,9146,537,1039,0,0
73,23,45.34,3054,6119,2370,4841,278,661,0,0
73,29,8.73,752,1466,403,798,116,223,0,0
73,30,2.91,2084,3315,93,187,1803,2754,0,0
73,31,1.78,1131,1450,80,160,891,971,0,0
73,32,6.77,1729,3107,557,1084,1011,1761,0,0
73,2,3.36,1220,4318,710,2292,170,675,446,2231
73,26,2.63,422,620,105,155,105,155,0,0
73,27,0.37,96,106,24,26,24,26,0,0
73,35,2,30,68,3,13,3,13,0,0
73,36,1,34,68,0,0,0,0,0,0
73,38,4.5,367,792,170,438,58,102,0,0
73,39,2.79,332,402,77,88,77,88,0,0
73,45,4.05,131,219,24,38,24,38,0,0
73,47,0.16,10,10,2,2,2,2,0,0
73,67,4.78,371,723,93,181,93,181,0,0
73,84,1,153,306,38,76,38,76,0,0
73,90,4,926,1802,214,417,214,417,0,0
73,98,5,2001,4002,583,1168,1058,2118,0,0
73,108,7.55,1167,2193,540,1060,438,793,0,0
73,109,4.34,1463,1524,8,23,1440,1456,0,0
73,113,0.25,10,21,3,5,3,5,0,0
73,120,11.16,1636,3218,464,916,1043,2074,0,0
73,121,0.23,75,151,0,0,75,151,0,0
73,69,2,1171,2132,0,0,1171,2132,0,0
73,70,4,862,1702,335,671,168,337,21,21
73,71,0.04,63,190,0,0,63,190,0,0
73,80,1.09,267,719,0,0,267,719,0,0
73,95,3,635,1149,500,970,45,60,0,0
73,107,1.95,1027,2054,0,0,1027,2054,0,0
73,110,0.19,145,289,36,72,36,72,0,0
73,111,1.63,1593,2204,153,305,1135,1288,0,0
73,114,1.53,373,746,0,0,373,746,0,0
73,115,6.65,1265,2740,101,203,1027,2268,0,0
73,119,2,179,358,104,207,25,50,0,0
0,0,1,30,30,7,7,7,7,0,0
0,1,1.78,2063,4563,0,0,2063,4563,0,0
0,2,3.14,1498,2443,0,0,1498,2443,0,0
0,3,9.51,1602,2925,548,1207,676,897,0,0
0,6,14.99,3138,7267,768,1939,1804,3910,0,0
0,10,1,7,22,2,6,2,6,0,0
0,13,4.93,2229,4826,731,1556,499,1089,0,0
0,16,2,583,882,146,221,146,221,0,0
0,17,1,34,69,9,17,9,17,0,0
0,18,0.02,1,1,0,0,0,0,0,0
0,19,0.98,52,52,13,13,13,13,0,0
0,20,2.02,986,2486,246,621,246,621,0,0
0,29,6.68,993,1988,521,1043,158,315,0,0
0,33,9.99,3183,6350,770,1535,1501,2997,0,0
0,34,8.42,798,1579,430,858,126,253,0,0
0,35,1,91,182,23,45,23,45,0,0
0,40,6.71,6557,18664,2,2,6548,18656,0,0
0,41,20.05,3376,7391,2096,3942,847,2422,0,0
0,42,13.98,1689,4804,491,1353,591,1217,410,1640
0,43,24.76,2273,5319,1430,3476,213,496,0,0
0,44,1.63,327,653,181,363,48,97,0,0
0,11,0.01,2,5,0,0,2,5,0,0
0,28,0.32,83,167,21,42,21,42,0,0
0,32,1,61,123,15,31,15,31,0,0
0,58,1,109,218,0,0,109,218,0,0
0,74,29.07,5421,10815,1878,3760,1169,2341,0,0
0,75,5.37,568,1308,242,535,96,244,0,0
0,76,4.99,422,796,299,587,41,70,0,0
0,77,13.92,8817,18704,1637,3540,3909,8085,0,0
0,80,4.28,487,974,481,961,2,4,0,0
0,86,1.01,77,154,19,38,19,38,0,0
0,88,2.64,2234,4468,91,181,1962,3924,0,0
0,89,0.16,62,123,0,0,62,123,0,0
0,92,51.36,4103,7209,3890,6872,70,112,0,0
0,93,22.73,1410,2566,1133,2228,57,75,0,0
0,94,58.75,4745,9142,2821,5756,772,1426,0,0
0,95,3.94,668,1880,109,250,31,93,0,0
0,96,7.69,1023,2293,339,671,646,1556,0,0
0,97,5.28,1284,2508,732,1449,184,352,0,0
0,98,0.69,178,355,44,89,44,89,0,0
0,104,2.12,278,556,143,286,45,90,0,0
0,105,1.98,1292,2584,120,240,932,1864,0,0
0,108,2.96,1268,4762,357,1204,165,629,0,0
0,109,0.02,30,121,8,30,8,30,0,0
0,111,7.6,831,1552,228,453,543,982,0,0
0,112,5.19,1180,3815,408,1066,251,909,0,0
0,113,2.65,5242,16332,1311,4083,1311,4083,0,0
0,114,2.17,2545,5544,361,836,1460,3035,0,0
0,123,0.47,118,238,118,238,0,0,0,0
0,124,55.37,6577,13960,6399,13688,49,79,0,0
0,125,43.17,4673,10278,3497,6916,834,2726,0,0
0,126,163.86,12035,29814,7802,19588,2015,5181,711,2281
0,127,53.74,3519,8331,1465,3148,1560,4103,0,0
0,70,0.01,2,5,2,5,0,0,0,0
0,78,1.01,75,168,0,0,75,168,0,0
0,79,6.23,769,1908,215,484,287,780,0,0
0,84,0.75,41,82,10,20,10,20,0,0
0,85,3,251,453,195,390,2,5,0,0
0,102,1,10,10,0,0,0,0,10,10
0,110,8,332,606,282,549,17,19,0,0
0,115,2,973,2919,96,290,683,2049,0,0
1,11,4.19,908,2315,5,10,903,2305,0,0
1,12,2.79,598,1243,266,533,332,710,0,0
1,34,2.58,692,1384,245,491,219,438,0,0
1,43,10.68,4057,8553,986,1972,2204,4848,0,0
1,2,3,382,1105,360,1070,7,12,0,0
1,33,1.17,623,1870,156,468,156,468,0,0
1,38,0.15,148,297,0,0,148,297,0,0
1,39,0.13,135,270,0,0,135,270,0,0
1,59,7,763,1492,513,1018,83,158,0,0
1,70,7.98,1305,2256,442,798,272,458,0,0
1,74,0.84,288,575,72,144,72,144,0,0
1,77,4.08,1498,3227,65,188,1303,2663,0,0
1,78,4.59,1284,3299,95,191,998,2727,0,0
1,79,9.16,843,1956,337,672,374,1083,0,0
1,84,4.87,1112,2224,305,611,269,538,0,0
1,85,4.38,244,488,180,359,21,43,0,0
1,92,5.24,560,1120,542,1083,6,12,0,0
1,93,29.21,2657,5272,2456,4981,35,65,0,0
1,94,80.9,5763,14050,3012,6741,882,1840,589,2948
1,95,4.9,644,1457,511,1324,45,45,0,0
1,97,3.55,3397,7946,4,8,3384,7920,0,0
1,98,0.49,1110,3330,0,0,1110,3330,0,0
1,109,5,1348,2734,147,303,908,1825,0,0
1,110,40.45,3870,8693,3356,7833,103,177,25,76
1,111,14.87,1676,2965,471,788,618,1162,0,0
1,112,10.26,2056,3705,562,821,121,208,0,0
1,114,1,12,12,0,0,0,0,12,12
1,124,22.54,2575,5123,2361,4726,87,148,0,0
1,125,58.7,6225,11784,4412,8329,1669,3198,0,0
1,126,78.31,6646,12734,4375,8588,986,1926,0,0
1,127,158.94,10025,19995,7719,15700,1022,2077,0,0
1,68,1.61,761,1522,190,380,190,380,0,0
1,86,13,892,1784,500,999,95,190,0,0
1,90,4.99,1721,4966,0,0,1721,4966,0,0
1,91,3.04,281,566,276,553,4,11,0,0
1,123,2,106,194,93,182,4,4,0,0
2,12,2,166,233,98,98,0,0,0,0
2,15,3,875,1750,387,775,162,325,0,0
2,22,1,7,7,0,0,0,0,0,0
2,23,3,64,142,17,36,17,36,0,0
2,32,1,277,554,69,138,69,138,0,0
2,33,13.83,3090,6760,1012,2245,629,1379,0,0
2,39,1.72,729,1450,2,2,723,1445,0,0
2,42,0.01,1,3,1,3,0,0,0,0
2,43,2.31,345,673,221,438,41,78,0,0
2,0,1,43,86,0,0,0,0,0,0
2,2,6,584,1168,276,553,44,89,0,0
2,7,1.48,410,1026,16,32,363,931,0,0
2,8,10.35,1791,4577,185,489,1467,3805,0,0
2,68,16.85,5400,11668,1644,3445,1710,4183,0,0
2,69,0.24,52,105,13,26,13,26,0,0
2,79,1,16,32,4,8,4,8,0,0
2,86,3,701,1325,175,331,175,331,0,0
2,90,6.26,1146,2176,266,687,769,1378,0,0
2,91,4.7,673,964,156,156,517,808,0,0
2,93,1,54,54,14,14,14,14,0,0
2,94,5,347,583,179,330,35,43,0,0
2,95,4.67,419,587,199,336,73,84,0,0
2,102,5.82,507,1063,366,603,47,154,0,0
2,109,17.51,2192,3075,2171,3039,7,13,0,0
2,110,67.34,4817,9653,3310,6448,820,1720,296,888
2,111,94.4,6804,12720,5328,10243,583,1122,0,0
2,112,35.62,3142,5368,2634,4528,156,194,0,0
2,113,1,17,17,4,4,4,4,0,0
2,114,8,1649,3093,569,1192,332,605,0,0
2,115,3,347,628,285,566,3,3,0,0
2,119,5,781,1555,564,1127,1,1,0,0
2,122,4.35,485,1114,419,982,22,44,0,0
2,123,13.65,1848,3571,709,1319,607,1218,0,0
2,125,69.99,6715,13712,6507,13396,41,68,0,0
2,126,96.69,7969,17936,6148,13748,920,2043,0,0
2,127,88.37,7725,13619,6898,12240,132,223,0,0
2,67,1.29,2785,5885,0,0,2785,5885,0,0
2,81,1,16,33,4,8,4,8,0,0
2,88,1.54,169,334,166,332,1,1,0,0
2,89,8.41,1659,3062,383,757,1251,2277,0,0
2,96,7.33,990,1944,559,1108,144,279,0,0
2,107,9,734,1416,292,572,86,158,0,0
2,108,5.95,992,2175,839,1868,51,102,0,0
2,116,1,89,178,22,44,22,44,0,0
2,121,1.87,197,394,189,378,3,5,0,0
2,124,4.77,488,1138,467,1112,7,9,0,0
3,0,1,16,16,4,4,4,4,0,0
3,8,10.17,1246,3131,454,940,581,1708,0,0
3,15,5.93,2071,4112,612,1216,487,966,0,0
3,16,9.07,1568,3006,689,1354,269,515,0,0
3,37,21,3998,8749,786,1554,2737,6331,0,0
3,38,4,1049,2079,442,878,203,400,0,0
3,50,3.53,843,1687,355,710,486,972,0,0
3,1,1,22,43,5,11,5,11,0,0
3,13,0.75,121,249,30,62,30,62,0,0
3,23,1,366,733,92,183,92,183,0,0
3,51,0.84,622,1243,56,112,453,907,0,0
3,59,13,1244,2035,360,682,494,650,0,0
3,61,24.07,2123,3804,980,1854,365,624,0,0
3,65,9,1560,2207,796,1237,255,324,0,0
3,68,1,142,285,142,285,0,0,0,0
3,81,1.03,615,2385,153,596,153,596,0,0
3,88,3,1063,1063,0,0,1063,1063,0,0
3,89,2.29,632,1171,158,316,466,839,0,0
3,90,1.76,545,1091,130,259,130,259,0,0
3,93,2.9,380,619,365,589,5,10,0,0
3,94,5.09,380,771,180,371,39,77,0,0
3,102,0.18,42,42,42,42,0,0,0,0
3,107,29.39,2523,4867,1434,2829,279,519,0,0
3,108,64.37,5835,9498,5650,9237,50,75,0,0
3,109,44.5,4809,8211,4662,7959,36,58,0,0
3,110,53.9,4920,7903,3780,5946,958,1666,0,0
3,111,63.14,5078,9212,4145,7804,246,344,0,0
3,112,1,52,103,13,26,13,26,0,0
3,116,7,1103,2173,433,858,224,439,0,0
3,121,4.13,420,812,394,787,2,2,0,0
3,122,8,565,1075,165,292,134,261,0,0
3,124,4.78,342,740,329,704,4,11,0,0
3,125,80.23,7540,14643,7269,14200,62,107,0,0
3,126,53.23,6206,12309,3016,5991,2821,5631,0,0
3,127,31.28,5678,11363,2050,3958,3391,7088,0,0
3,62,15.24,2557,4917,693,1337,1244,2439,0,0
3,80,0.08,1411,5643,353,1411,353,1411,0,0
3,82,0.3,273,819,0,0,273,819,0,0
4,2,7.8,812,1556,95,189,461,921,0,0
4,13,2.65,852,1788,185,419,185,419,0,0
4,14,7.6,1102,2268,481,1019,151,360,0,0
4,23,34.55,4416,9408,1966,4076,900,1940,0,0
4,24,16.39,1906,4125,984,2144,248,541,0,0
4,28,6,1142,2610,530,1387,204,407,0,0
4,34,3.42,340,841,206,574,45,89,0,0
4,35,14.43,1182,2558,901,2010,73,141,0,0
4,47,1.41,1617,4481,93,185,1340,3926,0,0
4,50,11.92,4500,10815,418,1127,3343,7630,0,0
4,51,4.71,1735,3656,168,384,1310,2668,0,0
4,3,6.22,843,1599,300,600,197,394,0,0
4,10,0.54,122,244,0,0,122,244,0,0
4,26,1,132,264,132,264,0,0,0,0
4,27,3,218,424,204,405,5,6,0,0
4,42,5.1,635,1227,192,340,148,296,0,0
4,43,2.6,352,703,179,357,58,115,0,0
4,46,0.46,1401,4202,0,0,1401,4202,0,0
4,56,7.49,1625,3593,703,1666,307,642,0,0
4,57,1.51,763,1591,191,398,191,398,0,0
4,62,0.69,302,604,0,0,302,604,0,0
4,73,1,6,6,2,2,2,2,0,0
4,80,1.57,10722,42407,2681,10601,2681,10601,0,0
4,81,0.71,6300,24852,1532,6127,1705,6473,0,0
4,82,2.31,916,2454,3,3,909,2446,0,0
4,84,4,388,410,333,338,18,24,0,0
4,92,0.02,0,0,0,0,0,0,0,0
4,93,7.98,785,1553,623,1232,42,69,0,0
4,108,10.39,953,1463,924,1432,10,10,0,0
4,109,5.32,679,1118,670,1098,3,7,0,0
4,110,10.15,2884,4452,513,745,2147,3260,0,0
4,111,23.46,2327,4397,2082,3970,81,143,0,0
4,119,12.69,2320,4176,348,558,1534,3018,0,0
4,120,15.31,1187,2228,554,1072,137,237,0,0
4,124,10.21,951,1495,245,472,360,366,0,0
4,125,38.2,3771,6689,3045,5749,103,131,0,0
4,126,40.51,6820,13458,5995,11854,275,535,0,0
4,127,33.45,4921,9903,2769,5549,1578,3152,0,0
4,79,1,1834,5503,459,1376,459,1376,0,0
4,98,1,25,75,6,19,6,19,0,0
4,101,1.33,82,136,20,34,20,34,0,0
4,102,6.46,979,1798,445,849,160,281,0,0
5,2,6.04,1364,2711,162,325,1201,2383,0,0
5,3,5.94,1047,2246,22,43,982,2116,0,0
5,9,7.22,1927,3921,502,1115,971,1927,0,0
5,10,9.46,1750,3488,208,414,1358,2713,0,0
5,21,1,23,23,6,6,6,6,0,0
5,23,6.76,1754,4508,653,1371,858,2518,0,0
5,24,0.29,417,1251,104,313,104,313,0,0
5,25,0.4,115,230,29,57,29,57,0,0
5,26,0.6,173,345,43,86,43,86,0,0
5,35,1.14,134,267,122,244,4,8,0,0
5,42,2.87,680,1346,180,346,167,333,0,0
5,43,1.43,413,826,103,206,103,206,0,0
5,46,22.13,5785,14308,1359,3072,2358,6395,0,0
5,8,4.78,536,1151,210,562,231,441,0,0
5,11,6.67,1970,3940,391,781,1492,2982,0,0
5,45,3,382,765,208,416,58,116,0,0
5,70,0.04,13,25,13,25,0,0,0,0
5,71,7.95,3224,6417,406,804,2574,5139,0,0
5,79,1,161,322,40,81,40,81,0,0
5,82,4,1945,5450,3,3,1937,5442,0,0
5,90,4,1052,1956,200,399,852,1556,0,0
5,101,0.03,5,9,1,2,1,2,0,0
5,102,1.18,514,1027,128,257,128,257,0,0
5,119,1,151,302,151,302,0,0,0,0
5,124,9.01,689,1485,632,1402,7,16,0,0
5,125,0.13,19,39,19,39,0,0,0,0
5,126,2.36,192,382,192,382,0,0,0,0
5,127,1.39,285,569,285,569,0,0,0,0
5,56,3.35,844,1687,567,1133,92,185,0,0
5,84,2,233,467,146,381,29,29,0,0
5,89,3,26,26,6,6,6,6,0,0
5,103,2.41,642,772,257,385,129,129,0,0
5,113,4,700,1382,526,1049,22,41,0,0
6,11,0.34,134,268,0,0,134,268,0,0
6,21,14,2235,5002,643,1418,531,1195,0,0
6,22,3,242,485,185,370,7,13,0,0
6,26,4.4,1326,3191,503,1141,274,682,0,0
6,27,4.15,2161,4321,540,1080,540,1080,0,0
6,32,24.85,4152,8601,1174,2422,993,2060,0,0
6,3,1,354,1061,354,1061,0,0,0,0
6,25,0.45,447,1342,112,336,112,336,0,0
6,33,2.04,65,102,11,14,11,14,0,0
6,35,7,1883,4301,491,1116,463,1061,0,0
6,44,0.23,273,545,0,0,273,545,0,0
6,56,2.65,657,1315,274,547,128,255,0,0
6,80,14.9,2839,5861,590,1431,1614,3206,0,0
6,83,15.28,1751,3144,803,1566,238,433,0,0
6,89,14.33,3994,7444,771,1518,2957,5439,0,0
6,91,4,411,822,198,395,71,142,0,0
6,94,1.46,451,614,288,328,55,95,0,0
6,95,9.52,3050,6166,630,1277,1880,3775,0,0
6,102,1.04,222,444,55,111,55,111,0,0
6,103,4.97,2974,5825,230,429,2416,4801,0,0
6,104,0.58,1223,2446,0,0,1223,2446,0,0
6,124,2,190,381,127,254,0,0,0,0
6,64,3.4,1110,2159,40,64,991,1966,0,0
6,74,1,6,6,2,2,2,2,0,0
6,77,4.27,296,583,278,555,6,9,0,0
6,81,16.68,979,1431,787,1099,32,46,0,0
6,82,6.41,720,1360,480,930,69,134,0,0
6,90,0.67,114,228,0,0,114,228,0,0
6,99,0.01,0,0,0,0,0,0,0,0
6,109,2.02,151,306,131,268,6,13,0,0
7,16,1,7,7,2,2,2,2,0,0
7,31,4.19,1957,4573,642,1449,438,1041,0,0
7,32,30.56,5419,11237,2040,4299,1014,2098,0,0
7,33,1.31,314,629,256,512,19,39,0,0
7,35,11,1324,2649,765,1529,186,373,0,0
7,37,7.88,1247,2134,408,727,280,469,0,0
7,38,4.48,2333,2755,178,270,1736,1819,0,0
7,39,0.38,145,232,22,43,81,102,0,0
7,41,17,2581,4890,786,1505,599,1129,0,0
7,42,1,180,359,180,359,0,0,0,0
7,44,14.77,3777,8757,559,1226,2427,5955,0,0
7,4,10,958,1962,697,1501,73,140,0,0
7,20,0.9,90,261,22,65,22,65,0,0
7,21,3.1,198,418,138,282,20,45,0,0
7,23,0.55,244,488,61,122,61,122,0,0
7,30,0.16,108,216,27,54,27,54,0,0
7,43,0.86,833,2498,208,625,208,625,0,0
7,54,2.58,3589,7176,120,239,3230,6458,0,0
7,56,1,30,30,8,8,8,8,0,0
7,61,11.37,1618,3332,310,547,988,2292,0,0
7,62,1.63,1143,2304,157,315,671,1360,0,0
7,63,1,6,11,1,3,1,3,0,0
7,64,0.59,145,290,37,72,37,72,0,0
7,68,9,1318,2329,445,814,291,505,0,0
7,77,8.73,1723,3595,218,436,1486,3122,0,0
7,81,39.87,3185,4750,2513,3695,163,252,0,0
7,82,92.16,6543,12581,3868,7157,661,1246,360,1438
7,83,34.98,3327,5535,2616,4401,436,681,0,0
7,84,9.38,894,1949,565,1414,190,221,0,0
7,86,1.15,252,281,252,281,0,0,0,0
7,87,14.06,3621,7163,442,843,2854,5749,0,0
7,92,2,37,120,9,30,9,30,0,0
7,95,1.02,636,653,4,8,623,627,0,0
7,98,1.86,100,332,25,83,25,83,0,0
7,99,2.13,78,110,20,27,20,27,0,0
7,109,3.98,1034,2131,202,601,825,1514,0,0
7,123,9.99,878,1707,368,725,108,204,0,0
7,55,9.32,1050,2071,503,1005,168,334,0,0
7,60,0.76,44,44,11,11,11,11,0,0
7,85,1.81,897,1821,0,0,897,1821,0,0
7,88,0.75,1382,2763,345,691,345,691,0,0
7,112,1,3,3,1,1,1,1,0,0
7,116,1.54,99,143,25,36,25,36,0,0
7,117,1.85,449,894,112,223,112,223,0,0
7,125,6.53,1544,3031,213,412,1200,2385,0,0
7,126,0.71,1958,3917,0,0,1958,3917,0,0
74,2,11.11,1887,3919,750,1558,635,1327,0,0
74,6,5,976,1952,457,912,173,345,0,0
74,15,2.1,193,477,72,168,40,103,0,0
74,19,1.31,35,81,9,20,9,20,0,0
74,20,17.07,1729,3471,770,1491,262,476,0,0
74,21,21.6,1518,3005,1071,2221,143,255,0,0
74,22,34.71,4221,9433,2058,4193,1055,1942,501,2003
74,23,19.92,2631,5648,1631,3607,331,672,3,10
74,24,21.77,1308,2987,766,1807,41,80,0,0
74,26,16,1724,2707,652,898,358,604,0,0
74,27,8,455,757,186,334,90,141,0,0
74,30,1,15,15,4,4,4,4,0,0
74,32,1.45,176,343,44,86,44,86,0,0
74,39,6.72,1372,2704,343,676,343,676,0,0
74,45,2.96,632,1177,86,86,215,430,0,0
74,46,2,525,969,191,302,111,223,0,0
74,47,0.84,52,52,13,13,13,13,0,0
74,3,1,343,343,86,86,86,86,0,0
74,49,3.58,757,1304,19,38,757,1304,0,0
74,50,2.44,1176,1759,0,0,1176,1759,0,0
74,53,4,2410,5668,0,0,2410,5668,0,0
74,66,6,1479,2805,155,155,1324,2649,0,0
74,70,1,184,368,184,368,0,0,0,0
74,71,9.96,3635,8910,80,160,3396,8431,0,0
74,80,2.92,1553,2692,0,0,1553,2692,0,0
74,88,2.28,409,817,102,204,102,204,0,0
74,89,1.73,316,633,79,158,79,158,0,0
74,96,5,532,1045,346,693,30,60,0,0
74,98,1,2,2,1,1,1,1,0,0
74,107,0.51,242,267,0,0,242,267,0,0
74,108,2.15,1152,1578,0,0,1152,1578,0,0
74,110,0.85,393,393,0,0,393,393,0,0
74,111,2.33,1162,1162,0,0,1162,1162,0,0
74,115,3.83,416,743,331,658,5,5,0,0
74,52,4.37,888,2026,508,1103,126,308,0,0
74,72,7.16,724,1273,400,765,95,156,0,0
74,77,0.02,11,32,3,8,3,8,0,0
74,97,8.77,1089,1973,656,1112,127,252,0,0
74,99,3.81,537,1011,391,767,49,81,0,0
74,103,1.37,239,239,10,10,208,208,0,0
74,114,2.58,1913,6018,0,0,1913,6018,0,0
75,2,2.53,2483,5848,0,0,2483,5848,0,0
75,6,1,72,216,18,54,18,54,0,0
75,13,1,14,14,3,3,3,3,0,0
75,20,10.83,2634,6664,527,1035,2048,5521,0,0
75,21,23.95,1758,3261,1511,2866,29,44,0,0
75,22,3.5,351,700,317,635,11,22,0,0
75,23,2,41,55,10,14,10,14,0,0
75,26,16.31,2040,4955,1201,2622,254,729,0,0
75,27,2.52,391,783,279,557,13,26,0,0
75,44,6.22,827,1602,206,401,206,401,0,0
75,45,16.76,3577,7078,686,1353,2175,4331,0,0
75,49,2.96,839,1164,25,25,763,1088,0,0
75,50,1.02,441,441,0,0,441,441,0,0
75,8,1,178,178,0,0,178,178,0,0
75,10,1.87,1795,3896,84,167,1712,3729,0,0
75,24,0.57,170,681,0,0,0,0,170,681
75,25,3.09,202,441,15,15,60,107,0,0
75,52,5.64,1618,3899,196,493,1027,2418,0,0
75,72,18.84,2710,5920,894,2019,1132,2354,0,0
75,77,13.35,2706,5663,802,1752,852,1511,0,0
75,80,1,559,1117,0,0,559,1117,0,0
75,97,6.23,714,1370,329,642,129,243,0,0
75,99,0.19,21,43,14,29,2,5,0,0
75,100,1,73,73,18,18,18,18,0,0
75,102,8.96,1646,2994,587,1122,782,1513,0,0
75,103,5.67,2906,4764,12,24,2894,4740,0,0
75,111,3.03,599,762,40,81,477,518,0,0
75,112,13.38,2663,4901,421,839,1906,3400,0,0
75,113,6.76,12370,53479,126,247,12158,53070,0,0
75,114,3.79,13347,65405,18,36,13293,65298,0,0
75,119,7,1451,2901,234,467,1009,2018,0,0
75,127,16.91,4652,11238,271,461,4094,10364,0,0
75,73,1.62,1360,2720,0,0,1360,2720,0,0
75,95,5,480,838,357,699,22,27,0,0
76,9,1.61,414,591,118,236,296,355,0,0
76,10,3.53,2898,7360,164,328,2734,7032,0,0
76,19,1,130,260,130,260,0,0,0,0
76,20,2,122,233,3,3,3,3,0,0
76,24,23.84,2085,4856,1301,3038,264,531,126,504
76,25,89.67,7421,15979,3715,8727,2774,5532,0,0
76,26,31.98,3419,6979,2714,5683,555,1099,0,0
76,32,2.39,107,198,27,49,5,7,0,0
76,33,34.19,2304,4610,1335,2971,299,523,0,0
76,0,4.94,1275,2552,675,1350,201,400,0,0
76,18,0.06,98,195,0,0,98,195,0,0
76,21,4,233,392,167,326,8,8,0,0
76,35,5.44,575,1239,143,309,143,309,0,0
76,57,9,1144,2284,288,576,189,377,0,0
76,60,7.8,1880,4783,468,931,1190,3490,0,0
76,65,8,2157,5520,586,1638,837,1921,0,0
76,73,0.38,319,639,0,0,319,639,0,0
76,77,2.63,761,761,47,47,620,620,0,0
76,90,16,2102,4057,648,1267,341,653,0,0
76,106,10,1805,3470,590,1146,645,1255,0,0
76,111,1,393,787,0,0,393,787,0,0
76,112,1.65,109,208,47,93,52,100,0,0
76,113,11.09,4527,14130,533,1151,3503,11827,0,0
76,114,11.23,18787,74932,53,156,18632,74463,0,0
76,115,5.29,5854,29569,76,227,5627,28887,0,0
76,59,1,1,1,0,0,0,0,0,0
76,61,0.5,67,134,17,33,17,33,0,0
76,79,0.14,69,201,2,3,64,192,0,0
76,80,1.24,716,2106,8,16,692,2058,0,0
76,98,0.79,324,1619,81,405,81,405,324,1619
76,124,3,1168,2337,362,723,807,1614,0,0
77,0,0.06,20,40,5,10,5,10,0,0
77,14,4.14,247,486,218,435,10,17,0,0
77,15,2.86,602,1169,293,578,103,197,0,0
77,18,1.01,3529,7058,0,0,3529,7058,0,0
77,19,3.92,2860,5707,16,31,2813,5614,0,0
77,20,2.77,278,552,235,468,14,28,0,0
77,21,4.23,1378,1796,387,773,970,981,0,0
77,24,5,338,799,310,742,10,18,0,0
77,26,2.71,430,824,302,596,9,9,0,0
77,29,4.6,1580,3036,376,753,1003,2008,0,0
77,32,13.29,4196,9537,128,248,3813,8792,0,0
77,33,9.13,922,1582,409,615,358,698,0,0
77,35,6.05,774,1505,338,671,136,268,0,0
77,36,4.51,377,715,281,551,15,21,0,0
77,25,7.32,604,1074,411,821,5,8,0,0
77,34,2,197,466,170,358,9,36,0,0
77,39,13.9,1928,4424,781,1717,364,884,0,0
77,41,1.98,862,1724,0,0,862,1724,0,0
77,42,1.17,357,517,0,0,357,517,0,0
77,51,4,979,1517,452,683,176,278,0,0
77,60,0.7,160,320,40,80,40,80,0,0
77,64,1,52,105,13,26,13,26,0,0
77,79,16.94,2755,5693,584,1158,1678,3566,0,0
77,80,15.67,4116,9175,676,1479,3031,6627,0,0
77,97,1.01,885,3541,221,886,221,886,2,9
77,98,0.2,83,415,21,104,21,104,83,415
77,101,1,78,78,20,20,20,20,0,0
77,110,0.82,184,368,46,92,46,92,0,0
77,111,32.24,4302,7991,2517,4700,595,1096,0,0
77,112,58.42,7081,14310,4583,9138,1246,2486,0,0
77,113,47.58,4500,8756,3793,7557,192,355,0,0
77,114,4.81,6856,27672,66,132,6659,27276,0,0
77,115,2.94,1899,6260,21,21,1833,6195,0,0
77,117,0.07,13,27,3,7,3,7,0,0
77,118,9.93,1412,2453,396,779,800,1267,0,0
77,119,2.1,213,426,53,106,53,106,0,0
77,78,2.34,163,384,57,107,7,7,0,0
77,91,0.4,246,492,62,123,62,123,0,0
77,96,0.17,8,8,2,2,2,2,0,0
77,100,1,16,16,4,4,4,4,0,0
77,125,0.58,186,373,47,93,47,93,0,0
77,126,1.07,167,335,42,84,42,84,0,0
78,8,5,1376,3086,440,868,313,740,0,0
78,12,11.68,1914,3735,779,1534,615,1208,0,0
78,23,1,31,31,8,8,8,8,0,0
78,24,1,354,708,0,0,354,708,0,0
78,29,1.4,1502,3005,220,441,841,1683,0,0
78,32,1,836,1670,0,0,836,1670,0,0
78,33,0.12,4,13,1,3,1,3,0,0
78,34,6.05,428,864,255,512,21,44,0,0
78,38,2,285,569,214,428,24,47,0,0
78,39,2.1,724,1449,410,822,104,209,0,0
78,41,10.77,2535,4166,340,650,1802,2832,0,0
78,42,0.08,95,190,0,0,95,190,0,0
78,4,2.15,1043,2086,138,277,628,1256,0,0
78,5,0.76,496,993,0,0,496,993,0,0
78,13,0.33,170,341,0,0,170,341,0,0
78,40,1,1118,2236,0,0,1118,2236,0,0
78,67,27.01,2523,6335,638,1636,587,1483,0,0
78,78,0.66,96,193,96,193,0,0,0,0
78,80,1,228,455,228,455,0,0,0,0
78,81,1,90,180,22,45,22,45,0,0
78,91,9.31,1843,3037,373,739,939,1150,0,0
78,92,4.29,946,1892,328,657,206,412,0,0
78,96,6.42,1210,2745,446,1245,595,1181,0,0
78,97,0.41,349,698,0,0,349,698,0,0
78,111,36.19,3284,6984,2327,5010,232,505,0,0
78,112,88.64,7844,18522,4028,9484,1867,5125,575,1149
78,113,24.93,2926,6775,1583,2993,27,44,0,0
78,114,15.66,3934,10516,1119,2224,2748,8203,0,0
78,115,1.01,482,1892,0,0,482,1892,0,0
78,119,2.74,939,1877,124,248,567,1134,0,0
78,120,0.17,89,178,0,0,89,178,0,0
78,125,1.12,548,1096,137,274,137,274,0,0
78,126,2.23,477,954,311,623,55,110,0,0
78,86,6.94,1965,4177,323,780,1597,3308,0,0
78,110,1,9,35,2,9,2,9,0,0
79,4,1.84,776,1399,134,229,375,711,0,0
79,5,0.25,229,458,0,0,229,458,0,0
79,12,3.42,483,1108,301,647,48,141,0,0
79,17,5.91,1206,2060,198,395,824,1327,0,0
79,18,7.74,799,1570,463,917,113,218,0,0
79,21,11.26,2939,5709,259,492,2424,4820,0,0
79,22,13.27,1053,1989,466,911,401,780,0,0
79,23,2.83,712,1423,80,160,577,1154,0,0
79,29,5.99,2138,4125,679,1321,486,935,0,0
79,31,5.99,601,1202,490,982,36,73,0,0
79,34,6.93,640,1643,480,1307,53,111,0,0
79,36,13.62,2005,5099,1404,3647,174,438,0,0
79,6,1.01,478,956,119,239,119,239,0,0
79,14,0.22,55,109,55,109,0,0,0,0
79,32,1.56,508,1016,127,254,127,254,0,0
79,35,2.01,198,207,192,193,1,3,0,0
79,48,11.78,2899,6068,504,1000,2227,4747,0,0
79,53,1.69,652,1299,14,27,609,1218,0,0
79,54,3.9,282,474,194,379,11,14,0,0
79,56,0.74,75,150,0,0,75,150,0,0
79,57,11.26,1299,2968,520,1489,670,1292,0,0
79,60,12.05,2274,3335,688,1186,832,1019,0,0
79,72,1,7,7,2,2,2,2,0,0
79,75,12,3543,7753,616,1231,2647,6019,0,0
79,77,1.86,139,278,34,70,34,70,0,0
79,78,0.14,14,29,4,7,4,7,0,0
79,85,0.69,554,1108,0,0,554,1108,0,0
79,86,19.37,2770,6166,575,1137,1737,3922,0,0
79,92,2,1420,2840,233,467,719,1438,0,0
79,94,6,4542,11694,144,289,4109,10829,0,0
79,95,5,671,1188,383,726,46,52,0,0
79,99,5.61,838,1346,190,297,190,297,0,0
79,108,8.4,768,1081,457,655,95,133,0,0
79,109,2.6,584,1133,495,990,0,0,0,0
79,110,7.44,600,836,517,709,13,13,0,0
79,111,47.14,5100,8778,3891,6546,377,717,0,0
79,112,97.39,8071,16032,5545,11552,1019,1915,0,0
79,113,27.37,2780,5128,1519,2857,902,1781,0,0
79,114,2.41,605,1101,233,357,124,248,0,0
79,61,0.05,9,18,2,4,2,4,0,0
79,70,14.71,2002,4479,273,641,1501,3326,0,0
79,71,2,211,422,0,0,211,422,0,0
79,98,0.39,52,103,0,0,0,0,0,0
79,102,1,46,46,12,12,12,12,0,0
79,103,2,183,343,160,320,0,0,0,0
79,106,0.3,82,164,82,164,0,0,0,0
80,3,6.91,1585,2351,184,366,1396,1975,0,0
80,4,19.79,3155,6221,726,1387,1850,3888,0,0
80,5,0.42,48,95,48,95,0,0,0,0
80,6,1.99,453,907,114,227,114,227,0,0
80,12,1.57,456,1153,275,610,60,181,0,0
80,14,8.79,1383,2545,613,1053,257,498,0,0
80,17,0.36,218,433,0,0,218,433,0,0
80,22,4.47,576,1125,119,232,323,640,0,0
80,23,0.17,121,242,0,0,121,242,0,0
80,32,15.48,1432,3010,730,1653,172,331,0,0
80,33,20.02,2283,4849,1745,3828,179,339,0,0
80,34,56.34,4285,10940,1987,4642,1037,2296,512,2561
80,35,29.37,2470,4900,1645,3294,125,243,0,0
80,36,31.02,2544,3835,2266,3420,92,138,0,0
80,47,1,1263,2525,0,0,1263,2525,0,0
80,48,4.21,1137,2709,1,1,1135,2706,0,0
80,21,5.99,1383,2613,330,914,964,1590,0,0
80,41,2,138,263,129,254,3,3,0,0
80,53,0.41,412,825,0,0,412,825,0,0
80,60,0.9,378,378,0,0,378,378,0,0
80,68,11,1585,3168,461,921,303,605,0,0
80,70,1.89,221,527,157,336,21,64,0,0
80,71,5.4,731,1407,316,619,359,704,0,0
80,84,6.84,619,1583,122,330,254,594,0,0
80,85,3.69,1728,3456,0,0,1728,3456,0,0
80,94,1,610,1830,152,457,152,457,0,0
80,102,11.97,795,1391,297,553,151,263,0,0
80,103,14.03,2839,5858,788,1497,1257,2654,0,0
80,105,5,267,394,162,289,35,35,0,0
80,106,9.71,1466,2496,745,1288,451,880,0,0
80,110,0.05,0,0,0,0,0,0,0,0
80,111,27.07,2029,2899,1909,2744,40,52,0,0
80,112,11.36,1175,2323,697,1391,140,276,0,0
80,113,4.7,508,885,461,790,16,32,0,0
80,117,12.92,1434,2748,752,1317,222,472,0,0
80,81,0.01,6,18,0,0,6,18,0,0
80,82,0.74,146,146,0,0,146,146,0,0
80,107,9,1997,3703,200,400,1766,3272,0,0
80,116,3.08,113,155,31,43,18,18,0,0
81,3,4.02,1726,4026,154,298,1447,3501,0,0
81,4,6.87,1483,2851,374,735,733,1451,0,0
81,11,2,562,1123,140,281,140,281,0,0
81,19,1,10,20,3,5,3,5,0,0
81,21,10.9,4762,8382,154,345,4524,7797,0,0
81,22,2.11,203,460,127,254,7,14,0,0
81,24,4,424,803,390,769,11,11,0,0
81,25,5,1268,1889,186,341,710,865,0,0
81,32,1.12,102,204,54,108,16,32,0,0
81,33,13.83,1282,2382,698,1117,171,375,0,0
81,34,46.62,3927,8013,2356,5026,558,1093,0,0
81,35,73.24,6763,13140,3546,7154,1736,3384,0,0
81,36,13.45,3018,6809,339,719,2404,5558,0,0
81,37,3.08,1321,3408,0,0,1321,3408,0,0
81,38,1,25,25,0,0,0,0,0,0
81,39,2,108,268,27,67,27,67,0,0
81,41,15.16,3202,5967,709,1357,2183,4108,0,0
81,42,5.68,1745,2641,41,83,1621,2392,0,0
81,18,2,76,76,19,19,19,19,0,0
81,20,2.08,234,278,30,61,5,9,0,0
81,40,2.16,194,388,185,371,3,6,0,0
81,44,6.02,1306,2613,277,555,860,1721,0,0
81,45,0.86,190,379,190,379,0,0,0,0
81,67,2.08,766,766,0,0,766,766,0,0
81,68,5.34,2344,2816,125,376,2219,2440,0,0
81,81,2.99,709,1864,239,478,455,1355,0,0
81,82,3.25,897,2256,283,565,582,1626,0,0
81,84,30.49,2742,6054,1057,2515,931,1927,0,0
81,85,6.46,1605,3179,292,578,612,1218,0,0
81,86,0.52,363,725,91,181,91,181,0,0
81,96,1.87,607,1166,152,292,152,292,0,0
81,97,2.13,179,192,163,167,5,9,0,0
81,113,10.93,1438,2779,24,24,1365,2706,0,0
81,114,1,133,267,133,267,0,0,0,0
81,115,0.42,165,330,41,83,41,83,0,0
81,116,0.58,226,453,57,113,57,113,0,0
81,52,1.88,311,595,97,168,71,142,0,0
81,74,2.86,489,1210,465,1162,8,16,0,0
81,75,0.19,79,79,0,0,79,79,0,0
81,76,0.81,325,325,0,0,325,325,0,0
81,107,1,256,512,256,512,0,0,0,0
81,119,8,1424,2825,246,487,996,1987,0,0
82,3,1,28,57,7,14,7,14,0,0
82,14,4.88,858,1663,238,468,605,1179,0,0
82,20,17.92,3599,7753,790,2018,2426,4914,0,0
82,33,22.05,2022,3845,1612,3053,114,217,0,0
82,34,14.91,927,1763,682,1346,73,126,0,0
82,35,48.06,4484,8385,3438,6512,473,933,0,0
82,36,14.9,2075,4204,1004,1832,461,1014,0,0
82,39,4,139,188,35,47,35,47,0,0
82,44,7.98,1096,2176,469,933,219,435,0,0
82,45,1.14,39,69,33,63,2,2,0,0
82,0,0.01,15,30,0,0,15,30,0,0
82,10,2.9,230,443,210,420,1,2,0,0
82,52,3.12,659,1318,165,329,165,329,0,0
82,63,1.5,858,2124,0,0,858,2124,0,0
82,64,2.55,959,1918,174,348,715,1430,0,0
82,68,3.04,1368,2436,76,151,1292,2285,0,0
82,74,10.16,2744,6892,552,1542,1618,3875,0,0
82,75,2.97,569,1320,142,329,142,329,0,0
82,76,1.1,1319,2638,0,0,1319,2638,0,0
82,80,2,90,136,11,23,11,23,0,0
82,84,5,2053,4106,0,0,2053,4106,0,0
82,85,2,232,462,231,461,0,0,0,0
82,97,4.97,904,1755,283,552,207,401,0,0
82,98,4.03,820,2220,275,696,181,508,0,0
82,111,7,940,1742,444,854,73,111,0,0
82,113,1.06,680,1361,0,0,680,1361,0,0
82,114,10,1174,2060,272,473,759,1444,0,0
82,115,2,230,489,208,423,7,22,0,0
82,124,4.94,1365,2697,540,1072,674,1340,0,0
82,125,7.05,976,1891,417,817,226,436,0,0
82,104,1,76,152,19,38,19,38,0,0
82,108,6.08,587,986,290,531,72,97,0,0
83,0,18.77,4217,8301,781,1551,2829,5585,0,0
83,10,8.25,2598,6771,360,1047,1918,4780,0,0
83,11,1.84,512,1204,0,0,512,1204,0,0
83,14,5.12,1807,4051,49,99,1757,3952,0,0
83,20,2.07,1480,2344,0,0,1480,2344,0,0
83,24,8,676,1331,483,1030,64,100,0,0
83,25,1,76,151,19,38,19,38,0,0
83,33,12.15,1340,2642,1296,2582,15,20,0,0
83,35,0.1,20,41,20,41,0,0,0,0
83,1,0.7,294,294,0,0,294,294,0,0
83,2,2,434,434,0,0,434,434,0,0
83,3,3.94,886,886,0,0,886,886,0,0
83,4,1.77,128,293,94,259,11,11,0,0
83,5,2.23,956,1898,3,3,946,1888,0,0
83,23,0.77,204,407,51,102,51,102,0,0
83,54,5.67,2335,4677,0,0,2335,4677,0,0
83,55,3.63,1565,3950,0,0,1565,3950,0,0
83,63,5.6,2402,5052,0,0,2402,5052,0,0
83,64,4.36,888,1700,383,1033,496,648,0,0
83,68,0.54,90,179,90,179,0,0,0,0
83,70,2.4,1267,3800,229,688,992,2974,0,0
83,75,1.72,1957,4161,0,0,1957,4161,0,0
83,76,2.18,1597,3555,0,0,1597,3555,0,0
83,89,0.38,524,1048,131,262,131,262,0,0
83,90,0.62,845,1691,211,423,211,423,0,0
83,91,6.01,1828,2804,174,326,1609,2433,0,0
83,92,5.1,312,712,75,169,75,168,0,0
83,93,20.49,5148,10753,725,1796,3990,7980,0,0
83,94,1.42,768,1537,75,150,544,1089,0,0
83,108,0.92,158,196,40,49,40,49,0,0
83,113,28.99,2178,3745,636,1117,571,989,0,0
83,125,5,996,1939,464,915,177,341,0,0
83,71,9.57,1101,2309,549,1218,169,335,0,0
83,96,1,38,75,9,19,9,19,0,0
83,97,0.9,213,636,211,632,0,0,0,0
83,102,0.81,118,236,30,59,30,59,0,0
84,0,1.38,188,376,47,94,47,94,0,0
84,1,2.36,267,455,141,279,83,99,0,0
84,2,3.71,1931,5045,0,0,1931,5045,0,0
84,3,18.53,3892,7552,385,760,3255,6311,0,0
84,4,7.04,1402,2650,519,1027,703,1284,0,0
84,18,3,355,666,322,633,11,11,0,0
84,19,3,907,1814,0,0,907,1814,0,0
84,20,0.91,537,1074,0,0,537,1074,0,0
84,23,2.23,528,1056,132,264,132,264,0,0
84,24,1,133,133,33,33,33,33,0,0
84,33,5,382,703,181,345,32,47,0,0
84,54,7.87,875,1828,460,914,236,565,0,0
84,55,2.83,411,1139,31,62,350,1017,0,0
84,70,1.12,160,347,40,87,40,87,0,0
84,71,12.91,1270,2712,288,687,535,1092,0,0
84,72,12.54,4780,12151,682,2287,3794,8773,0,0
84,75,6,501,1449,226,671,82,241,0,0
84,80,7,1254,2507,239,477,881,1761,0,0
84,91,0.99,1164,2325,0,0,1164,2325,0,0
84,97,9.1,867,1749,402,830,114,225,0,0
84,102,20.19,2515,4969,1052,2088,478,942,0,0
84,119,1,29,58,7,15,7,15,0,0
84,111,4.61,672,1913,100,201,479,1435,0,0
84,123,1,208,624,52,156,52,156,0,0
85,0,19.52,2154,4575,2091,4479,21,31,0,0
85,1,64.16,4962,9745,3179,6499,544,1067,0,0
85,2,48.24,5130,10672,1617,3173,2960,6498,0,0
85,3,11.7,1650,3747,477,1151,853,2002,0,0
85,34,16.89,1537,2762,1215,2199,93,158,0,0
85,36,12.39,1195,1802,750,1077,102,173,0,0
85,41,19.6,3640,6193,642,1047,2121,3460,0,0
85,42,4.57,517,1079,274,560,81,173,0,0
85,7,2.81,422,825,375,749,9,19,0,0
85,12,1,63,63,16,16,16,16,0,0
85,26,5.19,1487,3048,2,5,1480,3034,0,0
85,33,1.76,175,350,107,214,0,0,0,0
85,48,0.36,144,287,0,0,144,287,0,0
85,52,5,844,1587,392,757,151,276,0,0
85,61,12.56,2490,4592,749,1400,580,1064,0,0
85,72,3.45,3114,8298,258,775,2340,5974,0,0
85,73,0.01,3,8,0,0,3,8,0,0
85,88,10.99,2796,5534,125,246,2378,4752,0,0
85,92,10.53,1960,3222,217,432,1381,2076,0,0
85,93,5.44,641,1205,461,902,61,101,0,0
85,105,9.71,3123,6734,427,827,2389,5353,0,0
85,111,15.39,2040,4950,547,1222,812,2087,0,0
85,116,3,150,280,136,266,5,5,0,0
85,118,18.72,3822,8343,553,1148,2992,6561,0,0
85,119,2.28,88,189,29,62,19,41,0,0
85,123,0.03,7,14,7,14,0,0,0,0
85,124,9.97,2063,4143,312,627,1670,3343,0,0
85,60,3.44,637,1862,465,1388,49,142,0,0
85,70,6.92,775,1549,276,552,166,332,0,0
85,71,1.08,209,417,74,148,45,90,0,0
85,87,1.01,12,24,1,3,8,16,0,0
85,109,1.3,398,796,0,0,398,796,0,0
85,110,4.27,1175,2344,1,1,1171,2340,0,0
85,127,1,61,122,15,31,15,31,0,0
86,0,24.11,3005,6194,1274,2780,1107,2264,53,107
86,1,18.1,4371,7585,923,1812,2034,3007,0,0
86,2,10.59,1365,2356,260,426,584,1074,0,0
86,3,2.44,236,336,35,35,132,230,0,0
86,6,0.01,0,1,0,0,0,0,0,0
86,7,14.87,4213,9928,996,2763,2525,5294,0,0
86,9,2.96,1920,3840,0,0,1920,3840,0,0
86,10,1.05,232,463,210,419,22,44,0,0
86,24,29,2576,4503,645,1192,932,1551,0,0
86,26,8.52,2511,5298,181,363,1967,4209,0,0
86,27,13.28,854,1558,397,756,152,267,0,0
86,29,1.03,77,89,28,39,17,17,0,0
86,30,2.97,661,1321,408,816,84,168,0,0
86,33,6,1688,4274,350,696,1055,3019,0,0
86,34,27.35,2208,4282,1572,3127,140,264,0,0
86,36,43.96,5334,10776,3001,6007,589,1221,0,0
86,37,0.97,708,1417,0,0,708,1417,0,0
86,41,1.83,1158,1965,202,404,552,754,0,0
86,46,0.84,427,1281,0,0,427,1281,0,0
86,47,8.17,1967,4018,352,703,1536,3156,0,0
86,48,0.64,253,506,0,0,253,506,0,0
86,12,7,1292,2583,81,161,1050,2100,0,0
86,13,2,586,1172,309,618,92,184,0,0
86,18,0.24,62,121,16,32,15,30,0,0
86,19,1.92,171,314,150,293,7,7,0,0
86,35,3.96,274,518,219,430,19,29,0,0
86,43,1,61,61,15,15,15,15,0,0
86,60,3.96,3168,9357,1,1,3164,9353,0,0
86,71,8,2983,6733,386,848,2150,4836,0,0
86,75,4,446,1028,258,698,63,111,0,0
86,81,1,284,569,71,142,71,142,0,0
86,86,2,256,511,256,511,0,0,0,0
86,87,4,243,463,226,445,6,6,0,0
86,92,4.57,1108,2424,516,1290,181,361,0,0
86,94,2.82,1435,2869,359,717,359,717,0,0
86,98,1,6,6,2,2,2,2,0,0
86,105,0.29,250,749,0,0,250,749,0,0
86,109,2.74,1979,3959,0,0,1979,3959,0,0
86,110,20.43,3494,7662,1054,2057,1858,4542,0,0
86,114,10.98,1004,1871,420,806,318,603,0,0
86,125,4.35,784,1526,375,739,214,418,0,0
86,61,0.04,65,196,0,0,65,196,0,0
86,64,4.93,861,2185,489,1093,124,364,0,0
86,65,0.42,110,220,28,55,28,55,0,0
86,70,4,195,390,163,327,10,21,0,0
86,76,2.82,514,1029,465,931,16,33,0,0
86,84,5.63,974,1887,129,197,708,1418,0,0
86,97,10.86,1752,2882,847,1547,289,432,0,0
86,103,0.44,253,253,63,63,63,63,0,0
86,115,6.23,730,1456,378,755,321,642,0,0
86,117,5,706,1361,279,546,37,61,0,0
86,121,4.79,382,708,225,419,52,96,0,0
86,122,0.29,51,101,13,25,13,25,0,0
86,124,10.04,3195,7633,0,0,3195,7633,0,0
87,0,10.67,893,1943,407,854,321,680,0,0
87,1,1.23,614,1118,153,280,153,280,0,0
87,2,5.44,860,1537,215,384,215,384,0,0
87,3,4.39,330,517,83,129,83,129,0,0
87,7,8.31,1342,2684,193,384,1095,2196,0,0
87,9,4,242,456,156,305,10,13,0,0
87,15,9,3841,7445,292,585,3537,6837,0,0
87,18,7.84,2046,3935,597,1155,948,1858,0,0
87,36,1.71,176,449,114,324,19,38,0,0
87,41,6,963,2264,221,546,221,546,0,0
87,46,0.01,4,11,0,0,4,11,0,0
87,47,0.99,507,1522,0,0,507,1522,0,0
87,50,3.48,501,1112,360,830,58,115,0,0
87,51,6.56,3137,7331,140,419,2997,6913,0,0
87,34,1,5,9,1,2,1,2,0,0
87,35,2,431,773,364,706,22,22,0,0
87,45,0.18,38,76,9,19,9,19,0,0
87,49,1.55,523,1465,97,194,422,1265,0,0
87,61,1,9,9,3,3,3,3,0,0
87,64,3.07,516,1070,130,269,129,267,0,0
87,65,0.58,154,309,39,77,39,77,0,0
87,76,12.74,1417,2538,1389,2485,2,4,0,0
87,77,53.06,4841,8194,4634,7842,63,111,0,0
87,78,7.15,632,740,605,713,9,9,0,0
87,84,1.37,270,503,94,153,58,117,0,0
87,86,5,736,1444,308,609,143,278,0,0
87,92,2.46,205,431,65,131,0,0,0,0
87,93,1,223,445,223,445,0,0,0,0
87,94,14.19,3129,7153,1299,2820,1134,2492,0,0
87,97,4.13,613,1361,268,713,76,139,0,0
87,103,2.89,982,1637,530,977,151,219,0,0
87,104,10.67,1431,2793,567,1117,268,520,0,0
87,109,0.51,466,932,0,0,466,932,0,0
87,110,3.74,584,1399,36,36,477,1292,0,0
87,114,10.52,3542,8982,540,738,2991,8229,0,0
87,115,2.77,1157,3749,0,0,1157,3749,0,0
87,117,2.63,714,1272,144,284,144,284,0,0
87,121,11.73,1280,2671,276,298,943,2268,0,0
87,124,4.61,2481,6571,142,283,2332,6273,0,0
87,69,0.65,146,291,36,73,36,73,0,0
87,70,7.33,1640,3258,290,574,1288,2570,0,0
87,72,1,28,28,0,0,0,0,0,0
88,0,4.36,662,1664,119,323,305,696,0,0
88,10,12.39,2226,4059,701,1403,1287,2181,0,0
88,22,8.26,2311,5050,129,325,1996,4219,0,0
88,23,1,52,105,13,26,13,26,0,0
88,35,9.86,11392,32619,63,127,11201,32240,0,0
88,45,15.61,1917,3734,1005,1962,392,826,0,0
88,46,4.21,1690,3417,0,0,1690,3417,0,0
88,48,2,275,551,68,138,68,138,0,0
88,49,11.44,5666,11713,461,922,4514,9409,0,0
88,50,3.78,1005,2011,117,234,888,1776,0,0
88,51,0.18,67,135,0,0,67,135,0,0
88,9,4.14,999,1831,68,125,784,1452,0,0
88,21,1.25,123,245,80,161,14,28,0,0
88,34,4.24,1697,4552,68,68,1495,4349,0,0
88,57,6,2272,4676,430,860,1511,3153,0,0
88,70,0.03,2,4,0,0,2,4,0,0
88,75,3,212,212,189,189,5,5,0,0
88,76,7.61,1111,2176,544,1062,189,372,0,0
88,77,36.03,2979,5454,2718,4988,38,71,0,0
88,94,4,377,754,220,440,52,105,0,0
88,99,1,31,31,8,8,8,8,0,0
88,114,0.5,862,1724,0,0,862,1724,0,0
88,117,0.37,239,466,57,113,57,113,0,0
88,121,17.82,2340,4455,590,1123,1402,2748,0,0
88,122,9.37,3325,6760,250,527,2872,5771,0,0
88,66,1,28,57,7,14,7,14,0,0
88,78,0.86,115,230,23,45,47,93,0,0
88,82,1.17,569,1706,0,0,569,1706,0,0
88,83,2.64,2055,6090,0,0,2055,6090,0,0
88,89,4,212,417,177,352,11,21,0,0
88,90,19.31,1924,3718,904,1808,198,395,30,59
88,91,1,196,392,196,392,0,0,0,0
89,0,7.9,2166,2598,253,494,1758,1822,0,0
89,1,19.69,2542,6013,1353,3074,363,913,0,0
89,9,3.47,340,761,150,408,43,86,0,0
89,10,1,16,16,4,4,4,4,0,0
89,11,8,1115,2548,463,1061,621,1390,0,0
89,12,8,714,1269,428,780,11,13,0,0
89,21,7.23,779,1755,752,1708,9,15,0,0
89,22,7.28,1026,2048,350,787,201,396,0,0
89,33,6,513,923,225,432,32,46,0,0
89,34,1.65,3005,8241,0,0,3005,8241,0,0
89,35,5.2,11795,44981,1573,6549,7076,25329,0,0
89,47,1,242,970,61,242,61,242,0,0
89,5,2,68,82,17,21,17,21,0,0
89,32,1.37,256,513,140,279,39,78,0,0
89,48,11.7,1097,2880,486,1305,188,493,0,0
89,67,2,1136,2272,284,569,284,569,0,0
89,75,2,118,355,110,330,3,8,0,0
89,76,36.45,2537,4544,2131,3800,256,501,0,0
89,77,20.03,1564,2488,1355,2145,25,43,0,0
89,78,12.14,2037,4094,778,1560,744,1491,0,0
89,82,3.99,1184,3507,98,285,888,2654,0,0
89,83,14.43,2886,6573,602,1285,2046,4648,0,0
89,85,25.76,2077,3796,1863,3429,92,171,0,0
89,86,13.04,1650,2902,1204,2168,121,188,0,0
89,88,3.16,257,304,45,57,122,134,0,0
89,89,8.84,722,1423,428,856,91,182,0,0
89,90,4.69,544,1065,507,1013,5,10,0,0
89,91,3,252,503,231,463,7,13,0,0
89,98,18.99,1297,2820,390,865,303,652,0,0
89,105,1,540,1081,135,270,135,270,0,0
89,113,10,816,1259,150,294,484,610,0,0
89,118,3,993,1986,309,617,684,1369,0,0
89,120,0.09,26,52,0,0,26,52,0,0
89,121,2.92,991,1982,0,0,991,1982,0,0
89,127,3,262,498,229,451,11,16,0,0
89,53,0.63,100,199,25,50,25,50,0,0
89,66,0.03,29,87,0,0,29,87,0,0
89,71,2.09,869,1738,372,744,166,331,0,0
89,81,1,40,79,10,20,10,20,0,0
89,84,10.21,1641,3701,291,804,1254,2715,0,0
89,87,2,275,550,249,498,9,18,0,0
89,97,0.02,1,1,0,0,0,0,0,0
89,117,7,631,1241,377,750,85,164,0,0
90,0,38.7,3244,6359,2370,4697,415,806,0,0
90,1,32.74,3935,8282,2603,5921,362,628,0,0
90,4,10.16,1248,2727,426,1025,422,863,0,0
90,5,20.71,3017,6433,745,1483,1837,4141,0,0
90,8,2,99,198,25,49,25,49,0,0
90,12,1,27,54,7,13,7,13,0,0
90,13,15,2411,5433,550,1209,1646,3810,0,0
90,21,6.99,1197,2321,399,827,738,1424,0,0
90,22,1,266,533,0,0,266,533,0,0
90,32,3.82,313,512,196,372,27,35,0,0
90,33,0.24,10,19,2,5,2,5,0,0
90,34,1,898,898,224,224,224,224,0,0
90,35,4.06,8125,35176,1371,6279,4014,16338,0,0
90,48,3.3,317,707,274,619,14,29,0,0
90,2,10.66,1134,2077,1002,1871,26,51,0,0
90,20,1,115,232,29,58,29,58,0,0
90,29,4.06,817,1571,81,163,817,1571,0,0
90,30,1.93,541,942,140,140,401,802,0,0
90,41,1,35,104,8,26,8,26,0,0
90,49,1,127,254,32,64,32,64,0,0
90,53,0.37,57,115,14,29,14,29,0,0
90,66,1.97,865,2571,0,0,865,2571,0,0
90,67,15,3870,8588,588,1329,2706,5793,0,0
90,71,3.91,906,1811,295,590,204,407,0,0
90,73,1,20,80,5,20,5,20,20,80
90,74,3,82,128,20,32,20,32,0,0
90,75,17.38,1137,2439,826,1916,103,191,0,0
90,76,40.31,3495,6274,3202,5671,176,463,0,0
90,77,21.14,1556,2787,1339,2501,54,66,0,0
90,82,20.9,2908,5721,2183,4341,242,460,0,0
90,83,20.05,2188,4575,1444,2871,181,434,0,0
90,84,25.65,3022,5236,1839,3057,629,1197,0,0
90,85,16.58,1452,2676,1232,2289,58,115,0,0
90,86,34.53,2544,4324,2181,3691,103,173,0,0
90,89,0.76,16,32,4,8,4,8,0,0
90,90,12.74,834,1488,585,1034,43,72,0,0
90,126,1,37,75,9,19,9,19,0,0
90,127,3.08,100,216,19,41,9,22,0,0
90,79,0.84,366,733,92,183,92,183,0,0
90,81,6.31,466,609,460,602,2,2,0,0
90,88,2.44,83,166,9,18,9,18,0,0
90,91,1.54,81,142,60,120,0,1,0,0
90,108,1,20,41,5,10,5,10,0,0
90,110,1,19,19,0,0,0,0,0,0
90,122,2.46,193,365,151,296,14,23,0,0
91,0,10.99,1247,2493,857,1713,131,260,0,0
91,1,3.59,311,727,45,84,45,84,0,0
91,2,18.15,2096,3851,1882,3417,19,33,0,0
91,5,3.13,981,2057,3,5,973,2040,0,0
91,6,2,318,636,318,636,0,0,0,0
91,7,4,2062,5361,0,0,2062,5361,0,0
91,13,2,40,152,11,38,11,38,0,0
91,30,0.01,1,1,1,1,0,0,0,0
91,32,5.56,711,1139,433,863,175,175,0,0
91,67,2,218,220,55,55,55,55,0,0
91,75,45.14,3391,7613,1775,3714,1018,2813,0,0
91,76,17.37,1716,3210,1114,1986,321,826,0,0
91,77,14.42,4008,20832,329,1159,2992,17302,0,0
91,79,2.28,269,713,29,62,184,528,0,0
91,80,13.46,7700,19158,438,1020,6764,16858,0,0
91,81,31.73,3594,7179,2622,5250,786,1565,0,0
91,82,23.98,2497,4910,1390,2745,365,711,0,0
91,83,16.28,1662,3468,1443,3035,49,96,0,0
91,84,48.52,4450,8593,3181,5885,391,871,0,0
91,85,21.81,1624,2474,1438,2161,41,62,0,0
91,86,17.62,1649,3249,1310,2608,52,94,0,0
91,87,8.92,1479,3193,705,1582,227,467,0,0
91,88,15.99,1651,2596,1457,2261,55,97,0,0
91,89,14.92,1988,3893,975,1935,317,618,0,0
91,90,21.43,2249,4249,1437,2829,332,617,0,0
91,92,4,444,771,335,661,8,8,0,0
91,95,13.29,4365,7476,349,762,3644,5843,0,0
91,109,1,20,39,5,10,5,10,0,0
91,110,17.4,2310,4719,1218,2462,289,601,0,0
91,111,14.32,1942,3845,1359,2707,178,346,0,0
91,115,1,789,1576,0,0,789,1576,0,0
91,122,2.54,157,314,39,79,39,79,0,0
91,127,12.38,1053,2027,729,1453,70,136,0,0
91,61,1.65,491,983,123,246,123,246,0,0
91,62,2,281,508,240,468,13,13,0,0
91,72,7.35,948,1841,182,350,182,350,0,0
91,73,2.08,112,202,92,179,6,6,0,0
91,74,2.21,95,99,67,68,9,10,0,0
91,94,15.38,3142,6101,620,1194,2319,4591,0,0
91,113,5.97,358,384,110,117,83,89,0,0
91,114,5.51,987,1969,130,260,896,1790,0,0
91,118,4.45,390,730,154,296,156,300,0,0
91,119,3.21,196,380,53,103,48,92,0,0
91,126,0.37,95,190,24,48,24,48,0,0
92,23,15.99,3289,6580,704,1409,2180,4359,0,0
92,32,2.99,1086,2173,0,0,1086,2173,0,0
92,45,11.6,1558,3013,1015,2013,202,422,0,0
92,46,5.41,916,1857,0,0,916,1857,0,0
92,51,1,81,162,20,41,20,41,0,0
92,6,0.8,395,789,99,197,99,197,0,0
92,10,2.87,463,912,116,228,116,228,0,0
92,30,3.78,668,1289,49,86,522,1031,0,0
92,31,5.25,1600,3200,69,139,1392,2784,0,0
92,41,1,288,577,72,144,72,144,0,0
92,53,2,2182,2182,0,0,2182,2182,0,0
92,61,12.36,4148,8835,615,1303,2959,6262,0,0
92,72,1.57,859,2222,215,556,215,556,504,1512
92,74,64.21,4408,9865,2512,6020,903,2228,0,0
92,75,119.43,7723,17042,4948,11692,1431,3106,0,0
92,76,19.37,2047,4787,850,2358,294,540,0,0
92,77,30.16,3853,9850,738,1797,2461,6583,0,0
92,79,30.81,4251,9299,1814,3511,2103,5247,0,0
92,80,34.01,5308,9978,1315,2430,3118,6372,0,0
92,81,30.18,2854,6163,2030,4581,390,756,0,0
92,82,12.58,1432,2619,502,877,740,1475,0,0
92,83,42.88,4482,7408,3967,6428,325,635,0,0
92,84,32.65,2948,5759,2184,4367,230,417,0,0
92,85,43.04,3375,7248,2042,4572,700,1382,0,0
92,86,36.92,2459,5161,1766,3893,133,244,0,0
92,87,35.96,3101,7150,2043,4932,218,434,37,183
92,89,23.55,2720,5296,2552,5030,38,51,0,0
92,90,2.93,397,763,93,185,91,181,0,0
92,93,1,357,715,357,715,0,0,0,0
92,94,3.43,973,2601,36,107,866,2280,0,0
92,95,2.88,3411,4655,0,0,3411,4655,0,0
92,96,0.01,17,17,0,0,17,17,0,0
92,110,1,53,53,13,13,13,13,0,0
92,111,1.29,303,605,131,262,57,114,0,0
92,112,2,140,363,56,112,28,84,0,0
92,114,20.51,3153,6214,151,303,2797,5502,0,0
92,115,1,248,494,0,0,248,494,0,0
92,118,1.34,60,119,16,33,14,29,0,0
92,126,36.89,2635,5419,1816,3846,240,464,20,79
92,127,16.28,2615,5218,1781,3561,271,541,0,0
92,54,3,250,250,221,221,10,10,0,0
92,78,9,900,2010,462,1158,307,608,0,0
92,88,2.56,245,489,105,210,47,93,0,0
92,106,9,1652,3304,552,1106,937,1875,0,0
92,107,3,1477,2954,0,0,1477,2954,0,0
92,119,1,62,124,15,31,15,31,0,0
92,124,0.94,319,638,80,160,80,160,0,0
92,125,1.11,185,370,3,6,175,351,0,0
93,3,6.14,872,2212,478,1073,124,366,0,0
93,6,1.2,598,1197,150,299,150,299,0,0
93,10,4.13,488,890,321,620,56,90,0,0
93,16,8.03,875,1529,507,849,304,606,0,0
93,17,10.97,2236,4371,611,1209,1463,2912,0,0
93,30,4,234,448,161,317,24,44,0,0
93,31,3.97,843,1614,150,300,611,1151,0,0
93,49,2.95,396,792,277,554,40,79,0,0
93,50,0.05,12,25,12,25,0,0,0,0
93,4,8.97,1471,2919,1408,2816,14,27,0,0
93,12,1,47,93,12,23,12,23,0,0
93,15,2,64,64,16,16,16,16,0,0
93,22,2,277,554,277,554,0,0,0,0
93,23,1,240,480,240,480,0,0,0,0
93,41,3.8,805,1785,647,1337,53,150,0,0
93,53,5,2689,3818,282,564,1842,2124,0,0
93,54,12,1939,3725,440,860,1017,1946,0,0
93,59,4,2297,4595,250,500,1547,3095,0,0
93,61,2,560,1379,91,247,287,639,0,0
93,65,0.04,31,62,0,0,31,62,0,0
93,66,20.26,3677,7417,637,1369,2628,5244,0,0
93,73,20.35,1623,3032,1303,2609,32,66,0,0
93,74,165.94,10344,24890,6109,15633,1768,4254,0,0
93,75,155.05,10790,24177,6204,13203,1409,3382,857,3427
93,76,52.81,4832,8686,3969,7444,302,568,0,0
93,77,67.79,6935,14193,3783,8049,2503,4916,0,0
93,78,18.01,1930,4273,1423,3419,258,504,0,0
93,79,11.99,895,1346,775,1196,24,34,0,0
93,80,16.01,902,1860,788,1589,38,90,0,0
93,81,38.87,3310,6550,3004,5993,78,141,0,0
93,82,38,5387,12500,3581,7744,1154,3297,0,0
93,83,52.85,7040,20828,3362,8720,1557,4711,0,0
93,84,69.1,5545,12487,3560,8431,742,1694,0,0
93,85,187.78,9561,23549,6523,16957,1001,2365,0,0
93,86,74.88,3647,7157,2738,5578,186,312,0,0
93,87,10.35,1143,2169,1110,2134,10,10,0,0
93,88,32.35,3192,6026,2269,4108,259,549,0,0
93,89,39.7,3550,7375,2564,5423,237,457,0,0
93,94,1,936,1871,0,0,936,1871,0,0
93,106,5.45,635,955,123,199,269,360,0,0
93,107,0.54,47,93,12,23,12,23,0,0
93,116,3.67,2290,4580,0,0,2290,4580,0,0
93,124,0.06,22,44,6,11,6,11,0,0
93,125,1,783,1566,0,0,783,1566,0,0
93,126,30.37,4796,10368,2413,5029,1362,2928,0,0
93,127,40.86,5870,11714,3920,7900,1748,3490,0,0
93,60,4.61,559,1091,231,462,100,200,0,0
93,67,0.09,28,84,7,21,7,21,0,0
93,90,1.74,155,207,39,52,39,52,0,0
93,117,3,173,466,43,117,43,117,0,0
93,123,0.94,97,194,24,49,24,49,0,0
94,0,2.9,1245,2910,0,0,1245,2910,0,0
94,1,4.23,929,1781,375,731,480,944,0,0
94,2,2,81,177,12,36,12,36,0,0
94,3,64.01,5461,11530,3223,7017,916,1752,90,242
94,4,43.96,4625,9568,3369,6853,314,735,0,0
94,5,0.55,133,267,133,267,0,0,0,0
94,15,5,1103,2206,276,551,276,551,0,0
94,20,1.41,934,1867,0,0,934,1867,0,0
94,21,21.6,4207,8961,568,1603,3436,6979,0,0
94,41,6.2,788,1722,255,551,173,386,0,0
94,23,11.47,1695,3605,743,1806,431,768,0,0
94,47,3.23,612,1225,311,622,178,357,0,0
94,54,16,1259,2451,473,937,322,636,0,0
94,60,1.39,164,164,147,147,0,0,0,0
94,65,1.63,59,95,59,95,0,0,0,0
94,66,8.19,681,1362,369,714,84,176,0,0
94,67,0.8,244,731,61,183,61,183,0,0
94,71,6.94,1402,2328,350,582,350,582,0,0
94,73,18.36,4003,10926,883,1964,2433,7234,0,0
94,74,39.8,3881,7366,1971,3859,846,1622,0,0
94,75,55.01,5020,8569,3643,6312,280,448,0,0
94,76,46.25,4777,9279,4374,8763,151,188,0,0
94,77,71.15,5501,10416,5162,9985,58,88,0,0
94,78,2.52,214,429,143,286,0,0,0,0
94,81,4.75,485,971,445,890,14,27,0,0
94,82,53.58,5637,11082,4945,9845,106,190,0,0
94,83,56.29,5997,12818,4042,8899,450,931,0,0
94,84,114.17,9568,27436,5631,16409,1248,3386,203,814
94,85,188.13,12645,33662,6662,17110,2983,8495,908,3633
94,86,57.86,5799,11427,2422,4983,966,1876,0,0
94,87,30.22,3417,6878,2587,4784,561,1646,0,0
94,88,23.49,2147,4202,1908,3798,72,127,0,0
94,89,8,876,1849,673,1395,11,24,0,0
94,90,0.54,22,43,5,11,5,11,0,0
94,114,1,50,101,13,25,13,25,0,0
94,116,3.32,1472,3358,0,0,1472,3358,0,0
94,117,6,681,1362,342,684,113,226,0,0
94,123,7.06,921,1735,635,1266,64,125,0,0
94,124,3.01,442,885,114,225,111,220,0,0
94,125,1.99,251,502,242,483,0,0,10,19
94,126,12.36,1542,2640,1313,2322,4,8,0,0
94,127,49.59,3995,7550,2945,5901,281,406,0,0
94,91,1,26,51,0,0,0,0,26,51
94,122,0.31,51,103,51,103,0,0,0,0
95,0,1.25,728,1533,0,0,728,1533,0,0
95,1,1.63,413,722,0,0,413,722,0,0
95,3,60.75,4948,10982,2581,6104,680,1295,953,2721
95,4,1.63,711,1416,177,354,177,354,0,0
95,5,2.63,1018,1887,0,0,1018,1887,0,0
95,18,24.66,1596,3143,586,1249,462,898,0,0
95,23,1.53,257,534,8,21,232,469,0,0
95,35,14.21,3958,8252,304,585,3442,7292,0,0
95,37,4,409,820,276,552,44,89,0,0
95,38,15,3644,8645,287,444,2851,7250,0,0
95,46,1,1177,2354,0,0,1177,2354,0,0
95,47,13.77,2017,3812,700,1343,799,1542,0,0
95,48,2,948,1896,0,0,948,1896,0,0
95,7,1.09,163,343,150,305,4,13,0,0
95,17,3.9,601,1202,484,969,39,78,0,0
95,36,0.79,598,1197,0,0,598,1197,0,0
95,42,1,108,216,27,54,27,54,0,0
95,55,24.99,3224,6325,689,1351,1900,3774,0,0
95,56,17.34,3445,7860,367,771,2390,5646,0,0
95,68,4.27,1859,4955,105,209,1545,4328,0,0
95,70,3.97,4943,14811,2,2,4937,14805,0,0
95,71,1.06,1837,7328,460,1830,461,1836,0,0
95,72,2,75,135,4,4,4,4,0,0
95,73,5.84,3672,10652,60,91,3516,10425,0,0
95,74,37.9,11499,22876,1669,3051,9698,19569,0,0
95,75,62.38,4680,6890,4016,6013,169,213,0,0
95,76,14.51,2998,5942,771,1615,153,277,0,0
95,77,34.47,7562,13412,3148,5231,1456,2711,0,0
95,78,5,449,1117,415,1050,11,23,0,0
95,80,15.12,3281,6090,611,1527,2299,3791,291,873
95,81,4.95,1226,3326,252,683,188,502,54,162
95,82,33,2576,5092,2305,4597,85,160,0,0
95,83,50.97,5815,12690,4004,8204,694,2001,0,0
95,84,84.18,6978,14493,3498,7868,1127,2262,0,0
95,85,81.17,6989,13314,3977,7696,1021,2000,0,0
95,86,58.19,6048,11629,4108,7798,1352,2696,0,0
95,87,20.98,2117,4078,1920,3834,22,38,0,0
95,93,6,507,999,272,542,37,71,0,0
95,95,3,504,504,21,21,269,269,0,0
95,96,1,208,416,208,416,0,0,0,0
95,122,13.45,3713,7616,542,1082,2795,5789,0,0
95,123,0.25,13,26,3,6,3,6,0,0
95,127,11.48,2571,6552,794,1539,56,65,0,0
95,57,0.67,416,832,0,0,416,832,0,0
95,69,2.45,1766,4861,109,217,1226,3569,0,0
95,79,0.89,33,33,0,0,33,33,0,0
95,106,6.65,1269,2540,318,635,318,635,0,0
96,4,3,568,973,141,243,141,243,0,0
96,5,0.37,194,387,0,0,194,387,0,0
96,6,13.58,1427,3095,1110,2613,9,11,0,0
96,7,33.2,2819,5264,1412,2751,398,726,0,0
96,8,1,3555,14223,0,0,3555,14223,0,0
96,17,25.14,2204,3905,1552,3053,400,448,0,0
96,18,1.37,151,176,3,10,141,148,0,0
96,23,1.41,192,384,192,384,0,0,0,0
96,25,1,24,24,6,6,6,6,0,0
96,30,1,73,146,18,36,18,36,0,0
96,33,2.5,1324,2649,0,0,1324,2649,0,0
96,55,0.39,143,285,0,0,143,285,0,0
96,56,3.61,2010,5801,0,0,2010,5801,0,0
96,63,10,2099,4507,652,1502,764,1245,70,139
96,67,0.23,692,2767,0,0,692,2767,0,0
96,68,5.06,12783,57299,9,28,12756,57216,0,0
96,69,9.3,7831,29566,96,174,7453,28783,0,0
96,70,1.02,663,1988,154,463,199,598,0,0
96,71,2,168,335,42,84,42,84,0,0
96,73,14.8,1760,3790,1441,3013,65,176,0,0
96,74,24.08,2269,3680,1596,2397,601,1181,0,0
96,75,5.89,577,761,402,445,32,52,0,0
96,77,0.08,387,773,97,193,97,193,0,0
96,79,0.45,39,79,0,0,39,79,0,0
96,80,1.59,473,945,0,0,473,945,0,0
96,82,40.96,4253,7823,3544,6496,160,300,0,0
96,83,75.56,5817,11417,4843,9039,440,1491,0,0
96,84,68.39,5513,10048,3994,7470,750,1438,0,0
96,85,44.97,5365,11073,3208,6255,1326,3321,0,0
96,86,12.67,4971,14043,647,1294,4238,12576,0,0
96,92,13.84,2151,3862,1331,2555,273,437,0,0
96,93,2.16,163,299,136,271,0,0,0,0
96,95,9,1496,2851,191,347,1042,2049,0,0
96,102,11.64,2378,4088,939,1840,1272,2078,0,0
96,103,2.52,1129,1412,19,19,1072,1355,0,0
96,104,1,83,165,21,41,21,41,0,0
96,106,2.41,337,661,240,480,28,55,0,0
96,126,4.01,1439,3647,0,0,1439,3646,0,0
96,127,6.5,819,1607,700,1368,40,80,0,0
96,87,3.77,1448,4292,3,3,1440,4285,0,0
96,105,0.21,26,26,0,0,0,0,0,0
96,112,0.12,40,80,40,80,0,0,0,0
97,2,2.16,2831,7771,1,1,2827,7767,0,0
97,5,1,162,323,0,0,162,323,0,0
97,6,3,491,914,491,914,0,0,0,0
97,7,7.13,817,1224,620,1011,66,71,0,0
97,8,9,665,1224,449,887,52,93,0,0
97,17,11.94,942,1992,747,1690,43,58,0,0
97,19,2.11,334,828,334,828,0,0,0,0
97,23,14.11,1917,3667,1146,2250,192,343,0,0
97,33,7.51,1646,3259,221,436,1325,2642,0,0
97,36,3,546,1054,9,9,324,639,0,0
97,0,0.2,91,182,0,0,91,182,0,0
97,1,3.01,350,771,219,437,101,303,0,0
97,18,14.57,1423,2822,1347,2690,18,30,0,0
97,24,4.52,379,747,85,168,16,30,0,0
97,37,2,207,413,183,367,8,15,0,0
97,44,0.07,17,35,17,35,0,0,0,0
97,45,1.93,360,721,246,491,0,0,0,0
97,50,0.32,47,94,12,23,12,23,0,0
97,51,0.68,97,195,24,49,24,49,0,0
97,63,6,1464,3576,552,1265,304,770,0,0
97,67,1.87,2529,9481,13,25,2492,9405,0,0
97,68,1.81,7525,29933,21,25,7462,29856,0,0
97,81,3.11,369,738,53,107,53,107,0,0
97,82,15.51,1730,3268,1549,2929,61,112,0,0
97,83,13.86,1056,1924,822,1535,55,90,0,0
97,84,40.33,5012,9564,2913,5435,864,1705,0,0
97,85,70.74,5364,10109,3990,7549,529,1016,0,0
97,86,7.96,3408,8812,233,467,3040,8073,0,0
97,87,2.31,2059,4260,24,49,1986,4115,0,0
97,93,13.47,4037,9850,551,1287,2814,6947,0,0
97,99,4,849,1700,376,751,128,255,0,0
97,102,0.63,378,378,0,0,378,378,0,0
97,103,7.2,2170,3693,713,1320,1246,2161,0,0
97,104,2,2437,3660,0,0,2437,3660,0,0
97,105,0.06,8,8,0,0,0,0,0,0
97,106,0.66,86,94,8,16,0,0,0,0
97,112,2.97,1286,3430,312,608,938,2781,0,0
97,113,7.9,3502,7625,15,30,3469,7561,0,0
97,125,5.78,3093,9066,170,458,2855,8513,0,0
97,126,2.22,1050,3032,61,153,960,2849,0,0
97,127,1.09,260,520,260,520,0,0,0,0
97,54,0.44,287,587,69,138,81,173,0,0
97,70,0.01,1,3,1,3,0,0,0,0
97,71,8.01,1084,1889,645,1446,99,100,0,0
97,76,2.48,51,70,13,17,13,17,0,0
97,77,0.52,20,41,5,10,5,10,0,0
97,90,4,431,833,362,725,13,26,0,0
97,94,2.49,1254,2668,7,7,1233,2646,0,0
98,0,9.79,2432,4810,133,253,2032,4051,0,0
98,1,7.11,2389,6067,197,498,1986,5038,0,0
98,2,3.72,9868,29435,42,85,9741,29181,0,0
98,7,7,1166,2602,184,344,582,1538,0,0
98,15,9,1768,3005,526,918,846,1558,0,0
98,16,3,342,571,181,333,54,79,0,0
98,18,33.72,3099,5717,2917,5368,60,115,0,0
98,19,39.59,2912,5680,2195,4355,295,583,0,0
98,20,2,376,751,110,221,340,679,0,0
98,23,3,183,293,68,136,14,28,0,0
98,24,4.97,567,1769,463,1430,35,114,0,0
98,32,9,2463,4877,233,453,2186,4359,0,0
98,4,1.06,51,95,13,24,13,24,0,0
98,5,3.94,1051,2057,504,996,182,354,0,0
98,53,1.53,1596,4474,0,0,1596,4474,0,0
98,54,8.02,2758,6930,728,1446,1577,4599,0,0
98,71,4.98,1515,2948,576,1131,313,606,0,0
98,74,5.35,351,479,159,174,22,37,0,0
98,75,9.65,873,1690,439,772,135,296,0,0
98,76,1,10,10,3,3,3,3,0,0
98,84,26.16,2724,4695,2209,3980,213,280,0,0
98,85,5.79,1399,2732,508,950,891,1782,0,0
98,86,2.15,555,1084,7,7,535,1064,0,0
98,87,4.07,438,871,288,575,50,98,0,0
98,88,5.93,1227,2411,127,243,883,1754,0,0
98,90,9,2490,4757,639,1077,1235,2463,0,0
98,93,0.71,712,781,8,25,687,705,0,0
98,94,0.34,344,344,0,0,344,344,0,0
98,106,5.92,483,930,86,163,424,838,0,0
98,107,13.08,1479,2371,146,266,1231,1951,0,0
98,109,0.18,82,162,0,0,82,162,0,0
98,110,3.81,1808,3175,0,0,1808,3175,0,0
98,113,0.02,29,59,0,0,29,59,0,0
98,117,9.64,2493,4861,358,707,1850,3582,0,0
98,123,3.39,865,1730,281,562,195,389,0,0
98,124,1.61,167,334,145,289,7,15,0,0
98,57,15.76,1756,3444,703,1468,351,658,0,0
98,111,1.4,1519,3153,0,0,1519,3153,0,0
99,2,1,104,208,104,208,0,0,0,0
99,12,7.48,500,921,276,626,54,78,10,10
99,18,16.74,2073,4085,862,1771,397,766,0,0
99,19,53.15,4379,10049,2302,4930,536,1335,463,1782
99,20,14.56,1647,3187,627,1228,438,849,0,0
99,23,1,27,53,7,13,7,13,0,0
99,41,13.46,1636,3894,486,961,851,2422,0,0
99,42,6.34,3483,10109,0,0,3483,10109,0,0
99,51,9.07,3666,8287,661,1560,2443,5126,0,0
99,11,2.03,1427,2822,8,8,1403,2799,0,0
99,21,10.49,922,1905,848,1813,25,30,0,0
99,22,2.88,1120,1758,435,869,685,889,0,0
99,27,4,678,1230,418,730,87,167,0,0
99,28,12.87,1249,2268,809,1615,120,190,0,0
99,29,1,24,24,6,6,6,6,0,0
99,40,0.87,1006,3020,0,0,1006,3020,0,0
99,47,1,78,155,19,39,19,39,0,0
99,50,0.93,23,33,13,23,3,3,0,0
99,57,5.24,328,866,302,789,9,26,0,0
99,64,1,126,252,31,63,31,63,0,0
99,71,1.4,1480,3235,275,824,1205,2411,0,0
99,72,2.6,3413,6828,59,118,3236,6473,0,0
99,74,1,18,18,0,0,0,0,0,0
99,75,1,162,324,162,324,0,0,0,0
99,84,6,864,3134,216,782,216,782,0,0
99,90,4.74,392,807,69,165,41,81,0,0
99,110,7.51,4702,8694,173,344,4440,8246,0,0
99,111,25.46,4682,9434,1346,2622,2688,5663,0,0
99,117,2.35,394,788,118,234,132,263,0,0
99,89,1.26,375,1067,332,980,15,29,0,0
99,105,2.26,276,551,178,356,13,25,0,0
99,106,17.12,1834,3330,762,1509,533,752,0,0
99,115,0.77,1360,2720,0,0,1360,2720,0,0
99,116,0.23,417,834,0,0,417,834,0,0
100,11,3.94,1072,2096,54,99,909,1797,0,0
100,12,7.54,516,881,93,150,183,331,0,0
100,18,38.88,2721,4829,2218,4024,343,645,0,0
100,19,84.17,6637,13457,3998,8178,1127,2323,0,0
100,20,16.65,1450,2792,858,1711,121,238,0,0
100,21,23.19,3258,5785,2330,4076,245,440,0,0
100,22,33.65,2994,6044,1730,3448,459,909,0,0
100,27,0.9,762,2285,0,0,762,2285,0,0
100,28,10.22,3794,9516,342,683,3208,8348,0,0
100,36,4,924,2220,568,1228,119,331,0,0
100,40,2.12,921,2762,0,0,921,2762,0,0
100,41,13.2,1784,4228,1089,2745,113,221,0,0
100,49,14,2907,5988,948,1925,1407,2845,0,0
100,10,1,131,394,131,394,0,0,0,0
100,50,10,1896,4380,680,1760,990,2045,0,0
100,71,22.77,4963,11260,1127,2441,2625,6012,0,0
100,72,22.07,2012,4275,833,1564,943,2303,0,0
100,74,5,1367,2734,669,1339,232,465,0,0
100,89,1,47,95,12,24,12,24,0,0
100,95,1,434,868,0,0,434,868,0,0
100,101,0.14,41,81,10,20,10,20,0,0
100,102,3.86,457,913,232,464,75,150,0,0
100,105,3.7,310,369,42,84,257,262,0,0
100,106,13.91,1635,2841,720,1395,522,750,0,0
100,109,0.01,7,15,2,4,2,4,0,0
100,110,10.04,3009,4899,371,525,2183,3608,0,0
100,111,9.85,1112,2173,632,1259,244,483,0,0
100,113,1,90,180,22,45,22,45,0,0
100,117,6.39,3149,7042,212,424,2437,5619,0,0
100,118,1.9,462,892,346,684,99,191,0,0
100,61,2,402,805,101,201,101,201,0,0
100,70,0.17,53,53,0,0,53,53,0,0
100,78,3.7,203,406,178,357,8,16,0,0
100,107,1,24,48,6,12,6,12,0,0
100,112,0.72,176,353,44,88,44,88,0,0
101,11,23,4798,10493,567,1172,3609,7996,0,0
101,12,1,17,33,0,0,0,0,0,0
101,19,80.13,6034,10281,4457,7771,422,706,0,0
101,20,13.55,1668,2953,806,1516,287,479,0,0
101,21,3.14,537,983,468,913,0,0,0,0
101,22,3.58,377,754,279,558,33,65,0,0
101,23,7,3890,7539,48,96,3746,7251,0,0
101,36,2,256,256,249,249,3,3,0,0
101,42,2.55,618,1046,15,30,573,955,0,0
101,43,6.45,1322,2820,311,739,567,1135,0,0
101,6,1.75,62,62,6,6,6,6,0,0
101,7,0.25,9,9,2,2,2,2,0,0
101,8,0.37,387,774,0,0,387,774,0,0
101,14,2.12,152,305,38,76,38,76,0,0
101,30,9.82,2145,4178,225,422,1470,2912,0,0
101,31,0.66,516,1032,0,0,516,1032,0,0
101,38,4,987,2293,317,713,223,527,0,0
101,77,7.14,2136,3733,222,222,1834,3432,0,0
101,78,2.3,211,347,152,286,20,21,0,0
101,87,7,559,1114,182,361,9,16,0,0
101,94,6.21,1711,2852,179,352,1445,2332,0,0
101,95,0.79,336,336,0,0,336,336,0,0
101,101,13,1095,2066,597,1177,210,404,0,0
101,117,1.71,2144,6117,0,0,2144,6117,0,0
101,61,4,1139,2848,514,1170,209,559,0,0
101,68,1.01,463,1389,113,338,125,375,0,0
101,70,1,27,27,7,7,7,7,0,0
101,75,1,62,124,16,31,16,31,0,0
101,76,2.6,342,685,124,248,198,397,0,0
101,124,9.17,2098,4937,312,624,1570,3881,0,0
102,4,3.89,2243,4488,5,9,2229,4459,0,0
102,5,1.07,134,281,3,10,123,250,0,0
102,6,6.06,439,846,343,678,31,53,0,0
102,7,12.13,942,1763,641,1258,73,121,0,0
102,8,10.62,2069,3636,583,1065,892,1683,0,0
102,14,1.88,340,904,252,728,29,58,0,0
102,19,12.34,967,1550,891,1446,25,35,0,0
102,20,10.92,926,1674,846,1531,16,26,0,0
102,30,2.52,751,1502,0,0,751,1502,0,0
102,43,1,15,15,4,4,4,4,0,0
102,13,6,889,2783,223,697,222,696,0,0
102,16,0.6,207,415,52,104,52,104,0,0
102,17,1,69,69,17,17,17,17,0,0
102,28,2,299,598,270,540,10,19,0,0
102,32,1,14,14,4,4,4,4,0,0
102,37,1,17,17,4,4,4,4,0,0
102,62,4,1398,3656,349,914,349,914,0,0
102,68,1.99,2366,7098,206,620,1745,5237,0,0
102,74,2,294,589,73,147,73,147,0,0
102,76,0.99,548,1095,0,0,548,1095,0,0
102,77,0.27,58,108,2,2,52,102,0,0
102,79,14.08,3203,6599,257,508,2825,5866,0,0
102,82,1,190,380,48,95,48,95,0,0
102,92,9.99,1884,3363,169,337,1527,2650,0,0
102,98,2,157,314,148,296,3,6,0,0
102,101,5,753,1233,421,606,21,42,0,0
102,102,0.91,147,147,147,147,0,0,0,0
102,103,2.1,504,794,355,644,50,50,0,0
102,124,1.83,706,1411,0,0,706,1411,0,0
102,127,5,790,1781,376,980,138,267,0,0
102,56,2.04,802,1605,0,0,802,1605,0,0
102,58,1,7,7,2,2,2,2,0,0
102,71,1,23,47,6,12,6,12,0,0
102,80,0.92,62,62,16,16,16,16,0,0
102,88,1,163,325,163,325,0,0,0,0
102,90,1,59,59,15,15,15,15,0,0
102,97,2.59,1670,3096,265,285,1366,2732,0,0
103,2,11,2573,5035,572,1194,1501,2947,0,0
103,4,0.04,58,117,0,0,58,117,0,0
103,7,12.9,879,1810,512,1137,94,180,0,0
103,13,2.33,805,2966,297,934,169,677,677,2709
103,16,2.4,990,2636,247,659,247,659,0,0
103,23,1,733,2199,183,549,183,549,0,0
103,28,10,927,1472,687,1149,80,108,0,0
103,8,0.71,89,89,0,0,0,0,0,0
103,9,0.12,171,514,0,0,171,514,0,0
103,32,0.64,175,175,0,0,175,175,0,0
103,33,0.59,150,200,0,0,150,200,0,0
103,34,0.77,167,334,0,0,167,334,0,0
103,35,1,84,167,21,42,21,42,0,0
103,36,1,56,113,14,28,14,28,0,0
103,46,0.04,14,27,3,7,3,7,0,0
103,47,1.35,252,504,63,126,63,126,0,0
103,53,2,187,612,47,153,47,153,0,0
103,56,6.96,1561,2984,220,405,1155,2275,0,0
103,57,4,235,461,216,430,6,10,0,0
103,67,7,668,1010,212,368,55,55,0,0
103,84,22.51,3923,7571,906,1630,2532,5038,0,0
103,85,2.46,281,312,140,140,68,100,0,0
103,94,11,1526,3047,436,1001,818,1603,0,0
103,95,5,656,1293,164,323,164,323,0,0
103,97,0.4,165,165,165,165,0,0,0,0
103,101,2,364,728,341,683,7,15,0,0
103,102,2,1347,2674,5,5,1332,2659,0,0
103,114,6.3,1240,2443,136,272,810,1620,0,0
103,115,0.7,132,264,129,258,0,0,0,0
103,125,3,211,421,184,368,9,18,0,0
103,58,1,193,579,48,145,48,145,0,0
103,68,3,743,1605,119,356,624,1248,0,0
103,74,4,274,539,201,400,13,24,0,0
103,76,1,66,132,17,33,17,33,0,0
103,87,1.8,850,1700,212,425,212,425,0,0
103,88,0.2,133,267,33,67,33,67,0,0
103,89,0.39,166,332,41,83,41,83,0,0
103,90,1.61,670,1340,168,335,168,335,0,0
103,119,0.01,3,5,0,0,3,5,0,0
103,120,1.6,570,1139,30,60,535,1069,0,0
103,126,4.78,801,1504,43,62,671,1318,0,0
104,5,14,2029,3873,1042,1894,508,1017,0,0
104,7,2.21,145,224,70,74,4,9,0,0
104,9,5.02,3602,8627,148,282,3427,8318,0,0
104,10,5.87,1160,2182,445,797,528,1197,0,0
104,12,0.41,361,1443,0,0,361,1443,0,0
104,13,10.26,3511,8079,389,779,2876,6810,0,0
104,20,2,532,1063,458,915,25,49,0,0
104,23,0.94,11304,56514,2826,14128,2826,14128,0,0
104,27,15.92,2099,3945,1388,2742,266,501,0,0
104,28,15.46,3302,7620,162,319,3076,7183,0,0
104,33,2.01,496,742,0,0,496,742,0,0
104,34,2,439,681,0,0,439,681,0,0
104,35,1.28,134,263,21,40,21,40,0,0
104,36,3.72,501,960,80,150,80,150,0,0
104,38,18.24,3543,8747,206,479,3125,7855,0,0
104,46,11.95,2780,5730,553,1149,1672,3386,0,0
104,47,9.65,1582,2865,97,187,1291,2304,0,0
104,4,1,37,37,9,9,9,9,0,0
104,6,1,12,12,3,3,3,3,0,0
104,22,1.74,259,441,181,363,0,0,0,0
104,32,0.93,240,480,0,0,240,480,0,0
104,39,4.87,195,372,176,347,6,8,0,0
104,75,9.03,1270,2698,655,1350,205,450,0,0
104,77,6.4,569,1260,409,953,5,5,0,0
104,84,11.7,5593,10368,497,995,4100,7384,0,0
104,85,0.32,177,531,0,0,177,531,0,0
104,87,3.41,1210,2346,193,383,881,1738,0,0
104,88,6.58,1213,2520,455,1004,540,1080,0,0
104,89,3.29,266,533,100,200,56,111,0,0
104,90,0.71,108,216,108,216,0,0,0,0
104,118,8,1929,4024,148,296,1485,3134,0,0
104,120,6.39,1079,2135,208,416,827,1631,0,0
104,125,2.09,297,603,205,410,37,82,0,0
104,126,8.13,943,1954,369,717,260,650,0,0
104,52,0.34,9,19,2,5,2,5,0,0
104,53,6.66,1822,4298,715,1594,369,901,0,0
104,66,0.49,201,403,201,403,0,0,0,0
104,73,1,174,348,44,87,44,87,0,0
104,91,1,73,145,18,36,18,36,0,0
104,119,1,140,280,35,70,35,70,0,0
105,4,1,180,359,45,90,45,90,0,0
105,6,1,204,408,204,408,0,0,0,0
105,7,4.04,373,745,290,580,7,14,0,0
105,8,12.97,736,1523,447,892,57,114,0,0
105,22,7.39,967,2606,226,438,630,2000,0,0
105,23,2.37,723,3345,179,830,188,857,0,0
105,26,2,538,1077,538,1077,0,0,0,0
105,27,9.61,1016,2030,781,1562,28,54,0,0
105,29,1,7,7,2,2,2,2,0,0
105,32,10.17,1429,2830,559,1112,784,1561,0,0
105,33,2.01,1099,3297,0,0,1099,3297,0,0
105,34,2,602,1770,0,0,602,1770,0,0
105,37,9.51,988,1932,397,787,451,896,0,0
105,38,11.44,2407,4944,314,661,1889,3811,0,0
105,39,6.46,2467,4998,7,7,2447,4978,0,0
105,0,2,300,600,195,391,0,0,0,0
105,12,4,479,957,450,901,9,19,0,0
105,18,0.28,62,124,0,0,62,124,0,0
105,30,2,68,93,17,23,17,23,0,0
105,31,22.17,1762,3423,1591,3166,47,75,0,0
105,36,1.63,130,256,110,220,4,10,0,0
105,66,1.51,251,459,218,426,11,11,0,0
105,75,0.97,46,46,11,11,11,11,0,0
105,77,12.6,1112,2174,709,1410,113,217,0,0
105,90,5.04,391,730,280,547,36,60,0,0
105,91,2.96,930,1861,271,543,220,439,0,0
105,100,3.75,1147,1908,138,201,734,1304,0,0
105,101,2.25,761,1326,66,132,563,929,0,0
105,119,3,1737,3474,0,0,1737,3474,0,0
105,124,2,527,1001,132,251,132,251,0,0
105,55,3.98,878,1941,250,547,380,806,0,0
105,81,1,272,817,68,204,68,204,0,0
105,82,5.31,1172,2339,285,570,411,817,0,0
105,83,2.37,1009,2017,1,1,1007,2013,0,0
106,7,6.88,1534,3360,116,277,1121,2333,65,196
106,8,5.33,399,841,158,326,80,172,0,0
106,9,12.67,1072,2376,564,1350,169,341,0,0
106,12,4,351,552,285,419,6,12,0,0
106,13,1,23,140,6,35,6,35,0,0
106,17,1.11,174,347,0,0,174,347,0,0
106,18,4.61,951,1901,348,697,571,1142,0,0
106,21,0.58,1949,7797,487,1949,487,1949,0,0
106,22,4.27,11620,46839,349,1394,10571,42657,0,0
106,31,17.73,1221,2130,874,1608,58,93,0,0
106,32,31.09,3285,6916,1353,2943,726,1630,0,0
106,33,9.9,816,1658,376,841,140,259,0,0
106,36,25.79,3771,7682,1366,2522,1639,3810,0,0
106,37,16.35,6736,16424,411,735,6140,15373,0,0
106,38,7.51,1032,2050,993,1982,13,23,0,0
106,3,2.77,943,1917,3,3,934,1909,0,0
106,5,1,80,80,20,20,20,20,0,0
106,6,3.12,715,1429,5,11,699,1398,0,0
106,11,7.13,516,973,239,480,16,34,0,0
106,14,4.31,1707,3414,222,444,1469,2938,0,0
106,15,1.29,585,1169,62,124,399,798,0,0
106,20,1,116,233,116,233,0,0,0,0
106,23,1.37,761,2347,16,16,712,2297,0,0
106,34,2,78,156,20,39,20,39,0,0
106,35,8.65,1117,2117,877,1721,53,74,0,0
106,44,1,56,56,14,14,14,14,0,0
106,54,1.79,186,372,132,263,0,0,0,0
106,55,5.09,2098,2527,645,872,484,552,0,0
106,56,0.14,20,41,5,10,5,10,0,0
106,62,6,4703,10853,597,1554,2915,6190,0,0
106,64,2,462,1388,0,0,462,1388,0,0
106,65,3,376,727,94,182,94,182,0,0
106,76,2,72,72,19,19,19,19,0,0
106,82,9.23,1791,3153,241,478,1466,2516,0,0
106,89,3,253,506,63,126,63,126,0,0
106,100,2,103,190,87,174,0,0,0,0
106,104,3,4091,8179,479,959,2649,5300,0,0
106,105,2.01,1021,2043,0,0,1021,2043,0,0
106,117,1.91,1258,3267,0,0,1258,3267,0,0
106,118,7.09,1522,2821,285,516,667,1273,0,0
106,52,2.87,664,1327,356,712,103,205,0,0
106,53,4.33,496,974,337,666,54,103,0,0
106,67,3,489,916,350,685,46,77,0,0
106,81,2.91,354,644,27,43,285,558,0,0
106,106,2,403,806,120,240,6,11,0,0
106,126,3.8,1423,2846,121,240,1064,2126,0,0
107,2,0.31,122,256,28,56,39,90,0,0
107,3,8.55,4073,8479,243,485,3307,6948,0,0
107,4,12.41,1550,2779,425,697,978,1772,0,0
107,6,0.95,26,79,0,0,0,0,0,0
107,7,1.05,177,355,176,351,0,0,0,0
107,11,4.87,317,822,207,608,10,19,0,0
107,12,5,354,689,231,457,41,78,0,0
107,13,21.73,3141,6827,727,1534,1843,4197,0,0
107,14,8.94,1561,2944,751,1467,596,1156,0,0
107,15,1.29,559,1117,25,50,484,968,0,0
107,21,5,603,1097,311,615,69,132,0,0
107,22,0.87,3945,15622,0,0,3945,15622,0,0
107,23,0.62,644,1903,4,4,633,1892,0,0
107,24,22.84,3054,6064,1064,2293,1092,2155,0,0
107,25,0.09,13,27,13,27,0,0,0,0
107,26,15.52,2895,6715,558,1209,1531,3709,0,0
107,35,19.17,1696,3396,1356,2713,67,137,0,0
107,36,94.74,7846,17739,4885,10624,417,844,459,2295
107,37,45.82,4160,6688,2889,4530,489,891,0,0
107,38,11.1,1226,2213,940,1571,36,55,0,0
107,41,4.12,1745,5708,70,100,1553,5448,0,0
107,20,8.59,2860,8597,373,1342,1740,4571,0,0
107,27,0.78,49,97,12,25,12,24,0,0
107,31,1,330,661,0,0,330,661,0,0
107,52,0.05,15,31,15,31,0,0,0,0
107,53,10.75,1848,4008,810,1765,323,703,0,0
107,54,7,943,1868,542,1079,28,52,0,0
107,62,6,897,1719,465,912,144,269,0,0
107,63,15.88,3720,8277,588,1380,2670,5993,0,0
107,64,5.14,520,998,362,715,125,239,0,0
107,69,6.66,3053,5849,335,794,2388,4063,0,0
107,81,52.99,5484,10865,2054,4091,1744,3474,0,0
107,82,13.92,12422,52965,257,514,11830,51824,0,0
107,83,4.06,1673,5080,356,791,1012,3520,0,0
107,104,3.04,1641,3825,0,0,1641,3825,0,0
107,105,3.96,1521,2566,254,507,1163,1849,0,0
107,110,3,987,2463,282,563,561,1612,0,0
107,120,13.95,3191,6249,306,579,2801,5570,0,0
107,123,0.02,4,9,4,9,0,0,0,0
107,124,8.98,1629,3181,487,955,743,1468,0,0
107,126,2.2,781,1563,139,278,139,278,0,0
107,80,4.81,457,702,37,67,348,500,0,0
107,84,1.55,332,582,83,146,83,146,0,0
107,101,2,192,384,180,360,0,0,0,0
107,106,2.06,435,871,7,13,429,858,0,0
107,107,1.57,1256,2511,141,282,1111,2223,0,0
107,119,0.05,18,36,0,0,18,36,0,0
108,2,2.18,1343,3018,0,0,1343,3018,0,0
108,3,10.82,3155,6311,119,238,2854,5709,0,0
108,4,0.97,107,429,27,107,27,107,0,0
108,13,4.44,675,1321,200,393,440,874,0,0
108,14,0.56,15,29,4,7,4,7,0,0
108,15,1.44,413,424,3,6,404,407,0,0
108,19,2.45,2196,6589,250,751,1446,4337,0,0
108,20,13.34,4033,9994,101,294,3730,9114,0,0
108,21,8.58,2476,5962,562,1633,1345,2859,0,0
108,22,6,8640,32259,0,0,8640,32259,0,0
108,24,5.03,1877,4614,342,898,1101,2416,0,0
108,26,22.16,2565,5318,1088,1655,1185,3043,0,0
108,27,5.46,629,925,535,831,12,12,0,0
108,30,9.53,977,1934,340,676,340,674,0,0
108,31,17.8,2816,5242,587,1090,1776,3467,0,0
108,34,25.21,2909,5880,2353,4797,185,361,0,0
108,35,41.84,5648,11454,4995,10044,175,406,0,0
108,36,64.94,5435,11020,3796,7908,451,845,11,22
108,37,49.88,4727,8410,3163,5754,439,740,0,0
108,38,25.99,3667,8769,2063,4025,277,840,0,0
108,41,10.88,1203,2131,448,825,238,410,0,0
108,42,1,212,212,212,212,0,0,0,0
108,0,5.91,861,1489,269,479,469,881,0,0
108,5,2,145,291,99,198,0,0,0,0
108,39,0.43,22,60,8,17,5,14,0,0
108,43,3,709,1391,445,883,88,169,0,0
108,48,0.1,42,84,10,21,10,21,0,0
108,57,3,724,1784,38,77,608,1554,0,0
108,63,0.87,338,414,0,0,338,414,0,0
108,64,4.12,1793,3946,0,0,1793,3946,0,0
108,69,0.34,388,388,0,0,388,388,0,0
108,80,10.74,1641,4680,558,1467,649,1647,0,0
108,81,4.59,274,470,193,335,11,13,0,0
108,82,3.02,586,1984,99,259,288,1205,0,0
108,83,5.81,2655,5596,228,526,1973,4017,0,0
108,84,1.68,643,1681,161,420,161,420,0,0
108,89,11,2687,5651,323,646,1935,4147,0,0
108,94,5.99,2725,5654,118,287,2370,4793,0,0
108,95,6.99,2050,3018,359,719,1572,2061,0,0
108,96,1.83,151,217,37,54,37,54,0,0
108,97,0.17,13,27,3,7,3,7,0,0
108,101,1,433,867,0,0,433,867,0,0
108,102,2,665,1331,348,697,106,211,0,0
108,106,2.94,671,1343,103,207,568,1136,0,0
108,107,7.6,1650,2831,646,1174,636,1155,0,0
108,108,2.84,1740,3300,51,152,1588,2844,0,0
108,70,7.6,1729,3330,432,833,432,833,0,0
108,75,2,110,110,28,28,28,28,0,0
108,76,3.94,366,704,180,354,62,117,0,0
108,87,0.88,157,307,22,44,91,175,0,0
108,88,7.05,1786,2964,260,409,1430,2363,0,0
108,90,0.52,806,1611,0,0,806,1611,0,0
108,122,2.02,209,417,145,291,3,6,0,0
109,0,5.18,966,1939,152,304,806,1617,0,0
109,7,1.01,126,251,124,249,0,1,0,0
109,8,13.99,2060,4706,981,2012,345,869,0,0
109,19,3.46,3604,12363,93,230,3325,11675,0,0
109,20,16.17,2454,6565,407,999,1731,4869,0,0
109,21,4.19,5276,20224,12,32,5240,20126,0,0
109,22,1,3409,13637,0,0,3409,13637,0,0
109,30,1.66,371,742,93,186,93,186,0,0
109,34,16.73,1797,3724,963,2063,495,988,0,0
109,35,43.86,3185,6695,2585,5675,125,203,0,0
109,36,52.08,4819,8951,3760,7056,332,602,0,0
109,37,6.84,950,1546,866,1380,81,162,0,0
109,38,23.74,2003,2466,1572,1987,302,317,0,0
109,39,26.76,2295,4012,1787,3370,148,193,0,0
109,43,0.4,22,46,14,30,3,5,0,0
109,47,0.04,26,32,6,8,6,8,0,0
109,48,10.85,2754,4796,1008,1734,583,1021,0,0
109,2,8.05,755,1445,692,1368,21,25,0,0
109,10,4.67,335,665,6,10,318,634,0,0
109,12,2,335,650,79,157,79,157,0,0
109,40,4.71,647,1225,591,1156,19,23,0,0
109,42,2,24,24,2,2,2,2,0,0
109,62,7.3,2008,4066,502,1016,502,1016,0,0
109,63,6.99,1025,2147,590,1293,145,285,0,0
109,70,1.4,185,358,46,89,46,89,0,0
109,73,8.21,1002,1842,271,502,607,1174,0,0
109,74,10.79,1615,2899,274,360,1076,2104,0,0
109,76,1.06,32,45,8,11,8,11,0,0
109,79,7.37,1872,4138,122,210,1508,3507,0,0
109,80,1.93,1199,2397,173,345,681,1361,0,0
109,88,2.07,191,340,13,27,191,340,0,0
109,90,0.48,736,1471,0,0,736,1471,0,0
109,95,0.03,12,24,0,0,12,24,0,0
109,122,6.98,1275,2677,272,544,1002,2133,0,0
109,61,0.41,227,453,57,113,57,113,0,0
109,72,1,40,79,10,20,10,20,0,0
109,119,2,374,557,230,413,48,48,0,0
110,0,7.08,1229,2406,377,741,647,1282,0,0
110,1,15.36,2013,3946,1079,2141,648,1281,0,0
110,2,19.24,1878,3373,1266,2471,320,525,0,0
110,8,2,189,378,145,290,15,29,0,0
110,10,19.44,2215,4248,693,1345,1303,2565,0,0
110,12,9.16,2401,5496,105,187,2221,5235,0,0
110,13,4,664,1093,275,382,130,237,0,0
110,20,1.99,1951,5353,1,3,1949,5345,0,0
110,21,3.65,3128,11296,421,1413,1864,7060,0,0
110,32,3.6,2578,4232,95,190,2292,3661,0,0
110,33,19.59,2328,5611,891,2186,1084,2631,0,0
110,34,5.76,556,1112,268,537,96,192,0,0
110,35,3,70,144,17,36,17,36,0,0
110,36,9.19,846,1335,805,1229,4,8,0,0
110,37,1.63,129,251,124,245,2,2,0,0
110,39,1.25,58,64,41,42,6,7,0,0
110,40,9.87,926,1699,718,1348,69,117,0,0
110,41,13,986,1915,790,1565,66,117,0,0
110,42,12,1130,2026,857,1680,93,152,0,0
110,43,15.6,1419,2162,909,1372,165,253,0,0
110,44,7.01,2089,4134,121,230,1726,3441,0,0
110,48,3,3599,7329,33,99,3500,7033,0,0
110,51,1,43,43,11,11,11,11,0,0
110,3,0.69,168,322,15,25,124,245,0,0
110,11,4.41,529,946,150,296,373,643,0,0
110,19,2,174,174,135,135,0,0,0,0
110,22,0.25,705,2821,176,705,176,705,0,0
110,52,3,1104,2209,519,1038,560,1121,0,0
110,61,0.07,37,75,9,19,9,19,0,0
110,62,2.23,835,1671,209,417,209,417,0,0
110,63,15.23,4033,8795,1756,3920,759,1624,0,0
110,75,1,42,84,11,21,11,21,0,0
110,79,0.7,306,306,0,0,306,306,0,0
110,80,3,1748,3496,0,0,1748,3496,0,0
110,97,2.29,1762,3523,53,105,1709,3417,0,0
110,103,17,4819,10005,586,1171,3936,8275,0,0
110,109,6,3492,6985,345,692,2754,5507,0,0
110,125,21.94,2341,4817,617,1268,869,1772,0,0
110,96,5.88,2294,4939,280,647,1800,3686,0,0
110,118,1,206,412,52,103,52,103,0,0
111,0,4.26,576,1151,553,1106,8,15,0,0
111,1,0.67,107,213,107,213,0,0,0,0
111,2,2.92,229,435,180,354,10,14,0,0
111,3,2.67,281,562,70,141,70,141,0,0
111,10,16.77,3314,8982,688,1835,2284,7104,0,0
111,12,0.68,176,352,176,352,0,0,0,0
111,20,4.95,3202,11434,631,2451,1309,4082,0,0
111,21,3.33,1606,5376,402,1344,402,1344,0,0
111,26,1.1,700,1401,0,0,700,1401,0,0
111,27,1.9,346,691,0,0,346,691,0,0
111,32,0.48,724,732,2,4,718,720,0,0
111,33,0.34,61,183,61,183,0,0,0,0
111,34,2,49,99,48,95,0,1,0,0
111,44,1,142,284,142,284,0,0,0,0
111,5,1,31,31,8,8,8,8,0,0
111,6,2.02,1211,2422,0,0,1211,2422,0,0
111,9,0.13,66,66,0,0,66,66,0,0
111,11,6.47,808,1616,288,577,437,875,0,0
111,17,0.3,150,300,38,75,38,75,0,0
111,19,2.05,1341,2682,0,0,1341,2682,0,0
111,51,1.29,855,2459,251,727,26,52,0,0
111,61,1,902,902,225,225,225,225,0,0
111,62,6.99,3131,6528,783,1632,783,1632,0,0
111,63,1.59,120,241,116,232,1,3,0,0
111,64,1.18,123,246,68,137,18,37,0,0
111,96,33.07,4761,8319,1551,3065,2571,4121,0,0
111,97,3.76,709,1355,233,465,337,613,0,0
111,108,1.08,267,535,0,0,267,535,0,0
111,109,7.18,2514,4529,465,804,1762,3400,0,0
111,110,0.75,305,610,0,0,305,610,0,0
111,125,3.05,324,662,81,165,81,165,0,0
111,69,2,210,594,53,148,53,148,0,0
111,87,1,65,130,16,33,16,33,0,0
111,90,1,65,131,16,33,16,33,0,0
111,95,3,455,818,214,404,81,138,0,0
112,6,18.41,2278,4308,629,1321,1473,2802,0,0
112,7,0.57,67,134,67,133,0,0,0,0
112,10,0.26,82,163,0,0,82,163,0,0
112,17,5.7,1160,2272,412,811,249,487,0,0
112,19,3,205,390,184,362,7,9,0,0
112,25,18,2809,5056,1156,2271,1287,2133,0,0
112,28,7.42,2626,4451,211,422,2324,3846,0,0
112,32,4.19,968,2226,526,1343,306,611,0,0
112,33,0.81,1037,2073,0,0,1037,2073,0,0
112,37,0.97,53,107,0,0,0,0,0,0
112,38,0.03,2,3,0,0,0,0,0,0
112,47,3.31,999,2105,250,525,250,525,0,0
112,48,10.85,2695,5245,1020,2010,537,1043,0,0
112,51,1.71,554,1108,139,277,139,277,0,0
112,0,6.96,538,1035,435,859,35,59,0,0
112,2,0.41,7,7,0,0,0,0,0,0
112,15,1.65,253,253,215,215,0,0,0,0
112,43,0.01,4,12,0,0,4,12,0,0
112,71,1,242,242,242,242,0,0,0,0
112,79,5,2444,4184,406,637,1686,3196,0,0
112,96,2.97,1236,2381,89,267,969,1581,0,0
112,97,4.06,1331,2665,102,203,1096,2194,0,0
112,98,5.97,1380,3201,599,1308,178,467,0,0
112,108,2,945,1892,0,0,945,1892,0,0
112,120,12,1059,2039,480,941,193,367,0,0
112,84,1,43,43,11,11,11,11,0,0
112,85,0.51,329,752,29,29,240,663,0,0
112,86,7.72,1404,3313,278,551,973,2482,0,0
113,0,26.39,2772,5135,2139,3927,196,387,0,0
113,2,0.59,10,10,0,0,0,0,0,0
113,6,6.34,654,1667,302,831,118,280,0,0
113,14,1,46,46,12,12,12,12,0,0
113,15,6.35,748,1441,423,837,75,140,0,0
113,28,6.23,610,745,592,718,6,9,0,0
113,36,5,831,1410,114,114,626,1205,0,0
113,43,0.99,393,1177,0,0,393,1177,0,0
113,44,10.01,2986,5861,494,962,2389,4746,0,0
113,47,0.83,537,1610,134,403,134,403,0,0
113,3,2,154,308,143,287,4,7,0,0
113,5,0.66,51,102,13,26,13,26,0,0
113,16,1.99,1084,2494,0,0,1084,2494,0,0
113,17,2.07,249,308,107,166,47,47,0,0
113,23,0.01,4,8,4,8,0,0,0,0
113,48,1,95,190,24,47,24,47,0,0
113,67,4,388,757,166,326,74,143,0,0
113,71,2,250,499,62,125,62,125,0,0
113,85,2.77,1444,1444,361,361,361,361,0,0
113,91,7.13,1417,2426,246,614,866,1061,281,842
113,92,1.82,299,774,247,669,0,0,0,0
113,106,1.69,811,1621,0,0,811,1621,0,0
113,120,5.01,2146,5544,450,901,1400,4053,0,0
113,54,1,50,100,13,25,13,25,0,0
113,55,0.35,175,175,44,44,44,44,0,0
113,56,3.51,1310,2438,328,609,328,609,0,0
113,68,0.36,56,112,14,28,14,28,0,0
113,69,0.77,118,236,30,59,30,59,0,0
113,75,3.69,530,888,355,666,63,84,0,0
113,113,1,40,40,10,10,10,10,0,0
114,0,39.58,5004,9083,3569,6490,873,1653,0,0
114,1,8.64,1840,3492,256,344,1539,3071,0,0
114,2,6,3964,11862,18,50,3907,11714,0,0
114,4,7.48,2766,5518,353,706,2308,4610,0,0
114,7,3.69,1256,2513,352,703,639,1277,0,0
114,8,12.31,746,1469,604,1209,28,56,0,0
114,9,1,26,52,7,13,7,13,0,0
114,16,2.01,548,1621,4,9,535,1596,0,0
114,17,10.26,4091,9699,843,1795,724,1558,0,0
114,22,19.55,1433,2571,877,1610,141,251,0,0
114,23,6.43,797,1579,752,1501,15,26,0,0
114,28,7.35,2016,3549,402,740,1518,2712,0,0
114,31,14,2284,5464,1409,3487,292,659,0,0
114,38,0.61,147,295,0,0,147,295,0,0
114,39,4.39,1294,2577,639,1274,513,1022,0,0
114,42,1,175,350,44,87,44,87,0,0
114,43,1,71,141,0,0,0,0,0,0
114,44,1,1325,2649,0,0,1325,2649,0,0
114,5,4.33,827,2185,788,2095,4,11,0,0
114,14,0.43,60,119,60,119,0,0,0,0
114,15,11.52,1164,1861,1066,1723,22,36,0,0
114,18,8.86,4651,10192,1163,2548,1163,2548,0,0
114,19,2.83,1008,2017,10,21,977,1955,0,0
114,35,4.25,985,1893,577,1136,20,22,0,0
114,56,1.13,510,1272,128,318,128,318,0,0
114,59,9,1324,2515,595,1156,243,453,0,0
114,69,5.87,271,544,68,136,68,136,0,0
114,72,13.22,2806,6092,1043,2134,1258,2843,0,0
114,73,1.78,447,1049,53,86,288,790,0,0
114,74,1,1233,2466,0,0,1233,2466,0,0
114,75,6.32,3006,5774,388,539,2618,5235,0,0
114,91,7.9,2980,6144,447,1081,2383,4766,0,0
114,92,2.15,689,1528,171,505,508,1013,0,0
114,100,1,64,127,16,32,16,32,0,0
114,106,6.8,2480,5533,157,295,2284,5199,0,0
114,114,10.99,2172,4439,811,1644,498,1021,0,0
114,57,0.87,366,729,0,0,366,729,0,0
114,58,3.5,635,1218,424,836,70,128,0,0
114,61,1,48,48,12,12,12,12,0,0
114,66,1,86,171,21,43,21,43,0,0
114,70,1.43,86,86,59,59,0,0,0,0
114,71,0.57,79,79,79,79,0,0,0,0
114,107,0.35,18,18,5,5,5,5,0,0
114,118,2.56,1599,3982,231,401,1022,2897,0,0
114,119,0.02,43,130,0,0,43,130,0,0
115,0,29.55,2865,4168,2618,3719,82,150,0,0
115,1,10.61,869,1557,742,1365,15,31,0,0
115,3,3.06,198,339,115,229,60,63,0,0
115,4,26.88,5988,11824,813,1833,4697,8911,0,0
115,5,36.77,3192,6061,2316,4236,268,612,0,0
115,6,0.59,100,200,100,200,0,0,0,0
115,8,9.36,1474,2944,506,1010,842,1683,0,0
115,14,0.45,74,74,74,74,0,0,0,0
115,15,7.59,964,2292,817,2065,25,27,0,0
115,17,2.55,2058,4543,508,1123,533,1173,0,0
115,18,10.8,5037,11406,861,2054,2454,5242,0,0
115,19,1.29,742,1484,0,0,742,1484,0,0
115,35,2.75,175,361,152,307,8,18,0,0
115,36,1,176,352,44,88,44,88,0,0
115,37,1,35,70,9,17,9,17,0,0
115,7,5.77,1447,2724,200,394,1194,2237,0,0
115,9,1,29,29,7,7,7,7,0,0
115,16,1,21,21,5,5,5,5,0,0
115,22,2.38,282,530,248,496,0,0,0,0
115,24,6.09,1133,2382,230,588,707,1411,0,0
115,55,0.8,432,864,40,80,311,623,0,0
115,56,0.7,359,719,90,180,90,180,0,0
115,57,1.08,401,458,0,0,401,458,0,0
115,58,15.58,2353,5129,1362,3192,342,658,0,0
115,59,2.97,111,111,28,28,28,28,0,0
115,68,1,10,10,2,2,2,2,0,0
115,69,16.01,2346,5860,902,2097,480,1253,829,2368
115,83,3.42,373,705,223,436,40,69,0,0
115,84,9.58,1279,2529,846,1686,127,248,0,0
115,86,9.32,1391,3063,647,1365,248,566,0,0
115,97,0.24,125,125,31,31,31,31,0,0
115,98,0.76,388,388,97,97,97,97,0,0
115,104,7.7,3426,6663,62,124,3240,6291,0,0
115,105,9.83,1954,3605,646,1285,1052,1828,0,0
115,106,12.82,2101,3812,280,549,1280,2259,0,0
115,107,1,360,360,2,2,352,352,0,0
115,114,1,55,111,14,28,14,28,0,0
115,118,2.11,1079,3054,65,131,954,2860,0,0
115,119,1.31,201,413,186,372,12,34,0,0
115,64,3,982,1965,420,841,187,375,0,0
115,65,1,87,174,87,174,0,0,0,0
115,78,0.02,9,17,0,0,9,17,0,0
115,79,0.98,473,946,0,0,473,946,0,0
115,87,4.69,1225,2538,270,563,674,1371,0,0
116,1,1,184,369,46,92,46,92,0,0
116,5,1.89,350,777,109,296,0,0,0,0
116,6,18.01,1637,3109,1415,2793,68,99,0,0
116,7,13.94,2882,5310,919,2014,1546,2113,0,0
116,8,9.07,3500,7123,422,767,2770,5608,0,0
116,10,3.03,679,1331,217,405,444,888,0,0
116,17,12.88,1483,2956,921,1840,567,1129,0,0
116,18,16.1,2452,5017,872,1247,1316,3386,0,0
116,19,17.24,2353,5659,1004,2052,1017,2858,0,0
116,20,51.77,4619,8940,2487,4904,693,1316,0,0
116,22,1.62,103,175,72,144,0,0,0,0
116,24,2.81,851,1789,119,357,700,1400,0,0
116,25,3.81,561,1086,28,49,503,997,0,0
116,26,12.28,1727,3287,488,935,681,1319,0,0
116,47,1,47,93,12,23,12,23,0,0
116,49,22,3814,8987,1631,3568,688,1729,0,0
116,50,3,450,661,443,654,2,2,0,0
116,3,13.34,1332,2545,498,1029,194,421,0,0
116,9,3.25,297,431,288,421,3,3,0,0
116,11,0.13,5,11,1,3,1,3,0,0
116,13,1,28,28,7,7,7,7,0,0
116,15,1,152,303,152,303,0,0,0,0
116,16,0.34,97,290,24,72,24,72,0,0
116,21,1,279,558,70,140,70,140,0,0
116,41,1,91,182,23,45,23,45,0,0
116,52,7,1507,2989,231,455,814,1622,0,0
116,55,4.62,1909,3780,128,257,1525,3010,0,0
116,65,2,459,917,143,285,0,0,0,0
116,78,1,542,1084,0,0,542,1084,0,0
116,80,5.59,1241,2482,365,730,755,1511,0,0
116,81,1.41,1113,2226,0,0,1113,2226,0,0
116,86,1,188,376,47,94,47,94,0,0
116,87,4,933,1842,352,697,194,381,0,0
116,94,1,139,279,34,70,34,70,0,0
116,97,4.61,1262,1605,137,274,1112,1303,0,0
116,104,0.98,2075,4152,0,0,2075,4152,0,0
116,105,0.02,44,88,0,0,44,88,0,0
116,106,8.81,1232,2451,554,1104,226,449,0,0
116,118,1.63,1260,3188,0,0,1260,3188,0,0
116,119,14.49,3939,8275,668,1271,2991,6572,0,0
116,54,0.25,61,123,0,0,61,123,0,0
116,67,1,34,34,9,9,9,9,0,0
116,96,0.55,916,1831,0,0,916,1831,0,0
116,122,0.34,22,44,6,11,6,11,0,0
116,124,0.1,34,69,0,0,34,69,0,0
116,125,2.81,952,1903,0,0,952,1903,0,0
117,0,1,27,53,6,13,6,13,0,0
117,3,5.65,378,691,244,471,22,27,0,0
117,4,13.02,1040,2627,764,2072,49,97,0,0
117,5,37.2,3157,5752,2303,4268,320,557,0,0
117,6,2.99,602,1185,602,1185,0,0,0,0
117,8,21.14,1794,3503,1415,2797,106,211,0,0
117,9,41.29,2751,5880,2360,5164,111,190,0,0
117,10,12.05,1632,3521,423,932,638,1332,0,0
117,11,8.26,497,1006,185,372,104,210,0,0
117,12,16.01,2519,4785,1350,2656,558,1071,0,0
117,13,1.84,336,585,83,146,83,146,0,0
117,16,33.8,3403,7472,2506,5290,721,1906,0,0
117,17,60.61,6246,12131,5298,10165,300,640,0,0
117,18,64.48,5669,10223,5277,9556,121,202,0,0
117,19,20.86,5655,14562,725,1646,4270,11212,0,0
117,20,37.39,5446,11993,3903,9015,506,984,0,0
117,21,26.45,3196,6484,2400,4904,217,433,0,0
117,49,3.05,450,900,113,225,113,225,0,0
117,50,4.95,796,1857,398,1061,133,266,0,0
117,7,9.4,793,1282,626,967,39,72,0,0
117,22,6,496,992,391,781,35,70,0,0
117,30,6,1092,1999,487,789,604,1209,0,0
117,35,1,131,131,33,33,33,33,0,0
117,43,1,18,18,5,5,5,5,0,0
117,55,10.64,2345,5148,647,1424,1020,2306,0,0
117,62,11.39,1045,1784,439,843,87,139,0,0
117,63,9.07,776,1251,589,1001,39,39,0,0
117,95,4,280,475,215,408,22,23,0,0
117,96,5.45,2654,5532,60,181,2473,4987,0,0
117,97,35.8,4709,8540,1012,1967,2725,4782,0,0
117,98,4.3,1945,3807,0,0,1945,3807,0,0
117,118,1.85,2008,4017,0,0,2008,4017,0,0
117,119,1.02,425,435,0,0,425,435,0,0
117,122,1.66,109,219,28,54,28,54,0,0
117,124,2.18,597,1366,0,0,597,1366,0,0
117,125,8.91,1623,3224,396,885,1011,1983,0,0
117,54,1,151,302,151,302,0,0,0,0
117,65,0.04,1,1,0,0,0,0,0,0
117,67,1,49,98,12,25,12,25,0,0
117,69,4.38,568,1387,222,586,112,255,0,0
117,85,1,21,62,0,0,0,0,0,0
118,3,4.83,894,2107,482,1304,137,268,357,1047
118,5,16.24,1988,3501,1368,2561,206,314,0,0
118,6,12.22,1303,2489,1127,2235,44,70,0,0
118,7,20.5,2214,4023,1379,2406,248,485,0,0
118,8,16.62,1624,3055,1194,2259,211,400,0,0
118,9,19.47,1651,3433,1163,2377,117,283,0,0
118,10,60,3294,7278,2472,5667,250,537,15,15
118,11,27.5,3688,7344,2404,4604,560,1409,0,0
118,12,9.72,711,1521,321,760,131,254,0,0
118,13,3.01,151,504,35,118,47,154,0,0
118,16,69.88,5142,11559,3924,8894,203,429,0,0
118,17,37.9,3528,6866,3249,6313,53,108,0,0
118,18,51.45,4335,8550,4096,8044,63,124,0,0
118,19,64.78,6267,12131,4156,8010,1752,3480,0,0
118,20,21.68,7740,20544,1717,3215,5980,17280,0,0
118,21,67.14,5393,10347,4976,9588,226,441,0,0
118,22,54.69,3826,7441,3460,6853,116,189,0,0
118,23,16.74,1170,2303,991,1978,55,105,0,0
118,29,5.64,658,1217,299,575,120,215,0,0
118,30,13,2907,5030,583,1162,1884,2995,0,0
118,41,3.51,313,566,15,15,267,520,0,0
118,14,2.79,211,422,207,415,1,2,0,0
118,15,6.89,753,1762,646,1471,27,78,0,0
118,40,3.33,457,925,133,269,319,641,0,0
118,43,2,1107,2215,521,1041,587,1173,0,0
118,54,1,90,90,22,22,22,22,0,0
118,62,9.05,2761,6463,824,1885,999,2236,0,0
118,63,7.48,702,1196,559,957,44,71,0,0
118,65,10.6,1001,1864,843,1661,26,26,0,0
118,67,7.61,654,1283,448,891,24,43,0,0
118,69,1.62,119,340,68,200,17,47,0,0
118,70,2,52,202,41,192,3,3,38,189
118,71,7,2500,5795,472,1142,1391,2980,0,0
118,97,14.18,4505,9305,605,1210,3440,7173,0,0
118,98,3.11,1516,2222,0,0,1516,2222,0,0
118,122,4.49,6248,13332,68,136,6044,12925,0,0
118,123,0.5,277,553,69,138,69,138,0,0
118,126,1,17,33,4,8,4,8,0,0
118,58,0.41,223,445,56,111,56,111,0,0
118,64,2.52,424,849,289,579,45,90,0,0
118,66,9.38,1107,2145,762,1456,256,513,0,0
118,68,6,437,874,213,426,36,73,0,0
118,106,0.02,8,16,2,4,2,4,0,0
119,1,16.39,1584,2793,1261,2302,144,270,0,0
119,2,22.62,2975,5894,1537,3203,921,1810,0,0
119,3,1.17,62,99,15,25,15,25,0,0
119,4,2.99,1176,3225,301,602,874,2622,0,0
119,5,1.34,258,430,129,301,43,43,0,0
119,7,1.56,195,214,182,186,5,9,0,0
119,9,5.56,121,187,31,47,31,47,0,0
119,10,15.71,1057,2160,672,1455,73,139,0,0
119,11,125.96,6384,13931,5050,11689,176,232,0,0
119,12,20.01,9189,33069,540,1210,8148,30682,0,0
119,13,13.36,17198,68248,55,108,17033,67924,0,0
119,14,27.16,4053,9229,1942,4053,1483,3847,0,0
119,15,53.32,6190,15514,4418,11848,1302,2659,0,0
119,16,38.81,4357,12141,1423,3958,2134,6022,251,1006
119,17,4.21,186,620,67,216,40,135,110,439
119,18,21.09,1583,3754,1428,3419,43,104,0,0
119,19,65.56,5946,11360,5693,10928,63,109,0,0
119,20,26.02,4086,8902,1474,3115,1801,4165,0,0
119,21,43.31,3667,7106,3284,6395,195,389,0,0
119,22,36.39,2697,5147,2414,4615,44,81,0,0
119,23,12.85,944,1845,400,791,181,352,0,0
119,24,17.44,1435,2467,469,727,321,579,0,0
119,26,4,506,1345,30,61,416,1162,0,0
119,29,1.37,434,868,294,588,47,94,0,0
119,40,8.16,755,1408,358,690,242,459,0,0
119,41,2,464,829,25,25,390,755,0,0
119,43,2,568,1135,0,0,568,1135,0,0
119,8,0.14,2,2,0,0,0,0,0,0
119,25,5,1529,3388,135,354,1122,2327,0,0
119,37,1,46,93,12,23,12,23,0,0
119,42,0.96,73,89,4,8,4,8,0,0
119,58,5.59,1639,3100,599,1152,347,649,0,0
119,60,7.43,1615,3210,976,1948,213,421,0,0
119,64,14.81,1959,3877,1482,2963,146,291,0,0
119,65,17.8,2117,3633,1905,3228,66,129,0,0
119,66,40.8,4464,7945,3764,6765,122,205,0,0
119,67,48.01,5372,9774,3699,7059,641,1038,0,0
119,68,81.87,6800,15642,4030,9322,497,1075,249,997
119,69,7.16,609,1182,538,1072,13,26,0,0
119,71,3.24,1090,2117,60,120,122,181,0,0
119,72,2.83,1644,3287,148,296,1200,2399,0,0
119,74,5,650,1284,163,321,163,321,0,0
119,81,0.52,1050,2099,0,0,1050,2099,0,0
119,89,9.97,2632,5265,1036,2072,993,1988,0,0
119,99,0.65,50,100,13,25,13,25,0,0
119,100,5.35,504,881,248,465,39,45,0,0
119,106,1.98,916,1832,229,459,229,459,0,0
119,59,0.21,129,213,32,53,32,53,0,0
119,75,3,1035,2070,112,224,878,1757,0,0
119,82,0.48,966,1933,0,0,966,1933,0,0
119,93,1,38,77,10,19,10,19,0,0
119,103,1.96,264,491,183,366,15,30,0,0
119,104,3.42,477,955,295,590,61,122,0,0
119,122,1,32,32,8,8,8,8,0,0
120,1,2.22,326,632,5,5,269,532,0,0
120,2,19.06,2251,4115,1821,3261,28,56,0,0
120,3,4.92,348,619,271,537,7,9,0,0
120,4,32,3091,6039,2195,4351,261,494,0,0
120,6,2,334,902,260,754,25,50,0,0
120,9,8.88,676,1569,554,1447,19,19,0,0
120,10,12.19,2996,5819,181,318,2618,5193,0,0
120,11,10.85,2798,5745,642,1481,1749,3496,0,0
120,12,27.31,2386,5914,1482,3764,651,1584,0,0
120,13,16.92,4938,12310,2147,4841,1889,4719,0,0
120,14,26.93,5555,11916,2387,4819,2524,5825,0,0
120,15,84.72,8412,22140,4672,12079,2792,8185,0,0
120,16,156.86,9891,26155,7511,20725,619,1485,0,0
120,17,34.08,2449,7914,1366,4048,379,1336,900,4085
120,18,31.25,2232,5032,1157,2893,813,1694,24,71
120,19,11.72,762,1685,396,1083,155,299,0,0
120,21,11.76,5991,17910,200,400,5774,17478,0,0
120,22,23.76,3485,7344,2119,3252,1273,3974,0,0
120,24,1.02,448,1218,31,62,354,1031,0,0
120,36,39.15,3485,6661,1828,3615,950,1862,0,0
120,38,1,47,94,12,24,12,24,0,0
120,41,4,912,1779,228,445,228,445,0,0
120,42,2.04,833,2008,207,501,207,501,0,0
120,7,0.28,10,10,3,3,3,3,0,0
120,20,5.68,639,1075,549,906,4,4,0,0
120,23,18.76,1126,2304,854,1694,133,360,0,0
120,37,13.24,1117,1892,392,699,419,751,0,0
120,59,2.12,1787,3096,119,119,1429,2739,0,0
120,60,5.08,3664,7811,245,490,3419,7321,0,0
120,65,2,229,431,203,405,0,0,0,0
120,66,13.37,976,1672,643,1139,111,178,0,0
120,67,50.65,4618,8773,2371,4596,987,1877,0,0
120,68,59.9,5503,11562,3150,6627,966,2116,331,875
120,69,0.85,272,543,68,136,68,136,0,0
120,71,1.93,233,398,50,91,82,123,0,0
120,72,5,592,1013,232,421,120,197,0,0
120,82,1.84,815,2091,258,517,492,1444,0,0
120,83,5.33,1044,2131,378,903,209,396,0,0
120,89,1.02,585,1171,1,1,583,1167,0,0
120,102,2,632,1252,0,0,632,1252,0,0
120,103,2.18,2652,5303,270,539,2382,4764,0,0
120,121,0.96,37,37,9,9,9,9,0,0
120,122,2.04,72,72,18,18,18,18,0,0
120,73,1.08,58,99,30,71,9,9,0,0
120,74,11.68,938,1252,859,1141,19,30,0,0
120,75,8.9,1411,3035,963,2214,268,537,0,0
120,76,9.61,1043,2023,878,1756,34,68,0,0
120,77,1,28,112,7,28,7,28,28,112
120,81,2.62,4037,11124,442,1080,2710,7884,0,0
121,1,0.78,937,1874,0,0,937,1874,0,0
121,2,1,38,38,10,10,10,10,0,0
121,5,5.77,933,2194,2,2,927,2188,0,0
121,6,6.24,937,2366,172,461,529,1250,0,0
121,7,0.72,26,26,7,7,7,7,0,0
121,9,2.12,62,67,20,26,14,14,0,0
121,10,5.96,1074,2147,665,1331,136,272,0,0
121,11,33.77,3361,6807,2912,5927,141,278,0,0
121,12,76.48,7071,15104,5576,12631,334,532,0,0
121,13,163.74,12036,32992,7061,19582,2256,5892,0,0
121,14,197.01,11696,31902,7562,22201,3121,7636,0,0
121,15,101.68,9929,31482,4886,16078,3889,12603,0,0
121,16,163.79,11759,34246,8716,26311,1030,2573,0,0
121,17,151.81,11072,30867,7577,20701,1346,4424,0,0
121,18,58.09,5370,14168,2906,7655,855,2385,0,0
121,19,29.06,2309,4884,1915,3893,285,807,0,0
121,20,68.9,6342,12282,5665,11066,261,528,0,0
121,21,13.61,10677,38551,718,1432,9943,37096,0,0
121,22,61.44,7127,18062,4740,8560,2154,9156,0,0
121,23,40.99,5473,12731,2404,4809,2810,7392,0,0
121,24,9.44,3121,6972,48,103,2977,6663,0,0
121,25,2.05,498,1238,60,181,317,695,0,0
121,26,4.11,408,887,267,551,47,112,0,0
121,36,14.98,1222,2360,994,1968,91,161,0,0
121,37,3.62,239,408,75,131,18,18,0,0
121,40,1,147,295,37,74,37,74,0,0
121,31,0.59,1683,3366,0,0,1683,3366,0,0
121,32,6.48,3361,7548,219,505,2705,6032,0,0
121,33,8.8,2515,6130,103,185,2280,5726,0,0
121,59,1.16,785,1570,0,0,785,1570,0,0
121,67,8.5,1153,2667,733,1562,129,358,0,0
121,68,16.01,2524,4893,1776,3398,236,471,0,0
121,69,1.7,410,821,248,498,54,108,0,0
121,73,13.18,1664,3350,1184,2562,52,71,0,0
121,74,58.46,4212,6548,3384,5261,107,141,0,0
121,75,63.09,5933,12490,3804,8433,826,1791,0,0
121,76,21.65,2145,4150,1363,2530,170,320,0,0
121,77,3.24,466,823,216,288,72,144,0,0
121,81,0.21,212,635,53,159,53,159,0,0
121,92,0.92,616,1233,154,308,154,308,0,0
121,93,1.08,290,581,250,500,13,27,0,0
121,95,2,876,876,219,219,219,219,0,0
121,103,0.44,1145,2291,0,0,1145,2291,0,0
121,118,0.79,34,69,9,17,9,17,0,0
121,119,3.21,420,789,241,481,43,86,0,0
121,65,1.61,135,217,42,80,30,45,0,0
121,66,0.95,232,695,232,695,0,0,0,0
121,70,6.67,1561,3610,390,902,390,902,0,0
121,71,1.24,277,637,214,449,21,63,0,0
121,82,1.22,63,118,58,113,2,2,0,0
121,106,3,349,670,218,429,44,81,0,0
121,122,0.77,1582,3163,0,0,1582,3163,0,0
122,8,2.66,1566,3549,0,0,1566,3549,0,0
122,9,18.3,2999,6677,693,1769,1538,3094,0,0
122,10,7.37,1950,8632,1944,8619,0,0,0,0
122,11,68.07,5933,13674,5352,12775,64,117,0,0
122,12,35.97,4344,12536,3634,11359,166,309,0,0
122,13,66.42,8995,23111,3343,7667,620,1255,0,0
122,14,61.2,7991,25453,3420,11075,2416,7479,0,0
122,15,157.39,17171,56338,9940,34559,5899,17804,0,0
122,16,217.79,20916,69687,10989,37518,9438,31346,0,0
122,17,112.91,14811,51499,5711,18921,7668,27826,372,1834
122,18,75.72,14121,53735,6385,21757,2738,11509,0,0
122,19,70.65,4680,11039,3468,7881,398,1222,0,0
122,20,45.85,5489,12338,3149,6460,1883,5098,0,0
122,21,6.79,3930,9644,165,329,3437,8657,0,0
122,22,3.81,4185,10220,1,1,4182,10217,0,0
122,24,0.37,66,132,0,0,66,132,0,0
122,31,1.41,1170,2319,5,5,1154,2303,0,0
122,32,0.51,68,68,17,17,17,17,0,0
122,33,3.2,515,739,76,79,288,503,0,0
122,48,2.56,729,1634,441,941,78,213,219,597
122,49,3.37,1614,4760,393,1180,393,1180,831,2490
122,50,5,616,1200,370,732,28,47,0,0
122,30,1,48,97,12,24,12,24,0,0
122,40,2.22,708,1415,0,0,708,1415,0,0
122,47,5.95,749,1498,260,521,163,326,0,0
122,64,1.62,2057,4287,43,129,1928,3900,0,0
122,65,7.81,3515,7591,517,1175,2179,4498,0,0
122,69,3.38,295,417,154,265,47,51,0,0
122,70,1,427,427,107,107,107,107,0,0
122,71,5.09,200,424,64,134,45,97,0,0
122,74,108.5,8308,20456,4817,11622,1061,2255,613,3066
122,75,55.49,4030,9338,2841,6565,217,474,0,0
122,76,12.85,1590,3383,888,2081,213,392,32,32
122,82,2.76,572,1141,295,589,1,1,0,0
122,84,10,1855,4089,448,913,819,1963,0,0
122,94,1.5,1874,3748,0,0,1874,3748,0,0
122,95,3.5,1244,2313,299,554,833,1621,0,0
122,100,5,2132,4263,425,849,1369,2737,0,0
122,101,4,733,1466,371,742,121,241,0,0
122,112,1.42,1103,2205,408,815,232,463,0,0
122,113,1.58,262,524,249,496,5,9,0,0
122,116,10,1563,2891,337,614,827,1593,0,0
122,122,1.23,2475,4950,0,0,2475,4950,0,0
122,73,2.93,450,961,118,251,111,237,0,0
122,77,1.04,62,124,16,31,16,31,0,0
122,81,0.48,99,196,24,49,24,49,0,0
122,87,1,112,225,28,56,28,56,0,0
122,93,0.98,428,855,33,65,330,660,0,0
123,9,1.61,256,736,27,80,43,96,0,0
123,10,3.71,1287,5727,1229,5554,19,58,0,0
123,11,43.55,5066,18994,4790,18632,20,28,0,0
123,12,14.93,9969,25996,2587,6718,2460,6426,0,0
123,13,45.62,6283,14894,2647,5247,1068,2856,0,0
123,14,89.14,7678,18470,4570,10794,1029,2582,0,0
123,15,117.63,10231,29841,5679,16983,3269,9473,0,0
123,16,152.22,15308,48516,9604,30787,3899,13914,0,0
123,17,152.84,17244,54603,8764,26849,6250,18542,1054,6322
123,18,144.39,10230,28420,7564,21553,1441,4171,0,0
123,19,85.24,6292,14967,4560,10799,500,1394,0,0
123,20,70.89,5901,12653,4542,9567,481,1014,0,0
123,21,0.24,39,79,39,79,0,0,0,0
123,40,10.77,3862,7665,475,943,3224,6441,0,0
123,46,1,39,77,10,19,10,19,0,0
123,47,1.07,61,122,15,31,15,31,0,0
123,48,2.05,427,622,7,14,406,580,0,0
123,22,3.51,798,1836,515,1259,93,189,0,0
123,23,1,8,8,2,2,2,2,0,0
123,39,3,1034,2069,0,0,1034,2069,0,0
123,42,1.51,1322,2643,0,0,1322,2643,0,0
123,43,7.49,1962,3889,631,1254,755,1502,0,0
123,55,6,1340,2264,335,566,335,566,0,0
123,64,1,41,41,10,10,10,10,0,0
123,74,16.17,1562,3133,1185,2360,64,138,0,0
123,75,3.87,324,326,313,314,4,4,0,0
123,76,0.79,186,373,26,52,26,52,0,0
123,78,11.86,1009,1869,487,937,398,757,0,0
123,80,1,349,698,349,698,0,0,0,0
123,81,14.45,2091,3994,670,1309,430,830,0,0
123,82,26.09,2455,4856,1247,2559,146,253,0,0
123,88,4.26,843,1585,601,1203,100,200,0,0
123,92,0.24,255,511,0,0,255,511,0,0
123,93,4.78,908,1815,217,435,595,1191,0,0
123,94,1,17,34,0,0,0,0,0,0
123,100,14,2773,6717,574,1231,1469,3862,0,0
123,108,3.31,539,1073,161,321,307,612,0,0
123,110,6.91,1277,1885,507,802,509,613,0,0
123,122,1,257,770,64,193,64,193,0,0
123,53,2.01,175,314,140,270,12,14,0,0
123,54,2,162,324,161,322,0,1,0,0
123,77,0.49,292,582,0,0,290,580,0,0
123,90,2.54,146,272,110,216,12,19,0,0
123,107,9.69,1332,2640,445,884,295,584,0,0
123,111,0.09,36,36,0,0,36,36,0,0
123,123,0.87,179,358,51,102,12,25,0,0
124,0,14.01,1626,2833,1118,2326,170,170,0,0
124,1,4,215,423,158,314,6,10,0,0
124,11,7,274,508,220,437,9,15,0,0
124,12,16.2,3358,7582,2411,4936,302,854,0,0
124,13,87.57,8383,17974,5292,11019,589,1117,0,0
124,14,101.61,7907,16185,6130,13115,740,1374,0,0
124,15,69.04,6107,18031,3791,11509,1055,3353,0,0
124,16,66.43,8208,28119,4357,15490,1480,4685,0,0
124,17,82.95,7031,19396,4486,12858,1741,5163,95,380
124,18,86.06,6673,16989,4672,12692,1229,2778,50,201
124,19,52.19,3775,7812,3234,6808,97,188,0,0
124,20,36.73,4757,10752,3515,7447,484,1263,0,0
124,22,8.49,1215,2850,577,1532,203,410,0,0
124,27,4.92,2832,7995,238,470,2443,7262,0,0
124,45,3,738,1448,398,796,104,208,0,0
124,23,4.99,848,1845,337,711,325,687,0,0
124,28,0.1,277,832,0,0,277,832,0,0
124,33,0.23,84,252,21,63,21,63,0,0
124,50,0.57,908,1816,0,0,908,1816,0,0
124,51,1.06,97,182,5,5,87,172,0,0
124,52,4,158,303,149,289,3,5,0,0
124,53,2.99,1551,3068,388,767,388,767,0,0
124,74,0.48,115,228,115,228,0,0,0,0
124,75,1,14,14,0,0,0,0,0,0
124,77,0.25,165,330,0,0,165,330,0,0
124,78,3.4,310,356,205,215,15,30,0,0
124,82,1,376,753,94,188,94,188,0,0
124,88,4.74,1235,2470,57,114,1064,2129,0,0
124,90,15.47,1698,3564,1003,2061,215,483,0,0
124,100,1,1288,2576,322,645,322,645,0,0
124,105,6.89,2118,4348,779,1670,447,892,0,0
124,106,1.11,98,174,25,44,24,43,0,0
124,123,1.13,256,512,74,148,13,26,0,0
124,56,1.6,658,1301,80,241,417,578,0,0
124,57,0.26,118,118,0,0,118,118,0,0
124,63,4.22,1151,2667,657,1405,164,421,0,0
124,85,0.54,658,1318,0,0,658,1318,0,0
124,117,4.23,601,1172,150,293,150,293,0,0
125,2,1.31,551,1101,0,0,551,1101,0,0
125,5,8.03,451,834,342,667,37,56,0,0
125,6,14.97,1172,2184,957,1903,37,60,0,0
125,8,3.03,1154,2309,32,63,1058,2118,0,0
125,9,3.42,292,569,248,492,3,3,0,0
125,10,10.58,3139,8463,474,995,2189,6422,0,0
125,11,0.93,5186,15558,0,0,5186,15558,0,0
125,12,12.7,3531,8867,148,287,3313,8455,0,0
125,13,53.35,5274,10475,3387,6780,1068,2144,0,0
125,14,55.66,9310,24971,3423,7694,4501,14121,0,0
125,15,54.59,8941,26081,3615,9728,2583,7636,0,0
125,16,26.15,5393,17530,2358,6918,1125,3761,0,0
125,17,22.89,6398,19705,1486,2727,895,2531,0,0
125,18,29.37,7223,17459,1470,3238,4976,12250,0,0
125,19,46.44,4675,9807,4355,9276,37,53,0,0
125,20,39.59,4272,10563,4029,10037,55,123,0,0
125,21,54.9,3649,7018,1558,3075,609,1179,0,0
125,23,0.01,1,2,0,0,0,0,0,0
125,27,7.95,2115,4581,410,820,1578,3508,0,0
125,28,0.03,87,262,0,0,87,262,0,0
125,33,3.77,412,1063,103,265,103,265,0,0
125,35,8,1223,2551,378,852,282,567,0,0
125,36,7,327,591,106,222,73,123,0,0
125,37,4,339,828,142,285,16,31,0,0
125,39,1,70,140,18,35,18,35,0,0
125,50,6.01,1101,1743,296,476,570,1026,0,0
125,51,11.5,4648,6785,1080,1366,2283,3995,0,0
125,3,0.69,293,586,0,0,293,586,0,0
125,30,9.24,1332,2024,517,807,400,534,0,0
125,31,2,708,1213,0,0,708,1213,0,0
125,52,0.85,12,12,3,3,3,3,0,0
125,56,7.17,2487,4622,303,618,1792,3223,0,0
125,57,1.96,859,1292,108,216,535,644,0,0
125,63,0.78,715,2860,178,715,178,715,0,0
125,71,16,3059,6405,1042,2435,671,1323,0,0
125,73,0.99,1638,3275,0,0,1638,3275,0,0
125,74,1.85,312,1156,0,0,0,0,312,1156
125,75,0.15,46,183,0,0,0,0,46,183
125,85,8.47,1948,3718,520,995,862,1679,0,0
125,90,4,1716,3431,696,1391,341,681,0,0
125,92,20,2819,5639,874,1747,639,1277,0,0
125,113,5,210,210,53,53,53,53,0,0
125,114,17.07,1336,2360,1047,2021,105,146,0,0
125,117,3.75,1359,2708,385,767,297,591,0,0
125,118,6.02,1098,2155,533,1055,345,680,0,0
125,53,1.4,716,1432,178,358,178,358,0,0
125,64,1.06,194,388,48,97,48,97,0,0
125,81,3,832,1574,271,542,561,1032,0,0
125,112,0.21,4,7,1,2,1,2,0,0
125,115,3.27,448,813,284,486,161,321,0,0
125,127,1,175,350,44,88,44,88,0,0
126,3,4,667,1333,182,371,439,886,0,0
126,6,3,910,2539,768,2256,47,94,0,0
126,8,3.8,794,1588,198,397,198,397,0,0
126,11,18.02,3115,6310,643,1378,2054,4102,0,0
126,12,34.06,9738,25845,2464,4788,6885,20323,0,0
126,13,40.94,7140,16147,4169,7823,2698,7943,0,0
126,14,72.27,7889,17939,5155,12464,2092,4344,0,0
126,15,61.53,5508,11222,4313,8631,781,1837,0,0
126,16,9.81,829,1897,695,1698,4,9,0,0
126,17,21.82,5740,12544,1529,2590,659,1278,0,0
126,18,38.11,9696,24893,2244,4348,6978,19669,0,0
126,19,55.25,5625,12401,5028,11284,177,343,0,0
126,20,59.51,5672,13976,5430,13562,68,126,0,0
126,21,14.83,1331,2656,1041,2139,29,51,0,0
126,30,1.76,443,472,2,3,438,462,0,0
126,35,1,576,1153,144,288,144,288,0,0
126,36,5.99,1572,3533,551,848,792,2270,0,0
126,44,1.68,62,84,44,46,3,5,0,0
126,45,1.32,55,110,3,6,3,6,0,0
126,7,1,25,25,0,0,0,0,0,0
126,25,4,966,1804,241,450,241,450,0,0
126,28,1,48,48,12,12,12,12,0,0
126,51,0.87,210,419,210,419,0,0,0,0
126,53,0.6,258,517,65,129,65,129,0,0
126,56,0.01,1,1,1,1,0,0,0,0
126,64,5.94,865,1801,489,997,125,268,0,0
126,75,7.39,742,1270,358,582,128,229,0,0
126,108,9,1539,3037,498,1048,601,1002,0,0
126,112,22.87,1699,3358,1362,2722,102,202,0,0
126,113,12.06,725,1258,565,921,33,73,0,0
126,114,29.69,4568,8746,1759,3197,1930,3851,0,0
126,115,1.96,600,1137,162,260,438,876,0,0
126,116,2,487,974,144,289,8,16,0,0
126,120,2.2,197,326,49,81,49,81,0,0
126,123,2,206,412,95,189,37,74,0,0
126,124,1,271,541,68,135,68,135,0,0
126,59,3.92,1510,4934,377,1234,377,1234,505,2020
126,65,4.76,728,1403,182,351,182,351,0,0
126,66,0.24,100,201,25,50,25,50,0,0
126,87,0.81,49,97,12,24,12,24,0,0
126,121,4.12,1636,3733,365,691,840,2255,0,0
126,122,1.88,809,1619,3,5,802,1604,0,0
127,2,2.88,298,483,167,333,6,12,0,0
127,3,4.12,373,839,254,531,40,103,0,0
127,4,12.23,3548,7482,638,1262,2781,5988,0,0
127,8,4.17,3216,6432,127,254,2835,5669,0,0
127,9,11.96,897,1731,669,1326,28,45,0,0
127,10,23.28,2453,4525,1684,3146,163,280,0,0
127,11,37.11,4277,8338,2892,5688,829,1639,0,0
127,12,62.31,6271,12285,4771,9376,629,1242,0,0
127,13,37.7,5079,10326,3045,6318,619,1277,0,0
127,14,64.35,6322,13203,3728,8346,2113,4184,0,0
127,15,51.88,4491,8324,4130,7694,102,178,0,0
127,16,66.03,4983,9197,3952,7384,235,430,0,0
127,17,2.35,3736,8631,319,926,319,926,0,0
127,18,15.54,2719,5650,606,1378,1237,2615,0,0
127,19,30.08,5439,10618,1351,2673,3802,7574,0,0
127,20,44.75,3879,7429,3457,6704,71,115,0,0
127,28,6,1235,2162,532,1056,416,551,0,0
127,44,8.19,2598,5338,203,414,2153,4423,0,0
127,49,3,1367,3678,279,559,992,2928,0,0
127,51,1.13,123,245,54,108,23,46,0,0
127,1,5.78,336,518,210,365,29,37,0,0
127,24,0.08,10,21,10,21,0,0,0,0
127,42,2.88,193,270,136,155,19,38,0,0
127,43,1.92,420,825,368,721,17,35,0,0
127,59,2.08,77,330,19,82,19,82,62,294
127,66,1,27,27,0,0,0,0,0,0
127,67,1,178,357,178,357,0,0,0,0
127,70,5,522,957,197,306,108,217,0,0
127,73,4.03,740,1246,198,338,117,176,0,0
127,74,2.97,259,369,50,78,50,78,0,0
127,75,9.61,926,1547,422,768,148,219,0,0
127,87,0.19,11,23,3,6,3,6,0,0
127,90,7.11,1970,3939,775,1550,488,977,0,0
127,91,0.89,1123,2247,0,0,1123,2247,0,0
127,111,4,387,683,300,595,4,4,0,0
127,112,13.65,1052,1750,449,847,105,160,0,0
127,113,81.68,6556,12953,3749,7715,997,1918,0,0
127,114,29.62,2102,4021,1515,3003,78,105,0,0
127,121,2.68,1579,4311,40,79,1459,4072,0,0
127,122,1.12,339,682,56,113,170,344,0,0
127,125,2,136,182,11,23,101,113,0,0
127,56,2,172,308,145,280,9,9,0,0
127,115,1.17,36,36,0,0,0,0,0,0
