x,y,number,ground_area,floor_area,residential_ground_area,residential_floor_area,economic_activity_ground_area,economic_activity_floor_area,cultural_ground_area,cultural_floor_area
0,9,1.9,145,402,111,324,11,26,0,0
0,10,3.61,168,389,82,218,29,57,0,0
0,32,1,75,75,19,19,19,19,0,0
0,80,0.27,42,84,10,21,10,21,0,0
0,81,6.2,729,1410,529,1047,67,122,0,0
0,82,19.78,1684,3778,1460,3271,121,265,0,0
0,83,10.18,1186,2499,678,1466,170,344,0,0
0,84,30.35,2490,6817,1741,4842,212,591,0,0
0,85,6.19,628,1616,567,1498,4,8,0,0
0,86,6.32,369,721,208,412,8,12,107,214
0,87,9.38,962,2162,388,858,166,385,0,0
0,95,1.29,23,43,6,11,6,11,0,0
0,96,11.67,879,2286,408,1142,138,343,0,0
0,97,13.04,1115,2711,895,2318,31,60,0,0
0,98,8.59,1088,2283,525,1174,88,170,300,600
0,99,10.27,1285,2655,563,1083,241,524,0,0
0,100,0.01,2,7,1,2,1,2,0,0
0,106,1.67,811,1587,10,20,782,1528,0,0
0,107,1.68,916,2612,0,0,916,2612,0,0
0,108,0.03,41,123,12,37,41,123,0,0
1,12,3,110,309,82,240,9,23,0,0
1,29,1,1043,3128,0,0,1043,3128,0,0
1,30,1.55,629,635,517,519,37,39,0,0
1,80,2,46,70,11,17,11,17,0,0
1,81,2,239,588,239,588,0,0,0,0
1,82,16.67,1736,4444,1024,2620,182,509,0,0
1,83,21.66,2172,5590,1282,3545,526,1194,0,0
1,84,12.47,2290,7086,1446,4912,262,790,126,253
1,85,7.71,585,1327,259,570,30,35,106,213
1,86,13.77,1092,2312,825,1844,59,111,0,0
1,87,7.89,810,1579,462,1045,65,128,0,0
1,88,0.08,1,1,0,0,0,0,0,0
1,89,0.92,14,14,3,3,3,3,0,0
1,95,4.6,237,695,214,639,8,19,0,0
1,96,7.19,541,1351,416,1067,10,15,0,0
1,97,17.37,1446,3474,1146,2906,100,189,0,0
1,98,9.28,586,1400,412,1062,37,71,0,0
1,99,4.44,420,840,287,573,44,89,0,0
1,100,0.34,74,149,19,37,19,37,0,0
1,106,0.55,633,633,0,0,633,633,0,0
1,107,1.21,267,542,46,129,252,527,0,0
1,108,6.34,1692,4558,919,2328,1021,3044,0,0
1,109,1.51,136,355,97,277,13,26,0,0
2,12,2.05,73,73,4,4,61,61,0,0
2,30,7.45,1518,2500,379,625,379,625,0,0
2,31,6.43,914,2013,397,839,172,391,0,0
2,32,2,140,260,120,241,0,0,0,0
2,78,1.34,186,373,47,93,47,93,0,0
2,79,1.66,284,567,71,142,71,142,0,0
2,80,7.19,247,600,206,508,10,24,0,0
2,81,15.69,935,2226,690,1777,49,102,0,0
2,82,22.39,1329,3376,979,2561,115,280,0,0
2,83,23.19,2653,7288,1649,4391,454,1332,0,0
2,84,24.06,2666,7541,2015,5350,296,1163,0,0
2,85,14.12,1179,2636,720,1614,96,250,0,0
2,86,9.81,782,1770,509,1308,78,141,0,0
2,87,4.01,553,1049,307,600,82,150,0,0
2,90,1,36,73,9,18,9,18,0,0
2,93,1,34,68,8,17,8,17,0,0
2,95,5.4,202,316,137,232,19,25,0,0
2,96,10.58,916,1911,821,1747,19,30,0,0
2,97,10.83,955,1909,725,1526,26,42,0,0
2,98,12.22,868,1842,567,1178,45,96,0,0
2,99,4.37,377,718,328,656,1,2,0,0
2,107,0.75,92,92,92,92,0,0,0,0
2,108,4.25,268,472,237,442,2,2,0,0
3,5,1,54,109,14,27,14,27,0,0
3,12,0.95,94,94,24,24,24,24,0,0
3,13,5,547,1000,137,250,137,250,0,0
3,30,2.25,591,1563,4,4,577,1550,0,0
3,31,7.32,2553,5521,217,397,1902,4329,0,0
3,32,1,68,68,17,17,17,17,0,0
3,79,11.53,988,2153,844,1943,48,70,0,0
3,80,16.72,1207,2677,1094,2516,34,46,0,0
3,81,14.01,1174,2562,1029,2335,28,46,0,0
3,82,14.22,1030,2783,787,2176,76,193,0,0
3,83,17.5,1442,3330,846,2029,137,296,0,0
3,84,18.9,2537,7201,2032,5916,81,177,0,0
3,85,14.49,1025,2760,849,2454,55,98,0,0
3,86,2.99,265,530,66,132,66,132,0,0
3,95,1,158,316,158,316,0,0,0,0
3,96,15.12,1102,2073,968,1822,22,39,0,0
3,97,9.95,710,1227,430,712,78,141,0,0
3,98,5.23,492,1125,386,815,35,103,0,0
3,99,17.24,1350,2667,1091,2208,133,199,0,0
3,100,4.42,528,1091,390,789,9,26,0,0
3,101,3.18,313,700,308,695,2,2,0,0
3,102,2.45,102,102,78,78,8,8,0,0
3,108,1,17,17,4,4,4,4,0,0
4,47,1,64,128,16,32,16,32,0,0
4,78,3.27,850,2470,203,598,242,677,0,0
4,79,7.52,418,1213,382,1130,12,28,0,0
4,80,19.85,1209,2306,1028,1967,21,38,0,0
4,81,7.02,439,1171,413,1119,9,17,0,0
4,82,5.72,533,1223,353,747,60,159,0,0
4,83,14.52,1048,2186,789,1743,76,127,0,0
4,84,9.03,1347,3244,446,1081,258,602,0,0
4,85,15.04,1526,3490,968,2419,146,282,0,0
4,86,7,1419,3900,175,370,1102,3206,0,0
4,96,9,671,1323,617,1260,3,6,0,0
4,97,2.05,402,798,401,796,0,0,0,0
4,98,4,217,433,54,108,54,108,0,0
4,99,4.13,333,623,297,586,7,7,0,0
4,100,10.91,786,1759,723,1642,21,38,0,0
4,101,16.81,1303,2601,1213,2469,30,44,0,0
4,102,0.56,87,87,87,87,0,0,0,0
5,8,1,152,455,38,114,38,114,0,0
5,41,3,142,283,125,249,6,11,0,0
5,42,2,418,780,14,14,376,738,0,0
5,47,2,138,249,35,62,35,62,0,0
5,78,1.73,181,363,19,37,125,251,0,0
5,80,2.51,200,514,195,504,2,3,0,0
5,81,4.76,319,822,298,791,7,10,0,0
5,82,16.83,1190,2445,990,2147,67,99,0,0
5,83,4.55,425,848,378,756,16,31,0,0
5,84,2,119,238,30,59,30,59,0,0
5,85,9.84,849,1915,809,1859,57,149,0,0
5,86,2.24,790,1581,66,132,593,1186,0,0
5,87,0.85,675,1398,12,36,639,1290,0,0
5,88,0.03,18,54,4,13,4,13,0,0
5,99,2,22,22,6,6,6,6,0,0
5,100,5.11,261,593,203,529,19,21,0,0
5,101,11.85,1636,3291,672,1439,884,1758,0,0
5,102,16.07,1236,2696,434,849,757,1802,0,0
5,103,4.4,325,641,166,330,53,104,0,0
5,125,4,221,221,40,40,103,103,0,0
5,126,9.99,631,1317,572,1246,15,19,0,0
5,127,3.01,321,641,321,641,0,0,0,0
6,8,1.51,421,1087,105,272,105,272,0,0
6,9,0.49,140,303,35,76,35,76,0,0
6,28,0.29,82,164,21,41,21,41,0,0
6,42,15.23,1029,1905,948,1799,21,29,0,0
6,43,9.32,742,1394,621,1177,9,19,0,0
6,45,1,90,90,23,23,23,23,0,0
6,82,2,164,492,87,262,0,0,0,0
6,85,11.02,741,1686,549,1365,47,73,0,0
6,86,4.46,380,1136,365,1091,5,15,0,0
6,87,2.74,1364,2969,341,742,341,742,0,0
6,88,1.13,418,1063,104,266,104,266,0,0
6,100,1.72,72,124,52,104,0,0,0,0
6,101,16.99,812,1718,642,1511,31,36,0,0
6,102,16.56,1550,3475,521,1223,159,332,0,0
6,103,4.41,928,2506,112,267,35,35,0,0
6,122,3,163,288,118,235,3,5,0,0
6,123,2,24,24,6,6,6,6,0,0
6,124,8.65,1175,2809,1121,2705,18,34,0,0
6,125,17.44,1556,3600,985,2471,170,356,0,0
6,126,12.58,1202,2803,1018,2442,61,120,0,0
6,127,8.36,587,1178,504,1062,11,22,0,0
7,28,1.71,253,459,63,115,63,115,0,0
7,41,0.16,2,4,1,1,0,1,0,0
7,42,11.89,816,1639,685,1414,44,75,0,0
7,43,11.82,1111,2222,867,1831,81,130,0,0
7,44,3.7,135,254,88,176,10,20,0,0
7,46,1.82,69,206,67,200,1,2,0,0
7,52,2,10,10,2,2,2,2,0,0
7,75,0.87,75,75,48,48,0,0,0,0
7,85,2.29,351,931,351,931,0,0,0,0
7,86,5.37,422,1046,410,1034,4,4,0,0
7,98,11.18,1029,2341,882,1996,49,115,0,0
7,99,16.09,1110,2032,947,1794,40,65,0,0
7,100,10.39,964,2176,936,2133,9,14,0,0
7,101,10.97,656,1439,550,1266,36,58,0,0
7,102,11.57,900,2031,862,1979,13,17,0,0
7,103,3.98,306,896,298,877,2,6,0,0
7,104,1.08,153,301,37,74,37,74,0,0
7,122,1.8,226,677,114,341,37,112,0,0
7,123,4.45,326,987,297,959,9,9,0,0
7,124,4.95,632,1429,624,1422,2,2,0,0
7,125,10.84,1605,4303,989,2743,205,520,0,0
7,126,13.64,1738,2642,1140,1614,199,343,0,0
7,127,13.13,1370,2890,1301,2818,1,2,0,0
8,41,5.83,376,741,343,683,11,19,0,0
8,42,11.66,869,1702,725,1441,48,87,0,0
8,43,12.07,1027,2244,737,1720,85,156,0,0
8,44,4.94,424,859,300,630,35,70,0,0
8,45,11.22,701,2016,531,1679,35,57,0,0
8,46,5.58,465,1089,409,1006,9,18,0,0
8,47,9.17,1142,3517,1119,3494,8,8,0,0
8,48,7.3,522,1044,397,810,3,9,0,0
8,49,5.51,435,750,335,640,33,37,0,0
8,50,3.42,103,114,17,24,12,13,0,0
8,75,2.13,569,1365,138,377,398,1194,0,0
8,85,1,126,253,126,253,0,0,0,0
8,91,1.01,189,565,188,563,0,1,0,0
8,92,0.89,98,394,98,394,0,0,0,0
8,97,7.49,431,1099,395,1038,12,20,0,0
8,98,10.74,1049,2200,1041,2184,3,5,0,0
8,99,8.18,767,1693,737,1633,10,20,0,0
8,100,18.32,1267,2571,1196,2462,23,36,0,0
8,101,5.4,488,1469,259,715,77,251,0,0
8,102,10.55,984,2591,764,2053,6,9,0,0
8,103,2.37,212,630,207,621,2,3,0,0
8,104,6.33,430,1090,344,967,9,14,0,0
8,105,6.34,276,716,224,654,10,13,0,0
8,111,2.42,136,221,96,117,11,32,0,0
8,112,3.43,468,780,285,530,61,83,0,0
8,113,2.65,684,1443,509,1268,0,0,0,0
8,114,1.63,868,3434,0,0,855,3422,0,0
8,115,2.6,1579,4565,104,313,1266,3625,0,0
8,116,0.18,494,988,0,0,494,988,0,0
8,118,0.24,124,249,31,62,31,62,0,0
8,120,1,86,172,22,43,22,43,0,0
8,121,8.1,380,953,339,846,14,36,0,0
8,122,12.16,940,2841,884,2716,19,42,0,0
8,123,10.82,745,1890,611,1718,7,20,0,0
8,124,13.23,897,1878,743,1724,9,9,0,0
8,125,17.8,1195,3248,1089,3049,26,57,0,0
8,126,22.86,1476,3945,1277,3401,52,135,0,0
8,127,12.14,805,2234,641,1803,46,108,0,0
9,13,0.11,92,184,23,46,23,46,0,0
9,14,0.4,344,688,86,172,86,172,0,0
9,17,3,265,339,84,157,11,11,0,0
9,41,1.73,189,378,189,378,0,0,0,0
9,42,6.29,301,558,262,519,5,5,0,0
9,43,17.25,1317,2778,1035,2244,74,137,0,0
9,44,8.71,282,447,144,273,15,15,0,0
9,45,12.16,1231,3564,577,1468,50,86,333,1333
9,46,17.93,2111,5342,1405,3606,286,742,3,11
9,47,15.31,1677,4351,1325,3487,87,237,0,0
9,48,15.05,1268,2924,892,2185,125,246,0,0
9,49,6.45,774,1822,714,1705,1,1,0,0
9,73,1,270,811,68,203,68,203,0,0
9,84,1,91,181,23,45,23,45,0,0
9,90,3.97,399,797,372,745,9,17,0,0
9,91,3.99,341,665,208,415,40,79,0,0
9,92,9.11,845,1705,724,1472,3,6,0,0
9,93,5.47,288,971,101,310,37,118,0,0
9,97,7.23,515,1020,473,943,14,26,0,0
9,98,9.92,718,1475,671,1413,9,14,0,0
9,99,8.39,1022,3482,990,3435,11,16,0,0
9,100,14.24,1248,2602,1157,2456,27,43,0,0
9,101,15.62,1134,2363,1011,2093,27,76,0,0
9,102,26.94,1778,4121,1387,3208,87,200,0,0
9,103,17.1,1292,3670,1254,3595,9,21,0,0
9,104,19.99,1175,3186,1117,3094,11,22,0,0
9,105,8.83,529,1306,518,1288,2,5,0,0
9,111,2.5,246,453,202,322,15,44,0,0
9,112,25.94,1641,3596,1396,3223,45,88,0,0
9,113,18.07,1221,2442,1131,2352,5,5,0,0
9,114,3,804,1608,99,198,507,1014,0,0
9,115,1.54,1985,4034,0,0,1985,4034,0,0
9,116,3.13,3937,8131,0,0,3937,8131,0,0
9,117,1.82,1479,3647,349,349,1130,3298,0,0
9,118,4.76,523,911,131,228,131,228,0,0
9,121,10.64,855,1583,785,1490,24,31,0,0
9,122,13.01,1076,2769,990,2592,10,22,0,0
9,123,12,961,2798,868,2612,11,23,0,0
9,124,24.84,1212,2772,958,2303,64,116,0,0
9,125,16.78,1172,3137,971,2787,26,44,0,0
9,126,10.39,1206,2598,938,2252,65,91,0,0
9,127,15.39,1267,3379,1053,2935,43,70,0,0
10,13,0.11,92,185,23,46,23,46,0,0
10,14,1.38,431,862,108,215,108,215,0,0
10,33,1,31,63,8,16,8,16,0,0
10,34,1,16,32,4,8,4,8,0,0
10,39,7.38,405,1118,350,1027,14,26,0,0
10,40,6.68,394,857,334,780,10,15,0,0
10,41,5.64,596,1622,573,1591,8,10,0,0
10,42,0.01,1,3,1,3,0,0,0,0
10,43,15.28,1970,5421,1383,3852,129,341,0,0
10,44,13.88,924,2433,583,1882,95,131,0,0
10,45,26.18,2793,6808,1389,3800,559,1204,0,0
10,46,15.8,1249,2986,782,1752,108,269,0,0
10,47,14.17,971,2410,886,2243,15,30,0,0
10,48,8.53,797,1689,737,1575,6,11,0,0
10,49,15.26,1438,3056,1093,2382,145,288,0,0
10,50,6.93,772,1789,489,1228,95,187,0,0
10,89,0.48,37,75,0,0,0,0,0,0
10,90,5.73,617,1488,582,1419,12,23,0,0
10,92,10.16,598,1186,220,437,59,115,0,0
10,93,15.61,1014,2160,752,1688,67,124,0,0
10,94,10.91,583,894,466,777,27,27,0,0
10,96,1.58,210,502,210,502,0,0,0,0
10,97,12.45,937,2037,899,2000,7,7,0,0
10,98,11.54,717,1931,661,1863,16,20,0,0
10,99,0.8,108,247,81,193,0,0,0,0
10,100,12.39,935,2504,679,2094,3,4,0,0
10,101,27.53,2273,5621,1659,4391,183,376,0,0
10,102,39,2728,7295,2085,5954,233,481,0,0
10,103,15.45,1711,5285,1461,4805,14,21,0,0
10,104,17.67,1729,3962,1710,3924,6,13,0,0
10,105,7.64,692,1467,689,1465,1,1,0,0
10,111,3.56,255,511,255,511,0,0,0,0
10,112,28.51,1731,3448,1017,2264,98,165,0,0
10,113,29.1,1490,2978,1273,2725,43,55,0,0
10,114,18.16,1530,3240,1245,2788,92,181,0,0
10,115,4.06,713,1454,206,420,464,959,0,0
10,116,2.42,1760,4049,175,509,1712,3953,0,0
10,117,2.08,1027,2445,5,10,1018,2432,0,0
10,118,4.8,722,1733,478,1022,281,844,0,0
10,119,0.12,6,18,0,0,6,18,0,0
10,121,1.7,96,191,24,48,24,48,0,0
10,122,6.56,560,1176,476,1081,13,16,0,0
10,123,17.04,1156,2733,1012,2526,16,28,0,0
10,124,10.72,735,1584,618,1467,22,22,0,0
10,125,18.94,1257,3274,1048,2732,59,171,0,0
10,126,21.27,1792,4354,1365,3556,143,310,0,0
10,127,35.28,3339,8944,2413,6698,488,1348,0,0
11,12,1.9,1726,9738,432,2434,432,2434,0,0
11,13,1.13,225,540,56,135,56,135,0,0
11,35,3,134,244,99,193,12,17,0,0
11,39,6.01,361,569,333,534,8,11,0,0
11,40,3.75,348,560,320,532,0,0,0,0
11,41,8.86,593,1073,233,420,120,217,0,0
11,42,13.17,865,1490,764,1372,33,39,0,0
11,43,11.3,1189,2452,647,1478,150,289,0,0
11,44,31.84,3426,9416,2233,6331,298,766,0,0
11,45,20.02,1372,3508,1038,2985,96,159,0,0
11,46,19.81,1105,2278,810,1720,98,186,0,0
11,47,10.71,973,2162,932,2096,14,22,0,0
11,49,7.66,1151,2380,376,771,259,536,0,0
11,50,5.6,552,1194,269,560,95,211,0,0
11,89,2.55,181,361,127,254,4,8,0,0
11,90,8.32,820,2202,800,2182,2,2,0,0
11,93,4,231,461,103,207,6,12,0,0
11,94,14.88,933,2014,833,1889,45,81,0,0
11,95,3.03,534,912,134,228,322,605,0,0
11,96,3,236,575,228,567,3,3,0,0
11,97,9.66,1048,3099,926,2977,6,6,0,0
11,98,0.21,71,284,71,284,0,0,0,0
11,99,7,546,1174,479,1073,22,34,0,0
11,100,8.63,958,2009,958,2009,0,0,0,0
11,101,9.47,815,1704,762,1650,5,5,0,0
11,102,11.29,672,1225,376,752,50,94,0,0
11,103,11.52,1128,2605,972,2300,2,2,0,0
11,104,15.72,1317,2726,1145,2441,5,7,0,0
11,105,10,954,2119,773,1749,39,81,0,0
11,110,2,61,237,55,217,2,7,0,0
11,111,11.23,918,2685,740,2398,51,82,0,0
11,112,8.56,834,2707,787,2655,6,6,0,0
11,113,17.33,1437,3574,1251,3260,56,99,0,0
11,114,15.86,1409,3443,1212,2999,48,131,0,0
11,115,4.13,695,1904,300,750,435,1297,0,0
11,116,4.39,379,757,97,193,124,249,0,0
11,117,4.3,1565,4173,121,343,1463,3867,0,0
11,118,2.82,1139,3299,0,0,1139,3299,0,0
11,119,6.08,432,1173,354,1005,56,147,0,0
11,120,3,233,1004,225,996,3,3,0,0
11,122,2.88,203,406,180,361,7,15,0,0
11,123,4.82,382,1114,374,1106,3,3,0,0
11,124,6.63,1020,2423,448,1292,475,946,0,0
11,125,6.7,651,1326,330,525,62,132,0,0
11,126,15.74,1501,4233,1332,3998,26,42,0,0
11,127,30.44,3133,9539,2302,7441,756,2450,0,0
12,12,0.1,114,665,28,166,28,166,0,0
12,13,1.87,1070,2738,268,685,268,685,0,0
12,28,1,36,73,9,18,9,18,0,0
12,38,1,55,110,14,28,14,28,0,0
12,41,1.7,223,446,87,174,45,90,0,0
12,42,9.7,1346,2864,775,1750,107,201,0,0
12,43,19.23,1614,4622,669,1797,732,2331,0,0
12,44,21.49,2089,5483,1352,3536,442,1214,0,0
12,45,15.15,2016,5637,1643,4476,41,96,0,0
12,46,19.91,1137,2411,837,1825,87,170,0,0
12,47,5.77,421,778,334,667,7,15,0,0
12,49,0.03,5,10,1,2,1,2,0,0
12,50,0.97,147,294,37,73,37,73,0,0
12,88,3,101,177,82,157,6,6,0,0
12,90,10.23,716,1779,678,1720,7,9,0,0
12,91,9.33,643,1406,394,921,65,143,0,0
12,92,3.15,120,217,100,197,2,2,0,0
12,93,4.26,557,1448,482,1300,25,49,0,0
12,94,19.75,1331,2519,1007,1852,67,146,0,0
12,95,10.08,747,1565,665,1407,81,222,0,0
12,99,9.2,641,1258,608,1214,6,10,0,0
12,100,10.78,1031,2298,1019,2278,4,7,0,0
12,101,12.77,1007,2006,961,1928,15,26,0,0
12,102,15.92,1841,4239,1411,3457,115,205,0,0
12,103,5.09,755,2170,755,2170,0,0,0,0
12,104,12.39,1069,2122,713,1481,63,106,0,0
12,105,12.1,1238,2888,1179,2809,19,24,0,0
12,110,2.52,235,447,79,155,52,98,0,0
12,111,17.41,1355,5397,1221,5182,66,166,0,0
12,112,2.57,1663,8134,1479,7765,184,369,0,0
12,113,3.46,1247,2493,136,273,1056,2111,0,0
12,114,3.91,274,537,203,355,24,61,0,0
12,115,0.52,23,23,13,13,3,3,0,0
12,117,2,77,77,19,19,19,19,0,0
12,118,0.05,274,823,0,0,274,823,0,0
12,119,7.37,1548,4268,437,985,1093,3263,0,0
12,120,12.45,894,2597,845,2532,9,14,0,0
12,121,10.45,1050,2880,787,2206,14,14,0,0
12,122,16.97,1268,3030,927,2423,247,481,0,0
12,123,5.2,487,1146,483,1138,1,3,0,0
12,124,6.36,506,1497,497,1488,1,1,0,0
12,125,5,704,2088,692,2075,0,0,0,0
12,126,12.31,1054,2722,959,2628,18,18,0,0
12,127,20.68,1992,4796,1463,3513,41,53,292,875
13,38,4,516,708,372,420,48,96,0,0
13,39,5,220,432,151,299,47,91,0,0
13,40,4.1,281,563,139,277,2,4,0,0
13,41,20.69,1275,3042,835,2069,89,173,0,0
13,42,16.7,1021,2198,669,1554,150,314,0,0
13,43,20.19,1183,2278,671,1270,244,555,0,0
13,44,9,507,814,285,527,47,52,0,0
13,45,10.33,599,1352,370,859,69,158,0,0
13,46,6.42,325,631,115,260,70,124,0,0
13,85,2.15,190,379,120,241,1,2,0,0
13,86,0.06,3,4,2,3,0,0,0,0
13,87,1,14,26,2,2,8,20,0,0
13,88,0.65,945,2834,0,0,945,2834,0,0
13,89,2.15,122,229,107,214,0,0,0,0
13,90,17.18,1387,3130,516,1154,182,423,62,125
13,91,8.94,1489,4885,515,1576,319,1091,0,0
13,92,0.88,174,347,174,347,0,0,0,0
13,93,4.72,692,1600,692,1600,0,0,0,0
13,94,11.19,663,1719,475,1189,23,57,0,0
13,95,2.93,149,257,38,65,37,64,0,0
13,99,2.38,126,290,120,279,2,4,0,0
13,100,15.87,1176,2403,1129,2357,6,6,0,0
13,101,14.63,1364,2971,1212,2651,18,49,0,0
13,102,3.28,262,857,198,763,10,19,0,0
13,103,4.74,672,2479,634,2441,13,13,0,0
13,104,0.31,228,1365,228,1365,0,0,0,0
13,105,3.05,713,3346,522,3027,21,21,0,0
13,107,1.81,447,1342,85,254,282,846,0,0
13,109,2,1279,3762,20,39,1222,3649,0,0
13,110,6.21,4409,12833,120,327,4151,12159,0,0
13,111,4.57,889,3088,427,1801,400,1174,0,0
13,112,2.16,1462,2990,202,470,1260,2520,0,0
13,113,1.16,911,1985,0,0,911,1985,0,0
13,114,4.2,400,400,376,376,8,8,0,0
13,115,0.16,16,16,16,16,0,0,0,0
13,118,0.01,85,255,0,0,85,255,0,0
13,119,0.76,4526,13578,0,0,4526,13578,0,0
13,120,12.07,1069,2924,1057,2911,4,4,0,0
13,121,17.09,1287,3235,645,1873,213,574,0,0
13,122,8.12,475,956,374,828,6,9,0,0
13,123,0.67,71,212,70,210,0,1,0,0
13,124,13.75,1018,2805,991,2766,9,13,0,0
13,125,5.93,587,1534,360,897,76,212,0,0
13,126,19.32,1438,3979,1218,3583,61,108,0,0
13,127,18.74,1859,4617,1376,3533,54,92,0,0
14,38,0.16,22,43,22,43,0,0,0,0
14,39,8.76,1053,2598,536,1195,172,468,0,0
14,40,6.72,530,1020,329,648,67,124,0,0
14,41,11.98,1386,3162,1154,2735,69,134,0,0
14,42,10.05,1066,2269,907,1927,42,91,0,0
14,43,15.84,930,2064,697,1590,78,158,0,0
14,44,0.2,3,3,1,1,1,1,0,0
14,45,11.04,687,1271,490,968,49,84,0,0
14,46,8.22,701,1403,680,1360,7,14,0,0
14,47,3,198,396,150,300,16,32,0,0
14,85,11.79,642,1290,406,772,73,167,0,0
14,86,12.33,861,1762,718,1538,26,40,0,0
14,87,0.66,96,191,96,191,0,0,0,0
14,88,2.94,1626,4843,5,5,1613,4829,0,0
14,89,10.82,1967,5138,530,1137,1093,3259,0,0
14,90,23.51,1695,4323,1138,3311,139,315,173,345
14,91,0.15,43,85,0,0,0,0,43,85
14,93,0.7,85,254,85,254,0,0,0,0
14,94,1.3,55,129,41,115,5,5,0,0
14,97,2.77,249,538,234,477,5,20,0,0
14,98,10.81,913,1816,886,1770,9,15,0,0
14,99,4.62,655,1489,521,1086,45,134,0,0
14,100,9.06,1031,1974,966,1874,10,10,0,0
14,101,9.75,1352,3296,1269,3049,28,83,0,0
14,102,4.5,586,1643,313,907,73,210,0,0
14,103,2.99,206,378,115,230,0,1,0,0
14,105,0.99,54,54,13,13,13,13,0,0
14,107,1.19,426,2442,97,581,97,581,0,0
14,109,1.28,5244,15529,204,408,5040,15120,0,0
14,110,0.42,7628,22885,0,1,7628,22885,0,0
14,111,10.47,958,3181,617,2263,250,746,0,0
14,112,2.91,2274,8928,96,223,2173,8691,0,0
14,113,0.95,1300,4130,0,0,262,1017,0,0
14,114,0.62,881,3042,0,0,120,480,0,0
14,115,1,61,61,15,15,15,15,0,0
14,119,3.75,362,984,362,984,0,0,0,0
14,120,14.69,1087,2667,918,2249,21,33,0,0
14,121,4.07,321,844,113,286,178,527,0,0
14,124,8.97,997,2697,993,2687,1,3,0,0
14,125,9.48,1216,3020,893,2146,32,65,0,0
14,126,9.9,1034,2716,789,2088,9,18,0,0
14,127,8.91,913,1974,799,1762,5,5,0,0
15,38,4.64,195,363,114,223,5,5,0,0
15,39,13.21,1030,2260,865,1949,11,15,0,0
15,40,8.92,672,1417,531,1210,22,44,0,0
15,41,12.94,880,1857,848,1807,11,17,0,0
15,42,13.82,1129,2241,1107,2212,4,6,0,0
15,43,9.61,716,1295,574,1010,48,95,0,0
15,45,2,183,325,41,41,0,0,0,0
15,46,6.73,1304,2569,558,1107,249,487,0,0
15,47,1,146,292,146,292,0,0,0,0
15,51,1,24,24,0,0,0,0,0,0
15,85,1.5,228,450,65,128,54,107,0,0
15,86,20.66,1173,2315,972,2056,90,185,0,0
15,87,16.38,1386,2625,1120,2258,89,153,0,0
15,88,10.13,1213,2629,1100,2453,24,45,0,0
15,89,23.38,1875,4562,1156,3015,188,424,0,0
15,90,5.5,355,758,221,497,45,87,0,0
15,97,6.38,499,855,476,829,1,2,0,0
15,98,15.47,1294,2559,1258,2510,12,16,0,0
15,99,10.24,1219,2547,995,2099,75,149,0,0
15,100,4.18,502,1025,502,1025,0,0,0,0
15,101,5.71,939,2051,939,2051,0,0,0,0
15,102,11.26,1409,3568,977,2484,127,311,0,0
15,103,5.16,1836,6454,721,1696,677,3447,0,0
15,104,1.14,1046,6270,0,0,1045,6269,0,0
15,105,0.02,0,0,0,0,0,0,0,0
15,107,2,118,435,79,358,13,26,0,0
15,108,3.59,2404,8675,631,1582,1773,7094,0,0
15,109,5.33,1586,5388,53,105,1449,5115,0,0
15,110,7.24,1505,5152,941,3477,558,1670,0,0
15,111,26.91,1360,3304,1162,3041,33,55,0,0
15,112,13.36,1257,3088,938,2512,258,509,0,0
15,113,9.23,1060,2477,1015,2388,5,9,0,0
15,114,5.7,1264,4449,333,756,280,1108,0,0
15,120,2,207,379,52,95,52,95,0,0
15,124,0.67,131,394,131,394,0,0,0,0
15,125,8.68,1099,2791,876,2234,114,279,0,0
15,126,10.79,715,1851,643,1699,26,55,0,0
15,127,10.35,677,1091,349,620,95,113,0,0
16,36,1,26,51,0,0,0,0,0,0
16,38,0.02,3,11,3,11,0,0,0,0
16,39,8.18,693,1471,677,1447,2,5,0,0
16,40,11.23,894,1849,749,1538,40,87,0,0
16,41,3.48,184,370,167,345,6,9,0,0
16,42,10.91,634,1250,539,1073,12,20,0,0
16,43,7.33,485,970,472,944,4,9,0,0
16,58,5,234,397,47,77,47,77,0,0
16,85,0.55,262,525,66,131,66,131,0,0
16,86,6.9,548,1007,276,545,70,133,0,0
16,87,9.27,774,1483,561,1110,64,117,0,0
16,88,8.17,518,1317,479,1267,6,9,0,0
16,89,2.82,115,339,97,321,6,6,0,0
16,90,1,21,21,5,5,5,5,0,0
16,97,6,709,1633,678,1582,10,17,0,0
16,98,12.8,1264,3077,1218,2985,15,31,0,0
16,99,9.42,1220,3065,1215,3060,2,2,0,0
16,100,4.3,600,1479,562,1404,0,0,0,0
16,101,5.66,783,1719,783,1719,0,0,0,0
16,102,8.68,935,1935,673,1472,71,138,0,0
16,103,5.94,1541,7104,755,3217,771,4069,0,0
16,104,1.63,287,1412,4,4,217,1285,0,0
16,105,10.23,864,2042,589,1519,82,154,0,0
16,106,0.16,8,17,0,0,0,0,0,0
16,108,2.07,1176,3421,124,358,1138,3345,0,0
16,109,6.77,618,1388,468,935,102,359,0,0
16,110,4.93,584,2103,569,2066,5,12,0,0
16,111,12.07,1132,4328,1052,4243,18,20,0,0
16,112,13.29,1314,3211,943,2477,356,709,0,0
16,113,11,1260,3126,1151,2908,109,218,0,0
16,114,0.31,220,441,220,441,0,0,0,0
16,115,1.28,999,2708,999,2708,0,0,0,0
17,39,5.54,479,958,431,863,9,18,0,0
17,40,2,318,816,318,816,0,0,0,0
17,86,5.35,631,705,606,647,8,19,0,0
17,87,7.47,718,1527,318,578,128,311,0,0
17,88,6.43,704,1709,365,1019,81,165,0,0
17,89,1,246,491,61,123,61,123,0,0
17,90,1,2,2,1,1,1,1,0,0
17,95,0.48,50,99,50,99,0,0,0,0
17,96,1,274,822,274,822,0,0,0,0
17,97,0.02,3,8,3,8,0,0,0,0
17,98,9.97,952,2217,879,2080,33,62,0,0
17,99,7.77,935,2447,899,2374,0,1,0,0
17,100,5.42,966,2567,966,2567,0,0,0,0
17,101,6.53,854,2116,854,2116,0,0,0,0
17,102,4.05,520,1151,338,733,61,140,0,0
17,103,10.39,2028,9596,1428,7877,544,2614,0,0
17,104,5.1,717,2174,410,1559,61,164,0,0
17,105,5.02,787,2766,507,2210,240,479,0,0
17,106,0.54,58,117,41,82,3,6,0,0
17,107,3.78,681,1524,261,685,0,0,0,0
17,108,10,1117,2719,703,1715,337,831,0,0
17,109,5.16,646,1438,634,1414,4,8,0,0
17,110,22.72,1550,4927,1225,4337,135,346,0,0
17,111,18.06,2082,3642,800,1188,1202,2328,0,0
17,112,7.67,1079,2548,390,1169,689,1378,0,0
17,113,6.73,845,2008,654,1625,64,128,0,0
17,114,1.53,127,381,127,381,0,0,0,0
17,115,2.39,1029,3985,1029,3985,0,0,0,0
17,126,1,46,91,11,23,11,23,0,0
18,19,1.21,198,396,198,396,0,0,0,0
18,20,0.06,6,12,6,12,0,0,0,0
18,21,1.93,318,636,80,159,80,159,0,0
18,22,0.07,21,42,5,10,5,10,0,0
18,39,0.15,4,7,0,0,0,0,0,0
18,87,8.03,699,1267,404,677,98,197,0,0
18,88,6.47,680,1289,595,1173,18,18,0,0
18,89,4.1,476,1044,335,765,47,93,0,0
18,90,6,561,801,415,633,120,128,0,0
18,91,6.62,431,915,343,776,13,13,0,0
18,92,0.85,25,37,3,3,3,3,0,0
18,95,1.52,168,336,54,108,0,0,0,0
18,96,4.14,746,1879,685,1695,0,0,0,0
18,97,8.6,696,1693,622,1582,8,16,0,0
18,98,5.97,492,1364,439,1273,15,24,0,0
18,99,9.37,763,2072,564,1794,51,70,0,0
18,100,17.25,1731,5127,1512,4723,31,55,0,0
18,101,13.54,1707,5213,1317,4482,144,509,0,0
18,102,11.36,1863,6837,1646,6234,94,264,0,0
18,103,5.11,1775,7840,693,2602,330,1486,0,0
18,104,12.78,1825,5172,1664,4906,72,125,0,0
18,105,4.11,690,2663,182,707,135,548,0,0
18,106,9.03,845,2535,583,1893,64,174,0,0
18,107,7.73,2606,7821,616,1866,1056,3138,0,0
18,108,12.86,1039,2582,899,2278,77,163,0,0
18,109,25.31,1882,5450,1651,5130,37,56,0,0
18,110,32.41,1855,4299,1455,3556,34,58,0,0
18,111,29.02,2396,3834,2095,3473,14,18,0,0
18,112,7.8,2026,7266,641,2559,371,1478,0,0
18,113,1.48,461,1803,461,1803,0,0,0,0
18,114,0.6,25,25,6,6,6,6,0,0
18,115,1.02,136,299,41,108,32,64,0,0
18,116,1,208,417,52,104,52,104,0,0
19,19,6.71,442,857,408,809,11,16,0,0
19,20,1.02,18,21,6,9,4,4,0,0
19,85,1,73,146,18,37,18,37,0,0
19,87,7.06,888,1678,454,651,145,342,0,0
19,89,3.15,310,596,283,569,0,0,0,0
19,90,2.85,228,538,208,518,7,7,0,0
19,91,5.08,692,783,676,764,5,5,0,0
19,92,10.45,550,1107,253,508,51,105,0,0
19,96,0.27,118,353,118,353,0,0,0,0
19,98,4,86,220,22,55,22,55,0,0
19,99,0.76,112,362,13,63,0,0,0,0
19,100,23.94,1774,4667,1507,4022,35,92,0,0
19,101,29.99,2235,6540,1676,4851,33,41,334,1336
19,102,18.97,2442,7855,1904,6538,229,732,0,0
19,103,23.77,3897,14450,2381,9408,750,2845,0,0
19,104,18.73,2658,8504,1711,5618,485,1337,0,0
19,105,12.4,2940,10013,1262,4020,1163,3843,0,0
19,106,19.52,2292,6729,1453,4970,357,845,0,0
19,107,8.47,1294,4333,683,2379,209,662,0,0
19,108,13.2,1427,3884,831,2600,387,815,0,0
19,109,18.3,1461,3483,1085,2858,188,368,0,0
19,110,22.46,1621,3514,1313,3009,8,8,0,0
19,111,12.71,1305,3361,885,2282,87,255,0,0
19,112,8.18,933,2035,268,583,119,286,0,0
19,113,0.9,92,184,23,46,23,46,0,0
19,114,0.4,17,17,4,4,4,4,0,0
19,124,1,113,225,28,56,28,56,0,0
19,126,1,28,28,0,0,0,0,0,0
20,20,1.96,233,434,117,227,38,69,0,0
20,21,1.04,500,1486,136,393,121,364,0,0
20,22,2.89,78,129,51,98,5,6,0,0
20,82,1,21,21,5,5,5,5,0,0
20,87,1.92,287,831,72,208,72,208,0,0
20,89,0.52,236,945,59,236,59,236,0,0
20,90,0.48,218,871,54,218,54,218,0,0
20,99,1,111,333,111,333,0,0,0,0
20,100,12.33,1051,2371,739,1750,94,177,0,0
20,101,20.21,1958,4828,1392,3663,30,74,0,0
20,102,27.63,3416,10471,2529,8023,746,2152,0,0
20,103,15.2,2540,9557,1792,6668,799,3508,0,0
20,104,20.53,2438,8549,1827,6720,453,1547,0,0
20,105,24.29,2812,8569,1862,6593,736,1763,0,0
20,106,20.44,2083,6702,1354,4874,516,1541,0,0
20,107,25.76,2228,6543,1602,4943,86,216,0,0
20,108,21.96,2336,7100,1617,5352,551,1611,0,0
20,109,8.87,945,2888,735,2335,172,504,0,0
20,110,19.06,1372,3067,1007,2294,29,56,0,0
20,111,5.7,489,1387,365,1153,14,22,0,0
20,112,2.93,308,616,187,373,24,48,0,0
20,113,2,318,611,0,0,293,586,0,0
21,14,1,102,205,26,51,26,51,0,0
21,17,4.16,533,971,181,338,279,535,0,0
21,18,3.24,278,587,181,490,4,4,0,0
21,22,8.11,618,1220,522,1044,5,11,0,0
21,100,17.35,1766,5182,1418,4476,29,53,0,0
21,101,22.56,2969,8812,2088,6193,124,403,0,0
21,102,11.18,929,2834,795,2659,43,54,0,0
21,103,19.87,1640,4762,1451,4454,16,17,0,0
21,104,18.93,1641,5315,1102,3259,149,622,0,0
21,105,14.93,2403,5982,1369,3051,1003,2763,0,0
21,106,16.04,938,2431,804,2183,86,168,0,0
21,107,16.58,1320,3086,1060,2426,19,57,0,0
21,108,12.62,1959,6366,1336,3912,203,814,0,0
21,109,17.11,1060,2562,877,2295,22,27,0,0
21,110,19.2,1514,3803,950,2691,22,22,0,0
21,111,17.2,1133,2505,1011,2271,12,12,0,0
21,112,12.71,1228,2505,1155,2399,13,21,0,0
21,113,2.77,549,1343,156,311,0,0,245,736
21,114,1.43,345,896,93,186,207,621,0,0
21,115,0.08,86,258,0,0,86,258,0,0
22,17,4.6,942,2265,145,385,508,1111,0,0
22,18,3,246,685,206,606,13,26,0,0
22,100,20.22,1650,4442,1379,3917,22,38,0,0
22,101,19.68,1626,4182,1406,3843,27,27,0,0
22,102,8.45,768,1663,470,1097,60,119,0,0
22,103,11.16,1134,2785,780,1844,8,9,0,0
22,104,4.56,1646,9055,516,2472,376,2193,0,0
22,105,7.46,2053,10230,719,3236,391,2225,0,0
22,106,14.93,978,2293,731,1775,72,163,0,0
22,107,9.84,1564,5403,997,2720,13,13,529,2645
22,108,11.59,1025,2530,969,2425,6,11,0,0
22,109,14.94,1073,2397,909,2088,7,13,0,0
22,110,14.07,1088,2447,988,2268,71,136,0,0
22,111,13.07,1137,2842,1034,2695,12,17,0,0
22,112,15.22,1133,2917,801,2287,39,77,0,0
22,113,5.88,996,1992,234,468,294,588,0,0
22,114,3.85,1040,2678,47,85,899,2421,0,0
22,115,0.13,141,422,0,0,141,422,0,0
23,14,3,2937,5811,16,16,2890,5764,0,0
23,40,1,219,438,55,110,55,110,0,0
23,99,2.55,173,447,137,412,0,0,0,0
23,100,2.12,133,368,122,357,2,2,0,0
23,101,0.98,396,792,0,0,396,792,0,0
23,102,2.6,238,458,126,251,31,63,0,0
23,103,2.25,73,172,51,150,1,1,0,0
23,104,0.89,3386,20318,847,5080,847,5080,0,0
23,105,14.88,1572,5494,934,3019,111,634,0,0
23,106,11.1,815,1900,696,1702,24,35,0,0
23,107,10.96,1185,2877,739,1667,134,389,0,0
23,108,12.94,1258,2840,1244,2826,1,1,0,0
23,109,10.98,1097,2615,1083,2601,1,1,0,0
23,110,12.86,1330,3402,1194,3017,45,128,0,0
23,111,7.43,849,1988,835,1965,5,7,0,0
23,112,8.3,714,1705,499,1275,46,93,0,0
23,113,7.88,879,2109,473,1153,215,538,0,0
23,114,2.83,1086,2214,115,231,971,1983,0,0
23,116,1,191,573,48,143,48,143,0,0
23,123,0.05,9,19,2,5,2,5,0,0
23,124,0.95,169,338,42,84,42,84,0,0
24,101,0.02,9,19,0,0,9,19,0,0
24,105,6.34,995,1954,292,582,689,1377,0,0
24,106,8.61,641,1282,371,741,38,76,0,0
24,107,0.99,81,162,0,0,81,162,0,0
24,108,5.55,531,1114,521,1103,4,5,0,0
24,109,8.86,967,2138,961,2132,2,2,0,0
24,110,7.35,475,1030,434,985,47,123,0,0
24,111,2.81,173,292,132,251,14,14,0,0
24,112,1,76,151,19,38,19,38,0,0
24,113,1.42,56,112,44,89,4,8,0,0
24,114,1.19,300,599,157,314,143,285,0,0
24,115,2,164,288,41,72,41,72,0,0
25,33,1,101,101,25,25,25,25,0,0
25,88,3.41,197,358,80,181,39,59,0,0
25,99,1,82,164,21,41,21,41,0,0
25,107,3,467,933,117,233,117,233,0,0
25,108,1.58,361,855,67,267,294,588,0,0
25,109,3.11,251,491,121,361,7,7,0,0
25,113,1.53,371,743,0,0,371,743,0,0
25,114,8.05,6619,19357,0,0,6619,19357,0,0
25,115,0.28,1634,6535,0,0,1634,6535,0,0
26,32,1,33,65,8,16,8,16,0,0
26,87,0.36,8,16,2,4,2,4,0,0
26,88,9.24,619,1291,195,442,141,283,0,0
26,114,1.65,2907,9740,20,20,2847,9679,0,0
26,115,0.3,1780,7120,0,0,1780,7120,0,0
26,122,3.06,227,348,221,336,2,4,0,0
26,123,2.11,105,181,102,178,1,1,0,0
27,34,0.35,29,58,6,12,11,22,0,0
27,35,1.99,736,1567,96,288,639,1279,0,0
27,123,11.77,947,1774,941,1766,2,3,0,0
27,124,4.1,414,828,332,664,27,55,0,0
28,28,1,72,72,18,18,18,18,0,0
28,34,1.66,159,431,124,361,12,23,0,0
28,43,6,2166,5643,125,374,1791,4520,0,0
28,44,0.02,26,53,0,0,26,53,0,0
28,122,1.02,82,245,82,245,0,0,0,0
28,123,12.7,843,2109,764,1971,26,46,0,0
28,124,2.61,278,732,278,732,0,0,0,0
29,27,1,31,31,8,8,8,8,0,0
29,29,1.49,264,618,66,154,66,154,0,0
29,30,2.51,548,1464,137,366,137,366,0,0
29,31,2.95,727,1119,182,280,182,280,0,0
29,33,4.38,1128,3212,282,803,282,803,0,0
29,34,6.92,938,2112,234,528,234,528,0,0
29,40,1,1081,3243,0,0,1081,3243,0,0
29,42,1,101,203,25,51,25,51,0,0
29,43,5,1790,4429,0,0,1790,4429,0,0
29,44,0.98,1720,3439,0,0,1720,3439,0,0
29,116,1,20,20,5,5,5,5,0,0
29,122,5.92,295,439,238,375,19,21,0,0
29,123,15.41,1082,2737,946,2483,57,96,0,0
29,124,19.82,1552,4334,1147,3307,30,49,0,0
29,125,8.99,1034,1881,408,806,349,637,0,0
29,126,1.35,206,413,78,156,42,84,0,0
30,27,2,239,406,60,101,60,101,0,0
30,28,2,336,606,84,152,84,152,0,0
30,30,0.02,3,10,1,3,1,3,0,0
30,31,5.67,957,2352,239,588,239,588,0,0
30,32,1.99,410,1148,103,287,103,287,0,0
30,33,2.56,1000,3013,250,753,250,753,0,0
30,34,2,1270,2539,317,635,317,635,0,0
30,110,0.7,523,1556,0,0,523,1556,0,0
30,111,2.24,1579,3313,18,18,1525,3259,0,0
30,115,11.61,1030,2520,1026,2510,1,3,0,0
30,116,9.96,850,1890,764,1635,29,85,0,0
30,117,0.41,28,37,21,23,2,5,0,0
30,118,9.79,1137,1165,1137,1164,0,0,0,0
30,119,18.55,1473,3232,1162,2799,29,43,0,0
30,120,11.97,1232,3219,352,989,829,2346,0,0
30,121,2.14,327,645,298,616,10,10,0,0
30,122,4.98,283,574,120,240,23,47,8,23
30,123,9.33,1100,2854,738,1830,69,198,0,0
30,124,7.13,851,3024,513,1538,109,484,0,0
30,125,5.74,327,862,237,692,23,50,0,0
30,126,1.95,86,128,11,11,11,11,0,0
31,31,0.56,97,195,24,49,24,49,0,0
31,32,0.95,355,710,89,177,89,177,0,0
31,111,4.24,1787,4343,21,61,1765,4280,0,0
31,112,0.04,31,94,0,0,31,94,0,0
31,114,6.13,373,809,309,715,21,31,0,0
31,115,11.52,1117,3064,841,2431,92,211,0,0
31,116,26.7,1739,3818,1219,2914,154,268,0,0
31,117,27.03,1998,5193,1306,3640,96,139,0,0
31,118,16.1,1928,4336,1658,3812,31,37,0,0
31,119,18.43,1773,5144,1306,3857,78,204,0,0
31,120,13.99,1442,3945,791,2333,235,560,0,0
31,121,21.57,1581,4428,1206,3523,106,282,0,0
31,122,23.95,2513,6606,1126,3037,348,915,237,712
31,123,12.33,1663,4720,1240,3698,124,323,0,0
31,124,7.87,456,791,330,651,14,19,0,0
31,126,1,7,7,2,2,2,2,0,0
32,75,1,31,31,8,8,8,8,0,0
32,111,0.78,71,214,71,214,0,0,0,0
32,112,2.3,296,675,146,374,0,0,0,0
32,113,19.13,1088,2516,681,1673,16,16,0,0
32,114,35.03,2535,6550,2014,5358,52,101,0,0
32,115,16.79,2512,6532,938,2616,1305,3431,0,0
32,116,12.7,3710,7841,441,1189,3062,6247,0,0
32,117,19.66,1351,3418,1115,2944,94,203,0,0
32,118,27.15,1873,4635,1318,3722,205,477,0,0
32,119,5.79,609,1483,309,777,16,28,0,0
32,120,0.23,26,77,7,22,0,0,0,0
32,121,0.69,106,223,27,56,27,56,0,0
32,122,0.9,66,110,16,28,16,28,0,0
32,123,3.53,364,837,259,644,83,167,0,0
32,124,7.74,885,1832,598,1307,89,168,0,0
32,126,1.91,399,1304,27,108,318,981,0,0
33,111,2,185,339,154,308,0,0,0,0
33,112,5.32,299,767,243,648,6,15,0,0
33,113,3.9,148,298,102,251,7,7,0,0
33,114,9.91,826,2408,617,1664,62,241,0,0
33,115,2.57,759,2383,228,790,531,1593,0,0
33,116,5.97,1074,2845,309,832,475,1332,0,0
33,117,7,401,903,360,806,14,33,0,0
33,118,15.87,1333,3063,1139,2685,14,25,0,0
33,119,7.48,375,793,323,723,12,18,0,0
33,120,1.72,134,223,89,178,0,0,0,0
33,121,0.82,46,138,11,34,11,34,0,0
33,123,9,801,1462,321,615,88,148,0,0
33,124,3.48,564,1870,272,859,97,337,0,0
33,125,8.8,1598,4156,181,342,1375,3769,0,0
33,126,2.35,582,1558,5,20,567,1499,0,0
34,41,0.01,1,1,0,0,0,0,0,0
34,42,0.99,69,69,17,17,17,17,0,0
34,111,2,118,202,84,169,0,0,0,0
34,112,3,179,299,127,247,7,7,0,0
34,117,4.14,678,1535,258,648,140,296,0,0
34,118,5.89,694,1832,569,1633,25,49,0,0
34,119,11.2,508,1021,304,624,12,24,0,0
34,120,9.19,436,968,389,922,15,15,0,0
34,123,2,232,464,232,464,0,0,0,0
34,124,13.59,921,1721,538,1065,205,398,0,0
34,125,8.61,1000,2198,253,506,672,1540,0,0
34,126,0.32,62,187,6,17,45,136,0,0
35,117,0.86,107,277,27,69,27,69,0,0
35,118,2,158,158,146,146,0,0,0,0
35,119,2,109,212,27,53,27,53,0,0
35,124,11.41,937,1955,856,1835,9,9,0,0
35,125,2,1990,3980,0,0,1990,3980,0,0
36,61,0.33,142,427,0,0,142,427,0,0
36,78,1,58,116,15,29,15,29,0,0
36,80,0.35,18,35,4,9,4,9,0,0
36,119,6.22,2281,5797,466,1240,1148,2605,0,0
36,120,0.78,149,298,37,74,37,74,0,0
36,123,7,228,411,125,292,12,18,0,0
36,124,16.28,2166,5280,1593,3754,182,499,0,0
36,125,1.83,434,1038,148,338,95,233,0,0
37,60,1.15,150,300,38,75,38,75,0,0
37,61,4.07,1838,3899,34,47,1737,3756,0,0
37,62,0.96,428,1284,0,0,428,1284,0,0
37,80,0.65,33,67,8,17,8,17,0,0
37,123,0.82,130,259,130,259,0,0,0,0
37,124,27.58,1901,4482,1486,3652,244,488,0,0
37,125,6.73,566,1355,456,1151,37,68,0,0
37,126,0.85,71,71,18,18,18,18,0,0
38,52,4,186,329,137,264,16,22,0,0
38,53,0.5,8,8,2,2,2,2,0,0
38,55,1.52,176,353,110,221,22,44,0,0
38,56,0.03,6,11,1,3,1,3,0,0
38,60,10.11,1102,2096,802,1742,98,114,0,0
38,61,4.04,616,1260,449,907,56,118,0,0
38,62,5,600,1292,396,815,68,159,0,0
38,121,1.99,367,729,92,182,92,182,0,0
38,124,12.56,1771,4455,1278,3394,215,455,0,0
38,125,14.99,1286,3082,1044,2456,70,198,0,0
38,126,1.73,162,484,162,484,0,0,0,0
39,52,5.38,300,532,240,472,20,20,0,0
39,53,4.53,804,2203,540,1569,88,211,0,0
39,54,0.49,79,317,20,79,20,79,0,0
39,55,2.74,356,713,311,622,15,30,0,0
39,56,1.79,199,405,167,336,11,23,0,0
39,57,5.46,975,2738,309,814,222,641,0,0
39,58,6.39,895,1524,324,482,190,348,0,0
39,59,8.28,689,1637,190,391,87,184,228,684
39,60,9.43,1739,4264,764,1941,325,774,0,0
39,61,9.16,1160,2824,343,807,518,1214,0,0
39,62,5.34,2128,6194,242,714,1862,5432,0,0
39,85,1,9,9,2,2,2,2,0,0
39,86,1,10,10,2,2,2,2,0,0
39,87,1,121,241,0,0,0,0,0,0
39,116,1,58,117,15,29,15,29,0,0
39,119,6.05,899,2620,119,331,756,2251,0,0
39,120,8.95,1001,2418,1001,2418,0,0,0,0
39,121,12.3,1361,2763,892,1901,139,253,0,0
39,122,8.24,1067,2472,1020,2398,16,25,0,0
39,123,7.7,633,1252,463,978,35,70,0,0
39,124,8.74,2218,4931,1069,2333,487,1346,0,0
39,125,4.88,631,1226,405,800,75,142,0,0
39,126,15.59,1303,2701,984,2334,106,122,0,0
39,127,7.83,793,1772,786,1765,0,0,0,0
40,53,0.5,776,1556,10,24,755,1510,0,0
40,54,2.34,1332,2793,163,358,1105,2242,0,0
40,55,0.23,38,114,9,28,9,28,0,0
40,56,6.96,824,2254,458,1360,68,189,0,0
40,57,16.05,1860,4997,672,1888,384,1025,0,0
40,58,14.29,2351,6202,711,1931,637,1711,0,0
40,59,9.82,1283,3581,658,1757,246,798,124,373
40,60,4.36,525,1296,511,1283,5,5,0,0
40,61,6.22,739,1963,247,690,178,501,0,0
40,62,2.61,1436,4198,153,456,1279,3733,0,0
40,63,1.12,128,169,128,169,0,0,0,0
40,85,2.96,551,765,551,765,0,0,0,0
40,86,10.04,674,1027,545,898,14,14,0,0
40,87,2.96,387,923,363,875,8,16,0,0
40,88,1.04,166,332,166,332,0,0,0,0
40,114,2.74,1748,4518,437,1130,437,1130,0,0
40,115,0.01,8,16,2,4,2,4,0,0
40,116,1.95,915,2729,2,2,909,2722,0,0
40,117,0.05,52,155,0,0,52,155,0,0
40,120,7.09,786,1588,780,1583,2,2,0,0
40,121,3.29,389,1011,357,948,0,0,0,0
40,122,3.38,508,1357,277,790,42,83,0,0
40,123,11.93,1326,3650,1031,3071,95,186,0,0
40,124,18.56,1662,3715,1021,2350,242,605,0,0
40,125,7.37,1220,3364,207,414,409,835,461,1842
40,126,8.62,2015,5186,624,1096,1338,3989,0,0
40,127,12.05,1099,2415,952,2052,8,8,0,0
41,53,0.03,55,109,0,0,55,109,0,0
41,56,0.98,249,604,71,169,59,145,0,0
41,57,7.56,3040,9884,404,1069,1813,6679,0,0
41,58,0.12,37,111,0,0,37,111,0,0
41,62,2.45,459,919,415,831,15,29,0,0
41,63,1.55,241,483,60,121,60,121,0,0
41,84,1,63,314,16,78,16,78,0,0
41,85,2.59,281,419,281,419,0,0,0,0
41,86,8,968,2067,891,1953,26,38,0,0
41,87,6,358,672,321,636,3,3,0,0
41,88,2.16,550,1463,152,304,374,1111,0,0
41,114,1.25,424,848,106,212,106,212,0,0
41,120,4.18,518,1037,518,1037,0,0,0,0
41,121,10.27,1146,2299,1136,2278,3,7,0,0
41,122,2.48,171,444,166,434,2,3,0,0
41,123,2.19,403,806,90,181,90,181,0,0
41,124,7.41,2309,5782,668,1325,1429,4034,0,0
41,125,14.25,1245,2597,667,1484,272,529,0,0
41,126,17.7,1243,2806,918,2078,37,72,0,0
41,127,12.38,1308,3709,1203,3583,23,23,0,0
42,56,8.13,664,1285,452,895,67,126,0,0
42,57,3.19,2172,4977,121,274,2050,4703,0,0
42,58,0.01,9,18,0,0,9,18,0,0
42,83,1,102,305,102,305,0,0,0,0
42,84,1.69,247,495,157,314,30,60,0,0
42,85,4.27,564,1472,551,1459,4,4,0,0
42,86,5.24,1127,2536,1124,2525,1,3,0,0
42,87,3.78,311,797,156,357,52,147,0,0
42,88,1.43,2220,5962,0,0,2220,5962,0,0
42,121,5,602,1205,587,1174,5,10,0,0
42,122,4.63,592,1184,592,1184,0,0,0,0
42,123,8.14,709,1469,681,1424,10,15,0,0
42,124,3.79,1302,3302,264,511,1038,2791,0,0
42,125,5.56,676,1546,676,1546,0,0,0,0
42,126,5.22,627,1267,525,1065,34,68,0,0
42,127,16.16,923,2056,749,1675,16,20,0,0
43,55,4.02,412,703,298,588,2,2,0,0
43,56,3.47,349,698,259,518,30,60,0,0
43,57,2.71,424,761,220,473,124,208,0,0
43,82,1,49,147,0,0,0,0,0,0
43,83,0.51,29,87,29,87,0,0,0,0
43,84,1.8,148,324,148,324,0,0,0,0
43,85,12.27,1324,3431,784,1953,172,485,0,0
43,86,6.36,1108,2823,444,1171,187,482,0,0
43,88,0.41,243,243,0,0,243,243,0,0
43,122,2.97,191,382,184,367,2,5,0,0
43,123,11.18,1090,2483,932,2060,53,141,0,0
43,124,3.26,468,1044,468,1044,0,0,0,0
43,125,10.7,1347,3760,1293,3706,18,18,0,0
43,126,5.3,907,3906,902,3890,2,5,0,0
43,127,2,218,560,218,560,0,0,0,0
44,54,2,1987,3974,0,0,1987,3974,0,0
44,55,2.84,409,630,336,483,25,49,0,0
44,56,1.72,250,500,250,500,0,0,0,0
44,82,3,1029,2041,4,4,998,1991,0,0
44,83,2,859,1718,0,0,859,1718,0,0
44,84,1,247,493,62,123,62,123,0,0
44,85,10.74,2293,7328,1076,3000,391,1412,0,0
44,86,6.18,1284,3321,761,1987,174,445,0,0
44,88,2.17,221,477,213,470,0,0,0,0
44,89,3.89,431,1123,258,691,45,132,0,0
44,90,0.75,92,184,92,184,0,0,0,0
44,123,4.15,361,805,325,770,0,0,0,0
44,124,0.52,46,92,46,92,0,0,0,0
44,125,3,792,2139,198,535,198,535,0,0
44,126,5.85,2019,5400,200,611,1818,4788,0,0
44,127,0.27,36,145,36,145,0,0,0,0
45,84,0.09,17,35,4,9,4,9,0,0
45,85,7.65,783,1704,692,1562,30,47,0,0
45,86,11.65,2080,5135,1046,3030,270,540,0,0
45,87,1.99,390,904,390,904,0,0,0,0
45,88,8.24,636,1137,506,878,36,63,0,0
45,89,11.4,1342,3117,1042,2516,31,62,0,0
45,90,1.13,117,289,117,288,0,0,0,0
45,126,3.3,220,589,147,447,71,140,0,0
45,127,0.57,76,303,76,303,0,0,0,0
46,55,0.23,8,16,2,4,2,4,0,0
46,84,9.91,766,1220,391,707,121,167,0,0
46,85,6.67,635,1599,628,1585,73,145,0,0
46,86,12.51,1770,5706,1463,4752,54,175,0,0
46,87,3.57,462,1096,439,1031,8,22,0,0
46,88,3.33,533,1535,253,754,269,758,0,0
46,89,5.23,704,1741,493,1313,139,310,0,0
46,90,0.59,91,272,91,272,0,0,0,0
46,126,0.9,180,360,45,90,45,90,0,0
47,55,3.77,617,1755,17,26,567,1676,0,0
47,84,0.88,115,345,115,345,0,0,0,0
47,85,8.08,613,1654,405,1263,64,119,0,0
47,86,12.88,2109,6072,971,3134,465,1378,0,0
47,87,6.29,650,1551,391,863,58,174,0,0
47,88,1.11,1271,3514,0,0,1271,3514,0,0
47,89,3.03,2098,6212,0,0,2098,6212,0,0
47,126,0.1,21,42,5,10,5,10,0,0
48,85,0.19,109,326,0,0,0,0,109,326
48,86,9.25,1241,3350,375,951,248,683,478,1434
48,87,5.59,899,1828,632,1069,101,287,0,0
48,88,0.56,469,1219,0,0,469,1219,0,0
48,89,2.27,2451,7562,0,0,2451,7562,0,0
48,90,0.25,868,1735,0,0,868,1735,0,0
49,86,6.72,832,1863,663,1601,56,87,0,0
49,87,6.06,1006,2087,545,1086,122,240,0,0
49,88,1.99,237,600,143,317,31,94,0,0
49,89,0.63,1051,2103,0,1,1049,2099,0,0
49,90,0.44,1484,2967,0,0,1484,2967,0,0
49,113,1,78,156,78,156,0,0,0,0
50,55,1,14,14,3,3,3,3,0,0
50,86,2.95,121,313,76,223,4,8,0,0
50,87,8.35,1153,2504,780,1542,102,277,0,0
50,88,5.46,836,2024,645,1597,64,142,0,0
50,89,2,372,744,372,744,0,0,0,0
50,127,1,99,99,25,25,25,25,0,0
51,80,2,321,643,243,486,26,52,0,0
51,82,4.23,428,784,127,235,86,154,0,0
51,83,7.4,707,1881,570,1561,30,80,0,0
51,87,0.14,12,23,12,23,0,0,0,0
51,88,1.71,261,522,261,522,0,0,0,0
51,89,2,246,492,246,492,0,0,0,0
52,47,1.29,1818,3637,343,686,790,1579,0,0
52,48,0.35,532,1064,0,0,532,1064,0,0
52,55,1.6,1393,2786,0,0,1393,2786,0,0
52,56,4.33,1454,3660,364,915,364,915,0,0
52,82,3.2,539,1248,516,1214,4,4,0,0
52,83,7.17,945,3058,526,1551,140,502,0,0
53,47,0.11,170,339,0,0,170,339,0,0
53,48,0.25,382,765,0,0,382,765,0,0
53,55,0.4,498,996,0,0,498,996,0,0
53,56,1.33,386,882,97,220,97,220,0,0
53,57,0.16,48,96,12,24,12,24,0,0
53,83,1,100,299,100,299,0,0,0,0
53,84,2,371,1346,371,1346,0,0,0,0
54,56,2.25,1208,3251,107,228,886,2566,0,0
54,57,0.93,285,571,71,143,71,143,0,0
54,59,2.87,1000,2330,250,583,250,583,0,0
54,60,0.95,602,2318,150,580,150,580,0,0
54,84,1,196,587,59,176,0,0,0,0
54,86,1,106,212,27,53,27,53,0,0
55,59,2.74,1815,4241,165,418,1320,2988,0,0
55,60,1.44,1384,4197,346,1049,346,1049,0,0
55,86,1,15,15,0,0,0,0,15,15
55,105,2.72,269,623,267,619,1,1,0,0
56,104,0.85,105,126,105,126,0,0,0,0
56,105,9.95,616,1369,420,1014,34,62,0,0
56,106,1,160,480,160,480,0,0,0,0
56,108,2,133,406,128,385,2,7,0,0
56,109,2.87,305,693,305,693,0,0,0,0
56,110,8.44,702,1637,691,1616,4,7,0,0
57,103,1.26,57,101,47,91,3,3,0,0
57,105,6.82,922,1845,601,1273,6,6,0,0
57,106,11.81,1065,2281,991,2136,4,10,0,0
57,107,6.97,638,1594,625,1567,5,9,0,0
57,108,5.52,433,1039,411,1015,1,2,0,0
57,109,11.92,911,1827,889,1789,7,13,0,0
57,110,5.56,455,1163,428,1097,9,22,0,0
57,111,1,55,111,14,28,14,28,0,0
58,102,1,124,248,31,62,31,62,0,0
58,103,5.19,491,1143,489,1141,1,1,0,0
58,104,20.17,1273,2338,789,1563,130,208,0,0
58,105,5.64,376,818,288,730,11,11,0,0
58,106,9.92,797,2562,335,916,148,543,0,0
58,107,9.02,686,1207,632,1137,15,20,0,0
58,108,11.21,1017,2158,887,1979,27,44,0,0
58,109,5.92,1404,3855,284,568,1062,3173,0,0
58,110,1.6,200,400,103,207,32,64,0,0
59,63,0.03,153,919,0,0,153,919,0,0
59,64,0.28,1448,8689,0,0,1448,8689,0,0
59,85,1,75,150,75,150,0,0,0,0
59,100,1,61,123,15,31,15,31,0,0
59,102,1.53,164,610,156,593,3,6,0,0
59,103,17.49,1742,4703,1174,3281,154,368,0,0
59,104,10.56,1527,3915,792,2393,170,357,225,451
59,105,0.26,27,53,27,53,0,0,0,0
59,107,0.75,112,225,112,225,0,0,0,0
59,108,6.31,488,1608,483,1593,2,5,0,0
59,109,13.72,1042,2302,656,1409,70,181,0,0
59,110,8.29,500,698,364,549,12,16,0,0
59,111,5.98,314,745,280,698,4,8,0,0
59,112,0.04,0,1,0,0,0,0,0,0
60,63,0.16,821,4924,0,0,821,4924,0,0
60,64,0.47,2451,14709,0,0,2451,14709,0,0
60,103,10.2,570,1364,458,1178,40,101,0,0
60,104,14.24,1133,2868,877,2250,81,303,0,0
60,105,5.1,292,755,220,622,24,44,0,0
60,106,4,269,514,245,483,8,10,0,0
60,107,3,165,326,162,324,1,1,0,0
60,109,3.76,147,397,104,298,5,16,0,0
60,110,13.75,1100,2449,725,1498,92,284,0,0
60,111,17.76,1030,1878,771,1442,65,124,0,0
60,112,4.58,273,610,239,546,7,17,0,0
61,56,1,127,127,32,32,32,32,0,0
61,57,1,166,332,41,83,41,83,0,0
61,63,0.1,324,1365,0,0,324,1365,0,0
61,64,0.04,204,1223,0,0,204,1223,0,0
61,77,2,269,539,67,135,67,135,0,0
61,85,1,59,59,59,59,0,0,0,0
61,100,3.6,152,410,91,316,20,31,0,0
61,101,6.25,486,1252,473,1239,1,1,0,0
61,102,9.41,736,1631,638,1442,8,14,0,0
61,103,16.53,1418,2869,1170,2479,26,40,0,0
61,108,3,168,214,101,101,0,0,0,0
61,110,6.32,211,468,152,401,5,8,0,0
61,111,9.47,666,1463,583,1360,28,34,0,0
61,112,4.67,218,476,187,440,10,12,0,0
61,113,1.84,187,449,187,449,0,0,0,0
62,62,0.14,166,332,0,0,166,332,0,0
62,63,3.98,4450,11637,11,22,4417,11571,0,0
62,64,1,133,267,0,0,133,267,0,0
62,85,1,58,116,0,0,0,0,0,0
62,99,5.31,290,652,249,609,14,14,0,0
62,100,11.09,834,1833,755,1679,18,43,0,0
62,101,8.02,620,1126,440,858,24,24,0,0
62,102,7.94,492,937,443,878,10,13,0,0
62,103,6.5,318,553,252,487,17,17,0,0
62,104,1.35,196,196,1,1,192,192,0,0
62,113,0.93,2377,2377,594,594,594,594,0,0
62,120,1,1219,3657,0,0,1219,3657,0,0
63,63,0.81,188,377,47,94,47,94,0,0
63,100,1,54,54,14,14,14,14,0,0
63,112,1,188,377,47,94,47,94,0,0
63,113,1.07,185,195,45,45,50,60,0,0
63,114,0.01,8,24,0,0,8,24,0,0
63,115,1.35,659,1947,7,15,636,1902,0,0
63,116,1.93,412,792,103,198,103,198,0,0
63,120,1,180,539,0,0,180,539,0,0
64,72,1,56,112,14,28,14,28,0,0
64,111,1,217,434,54,109,54,109,0,0
64,113,1.24,1311,5023,272,1088,495,1758,0,0
64,114,3.38,1638,4873,2,2,1633,4869,0,0
64,115,6.95,2248,6565,122,333,2038,6080,0,0
64,116,7.32,646,1378,549,1281,18,18,0,0
64,117,2.63,246,491,157,314,68,136,0,0
64,118,1,47,47,0,0,0,0,0,0
64,119,1.03,353,353,88,88,88,88,0,0
65,68,0.99,187,375,187,375,0,0,0,0
65,69,0.01,2,5,2,5,0,0,0,0
65,70,9.18,903,1842,799,1666,30,54,0,0
65,71,0.24,35,105,35,105,0,0,0,0
65,110,2.23,1845,6438,461,1610,461,1610,0,0
65,111,1.04,413,1330,103,332,103,332,0,0
65,113,0.18,999,2998,0,1,999,2996,0,0
65,114,1.49,2942,8720,0,0,2942,8720,0,0
65,115,1.31,604,1810,0,1,603,1808,0,0
65,116,4.02,408,843,393,828,5,5,0,0
65,117,6.42,503,828,323,645,6,12,0,0
65,118,1,14,14,3,3,3,3,0,0
65,119,5.87,2861,2861,228,228,2176,2176,0,0
65,120,0.1,70,70,18,18,18,18,0,0
65,126,1.5,706,2809,526,2448,60,120,0,0
66,66,2,107,213,27,53,27,53,0,0
66,68,2,120,239,111,221,4,8,0,0
66,69,4.73,196,303,37,54,35,47,0,0
66,70,9.37,1351,2877,852,1987,157,287,0,0
66,71,4.86,943,1997,658,1426,95,190,0,0
66,72,1.45,150,300,139,278,4,7,0,0
66,109,0.03,111,443,28,111,28,111,0,0
66,110,0.67,2536,10143,634,2536,634,2536,0,0
66,111,2.95,918,2694,24,56,847,2526,0,0
66,112,1.71,2763,5636,678,1372,728,1521,0,0
66,113,0.33,1650,4729,28,28,1567,4646,0,0
66,114,0.19,843,2333,25,25,770,2260,0,0
66,116,0.33,3,3,1,1,1,1,0,0
66,117,15.49,1010,1965,733,1459,90,194,0,0
66,118,5.54,547,1050,92,174,92,174,0,0
66,124,2.36,54,128,39,113,3,3,0,0
66,125,7,500,1058,491,1049,1,1,0,0
66,126,14.82,1400,4763,1369,4732,4,4,0,0
66,127,4,330,781,324,769,2,4,0,0
67,66,5.65,752,2258,523,1472,68,254,0,0
67,67,3.82,1773,3848,344,900,1369,2768,0,0
67,68,2.46,1898,4050,63,190,1709,3481,0,0
67,69,9.27,1324,2551,343,682,760,1439,231,461
67,70,2,360,902,227,638,44,88,0,0
67,71,0.18,33,65,33,65,0,0,0,0
67,98,0.14,31,63,8,16,8,16,0,0
67,99,2.79,746,1492,186,373,186,373,0,0
67,100,0.07,18,36,4,9,4,9,0,0
67,111,0.85,326,653,82,163,82,163,0,0
67,112,2.41,1266,2114,316,528,316,528,0,0
67,113,0.15,298,298,74,74,74,74,0,0
67,114,0.86,1613,1613,403,403,403,403,0,0
67,117,7.98,362,825,340,793,7,11,0,0
67,118,6.31,1550,3055,107,274,1350,2680,0,0
67,119,1,10,10,3,3,3,3,0,0
67,123,2.05,103,206,95,191,2,3,0,0
67,124,15.23,1097,2623,915,2286,9,15,0,0
67,125,17.2,1274,2850,1265,2837,3,4,0,0
67,126,16.23,1232,2811,1210,2789,3,3,0,0
67,127,8.91,940,2329,940,2329,0,0,0,0
68,66,7.31,802,2145,345,930,74,137,0,0
68,67,9.91,2112,5334,674,1756,674,1553,0,0
68,68,7.78,1480,3547,468,1244,475,1043,0,0
68,69,2.54,713,1593,307,781,135,271,0,0
68,99,2.55,3401,8270,850,2067,850,2067,0,0
68,100,0.45,359,717,90,179,90,179,0,0
68,117,0.1,17,50,0,0,0,0,0,0
68,118,16.37,1909,4152,994,2246,757,1511,0,0
68,119,6.86,640,1275,507,1103,41,54,0,0
68,122,3.06,617,1039,159,269,153,257,0,0
68,123,15.06,870,1733,743,1558,33,49,0,0
68,124,13.96,1203,3743,992,3009,59,234,0,0
68,125,13.04,918,2259,912,2249,2,3,0,0
68,126,8.9,1381,4578,1124,4097,83,158,0,0
68,127,18.01,1513,3432,1477,3395,12,12,0,0
69,65,1.11,228,684,172,517,19,56,0,0
69,66,4.28,563,1201,208,512,111,223,0,0
69,68,4.98,767,1854,417,1140,116,238,0,0
69,69,6.12,986,2053,592,1288,125,248,0,0
69,74,1,49,49,12,12,12,12,0,0
69,112,2.04,1298,2596,324,649,324,649,0,0
69,113,2.79,504,1009,126,252,126,252,0,0
69,115,6.75,427,805,382,752,15,18,0,0
69,116,11.23,628,1337,580,1284,8,10,0,0
69,117,10.77,879,2476,837,2430,6,7,0,0
69,118,16.36,993,2013,790,1691,28,42,0,0
69,119,22.37,1375,2975,977,2333,71,121,0,0
69,120,6.96,473,898,234,457,84,151,0,0
69,121,2,236,236,10,10,10,10,0,0
69,122,5.5,1588,3854,37,140,1541,3695,0,0
69,123,13.44,733,1792,675,1707,14,23,0,0
69,124,12.73,840,2101,814,2039,7,19,0,0
69,125,15.56,1001,2439,959,2388,5,8,0,0
69,126,21.96,1429,3517,852,2215,189,430,0,0
69,127,15.28,1295,2840,1259,2781,12,20,0,0
70,61,0.54,232,928,58,232,58,232,0,0
70,64,0.68,639,1278,0,0,639,1278,0,0
70,65,5,2431,6992,532,1597,834,2201,0,0
70,69,6.88,1263,2422,374,663,296,586,0,0
70,70,1,57,170,57,170,0,0,0,0
70,71,2.09,146,175,141,170,2,2,0,0
70,112,1.35,283,566,71,141,71,141,0,0
70,113,0.82,105,211,26,53,26,53,0,0
70,115,2.76,155,278,16,23,16,23,0,0
70,116,4.31,1224,3979,846,3595,124,124,0,0
70,117,8.69,1116,2787,883,2549,78,79,0,0
70,118,23.33,1086,2377,1005,2259,18,30,0,0
70,119,23.6,1428,3261,1077,2681,76,139,0,0
70,120,36.99,2220,4277,1734,3388,63,119,0,0
70,121,15.59,1220,2467,1000,2119,73,116,0,0
70,122,9.27,3090,8490,263,524,2755,7883,0,0
70,123,17.84,906,1817,541,1270,69,76,0,0
70,124,16.78,1205,2953,1053,2678,51,92,0,0
70,125,13.35,1264,3697,1008,2943,47,83,0,0
70,126,18.6,1426,3605,975,2757,472,927,0,0
70,127,11.4,1389,3748,536,1257,43,105,0,0
71,60,1.28,1198,2397,300,599,300,599,0,0
71,61,5.94,1882,5170,470,1293,470,1293,0,0
71,65,0.21,120,359,30,90,30,90,0,0
71,68,0.99,920,2760,0,0,920,2760,0,0
71,70,4,339,710,290,612,16,33,0,0
71,71,8.9,885,2038,848,1996,12,14,0,0
71,72,5,785,1971,599,1435,58,175,0,0
71,74,1,76,151,19,38,19,38,0,0
71,117,1,31,31,8,8,8,8,0,0
71,118,3.13,173,318,150,294,7,8,0,0
71,119,8.57,373,724,168,334,68,130,0,0
71,120,16.42,1026,2567,986,2518,6,9,0,0
71,121,30.99,1571,3470,1154,2701,124,264,60,120
71,122,41.67,2788,6850,1758,4264,609,1737,0,0
71,123,37.2,1952,4362,1613,3700,118,278,0,0
71,124,11.6,1311,3074,561,1368,174,423,0,0
71,125,17.04,1777,5556,1639,5318,46,79,0,0
71,126,13.01,827,2107,750,1953,3,6,0,0
71,127,9.31,1357,2643,239,474,1073,2112,0,0
72,60,0.25,168,335,42,84,42,84,0,0
72,68,2.01,1812,4823,0,0,1812,4823,0,0
72,69,1.86,1129,1129,0,0,1129,1129,0,0
72,72,2,132,247,115,229,0,0,0,0
72,112,2,424,695,106,174,106,174,0,0
72,118,1.88,52,52,13,13,13,13,0,0
72,119,1.98,114,329,105,311,3,6,0,0
72,120,5.69,389,990,334,899,18,30,0,0
72,121,10.02,1209,2587,497,1248,386,902,31,61
72,122,22.81,1275,3112,1103,2913,23,32,0,0
72,123,27.74,2168,5651,1450,4076,183,392,0,0
72,124,17.31,2617,9965,1960,8321,144,397,0,0
72,125,17.17,1363,3552,1041,2762,86,228,0,0
72,126,18.04,909,2074,817,1950,19,23,0,0
72,127,9.18,550,1267,308,833,20,38,0,0
73,60,2,214,321,54,80,54,80,0,0
73,61,0.01,1,2,0,0,0,0,0,0
73,69,0.14,91,91,0,0,91,91,0,0
73,112,1.95,1724,5729,431,1432,431,1432,0,0
73,113,0.05,55,219,14,55,14,55,0,0
73,120,5.36,426,822,103,198,103,198,0,0
73,121,7.58,625,1130,386,741,80,130,0,0
73,122,9.46,761,1787,723,1731,13,19,0,0
73,123,24.13,2221,6314,1913,5787,88,161,0,0
73,124,19.12,1769,4785,895,3026,504,1188,88,177
73,125,27.5,2263,6083,1907,5247,32,56,0,0
73,126,14.56,747,1526,607,1338,19,21,0,0
73,127,16.44,1306,2942,1095,2640,65,95,0,0
74,61,0.99,135,270,34,68,34,68,0,0
74,121,1,32,32,8,8,8,8,0,0
74,122,3,29,29,4,4,4,4,0,0
74,123,25.29,1587,3596,1132,2762,72,149,0,0
74,124,22.86,2291,6790,1728,5535,247,780,0,0
74,125,23.86,2087,7013,1880,6685,244,837,0,0
74,126,17.25,1563,3529,1133,2694,143,278,0,0
74,127,5.72,481,1083,234,608,77,153,0,0
75,122,8.31,655,1363,607,1299,12,18,0,0
75,123,18.58,980,1786,864,1651,26,26,0,0
75,124,22.18,2755,9531,2009,7164,1103,3782,0,0
75,125,26.89,3736,14492,3373,13177,957,3691,0,0
75,126,14.59,1684,6128,885,3064,745,3115,0,0
75,127,10.34,653,1440,417,1045,34,56,0,0
76,76,0.54,61,122,15,30,15,30,0,0
76,77,0.46,52,103,13,26,13,26,0,0
76,121,5,279,598,227,534,8,12,0,0
76,122,12.22,798,1874,363,796,145,359,0,0
76,123,11.09,540,1156,339,753,21,31,0,0
76,124,5.87,917,3950,709,3371,278,1096,0,0
76,125,27.09,4196,16017,1688,6645,1616,6470,686,2744
76,126,29.32,3533,13491,2351,9167,1187,4157,0,0
76,127,26.8,2063,3577,1191,2560,63,91,0,0
77,121,1,85,85,21,21,21,21,0,0
77,122,4.91,236,642,216,615,7,9,0,0
77,123,7.91,1084,2500,385,1113,680,1387,0,0
77,124,11.89,1665,4646,1394,3789,293,1271,0,0
77,125,10.7,1068,3910,739,2999,352,999,0,0
77,126,24.63,2792,7993,1319,4772,880,1933,0,0
77,127,12.68,1609,5036,1251,4477,186,352,0,0
78,120,1,22,22,5,5,5,5,0,0
78,121,0.11,77,154,0,0,77,154,0,0
78,122,12.48,3135,6241,63,119,2946,5885,0,0
78,123,7.98,1353,4484,1272,4404,143,344,0,0
78,124,17.14,1793,5817,1302,3748,167,693,0,0
78,125,6.32,1435,4001,610,2362,728,1408,0,0
78,126,31.13,3031,9847,1704,6157,764,2470,0,0
78,127,22.97,3496,8116,2341,5766,585,1196,0,0
79,118,3.6,361,811,243,603,39,69,0,0
79,119,14.86,830,1823,747,1721,14,20,0,0
79,120,17.17,1173,2835,1060,2638,18,27,0,0
79,121,5.34,961,2668,445,1662,490,979,0,0
79,122,29.07,1954,4037,1682,3544,206,395,0,0
79,123,25.83,1839,3605,1741,3492,32,38,0,0
79,124,10.21,1532,6828,1493,6732,13,32,0,0
79,125,8.55,2711,5378,167,329,2666,5304,0,0
79,126,13.57,2627,6095,732,1671,2005,4423,0,0
79,127,22.94,3024,8274,1470,4213,1311,3532,0,0
80,80,0.96,544,2175,136,544,136,544,0,0
80,81,0.04,21,84,5,21,5,21,0,0
80,116,1.03,341,3038,85,760,85,760,0,0
80,117,0.38,46,72,11,18,11,18,0,0
80,118,6.75,1085,2122,402,808,228,438,0,0
80,119,15.19,937,1849,903,1801,11,16,0,0
80,120,24.32,1239,2591,1155,2474,24,34,0,0
80,121,3.28,204,393,193,383,4,4,0,0
80,122,34.07,2108,3558,1970,3420,46,46,0,0
80,123,39.76,2291,3473,2136,3318,52,52,0,0
80,124,8.46,1219,4368,938,3644,294,901,0,0
80,125,11.01,2458,6661,753,2219,811,2132,0,0
80,126,13.05,1258,3179,980,2660,46,90,0,0
80,127,27.01,2049,5232,1237,3095,244,619,0,0
81,116,0.69,183,917,46,229,46,229,0,0
81,117,5.26,969,2304,242,576,242,576,0,0
81,118,5.99,1009,2384,252,596,252,596,0,0
81,119,17.03,1169,2163,1098,2085,23,26,0,0
81,120,23.78,1236,2250,1063,2063,35,39,0,0
81,121,9.31,828,1755,714,1556,38,66,0,0
81,122,17.76,1966,3789,1830,3643,129,132,0,0
81,123,12.59,824,1554,765,1492,21,23,0,0
81,124,1.91,748,2339,290,1162,447,1428,0,0
81,125,9.4,966,1885,336,705,209,424,0,0
81,126,15.41,2998,7104,1346,3875,1702,3568,0,0
81,127,18.68,1812,4865,1017,2989,287,769,0,0
82,115,0.72,170,341,43,85,43,85,0,0
82,116,2.9,1119,2411,280,603,280,603,0,0
82,117,0.64,196,557,49,139,49,139,0,0
82,118,0.42,262,786,66,197,66,197,0,0
82,119,8.11,773,2240,193,560,193,560,0,0
82,120,9.34,1560,3654,1461,3475,33,60,0,0
82,121,8.61,2075,3760,742,1386,444,791,0,0
82,122,13.33,1150,2251,1080,2155,23,32,0,0
82,123,11.19,719,1691,696,1652,8,13,0,0
82,124,8.94,4971,14738,324,1047,4592,13546,0,0
82,125,16.72,2192,6104,1103,3619,710,1435,0,0
82,126,3.49,3717,7423,3,3,3709,7415,0,0
82,127,8.85,426,1174,300,789,54,153,0,0
83,116,1,189,377,47,94,47,94,0,0
83,119,10.52,888,2396,679,1970,70,142,0,0
83,120,20.42,1771,3243,1072,2351,233,297,0,0
83,121,15.29,1850,2928,1094,1622,252,435,0,0
83,122,7.01,726,1350,722,1343,1,2,0,0
83,123,17.83,1422,3351,1193,3077,35,50,0,0
83,124,8.83,727,2237,366,1390,305,651,0,0
83,125,1.95,456,1487,343,1263,37,75,0,0
83,126,8.68,591,1665,414,1318,4,5,0,0
83,127,21.31,1025,2486,872,2191,27,49,0,0
84,119,5.56,253,496,241,480,4,5,0,0
84,120,30.08,1573,3063,1255,2495,97,180,0,0
84,121,23.41,1370,2360,1304,2248,16,25,0,0
84,122,16.34,1240,3549,566,1937,362,1020,0,0
84,123,18.3,1925,5489,1075,3757,747,1505,0,0
84,124,0.04,27,53,0,0,27,53,0,0
84,125,8.28,589,1317,558,1278,8,10,0,0
84,126,0.09,11,33,11,33,0,0,0,0
84,127,9.75,877,2249,854,2203,8,15,0,0
85,116,0.63,116,468,14,29,73,381,0,0
85,117,0.88,852,1703,213,426,213,426,0,0
85,120,25.92,1395,2375,1281,2196,38,60,0,0
85,121,6.13,960,2693,601,1880,105,256,0,0
85,122,2.12,290,1101,270,1080,34,138,0,0
85,124,1.74,2690,5860,70,261,2479,5078,0,0
85,125,4.4,562,1985,205,626,114,444,0,0
85,127,4.02,459,1206,456,1203,1,1,0,0
86,115,0.07,910,5458,0,0,910,5458,0,0
86,116,0.58,7781,46687,0,0,7781,46687,0,0
86,117,1.73,1115,2476,217,434,463,1173,0,0
86,119,2.84,436,1844,109,461,109,461,0,0
86,120,2.81,808,3111,202,778,202,778,0,0
86,122,2,108,209,103,204,2,2,0,0
86,123,4.67,2345,4692,60,120,2165,4331,0,0
86,124,2.21,5951,19944,17,52,5901,19789,0,0
86,125,3.01,649,2100,116,341,300,1077,0,0
86,127,2.62,130,258,127,254,1,1,0,0
87,115,0.37,342,1853,12,25,305,1779,0,0
87,116,0.93,6564,32911,0,0,6564,32909,0,0
87,117,2.22,2657,8384,86,313,2399,7445,0,0
87,118,0.61,497,1311,124,328,124,328,0,0
87,119,4.58,1744,4040,436,1010,436,1010,0,0
87,120,4.82,1179,2239,295,560,295,560,0,0
87,122,1,100,300,100,300,0,0,0,0
87,123,0.02,268,1073,0,0,268,1073,0,0
87,124,0.49,6209,24835,0,0,6209,24835,0,0
87,125,0.17,2150,8598,0,0,2150,8598,0,0
87,126,2.61,183,524,174,515,3,3,0,0
87,127,10.15,913,1841,837,1724,10,23,0,0
88,115,1.63,563,1126,141,281,141,281,0,0
88,116,1.08,687,2985,166,730,188,796,0,0
88,117,2.11,3795,18360,949,4590,949,4590,0,0
88,118,3.06,1806,5319,452,1330,452,1330,0,0
88,119,1.17,191,198,48,49,48,49,0,0
88,120,5.13,1321,4173,330,1043,330,1043,0,0
88,124,1,127,380,127,380,0,0,0,0
88,127,1.69,18,18,3,3,3,3,0,0
89,115,4.45,654,1546,163,387,163,387,0,0
89,116,7.25,1578,3574,395,893,395,893,0,0
89,117,7.95,1406,3424,351,856,351,856,0,0
89,118,1.96,457,950,236,359,74,197,0,0
89,119,1.27,331,823,120,243,71,193,0,0
89,120,0.7,173,470,43,118,43,118,0,0
89,121,0.03,6,13,2,3,2,3,0,0
89,123,0.71,23,46,13,27,3,6,0,0
89,124,7.29,584,1226,170,354,138,290,0,0
90,115,2.3,336,711,84,178,84,178,0,0
90,116,9.38,1715,4038,429,1010,429,1010,0,0
90,117,10.12,1197,2837,334,744,288,698,0,0
90,118,2.26,1774,3549,193,387,1194,2389,0,0
91,116,3.74,562,1479,141,370,141,370,0,0
91,117,7.01,863,2041,284,578,193,488,0,0
91,118,1,255,255,255,255,0,0,0,0
92,116,1,181,543,45,136,45,136,0,0
95,116,1,381,1905,95,476,95,476,381,1905
95,117,1,81,243,20,61,20,61,0,0
96,117,0.97,199,596,50,149,50,149,0,0
97,117,0.03,7,21,2,5,2,5,0,0
101,111,0.9,318,635,79,159,79,159,0,0
101,112,1.1,120,240,30,60,30,60,0,0
101,120,1,32,64,32,64,0,0,0,0
101,122,1,117,351,29,88,29,88,0,0
101,126,2.28,715,2030,224,643,164,462,0,0
102,113,1,55,273,14,68,14,68,55,273
102,125,1,20,20,5,5,5,5,0,0
102,126,5.69,2110,4373,642,1438,489,978,0,0
103,126,0.03,38,75,9,19,9,19,0,0
111,117,1,179,537,45,134,45,134,0,0
111,118,1,105,210,105,210,0,0,0,0
112,110,0.57,52,103,13,26,13,26,0,0
112,111,0.43,39,78,10,20,10,20,0,0
113,106,0.81,1214,3643,304,911,304,911,0,0
114,106,0.19,277,830,69,208,69,208,0,0
122,103,0.04,41,165,10,41,10,41,0,0
123,102,1.44,492,1463,123,366,123,366,0,0
123,103,1.92,1142,4212,286,1053,286,1053,0,0
124,102,1.28,497,1393,124,348,124,348,0,0
124,103,3.33,1034,2474,258,618,258,618,0,0
124,106,2,314,627,78,157,78,157,0,0
125,101,0.55,88,176,22,44,22,44,0,0
125,103,1.05,73,147,18,37,18,37,0,0
125,104,1.8,296,592,74,148,74,148,0,0
125,105,0.15,13,27,3,7,3,7,0,0
126,101,0.45,71,143,18,36,18,36,0,0
127,108,2,242,632,61,158,61,158,0,0
127,127,0.87,133,362,41,112,26,79,0,0
0,9,1.9,145,402,111,324,11,26,0,0
0,10,3.61,168,389,82,218,29,57,0,0
0,32,1,75,75,19,19,19,19,0,0
0,80,0.27,42,84,10,21,10,21,0,0
0,81,6.2,729,1410,529,1047,67,122,0,0
0,82,19.78,1684,3778,1460,3271,121,265,0,0
0,83,10.18,1186,2499,678,1466,170,344,0,0
0,84,30.35,2490,6817,1741,4842,212,591,0,0
0,85,6.19,628,1616,567,1498,4,8,0,0
0,86,6.32,369,721,208,412,8,12,107,214
0,87,9.38,962,2162,388,858,166,385,0,0
0,95,1.29,23,43,6,11,6,11,0,0
0,96,11.67,879,2286,408,1142,138,343,0,0
0,97,13.04,1115,2711,895,2318,31,60,0,0
0,98,8.59,1088,2283,525,1174,88,170,300,600
0,99,10.27,1285,2655,563,1083,241,524,0,0
0,100,0.01,2,7,1,2,1,2,0,0
0,106,1.67,811,1587,10,20,782,1528,0,0
0,107,1.68,916,2612,0,0,916,2612,0,0
0,108,0.03,41,123,12,37,41,123,0,0
1,12,3,110,309,82,240,9,23,0,0
1,29,1,1043,3128,0,0,1043,3128,0,0
1,30,1.55,629,635,517,519,37,39,0,0
1,80,2,46,70,11,17,11,17,0,0
1,81,2,239,588,239,588,0,0,0,0
1,82,16.67,1736,4444,1024,2620,182,509,0,0
1,83,21.66,2172,5590,1282,3545,526,1194,0,0
1,84,12.47,2290,7086,1446,4912,262,790,126,253
1,85,7.71,585,1327,259,570,30,35,106,213
1,86,13.77,1092,2312,825,1844,59,111,0,0
1,87,7.89,810,1579,462,1045,65,128,0,0
1,88,0.08,1,1,0,0,0,0,0,0
1,89,0.92,14,14,3,3,3,3,0,0
1,95,4.6,237,695,214,639,8,19,0,0
1,96,7.19,541,1351,416,1067,10,15,0,0
1,97,17.37,1446,3474,1146,2906,100,189,0,0
1,98,9.28,586,1400,412,1062,37,71,0,0
1,99,4.44,420,840,287,573,44,89,0,0
1,100,0.34,74,149,19,37,19,37,0,0
1,106,0.55,633,633,0,0,633,633,0,0
1,107,1.21,267,542,46,129,252,527,0,0
1,108,6.34,1692,4558,919,2328,1021,3044,0,0
1,109,1.51,136,355,97,277,13,26,0,0
2,12,2.05,73,73,4,4,61,61,0,0
2,30,7.45,1518,2500,379,625,379,625,0,0
2,31,6.43,914,2013,397,839,172,391,0,0
2,32,2,140,260,120,241,0,0,0,0
2,78,1.34,186,373,47,93,47,93,0,0
2,79,1.66,284,567,71,142,71,142,0,0
2,80,7.19,247,600,206,508,10,24,0,0
2,81,15.69,935,2226,690,1777,49,102,0,0
2,82,22.39,1329,3376,979,2561,115,280,0,0
2,83,23.19,2653,7288,1649,4391,454,1332,0,0
2,84,24.06,2666,7541,2015,5350,296,1163,0,0
2,85,14.12,1179,2636,720,1614,96,250,0,0
2,86,9.81,782,1770,509,1308,78,141,0,0
2,87,4.01,553,1049,307,600,82,150,0,0
2,90,1,36,73,9,18,9,18,0,0
2,93,1,34,68,8,17,8,17,0,0
2,95,5.4,202,316,137,232,19,25,0,0
2,96,10.58,916,1911,821,1747,19,30,0,0
2,97,10.83,955,1909,725,1526,26,42,0,0
2,98,12.22,868,1842,567,1178,45,96,0,0
2,99,4.37,377,718,328,656,1,2,0,0
2,107,0.75,92,92,92,92,0,0,0,0
2,108,4.25,268,472,237,442,2,2,0,0
3,5,1,54,109,14,27,14,27,0,0
3,12,0.95,94,94,24,24,24,24,0,0
3,13,5,547,1000,137,250,137,250,0,0
3,30,2.25,591,1563,4,4,577,1550,0,0
3,31,7.32,2553,5521,217,397,1902,4329,0,0
3,32,1,68,68,17,17,17,17,0,0
3,79,11.53,988,2153,844,1943,48,70,0,0
3,80,16.72,1207,2677,1094,2516,34,46,0,0
3,81,14.01,1174,2562,1029,2335,28,46,0,0
3,82,14.22,1030,2783,787,2176,76,193,0,0
3,83,17.5,1442,3330,846,2029,137,296,0,0
3,84,18.9,2537,7201,2032,5916,81,177,0,0
3,85,14.49,1025,2760,849,2454,55,98,0,0
3,86,2.99,265,530,66,132,66,132,0,0
3,95,1,158,316,158,316,0,0,0,0
3,96,15.12,1102,2073,968,1822,22,39,0,0
3,97,9.95,710,1227,430,712,78,141,0,0
3,98,5.23,492,1125,386,815,35,103,0,0
3,99,17.24,1350,2667,1091,2208,133,199,0,0
3,100,4.42,528,1091,390,789,9,26,0,0
3,101,3.18,313,700,308,695,2,2,0,0
3,102,2.45,102,102,78,78,8,8,0,0
3,108,1,17,17,4,4,4,4,0,0
4,47,1,64,128,16,32,16,32,0,0
4,78,3.27,850,2470,203,598,242,677,0,0
4,79,7.52,418,1213,382,1130,12,28,0,0
4,80,19.85,1209,2306,1028,1967,21,38,0,0
4,81,7.02,439,1171,413,1119,9,17,0,0
4,82,5.72,533,1223,353,747,60,159,0,0
4,83,14.52,1048,2186,789,1743,76,127,0,0
4,84,9.03,1347,3244,446,1081,258,602,0,0
4,85,15.04,1526,3490,968,2419,146,282,0,0
4,86,7,1419,3900,175,370,1102,3206,0,0
4,96,9,671,1323,617,1260,3,6,0,0
4,97,2.05,402,798,401,796,0,0,0,0
4,98,4,217,433,54,108,54,108,0,0
4,99,4.13,333,623,297,586,7,7,0,0
4,100,10.91,786,1759,723,1642,21,38,0,0
4,101,16.81,1303,2601,1213,2469,30,44,0,0
4,102,0.56,87,87,87,87,0,0,0,0
5,8,1,152,455,38,114,38,114,0,0
5,41,3,142,283,125,249,6,11,0,0
5,42,2,418,780,14,14,376,738,0,0
5,47,2,138,249,35,62,35,62,0,0
5,78,1.73,181,363,19,37,125,251,0,0
5,80,2.51,200,514,195,504,2,3,0,0
5,81,4.76,319,822,298,791,7,10,0,0
5,82,16.83,1190,2445,990,2147,67,99,0,0
5,83,4.55,425,848,378,756,16,31,0,0
5,84,2,119,238,30,59,30,59,0,0
5,85,9.84,849,1915,809,1859,57,149,0,0
5,86,2.24,790,1581,66,132,593,1186,0,0
5,87,0.85,675,1398,12,36,639,1290,0,0
5,88,0.03,18,54,4,13,4,13,0,0
5,99,2,22,22,6,6,6,6,0,0
5,100,5.11,261,593,203,529,19,21,0,0
5,101,11.85,1636,3291,672,1439,884,1758,0,0
5,102,16.07,1236,2696,434,849,757,1802,0,0
5,103,4.4,325,641,166,330,53,104,0,0
5,125,4,221,221,40,40,103,103,0,0
5,126,9.99,631,1317,572,1246,15,19,0,0
5,127,3.01,321,641,321,641,0,0,0,0
6,8,1.51,421,1087,105,272,105,272,0,0
6,9,0.49,140,303,35,76,35,76,0,0
6,28,0.29,82,164,21,41,21,41,0,0
6,42,15.23,1029,1905,948,1799,21,29,0,0
6,43,9.32,742,1394,621,1177,9,19,0,0
6,45,1,90,90,23,23,23,23,0,0
6,82,2,164,492,87,262,0,0,0,0
6,85,11.02,741,1686,549,1365,47,73,0,0
6,86,4.46,380,1136,365,1091,5,15,0,0
6,87,2.74,1364,2969,341,742,341,742,0,0
6,88,1.13,418,1063,104,266,104,266,0,0
6,100,1.72,72,124,52,104,0,0,0,0
6,101,16.99,812,1718,642,1511,31,36,0,0
6,102,16.56,1550,3475,521,1223,159,332,0,0
6,103,4.41,928,2506,112,267,35,35,0,0
6,122,3,163,288,118,235,3,5,0,0
6,123,2,24,24,6,6,6,6,0,0
6,124,8.65,1175,2809,1121,2705,18,34,0,0
6,125,17.44,1556,3600,985,2471,170,356,0,0
6,126,12.58,1202,2803,1018,2442,61,120,0,0
6,127,8.36,587,1178,504,1062,11,22,0,0
7,28,1.71,253,459,63,115,63,115,0,0
7,41,0.16,2,4,1,1,0,1,0,0
7,42,11.89,816,1639,685,1414,44,75,0,0
7,43,11.82,1111,2222,867,1831,81,130,0,0
7,44,3.7,135,254,88,176,10,20,0,0
7,46,1.82,69,206,67,200,1,2,0,0
7,52,2,10,10,2,2,2,2,0,0
7,75,0.87,75,75,48,48,0,0,0,0
7,85,2.29,351,931,351,931,0,0,0,0
7,86,5.37,422,1046,410,1034,4,4,0,0
7,98,11.18,1029,2341,882,1996,49,115,0,0
7,99,16.09,1110,2032,947,1794,40,65,0,0
7,100,10.39,964,2176,936,2133,9,14,0,0
7,101,10.97,656,1439,550,1266,36,58,0,0
7,102,11.57,900,2031,862,1979,13,17,0,0
7,103,3.98,306,896,298,877,2,6,0,0
7,104,1.08,153,301,37,74,37,74,0,0
7,122,1.8,226,677,114,341,37,112,0,0
7,123,4.45,326,987,297,959,9,9,0,0
7,124,4.95,632,1429,624,1422,2,2,0,0
7,125,10.84,1605,4303,989,2743,205,520,0,0
7,126,13.64,1738,2642,1140,1614,199,343,0,0
7,127,13.13,1370,2890,1301,2818,1,2,0,0
8,41,5.83,376,741,343,683,11,19,0,0
8,42,11.66,869,1702,725,1441,48,87,0,0
8,43,12.07,1027,2244,737,1720,85,156,0,0
8,44,4.94,424,859,300,630,35,70,0,0
8,45,11.22,701,2016,531,1679,35,57,0,0
8,46,5.58,465,1089,409,1006,9,18,0,0
8,47,9.17,1142,3517,1119,3494,8,8,0,0
8,48,7.3,522,1044,397,810,3,9,0,0
8,49,5.51,435,750,335,640,33,37,0,0
8,50,3.42,103,114,17,24,12,13,0,0
8,75,2.13,569,1365,138,377,398,1194,0,0
8,85,1,126,253,126,253,0,0,0,0
8,91,1.01,189,565,188,563,0,1,0,0
8,92,0.89,98,394,98,394,0,0,0,0
8,97,7.49,431,1099,395,1038,12,20,0,0
8,98,10.74,1049,2200,1041,2184,3,5,0,0
8,99,8.18,767,1693,737,1633,10,20,0,0
8,100,18.32,1267,2571,1196,2462,23,36,0,0
8,101,5.4,488,1469,259,715,77,251,0,0
8,102,10.55,984,2591,764,2053,6,9,0,0
8,103,2.37,212,630,207,621,2,3,0,0
8,104,6.33,430,1090,344,967,9,14,0,0
8,105,6.34,276,716,224,654,10,13,0,0
8,111,2.42,136,221,96,117,11,32,0,0
8,112,3.43,468,780,285,530,61,83,0,0
8,113,2.65,684,1443,509,1268,0,0,0,0
8,114,1.63,868,3434,0,0,855,3422,0,0
8,115,2.6,1579,4565,104,313,1266,3625,0,0
8,116,0.18,494,988,0,0,494,988,0,0
8,118,0.24,124,249,31,62,31,62,0,0
8,120,1,86,172,22,43,22,43,0,0
8,121,8.1,380,953,339,846,14,36,0,0
8,122,12.16,940,2841,884,2716,19,42,0,0
8,123,10.82,745,1890,611,1718,7,20,0,0
8,124,13.23,897,1878,743,1724,9,9,0,0
8,125,17.8,1195,3248,1089,3049,26,57,0,0
8,126,22.86,1476,3945,1277,3401,52,135,0,0
8,127,12.14,805,2234,641,1803,46,108,0,0
9,13,0.11,92,184,23,46,23,46,0,0
9,14,0.4,344,688,86,172,86,172,0,0
9,17,3,265,339,84,157,11,11,0,0
9,41,1.73,189,378,189,378,0,0,0,0
9,42,6.29,301,558,262,519,5,5,0,0
9,43,17.25,1317,2778,1035,2244,74,137,0,0
9,44,8.71,282,447,144,273,15,15,0,0
9,45,12.16,1231,3564,577,1468,50,86,333,1333
9,46,17.93,2111,5342,1405,3606,286,742,3,11
9,47,15.31,1677,4351,1325,3487,87,237,0,0
9,48,15.05,1268,2924,892,2185,125,246,0,0
9,49,6.45,774,1822,714,1705,1,1,0,0
9,73,1,270,811,68,203,68,203,0,0
9,84,1,91,181,23,45,23,45,0,0
9,90,3.97,399,797,372,745,9,17,0,0
9,91,3.99,341,665,208,415,40,79,0,0
9,92,9.11,845,1705,724,1472,3,6,0,0
9,93,5.47,288,971,101,310,37,118,0,0
9,97,7.23,515,1020,473,943,14,26,0,0
9,98,9.92,718,1475,671,1413,9,14,0,0
9,99,8.39,1022,3482,990,3435,11,16,0,0
9,100,14.24,1248,2602,1157,2456,27,43,0,0
9,101,15.62,1134,2363,1011,2093,27,76,0,0
9,102,26.94,1778,4121,1387,3208,87,200,0,0
9,103,17.1,1292,3670,1254,3595,9,21,0,0
9,104,19.99,1175,3186,1117,3094,11,22,0,0
9,105,8.83,529,1306,518,1288,2,5,0,0
9,111,2.5,246,453,202,322,15,44,0,0
9,112,25.94,1641,3596,1396,3223,45,88,0,0
9,113,18.07,1221,2442,1131,2352,5,5,0,0
9,114,3,804,1608,99,198,507,1014,0,0
9,115,1.54,1985,4034,0,0,1985,4034,0,0
9,116,3.13,3937,8131,0,0,3937,8131,0,0
9,117,1.82,1479,3647,349,349,1130,3298,0,0
9,118,4.76,523,911,131,228,131,228,0,0
9,121,10.64,855,1583,785,1490,24,31,0,0
9,122,13.01,1076,2769,990,2592,10,22,0,0
9,123,12,961,2798,868,2612,11,23,0,0
9,124,24.84,1212,2772,958,2303,64,116,0,0
9,125,16.78,1172,3137,971,2787,26,44,0,0
9,126,10.39,1206,2598,938,2252,65,91,0,0
9,127,15.39,1267,3379,1053,2935,43,70,0,0
10,13,0.11,92,185,23,46,23,46,0,0
10,14,1.38,431,862,108,215,108,215,0,0
10,33,1,31,63,8,16,8,16,0,0
10,34,1,16,32,4,8,4,8,0,0
10,39,7.38,405,1118,350,1027,14,26,0,0
10,40,6.68,394,857,334,780,10,15,0,0
10,41,5.64,596,1622,573,1591,8,10,0,0
10,42,0.01,1,3,1,3,0,0,0,0
10,43,15.28,1970,5421,1383,3852,129,341,0,0
10,44,13.88,924,2433,583,1882,95,131,0,0
10,45,26.18,2793,6808,1389,3800,559,1204,0,0
10,46,15.8,1249,2986,782,1752,108,269,0,0
10,47,14.17,971,2410,886,2243,15,30,0,0
10,48,8.53,797,1689,737,1575,6,11,0,0
10,49,15.26,1438,3056,1093,2382,145,288,0,0
10,50,6.93,772,1789,489,1228,95,187,0,0
10,89,0.48,37,75,0,0,0,0,0,0
10,90,5.73,617,1488,582,1419,12,23,0,0
10,92,10.16,598,1186,220,437,59,115,0,0
10,93,15.61,1014,2160,752,1688,67,124,0,0
10,94,10.91,583,894,466,777,27,27,0,0
10,96,1.58,210,502,210,502,0,0,0,0
10,97,12.45,937,2037,899,2000,7,7,0,0
10,98,11.54,717,1931,661,1863,16,20,0,0
10,99,0.8,108,247,81,193,0,0,0,0
10,100,12.39,935,2504,679,2094,3,4,0,0
10,101,27.53,2273,5621,1659,4391,183,376,0,0
10,102,39,2728,7295,2085,5954,233,481,0,0
10,103,15.45,1711,5285,1461,4805,14,21,0,0
10,104,17.67,1729,3962,1710,3924,6,13,0,0
10,105,7.64,692,1467,689,1465,1,1,0,0
10,111,3.56,255,511,255,511,0,0,0,0
10,112,28.51,1731,3448,1017,2264,98,165,0,0
10,113,29.1,1490,2978,1273,2725,43,55,0,0
10,114,18.16,1530,3240,1245,2788,92,181,0,0
10,115,4.06,713,1454,206,420,464,959,0,0
10,116,2.42,1760,4049,175,509,1712,3953,0,0
10,117,2.08,1027,2445,5,10,1018,2432,0,0
10,118,4.8,722,1733,478,1022,281,844,0,0
10,119,0.12,6,18,0,0,6,18,0,0
10,121,1.7,96,191,24,48,24,48,0,0
10,122,6.56,560,1176,476,1081,13,16,0,0
10,123,17.04,1156,2733,1012,2526,16,28,0,0
10,124,10.72,735,1584,618,1467,22,22,0,0
10,125,18.94,1257,3274,1048,2732,59,171,0,0
10,126,21.27,1792,4354,1365,3556,143,310,0,0
10,127,35.28,3339,8944,2413,6698,488,1348,0,0
11,12,1.9,1726,9738,432,2434,432,2434,0,0
11,13,1.13,225,540,56,135,56,135,0,0
11,35,3,134,244,99,193,12,17,0,0
11,39,6.01,361,569,333,534,8,11,0,0
11,40,3.75,348,560,320,532,0,0,0,0
11,41,8.86,593,1073,233,420,120,217,0,0
11,42,13.17,865,1490,764,1372,33,39,0,0
11,43,11.3,1189,2452,647,1478,150,289,0,0
11,44,31.84,3426,9416,2233,6331,298,766,0,0
11,45,20.02,1372,3508,1038,2985,96,159,0,0
11,46,19.81,1105,2278,810,1720,98,186,0,0
11,47,10.71,973,2162,932,2096,14,22,0,0
11,49,7.66,1151,2380,376,771,259,536,0,0
11,50,5.6,552,1194,269,560,95,211,0,0
11,89,2.55,181,361,127,254,4,8,0,0
11,90,8.32,820,2202,800,2182,2,2,0,0
11,93,4,231,461,103,207,6,12,0,0
11,94,14.88,933,2014,833,1889,45,81,0,0
11,95,3.03,534,912,134,228,322,605,0,0
11,96,3,236,575,228,567,3,3,0,0
11,97,9.66,1048,3099,926,2977,6,6,0,0
11,98,0.21,71,284,71,284,0,0,0,0
11,99,7,546,1174,479,1073,22,34,0,0
11,100,8.63,958,2009,958,2009,0,0,0,0
11,101,9.47,815,1704,762,1650,5,5,0,0
11,102,11.29,672,1225,376,752,50,94,0,0
11,103,11.52,1128,2605,972,2300,2,2,0,0
11,104,15.72,1317,2726,1145,2441,5,7,0,0
11,105,10,954,2119,773,1749,39,81,0,0
11,110,2,61,237,55,217,2,7,0,0
11,111,11.23,918,2685,740,2398,51,82,0,0
11,112,8.56,834,2707,787,2655,6,6,0,0
11,113,17.33,1437,3574,1251,3260,56,99,0,0
11,114,15.86,1409,3443,1212,2999,48,131,0,0
11,115,4.13,695,1904,300,750,435,1297,0,0
11,116,4.39,379,757,97,193,124,249,0,0
11,117,4.3,1565,4173,121,343,1463,3867,0,0
11,118,2.82,1139,3299,0,0,1139,3299,0,0
11,119,6.08,432,1173,354,1005,56,147,0,0
11,120,3,233,1004,225,996,3,3,0,0
11,122,2.88,203,406,180,361,7,15,0,0
11,123,4.82,382,1114,374,1106,3,3,0,0
11,124,6.63,1020,2423,448,1292,475,946,0,0
11,125,6.7,651,1326,330,525,62,132,0,0
11,126,15.74,1501,4233,1332,3998,26,42,0,0
11,127,30.44,3133,9539,2302,7441,756,2450,0,0
12,12,0.1,114,665,28,166,28,166,0,0
12,13,1.87,1070,2738,268,685,268,685,0,0
12,28,1,36,73,9,18,9,18,0,0
12,38,1,55,110,14,28,14,28,0,0
12,41,1.7,223,446,87,174,45,90,0,0
12,42,9.7,1346,2864,775,1750,107,201,0,0
12,43,19.23,1614,4622,669,1797,732,2331,0,0
12,44,21.49,2089,5483,1352,3536,442,1214,0,0
12,45,15.15,2016,5637,1643,4476,41,96,0,0
12,46,19.91,1137,2411,837,1825,87,170,0,0
12,47,5.77,421,778,334,667,7,15,0,0
12,49,0.03,5,10,1,2,1,2,0,0
12,50,0.97,147,294,37,73,37,73,0,0
12,88,3,101,177,82,157,6,6,0,0
12,90,10.23,716,1779,678,1720,7,9,0,0
12,91,9.33,643,1406,394,921,65,143,0,0
12,92,3.15,120,217,100,197,2,2,0,0
12,93,4.26,557,1448,482,1300,25,49,0,0
12,94,19.75,1331,2519,1007,1852,67,146,0,0
12,95,10.08,747,1565,665,1407,81,222,0,0
12,99,9.2,641,1258,608,1214,6,10,0,0
12,100,10.78,1031,2298,1019,2278,4,7,0,0
12,101,12.77,1007,2006,961,1928,15,26,0,0
12,102,15.92,1841,4239,1411,3457,115,205,0,0
12,103,5.09,755,2170,755,2170,0,0,0,0
12,104,12.39,1069,2122,713,1481,63,106,0,0
12,105,12.1,1238,2888,1179,2809,19,24,0,0
12,110,2.52,235,447,79,155,52,98,0,0
12,111,17.41,1355,5397,1221,5182,66,166,0,0
12,112,2.57,1663,8134,1479,7765,184,369,0,0
12,113,3.46,1247,2493,136,273,1056,2111,0,0
12,114,3.91,274,537,203,355,24,61,0,0
12,115,0.52,23,23,13,13,3,3,0,0
12,117,2,77,77,19,19,19,19,0,0
12,118,0.05,274,823,0,0,274,823,0,0
12,119,7.37,1548,4268,437,985,1093,3263,0,0
12,120,12.45,894,2597,845,2532,9,14,0,0
12,121,10.45,1050,2880,787,2206,14,14,0,0
12,122,16.97,1268,3030,927,2423,247,481,0,0
12,123,5.2,487,1146,483,1138,1,3,0,0
12,124,6.36,506,1497,497,1488,1,1,0,0
12,125,5,704,2088,692,2075,0,0,0,0
12,126,12.31,1054,2722,959,2628,18,18,0,0
12,127,20.68,1992,4796,1463,3513,41,53,292,875
13,38,4,516,708,372,420,48,96,0,0
13,39,5,220,432,151,299,47,91,0,0
13,40,4.1,281,563,139,277,2,4,0,0
13,41,20.69,1275,3042,835,2069,89,173,0,0
13,42,16.7,1021,2198,669,1554,150,314,0,0
13,43,20.19,1183,2278,671,1270,244,555,0,0
13,44,9,507,814,285,527,47,52,0,0
13,45,10.33,599,1352,370,859,69,158,0,0
13,46,6.42,325,631,115,260,70,124,0,0
13,85,2.15,190,379,120,241,1,2,0,0
13,86,0.06,3,4,2,3,0,0,0,0
13,87,1,14,26,2,2,8,20,0,0
13,88,0.65,945,2834,0,0,945,2834,0,0
13,89,2.15,122,229,107,214,0,0,0,0
13,90,17.18,1387,3130,516,1154,182,423,62,125
13,91,8.94,1489,4885,515,1576,319,1091,0,0
13,92,0.88,174,347,174,347,0,0,0,0
13,93,4.72,692,1600,692,1600,0,0,0,0
13,94,11.19,663,1719,475,1189,23,57,0,0
13,95,2.93,149,257,38,65,37,64,0,0
13,99,2.38,126,290,120,279,2,4,0,0
13,100,15.87,1176,2403,1129,2357,6,6,0,0
13,101,14.63,1364,2971,1212,2651,18,49,0,0
13,102,3.28,262,857,198,763,10,19,0,0
13,103,4.74,672,2479,634,2441,13,13,0,0
13,104,0.31,228,1365,228,1365,0,0,0,0
13,105,3.05,713,3346,522,3027,21,21,0,0
13,107,1.81,447,1342,85,254,282,846,0,0
13,109,2,1279,3762,20,39,1222,3649,0,0
13,110,6.21,4409,12833,120,327,4151,12159,0,0
13,111,4.57,889,3088,427,1801,400,1174,0,0
13,112,2.16,1462,2990,202,470,1260,2520,0,0
13,113,1.16,911,1985,0,0,911,1985,0,0
13,114,4.2,400,400,376,376,8,8,0,0
13,115,0.16,16,16,16,16,0,0,0,0
13,118,0.01,85,255,0,0,85,255,0,0
13,119,0.76,4526,13578,0,0,4526,13578,0,0
13,120,12.07,1069,2924,1057,2911,4,4,0,0
13,121,17.09,1287,3235,645,1873,213,574,0,0
13,122,8.12,475,956,374,828,6,9,0,0
13,123,0.67,71,212,70,210,0,1,0,0
13,124,13.75,1018,2805,991,2766,9,13,0,0
13,125,5.93,587,1534,360,897,76,212,0,0
13,126,19.32,1438,3979,1218,3583,61,108,0,0
13,127,18.74,1859,4617,1376,3533,54,92,0,0
14,38,0.16,22,43,22,43,0,0,0,0
14,39,8.76,1053,2598,536,1195,172,468,0,0
14,40,6.72,530,1020,329,648,67,124,0,0
14,41,11.98,1386,3162,1154,2735,69,134,0,0
14,42,10.05,1066,2269,907,1927,42,91,0,0
14,43,15.84,930,2064,697,1590,78,158,0,0
14,44,0.2,3,3,1,1,1,1,0,0
14,45,11.04,687,1271,490,968,49,84,0,0
14,46,8.22,701,1403,680,1360,7,14,0,0
14,47,3,198,396,150,300,16,32,0,0
14,85,11.79,642,1290,406,772,73,167,0,0
14,86,12.33,861,1762,718,1538,26,40,0,0
14,87,0.66,96,191,96,191,0,0,0,0
14,88,2.94,1626,4843,5,5,1613,4829,0,0
14,89,10.82,1967,5138,530,1137,1093,3259,0,0
14,90,23.51,1695,4323,1138,3311,139,315,173,345
14,91,0.15,43,85,0,0,0,0,43,85
14,93,0.7,85,254,85,254,0,0,0,0
14,94,1.3,55,129,41,115,5,5,0,0
14,97,2.77,249,538,234,477,5,20,0,0
14,98,10.81,913,1816,886,1770,9,15,0,0
14,99,4.62,655,1489,521,1086,45,134,0,0
14,100,9.06,1031,1974,966,1874,10,10,0,0
14,101,9.75,1352,3296,1269,3049,28,83,0,0
14,102,4.5,586,1643,313,907,73,210,0,0
14,103,2.99,206,378,115,230,0,1,0,0
14,105,0.99,54,54,13,13,13,13,0,0
14,107,1.19,426,2442,97,581,97,581,0,0
14,109,1.28,5244,15529,204,408,5040,15120,0,0
14,110,0.42,7628,22885,0,1,7628,22885,0,0
14,111,10.47,958,3181,617,2263,250,746,0,0
14,112,2.91,2274,8928,96,223,2173,8691,0,0
14,113,0.95,1300,4130,0,0,262,1017,0,0
14,114,0.62,881,3042,0,0,120,480,0,0
14,115,1,61,61,15,15,15,15,0,0
14,119,3.75,362,984,362,984,0,0,0,0
14,120,14.69,1087,2667,918,2249,21,33,0,0
14,121,4.07,321,844,113,286,178,527,0,0
14,124,8.97,997,2697,993,2687,1,3,0,0
14,125,9.48,1216,3020,893,2146,32,65,0,0
14,126,9.9,1034,2716,789,2088,9,18,0,0
14,127,8.91,913,1974,799,1762,5,5,0,0
15,38,4.64,195,363,114,223,5,5,0,0
15,39,13.21,1030,2260,865,1949,11,15,0,0
15,40,8.92,672,1417,531,1210,22,44,0,0
15,41,12.94,880,1857,848,1807,11,17,0,0
15,42,13.82,1129,2241,1107,2212,4,6,0,0
15,43,9.61,716,1295,574,1010,48,95,0,0
15,45,2,183,325,41,41,0,0,0,0
15,46,6.73,1304,2569,558,1107,249,487,0,0
15,47,1,146,292,146,292,0,0,0,0
15,51,1,24,24,0,0,0,0,0,0
15,85,1.5,228,450,65,128,54,107,0,0
15,86,20.66,1173,2315,972,2056,90,185,0,0
15,87,16.38,1386,2625,1120,2258,89,153,0,0
15,88,10.13,1213,2629,1100,2453,24,45,0,0
15,89,23.38,1875,4562,1156,3015,188,424,0,0
15,90,5.5,355,758,221,497,45,87,0,0
15,97,6.38,499,855,476,829,1,2,0,0
15,98,15.47,1294,2559,1258,2510,12,16,0,0
15,99,10.24,1219,2547,995,2099,75,149,0,0
15,100,4.18,502,1025,502,1025,0,0,0,0
15,101,5.71,939,2051,939,2051,0,0,0,0
15,102,11.26,1409,3568,977,2484,127,311,0,0
15,103,5.16,1836,6454,721,1696,677,3447,0,0
15,104,1.14,1046,6270,0,0,1045,6269,0,0
15,105,0.02,0,0,0,0,0,0,0,0
15,107,2,118,435,79,358,13,26,0,0
15,108,3.59,2404,8675,631,1582,1773,7094,0,0
15,109,5.33,1586,5388,53,105,1449,5115,0,0
15,110,7.24,1505,5152,941,3477,558,1670,0,0
15,111,26.91,1360,3304,1162,3041,33,55,0,0
15,112,13.36,1257,3088,938,2512,258,509,0,0
15,113,9.23,1060,2477,1015,2388,5,9,0,0
15,114,5.7,1264,4449,333,756,280,1108,0,0
15,120,2,207,379,52,95,52,95,0,0
15,124,0.67,131,394,131,394,0,0,0,0
15,125,8.68,1099,2791,876,2234,114,279,0,0
15,126,10.79,715,1851,643,1699,26,55,0,0
15,127,10.35,677,1091,349,620,95,113,0,0
16,36,1,26,51,0,0,0,0,0,0
16,38,0.02,3,11,3,11,0,0,0,0
16,39,8.18,693,1471,677,1447,2,5,0,0
16,40,11.23,894,1849,749,1538,40,87,0,0
16,41,3.48,184,370,167,345,6,9,0,0
16,42,10.91,634,1250,539,1073,12,20,0,0
16,43,7.33,485,970,472,944,4,9,0,0
16,58,5,234,397,47,77,47,77,0,0
16,85,0.55,262,525,66,131,66,131,0,0
16,86,6.9,548,1007,276,545,70,133,0,0
16,87,9.27,774,1483,561,1110,64,117,0,0
16,88,8.17,518,1317,479,1267,6,9,0,0
16,89,2.82,115,339,97,321,6,6,0,0
16,90,1,21,21,5,5,5,5,0,0
16,97,6,709,1633,678,1582,10,17,0,0
16,98,12.8,1264,3077,1218,2985,15,31,0,0
16,99,9.42,1220,3065,1215,3060,2,2,0,0
16,100,4.3,600,1479,562,1404,0,0,0,0
16,101,5.66,783,1719,783,1719,0,0,0,0
16,102,8.68,935,1935,673,1472,71,138,0,0
16,103,5.94,1541,7104,755,3217,771,4069,0,0
16,104,1.63,287,1412,4,4,217,1285,0,0
16,105,10.23,864,2042,589,1519,82,154,0,0
16,106,0.16,8,17,0,0,0,0,0,0
16,108,2.07,1176,3421,124,358,1138,3345,0,0
16,109,6.77,618,1388,468,935,102,359,0,0
16,110,4.93,584,2103,569,2066,5,12,0,0
16,111,12.07,1132,4328,1052,4243,18,20,0,0
16,112,13.29,1314,3211,943,2477,356,709,0,0
16,113,11,1260,3126,1151,2908,109,218,0,0
16,114,0.31,220,441,220,441,0,0,0,0
16,115,1.28,999,2708,999,2708,0,0,0,0
17,39,5.54,479,958,431,863,9,18,0,0
17,40,2,318,816,318,816,0,0,0,0
17,86,5.35,631,705,606,647,8,19,0,0
17,87,7.47,718,1527,318,578,128,311,0,0
17,88,6.43,704,1709,365,1019,81,165,0,0
17,89,1,246,491,61,123,61,123,0,0
17,90,1,2,2,1,1,1,1,0,0
17,95,0.48,50,99,50,99,0,0,0,0
17,96,1,274,822,274,822,0,0,0,0
17,97,0.02,3,8,3,8,0,0,0,0
17,98,9.97,952,2217,879,2080,33,62,0,0
17,99,7.77,935,2447,899,2374,0,1,0,0
17,100,5.42,966,2567,966,2567,0,0,0,0
17,101,6.53,854,2116,854,2116,0,0,0,0
17,102,4.05,520,1151,338,733,61,140,0,0
17,103,10.39,2028,9596,1428,7877,544,2614,0,0
17,104,5.1,717,2174,410,1559,61,164,0,0
17,105,5.02,787,2766,507,2210,240,479,0,0
17,106,0.54,58,117,41,82,3,6,0,0
17,107,3.78,681,1524,261,685,0,0,0,0
17,108,10,1117,2719,703,1715,337,831,0,0
17,109,5.16,646,1438,634,1414,4,8,0,0
17,110,22.72,1550,4927,1225,4337,135,346,0,0
17,111,18.06,2082,3642,800,1188,1202,2328,0,0
17,112,7.67,1079,2548,390,1169,689,1378,0,0
17,113,6.73,845,2008,654,1625,64,128,0,0
17,114,1.53,127,381,127,381,0,0,0,0
17,115,2.39,1029,3985,1029,3985,0,0,0,0
17,126,1,46,91,11,23,11,23,0,0
18,19,1.21,198,396,198,396,0,0,0,0
18,20,0.06,6,12,6,12,0,0,0,0
18,21,1.93,318,636,80,159,80,159,0,0
18,22,0.07,21,42,5,10,5,10,0,0
18,39,0.15,4,7,0,0,0,0,0,0
18,87,8.03,699,1267,404,677,98,197,0,0
18,88,6.47,680,1289,595,1173,18,18,0,0
18,89,4.1,476,1044,335,765,47,93,0,0
18,90,6,561,801,415,633,120,128,0,0
18,91,6.62,431,915,343,776,13,13,0,0
18,92,0.85,25,37,3,3,3,3,0,0
18,95,1.52,168,336,54,108,0,0,0,0
18,96,4.14,746,1879,685,1695,0,0,0,0
18,97,8.6,696,1693,622,1582,8,16,0,0
18,98,5.97,492,1364,439,1273,15,24,0,0
18,99,9.37,763,2072,564,1794,51,70,0,0
18,100,17.25,1731,5127,1512,4723,31,55,0,0
18,101,13.54,1707,5213,1317,4482,144,509,0,0
18,102,11.36,1863,6837,1646,6234,94,264,0,0
18,103,5.11,1775,7840,693,2602,330,1486,0,0
18,104,12.78,1825,5172,1664,4906,72,125,0,0
18,105,4.11,690,2663,182,707,135,548,0,0
18,106,9.03,845,2535,583,1893,64,174,0,0
18,107,7.73,2606,7821,616,1866,1056,3138,0,0
18,108,12.86,1039,2582,899,2278,77,163,0,0
18,109,25.31,1882,5450,1651,5130,37,56,0,0
18,110,32.41,1855,4299,1455,3556,34,58,0,0
18,111,29.02,2396,3834,2095,3473,14,18,0,0
18,112,7.8,2026,7266,641,2559,371,1478,0,0
18,113,1.48,461,1803,461,1803,0,0,0,0
18,114,0.6,25,25,6,6,6,6,0,0
18,115,1.02,136,299,41,108,32,64,0,0
18,116,1,208,417,52,104,52,104,0,0
19,19,6.71,442,857,408,809,11,16,0,0
19,20,1.02,18,21,6,9,4,4,0,0
19,85,1,73,146,18,37,18,37,0,0
19,87,7.06,888,1678,454,651,145,342,0,0
19,89,3.15,310,596,283,569,0,0,0,0
19,90,2.85,228,538,208,518,7,7,0,0
19,91,5.08,692,783,676,764,5,5,0,0
19,92,10.45,550,1107,253,508,51,105,0,0
19,96,0.27,118,353,118,353,0,0,0,0
19,98,4,86,220,22,55,22,55,0,0
19,99,0.76,112,362,13,63,0,0,0,0
19,100,23.94,1774,4667,1507,4022,35,92,0,0
19,101,29.99,2235,6540,1676,4851,33,41,334,1336
19,102,18.97,2442,7855,1904,6538,229,732,0,0
19,103,23.77,3897,14450,2381,9408,750,2845,0,0
19,104,18.73,2658,8504,1711,5618,485,1337,0,0
19,105,12.4,2940,10013,1262,4020,1163,3843,0,0
19,106,19.52,2292,6729,1453,4970,357,845,0,0
19,107,8.47,1294,4333,683,2379,209,662,0,0
19,108,13.2,1427,3884,831,2600,387,815,0,0
19,109,18.3,1461,3483,1085,2858,188,368,0,0
19,110,22.46,1621,3514,1313,3009,8,8,0,0
19,111,12.71,1305,3361,885,2282,87,255,0,0
19,112,8.18,933,2035,268,583,119,286,0,0
19,113,0.9,92,184,23,46,23,46,0,0
19,114,0.4,17,17,4,4,4,4,0,0
19,124,1,113,225,28,56,28,56,0,0
19,126,1,28,28,0,0,0,0,0,0
20,20,1.96,233,434,117,227,38,69,0,0
20,21,1.04,500,1486,136,393,121,364,0,0
20,22,2.89,78,129,51,98,5,6,0,0
20,82,1,21,21,5,5,5,5,0,0
20,87,1.92,287,831,72,208,72,208,0,0
20,89,0.52,236,945,59,236,59,236,0,0
20,90,0.48,218,871,54,218,54,218,0,0
20,99,1,111,333,111,333,0,0,0,0
20,100,12.33,1051,2371,739,1750,94,177,0,0
20,101,20.21,1958,4828,1392,3663,30,74,0,0
20,102,27.63,3416,10471,2529,8023,746,2152,0,0
20,103,15.2,2540,9557,1792,6668,799,3508,0,0
20,104,20.53,2438,8549,1827,6720,453,1547,0,0
20,105,24.29,2812,8569,1862,6593,736,1763,0,0
20,106,20.44,2083,6702,1354,4874,516,1541,0,0
20,107,25.76,2228,6543,1602,4943,86,216,0,0
20,108,21.96,2336,7100,1617,5352,551,1611,0,0
20,109,8.87,945,2888,735,2335,172,504,0,0
20,110,19.06,1372,3067,1007,2294,29,56,0,0
20,111,5.7,489,1387,365,1153,14,22,0,0
20,112,2.93,308,616,187,373,24,48,0,0
20,113,2,318,611,0,0,293,586,0,0
21,14,1,102,205,26,51,26,51,0,0
21,17,4.16,533,971,181,338,279,535,0,0
21,18,3.24,278,587,181,490,4,4,0,0
21,22,8.11,618,1220,522,1044,5,11,0,0
21,100,17.35,1766,5182,1418,4476,29,53,0,0
21,101,22.56,2969,8812,2088,6193,124,403,0,0
21,102,11.18,929,2834,795,2659,43,54,0,0
21,103,19.87,1640,4762,1451,4454,16,17,0,0
21,104,18.93,1641,5315,1102,3259,149,622,0,0
21,105,14.93,2403,5982,1369,3051,1003,2763,0,0
21,106,16.04,938,2431,804,2183,86,168,0,0
21,107,16.58,1320,3086,1060,2426,19,57,0,0
21,108,12.62,1959,6366,1336,3912,203,814,0,0
21,109,17.11,1060,2562,877,2295,22,27,0,0
21,110,19.2,1514,3803,950,2691,22,22,0,0
21,111,17.2,1133,2505,1011,2271,12,12,0,0
21,112,12.71,1228,2505,1155,2399,13,21,0,0
21,113,2.77,549,1343,156,311,0,0,245,736
21,114,1.43,345,896,93,186,207,621,0,0
21,115,0.08,86,258,0,0,86,258,0,0
22,17,4.6,942,2265,145,385,508,1111,0,0
22,18,3,246,685,206,606,13,26,0,0
22,100,20.22,1650,4442,1379,3917,22,38,0,0
22,101,19.68,1626,4182,1406,3843,27,27,0,0
22,102,8.45,768,1663,470,1097,60,119,0,0
22,103,11.16,1134,2785,780,1844,8,9,0,0
22,104,4.56,1646,9055,516,2472,376,2193,0,0
22,105,7.46,2053,10230,719,3236,391,2225,0,0
22,106,14.93,978,2293,731,1775,72,163,0,0
22,107,9.84,1564,5403,997,2720,13,13,529,2645
22,108,11.59,1025,2530,969,2425,6,11,0,0
22,109,14.94,1073,2397,909,2088,7,13,0,0
22,110,14.07,1088,2447,988,2268,71,136,0,0
22,111,13.07,1137,2842,1034,2695,12,17,0,0
22,112,15.22,1133,2917,801,2287,39,77,0,0
22,113,5.88,996,1992,234,468,294,588,0,0
22,114,3.85,1040,2678,47,85,899,2421,0,0
22,115,0.13,141,422,0,0,141,422,0,0
23,14,3,2937,5811,16,16,2890,5764,0,0
23,40,1,219,438,55,110,55,110,0,0
23,99,2.55,173,447,137,412,0,0,0,0
23,100,2.12,133,368,122,357,2,2,0,0
23,101,0.98,396,792,0,0,396,792,0,0
23,102,2.6,238,458,126,251,31,63,0,0
23,103,2.25,73,172,51,150,1,1,0,0
23,104,0.89,3386,20318,847,5080,847,5080,0,0
23,105,14.88,1572,5494,934,3019,111,634,0,0
23,106,11.1,815,1900,696,1702,24,35,0,0
23,107,10.96,1185,2877,739,1667,134,389,0,0
23,108,12.94,1258,2840,1244,2826,1,1,0,0
23,109,10.98,1097,2615,1083,2601,1,1,0,0
23,110,12.86,1330,3402,1194,3017,45,128,0,0
23,111,7.43,849,1988,835,1965,5,7,0,0
23,112,8.3,714,1705,499,1275,46,93,0,0
23,113,7.88,879,2109,473,1153,215,538,0,0
23,114,2.83,1086,2214,115,231,971,1983,0,0
23,116,1,191,573,48,143,48,143,0,0
23,123,0.05,9,19,2,5,2,5,0,0
23,124,0.95,169,338,42,84,42,84,0,0
24,101,0.02,9,19,0,0,9,19,0,0
24,105,6.34,995,1954,292,582,689,1377,0,0
24,106,8.61,641,1282,371,741,38,76,0,0
24,107,0.99,81,162,0,0,81,162,0,0
24,108,5.55,531,1114,521,1103,4,5,0,0
24,109,8.86,967,2138,961,2132,2,2,0,0
24,110,7.35,475,1030,434,985,47,123,0,0
24,111,2.81,173,292,132,251,14,14,0,0
24,112,1,76,151,19,38,19,38,0,0
24,113,1.42,56,112,44,89,4,8,0,0
24,114,1.19,300,599,157,314,143,285,0,0
24,115,2,164,288,41,72,41,72,0,0
25,33,1,101,101,25,25,25,25,0,0
25,88,3.41,197,358,80,181,39,59,0,0
25,99,1,82,164,21,41,21,41,0,0
25,107,3,467,933,117,233,117,233,0,0
25,108,1.58,361,855,67,267,294,588,0,0
25,109,3.11,251,491,121,361,7,7,0,0
25,113,1.53,371,743,0,0,371,743,0,0
25,114,8.05,6619,19357,0,0,6619,19357,0,0
25,115,0.28,1634,6535,0,0,1634,6535,0,0
26,32,1,33,65,8,16,8,16,0,0
26,87,0.36,8,16,2,4,2,4,0,0
26,88,9.24,619,1291,195,442,141,283,0,0
26,114,1.65,2907,9740,20,20,2847,9679,0,0
26,115,0.3,1780,7120,0,0,1780,7120,0,0
26,122,3.06,227,348,221,336,2,4,0,0
26,123,2.11,105,181,102,178,1,1,0,0
27,34,0.35,29,58,6,12,11,22,0,0
27,35,1.99,736,1567,96,288,639,1279,0,0
27,123,11.77,947,1774,941,1766,2,3,0,0
27,124,4.1,414,828,332,664,27,55,0,0
28,28,1,72,72,18,18,18,18,0,0
28,34,1.66,159,431,124,361,12,23,0,0
28,43,6,2166,5643,125,374,1791,4520,0,0
28,44,0.02,26,53,0,0,26,53,0,0
28,122,1.02,82,245,82,245,0,0,0,0
28,123,12.7,843,2109,764,1971,26,46,0,0
28,124,2.61,278,732,278,732,0,0,0,0
29,27,1,31,31,8,8,8,8,0,0
29,29,1.49,264,618,66,154,66,154,0,0
29,30,2.51,548,1464,137,366,137,366,0,0
29,31,2.95,727,1119,182,280,182,280,0,0
29,33,4.38,1128,3212,282,803,282,803,0,0
29,34,6.92,938,2112,234,528,234,528,0,0
29,40,1,1081,3243,0,0,1081,3243,0,0
29,42,1,101,203,25,51,25,51,0,0
29,43,5,1790,4429,0,0,1790,4429,0,0
29,44,0.98,1720,3439,0,0,1720,3439,0,0
29,116,1,20,20,5,5,5,5,0,0
29,122,5.92,295,439,238,375,19,21,0,0
29,123,15.41,1082,2737,946,2483,57,96,0,0
29,124,19.82,1552,4334,1147,3307,30,49,0,0
29,125,8.99,1034,1881,408,806,349,637,0,0
29,126,1.35,206,413,78,156,42,84,0,0
30,27,2,239,406,60,101,60,101,0,0
30,28,2,336,606,84,152,84,152,0,0
30,30,0.02,3,10,1,3,1,3,0,0
30,31,5.67,957,2352,239,588,239,588,0,0
30,32,1.99,410,1148,103,287,103,287,0,0
30,33,2.56,1000,3013,250,753,250,753,0,0
30,34,2,1270,2539,317,635,317,635,0,0
30,110,0.7,523,1556,0,0,523,1556,0,0
30,111,2.24,1579,3313,18,18,1525,3259,0,0
30,115,11.61,1030,2520,1026,2510,1,3,0,0
30,116,9.96,850,1890,764,1635,29,85,0,0
30,117,0.41,28,37,21,23,2,5,0,0
30,118,9.79,1137,1165,1137,1164,0,0,0,0
30,119,18.55,1473,3232,1162,2799,29,43,0,0
30,120,11.97,1232,3219,352,989,829,2346,0,0
30,121,2.14,327,645,298,616,10,10,0,0
30,122,4.98,283,574,120,240,23,47,8,23
30,123,9.33,1100,2854,738,1830,69,198,0,0
30,124,7.13,851,3024,513,1538,109,484,0,0
30,125,5.74,327,862,237,692,23,50,0,0
30,126,1.95,86,128,11,11,11,11,0,0
31,31,0.56,97,195,24,49,24,49,0,0
31,32,0.95,355,710,89,177,89,177,0,0
31,111,4.24,1787,4343,21,61,1765,4280,0,0
31,112,0.04,31,94,0,0,31,94,0,0
31,114,6.13,373,809,309,715,21,31,0,0
31,115,11.52,1117,3064,841,2431,92,211,0,0
31,116,26.7,1739,3818,1219,2914,154,268,0,0
31,117,27.03,1998,5193,1306,3640,96,139,0,0
31,118,16.1,1928,4336,1658,3812,31,37,0,0
31,119,18.43,1773,5144,1306,3857,78,204,0,0
31,120,13.99,1442,3945,791,2333,235,560,0,0
31,121,21.57,1581,4428,1206,3523,106,282,0,0
31,122,23.95,2513,6606,1126,3037,348,915,237,712
31,123,12.33,1663,4720,1240,3698,124,323,0,0
31,124,7.87,456,791,330,651,14,19,0,0
31,126,1,7,7,2,2,2,2,0,0
32,75,1,31,31,8,8,8,8,0,0
32,111,0.78,71,214,71,214,0,0,0,0
32,112,2.3,296,675,146,374,0,0,0,0
32,113,19.13,1088,2516,681,1673,16,16,0,0
32,114,35.03,2535,6550,2014,5358,52,101,0,0
32,115,16.79,2512,6532,938,2616,1305,3431,0,0
32,116,12.7,3710,7841,441,1189,3062,6247,0,0
32,117,19.66,1351,3418,1115,2944,94,203,0,0
32,118,27.15,1873,4635,1318,3722,205,477,0,0
32,119,5.79,609,1483,309,777,16,28,0,0
32,120,0.23,26,77,7,22,0,0,0,0
32,121,0.69,106,223,27,56,27,56,0,0
32,122,0.9,66,110,16,28,16,28,0,0
32,123,3.53,364,837,259,644,83,167,0,0
32,124,7.74,885,1832,598,1307,89,168,0,0
32,126,1.91,399,1304,27,108,318,981,0,0
33,111,2,185,339,154,308,0,0,0,0
33,112,5.32,299,767,243,648,6,15,0,0
33,113,3.9,148,298,102,251,7,7,0,0
33,114,9.91,826,2408,617,1664,62,241,0,0
33,115,2.57,759,2383,228,790,531,1593,0,0
33,116,5.97,1074,2845,309,832,475,1332,0,0
33,117,7,401,903,360,806,14,33,0,0
33,118,15.87,1333,3063,1139,2685,14,25,0,0
33,119,7.48,375,793,323,723,12,18,0,0
33,120,1.72,134,223,89,178,0,0,0,0
33,121,0.82,46,138,11,34,11,34,0,0
33,123,9,801,1462,321,615,88,148,0,0
33,124,3.48,564,1870,272,859,97,337,0,0
33,125,8.8,1598,4156,181,342,1375,3769,0,0
33,126,2.35,582,1558,5,20,567,1499,0,0
34,41,0.01,1,1,0,0,0,0,0,0
34,42,0.99,69,69,17,17,17,17,0,0
34,111,2,118,202,84,169,0,0,0,0
34,112,3,179,299,127,247,7,7,0,0
34,117,4.14,678,1535,258,648,140,296,0,0
34,118,5.89,694,1832,569,1633,25,49,0,0
34,119,11.2,508,1021,304,624,12,24,0,0
34,120,9.19,436,968,389,922,15,15,0,0
34,123,2,232,464,232,464,0,0,0,0
34,124,13.59,921,1721,538,1065,205,398,0,0
34,125,8.61,1000,2198,253,506,672,1540,0,0
34,126,0.32,62,187,6,17,45,136,0,0
35,117,0.86,107,277,27,69,27,69,0,0
35,118,2,158,158,146,146,0,0,0,0
35,119,2,109,212,27,53,27,53,0,0
35,124,11.41,937,1955,856,1835,9,9,0,0
35,125,2,1990,3980,0,0,1990,3980,0,0
36,61,0.33,142,427,0,0,142,427,0,0
36,78,1,58,116,15,29,15,29,0,0
36,80,0.35,18,35,4,9,4,9,0,0
36,119,6.22,2281,5797,466,1240,1148,2605,0,0
36,120,0.78,149,298,37,74,37,74,0,0
36,123,7,228,411,125,292,12,18,0,0
36,124,16.28,2166,5280,1593,3754,182,499,0,0
36,125,1.83,434,1038,148,338,95,233,0,0
37,60,1.15,150,300,38,75,38,75,0,0
37,61,4.07,1838,3899,34,47,1737,3756,0,0
37,62,0.96,428,1284,0,0,428,1284,0,0
37,80,0.65,33,67,8,17,8,17,0,0
37,123,0.82,130,259,130,259,0,0,0,0
37,124,27.58,1901,4482,1486,3652,244,488,0,0
37,125,6.73,566,1355,456,1151,37,68,0,0
37,126,0.85,71,71,18,18,18,18,0,0
38,52,4,186,329,137,264,16,22,0,0
38,53,0.5,8,8,2,2,2,2,0,0
38,55,1.52,176,353,110,221,22,44,0,0
38,56,0.03,6,11,1,3,1,3,0,0
38,60,10.11,1102,2096,802,1742,98,114,0,0
38,61,4.04,616,1260,449,907,56,118,0,0
38,62,5,600,1292,396,815,68,159,0,0
38,121,1.99,367,729,92,182,92,182,0,0
38,124,12.56,1771,4455,1278,3394,215,455,0,0
38,125,14.99,1286,3082,1044,2456,70,198,0,0
38,126,1.73,162,484,162,484,0,0,0,0
39,52,5.38,300,532,240,472,20,20,0,0
39,53,4.53,804,2203,540,1569,88,211,0,0
39,54,0.49,79,317,20,79,20,79,0,0
39,55,2.74,356,713,311,622,15,30,0,0
39,56,1.79,199,405,167,336,11,23,0,0
39,57,5.46,975,2738,309,814,222,641,0,0
39,58,6.39,895,1524,324,482,190,348,0,0
39,59,8.28,689,1637,190,391,87,184,228,684
39,60,9.43,1739,4264,764,1941,325,774,0,0
39,61,9.16,1160,2824,343,807,518,1214,0,0
39,62,5.34,2128,6194,242,714,1862,5432,0,0
39,85,1,9,9,2,2,2,2,0,0
39,86,1,10,10,2,2,2,2,0,0
39,87,1,121,241,0,0,0,0,0,0
39,116,1,58,117,15,29,15,29,0,0
39,119,6.05,899,2620,119,331,756,2251,0,0
39,120,8.95,1001,2418,1001,2418,0,0,0,0
39,121,12.3,1361,2763,892,1901,139,253,0,0
39,122,8.24,1067,2472,1020,2398,16,25,0,0
39,123,7.7,633,1252,463,978,35,70,0,0
39,124,8.74,2218,4931,1069,2333,487,1346,0,0
39,125,4.88,631,1226,405,800,75,142,0,0
39,126,15.59,1303,2701,984,2334,106,122,0,0
39,127,7.83,793,1772,786,1765,0,0,0,0
40,53,0.5,776,1556,10,24,755,1510,0,0
40,54,2.34,1332,2793,163,358,1105,2242,0,0
40,55,0.23,38,114,9,28,9,28,0,0
40,56,6.96,824,2254,458,1360,68,189,0,0
40,57,16.05,1860,4997,672,1888,384,1025,0,0
40,58,14.29,2351,6202,711,1931,637,1711,0,0
40,59,9.82,1283,3581,658,1757,246,798,124,373
40,60,4.36,525,1296,511,1283,5,5,0,0
40,61,6.22,739,1963,247,690,178,501,0,0
40,62,2.61,1436,4198,153,456,1279,3733,0,0
40,63,1.12,128,169,128,169,0,0,0,0
40,85,2.96,551,765,551,765,0,0,0,0
40,86,10.04,674,1027,545,898,14,14,0,0
40,87,2.96,387,923,363,875,8,16,0,0
40,88,1.04,166,332,166,332,0,0,0,0
40,114,2.74,1748,4518,437,1130,437,1130,0,0
40,115,0.01,8,16,2,4,2,4,0,0
40,116,1.95,915,2729,2,2,909,2722,0,0
40,117,0.05,52,155,0,0,52,155,0,0
40,120,7.09,786,1588,780,1583,2,2,0,0
40,121,3.29,389,1011,357,948,0,0,0,0
40,122,3.38,508,1357,277,790,42,83,0,0
40,123,11.93,1326,3650,1031,3071,95,186,0,0
40,124,18.56,1662,3715,1021,2350,242,605,0,0
40,125,7.37,1220,3364,207,414,409,835,461,1842
40,126,8.62,2015,5186,624,1096,1338,3989,0,0
40,127,12.05,1099,2415,952,2052,8,8,0,0
41,53,0.03,55,109,0,0,55,109,0,0
41,56,0.98,249,604,71,169,59,145,0,0
41,57,7.56,3040,9884,404,1069,1813,6679,0,0
41,58,0.12,37,111,0,0,37,111,0,0
41,62,2.45,459,919,415,831,15,29,0,0
41,63,1.55,241,483,60,121,60,121,0,0
41,84,1,63,314,16,78,16,78,0,0
41,85,2.59,281,419,281,419,0,0,0,0
41,86,8,968,2067,891,1953,26,38,0,0
41,87,6,358,672,321,636,3,3,0,0
41,88,2.16,550,1463,152,304,374,1111,0,0
41,114,1.25,424,848,106,212,106,212,0,0
41,120,4.18,518,1037,518,1037,0,0,0,0
41,121,10.27,1146,2299,1136,2278,3,7,0,0
41,122,2.48,171,444,166,434,2,3,0,0
41,123,2.19,403,806,90,181,90,181,0,0
41,124,7.41,2309,5782,668,1325,1429,4034,0,0
41,125,14.25,1245,2597,667,1484,272,529,0,0
41,126,17.7,1243,2806,918,2078,37,72,0,0
41,127,12.38,1308,3709,1203,3583,23,23,0,0
42,56,8.13,664,1285,452,895,67,126,0,0
42,57,3.19,2172,4977,121,274,2050,4703,0,0
42,58,0.01,9,18,0,0,9,18,0,0
42,83,1,102,305,102,305,0,0,0,0
42,84,1.69,247,495,157,314,30,60,0,0
42,85,4.27,564,1472,551,1459,4,4,0,0
42,86,5.24,1127,2536,1124,2525,1,3,0,0
42,87,3.78,311,797,156,357,52,147,0,0
42,88,1.43,2220,5962,0,0,2220,5962,0,0
42,121,5,602,1205,587,1174,5,10,0,0
42,122,4.63,592,1184,592,1184,0,0,0,0
42,123,8.14,709,1469,681,1424,10,15,0,0
42,124,3.79,1302,3302,264,511,1038,2791,0,0
42,125,5.56,676,1546,676,1546,0,0,0,0
42,126,5.22,627,1267,525,1065,34,68,0,0
42,127,16.16,923,2056,749,1675,16,20,0,0
43,55,4.02,412,703,298,588,2,2,0,0
43,56,3.47,349,698,259,518,30,60,0,0
43,57,2.71,424,761,220,473,124,208,0,0
43,82,1,49,147,0,0,0,0,0,0
43,83,0.51,29,87,29,87,0,0,0,0
43,84,1.8,148,324,148,324,0,0,0,0
43,85,12.27,1324,3431,784,1953,172,485,0,0
43,86,6.36,1108,2823,444,1171,187,482,0,0
43,88,0.41,243,243,0,0,243,243,0,0
43,122,2.97,191,382,184,367,2,5,0,0
43,123,11.18,1090,2483,932,2060,53,141,0,0
43,124,3.26,468,1044,468,1044,0,0,0,0
43,125,10.7,1347,3760,1293,3706,18,18,0,0
43,126,5.3,907,3906,902,3890,2,5,0,0
43,127,2,218,560,218,560,0,0,0,0
44,54,2,1987,3974,0,0,1987,3974,0,0
44,55,2.84,409,630,336,483,25,49,0,0
44,56,1.72,250,500,250,500,0,0,0,0
44,82,3,1029,2041,4,4,998,1991,0,0
44,83,2,859,1718,0,0,859,1718,0,0
44,84,1,247,493,62,123,62,123,0,0
44,85,10.74,2293,7328,1076,3000,391,1412,0,0
44,86,6.18,1284,3321,761,1987,174,445,0,0
44,88,2.17,221,477,213,470,0,0,0,0
44,89,3.89,431,1123,258,691,45,132,0,0
44,90,0.75,92,184,92,184,0,0,0,0
44,123,4.15,361,805,325,770,0,0,0,0
44,124,0.52,46,92,46,92,0,0,0,0
44,125,3,792,2139,198,535,198,535,0,0
44,126,5.85,2019,5400,200,611,1818,4788,0,0
44,127,0.27,36,145,36,145,0,0,0,0
45,84,0.09,17,35,4,9,4,9,0,0
45,85,7.65,783,1704,692,1562,30,47,0,0
45,86,11.65,2080,5135,1046,3030,270,540,0,0
45,87,1.99,390,904,390,904,0,0,0,0
45,88,8.24,636,1137,506,878,36,63,0,0
45,89,11.4,1342,3117,1042,2516,31,62,0,0
45,90,1.13,117,289,117,288,0,0,0,0
45,126,3.3,220,589,147,447,71,140,0,0
45,127,0.57,76,303,76,303,0,0,0,0
46,55,0.23,8,16,2,4,2,4,0,0
46,84,9.91,766,1220,391,707,121,167,0,0
46,85,6.67,635,1599,628,1585,73,145,0,0
46,86,12.51,1770,5706,1463,4752,54,175,0,0
46,87,3.57,462,1096,439,1031,8,22,0,0
46,88,3.33,533,1535,253,754,269,758,0,0
46,89,5.23,704,1741,493,1313,139,310,0,0
46,90,0.59,91,272,91,272,0,0,0,0
46,126,0.9,180,360,45,90,45,90,0,0
47,55,3.77,617,1755,17,26,567,1676,0,0
47,84,0.88,115,345,115,345,0,0,0,0
47,85,8.08,613,1654,405,1263,64,119,0,0
47,86,12.88,2109,6072,971,3134,465,1378,0,0
47,87,6.29,650,1551,391,863,58,174,0,0
47,88,1.11,1271,3514,0,0,1271,3514,0,0
47,89,3.03,2098,6212,0,0,2098,6212,0,0
47,126,0.1,21,42,5,10,5,10,0,0
48,85,0.19,109,326,0,0,0,0,109,326
48,86,9.25,1241,3350,375,951,248,683,478,1434
48,87,5.59,899,1828,632,1069,101,287,0,0
48,88,0.56,469,1219,0,0,469,1219,0,0
48,89,2.27,2451,7562,0,0,2451,7562,0,0
48,90,0.25,868,1735,0,0,868,1735,0,0
49,86,6.72,832,1863,663,1601,56,87,0,0
49,87,6.06,1006,2087,545,1086,122,240,0,0
49,88,1.99,237,600,143,317,31,94,0,0
49,89,0.63,1051,2103,0,1,1049,2099,0,0
49,90,0.44,1484,2967,0,0,1484,2967,0,0
49,113,1,78,156,78,156,0,0,0,0
50,55,1,14,14,3,3,3,3,0,0
50,86,2.95,121,313,76,223,4,8,0,0
50,87,8.35,1153,2504,780,1542,102,277,0,0
50,88,5.46,836,2024,645,1597,64,142,0,0
50,89,2,372,744,372,744,0,0,0,0
50,127,1,99,99,25,25,25,25,0,0
51,80,2,321,643,243,486,26,52,0,0
51,82,4.23,428,784,127,235,86,154,0,0
51,83,7.4,707,1881,570,1561,30,80,0,0
51,87,0.14,12,23,12,23,0,0,0,0
51,88,1.71,261,522,261,522,0,0,0,0
51,89,2,246,492,246,492,0,0,0,0
52,47,1.29,1818,3637,343,686,790,1579,0,0
52,48,0.35,532,1064,0,0,532,1064,0,0
52,55,1.6,1393,2786,0,0,1393,2786,0,0
52,56,4.33,1454,3660,364,915,364,915,0,0
52,82,3.2,539,1248,516,1214,4,4,0,0
52,83,7.17,945,3058,526,1551,140,502,0,0
53,47,0.11,170,339,0,0,170,339,0,0
53,48,0.25,382,765,0,0,382,765,0,0
53,55,0.4,498,996,0,0,498,996,0,0
53,56,1.33,386,882,97,220,97,220,0,0
53,57,0.16,48,96,12,24,12,24,0,0
53,83,1,100,299,100,299,0,0,0,0
53,84,2,371,1346,371,1346,0,0,0,0
54,56,2.25,1208,3251,107,228,886,2566,0,0
54,57,0.93,285,571,71,143,71,143,0,0
54,59,2.87,1000,2330,250,583,250,583,0,0
54,60,0.95,602,2318,150,580,150,580,0,0
54,84,1,196,587,59,176,0,0,0,0
54,86,1,106,212,27,53,27,53,0,0
55,59,2.74,1815,4241,165,418,1320,2988,0,0
55,60,1.44,1384,4197,346,1049,346,1049,0,0
55,86,1,15,15,0,0,0,0,15,15
55,105,2.72,269,623,267,619,1,1,0,0
56,104,0.85,105,126,105,126,0,0,0,0
56,105,9.95,616,1369,420,1014,34,62,0,0
56,106,1,160,480,160,480,0,0,0,0
56,108,2,133,406,128,385,2,7,0,0
56,109,2.87,305,693,305,693,0,0,0,0
56,110,8.44,702,1637,691,1616,4,7,0,0
57,103,1.26,57,101,47,91,3,3,0,0
57,105,6.82,922,1845,601,1273,6,6,0,0
57,106,11.81,1065,2281,991,2136,4,10,0,0
57,107,6.97,638,1594,625,1567,5,9,0,0
57,108,5.52,433,1039,411,1015,1,2,0,0
57,109,11.92,911,1827,889,1789,7,13,0,0
57,110,5.56,455,1163,428,1097,9,22,0,0
57,111,1,55,111,14,28,14,28,0,0
58,102,1,124,248,31,62,31,62,0,0
58,103,5.19,491,1143,489,1141,1,1,0,0
58,104,20.17,1273,2338,789,1563,130,208,0,0
58,105,5.64,376,818,288,730,11,11,0,0
58,106,9.92,797,2562,335,916,148,543,0,0
58,107,9.02,686,1207,632,1137,15,20,0,0
58,108,11.21,1017,2158,887,1979,27,44,0,0
58,109,5.92,1404,3855,284,568,1062,3173,0,0
58,110,1.6,200,400,103,207,32,64,0,0
59,63,0.03,153,919,0,0,153,919,0,0
59,64,0.28,1448,8689,0,0,1448,8689,0,0
59,85,1,75,150,75,150,0,0,0,0
59,100,1,61,123,15,31,15,31,0,0
59,102,1.53,164,610,156,593,3,6,0,0
59,103,17.49,1742,4703,1174,3281,154,368,0,0
59,104,10.56,1527,3915,792,2393,170,357,225,451
59,105,0.26,27,53,27,53,0,0,0,0
59,107,0.75,112,225,112,225,0,0,0,0
59,108,6.31,488,1608,483,1593,2,5,0,0
59,109,13.72,1042,2302,656,1409,70,181,0,0
59,110,8.29,500,698,364,549,12,16,0,0
59,111,5.98,314,745,280,698,4,8,0,0
59,112,0.04,0,1,0,0,0,0,0,0
60,63,0.16,821,4924,0,0,821,4924,0,0
60,64,0.47,2451,14709,0,0,2451,14709,0,0
60,103,10.2,570,1364,458,1178,40,101,0,0
60,104,14.24,1133,2868,877,2250,81,303,0,0
60,105,5.1,292,755,220,622,24,44,0,0
60,106,4,269,514,245,483,8,10,0,0
60,107,3,165,326,162,324,1,1,0,0
60,109,3.76,147,397,104,298,5,16,0,0
60,110,13.75,1100,2449,725,1498,92,284,0,0
60,111,17.76,1030,1878,771,1442,65,124,0,0
60,112,4.58,273,610,239,546,7,17,0,0
61,56,1,127,127,32,32,32,32,0,0
61,57,1,166,332,41,83,41,83,0,0
61,63,0.1,324,1365,0,0,324,1365,0,0
61,64,0.04,204,1223,0,0,204,1223,0,0
61,77,2,269,539,67,135,67,135,0,0
61,85,1,59,59,59,59,0,0,0,0
61,100,3.6,152,410,91,316,20,31,0,0
61,101,6.25,486,1252,473,1239,1,1,0,0
61,102,9.41,736,1631,638,1442,8,14,0,0
61,103,16.53,1418,2869,1170,2479,26,40,0,0
61,108,3,168,214,101,101,0,0,0,0
61,110,6.32,211,468,152,401,5,8,0,0
61,111,9.47,666,1463,583,1360,28,34,0,0
61,112,4.67,218,476,187,440,10,12,0,0
61,113,1.84,187,449,187,449,0,0,0,0
62,62,0.14,166,332,0,0,166,332,0,0
62,63,3.98,4450,11637,11,22,4417,11571,0,0
62,64,1,133,267,0,0,133,267,0,0
62,85,1,58,116,0,0,0,0,0,0
62,99,5.31,290,652,249,609,14,14,0,0
62,100,11.09,834,1833,755,1679,18,43,0,0
62,101,8.02,620,1126,440,858,24,24,0,0
62,102,7.94,492,937,443,878,10,13,0,0
62,103,6.5,318,553,252,487,17,17,0,0
62,104,1.35,196,196,1,1,192,192,0,0
62,113,0.93,2377,2377,594,594,594,594,0,0
62,120,1,1219,3657,0,0,1219,3657,0,0
63,63,0.81,188,377,47,94,47,94,0,0
63,100,1,54,54,14,14,14,14,0,0
63,112,1,188,377,47,94,47,94,0,0
63,113,1.07,185,195,45,45,50,60,0,0
63,114,0.01,8,24,0,0,8,24,0,0
63,115,1.35,659,1947,7,15,636,1902,0,0
63,116,1.93,412,792,103,198,103,198,0,0
63,120,1,180,539,0,0,180,539,0,0
64,72,1,56,112,14,28,14,28,0,0
64,111,1,217,434,54,109,54,109,0,0
64,113,1.24,1311,5023,272,1088,495,1758,0,0
64,114,3.38,1638,4873,2,2,1633,4869,0,0
64,115,6.95,2248,6565,122,333,2038,6080,0,0
64,116,7.32,646,1378,549,1281,18,18,0,0
64,117,2.63,246,491,157,314,68,136,0,0
64,118,1,47,47,0,0,0,0,0,0
64,119,1.03,353,353,88,88,88,88,0,0
65,68,0.99,187,375,187,375,0,0,0,0
65,69,0.01,2,5,2,5,0,0,0,0
65,70,9.18,903,1842,799,1666,30,54,0,0
65,71,0.24,35,105,35,105,0,0,0,0
65,110,2.23,1845,6438,461,1610,461,1610,0,0
65,111,1.04,413,1330,103,332,103,332,0,0
65,113,0.18,999,2998,0,1,999,2996,0,0
65,114,1.49,2942,8720,0,0,2942,8720,0,0
65,115,1.31,604,1810,0,1,603,1808,0,0
65,116,4.02,408,843,393,828,5,5,0,0
65,117,6.42,503,828,323,645,6,12,0,0
65,118,1,14,14,3,3,3,3,0,0
65,119,5.87,2861,2861,228,228,2176,2176,0,0
65,120,0.1,70,70,18,18,18,18,0,0
65,126,1.5,706,2809,526,2448,60,120,0,0
66,66,2,107,213,27,53,27,53,0,0
66,68,2,120,239,111,221,4,8,0,0
66,69,4.73,196,303,37,54,35,47,0,0
66,70,9.37,1351,2877,852,1987,157,287,0,0
66,71,4.86,943,1997,658,1426,95,190,0,0
66,72,1.45,150,300,139,278,4,7,0,0
66,109,0.03,111,443,28,111,28,111,0,0
66,110,0.67,2536,10143,634,2536,634,2536,0,0
66,111,2.95,918,2694,24,56,847,2526,0,0
66,112,1.71,2763,5636,678,1372,728,1521,0,0
66,113,0.33,1650,4729,28,28,1567,4646,0,0
66,114,0.19,843,2333,25,25,770,2260,0,0
66,116,0.33,3,3,1,1,1,1,0,0
66,117,15.49,1010,1965,733,1459,90,194,0,0
66,118,5.54,547,1050,92,174,92,174,0,0
66,124,2.36,54,128,39,113,3,3,0,0
66,125,7,500,1058,491,1049,1,1,0,0
66,126,14.82,1400,4763,1369,4732,4,4,0,0
66,127,4,330,781,324,769,2,4,0,0
67,66,5.65,752,2258,523,1472,68,254,0,0
67,67,3.82,1773,3848,344,900,1369,2768,0,0
67,68,2.46,1898,4050,63,190,1709,3481,0,0
67,69,9.27,1324,2551,343,682,760,1439,231,461
67,70,2,360,902,227,638,44,88,0,0
67,71,0.18,33,65,33,65,0,0,0,0
67,98,0.14,31,63,8,16,8,16,0,0
67,99,2.79,746,1492,186,373,186,373,0,0
67,100,0.07,18,36,4,9,4,9,0,0
67,111,0.85,326,653,82,163,82,163,0,0
67,112,2.41,1266,2114,316,528,316,528,0,0
67,113,0.15,298,298,74,74,74,74,0,0
67,114,0.86,1613,1613,403,403,403,403,0,0
67,117,7.98,362,825,340,793,7,11,0,0
67,118,6.31,1550,3055,107,274,1350,2680,0,0
67,119,1,10,10,3,3,3,3,0,0
67,123,2.05,103,206,95,191,2,3,0,0
67,124,15.23,1097,2623,915,2286,9,15,0,0
67,125,17.2,1274,2850,1265,2837,3,4,0,0
67,126,16.23,1232,2811,1210,2789,3,3,0,0
67,127,8.91,940,2329,940,2329,0,0,0,0
68,66,7.31,802,2145,345,930,74,137,0,0
68,67,9.91,2112,5334,674,1756,674,1553,0,0
68,68,7.78,1480,3547,468,1244,475,1043,0,0
68,69,2.54,713,1593,307,781,135,271,0,0
68,99,2.55,3401,8270,850,2067,850,2067,0,0
68,100,0.45,359,717,90,179,90,179,0,0
68,117,0.1,17,50,0,0,0,0,0,0
68,118,16.37,1909,4152,994,2246,757,1511,0,0
68,119,6.86,640,1275,507,1103,41,54,0,0
68,122,3.06,617,1039,159,269,153,257,0,0
68,123,15.06,870,1733,743,1558,33,49,0,0
68,124,13.96,1203,3743,992,3009,59,234,0,0
68,125,13.04,918,2259,912,2249,2,3,0,0
68,126,8.9,1381,4578,1124,4097,83,158,0,0
68,127,18.01,1513,3432,1477,3395,12,12,0,0
69,65,1.11,228,684,172,517,19,56,0,0
69,66,4.28,563,1201,208,512,111,223,0,0
69,68,4.98,767,1854,417,1140,116,238,0,0
69,69,6.12,986,2053,592,1288,125,248,0,0
69,74,1,49,49,12,12,12,12,0,0
69,112,2.04,1298,2596,324,649,324,649,0,0
69,113,2.79,504,1009,126,252,126,252,0,0
69,115,6.75,427,805,382,752,15,18,0,0
69,116,11.23,628,1337,580,1284,8,10,0,0
69,117,10.77,879,2476,837,2430,6,7,0,0
69,118,16.36,993,2013,790,1691,28,42,0,0
69,119,22.37,1375,2975,977,2333,71,121,0,0
69,120,6.96,473,898,234,457,84,151,0,0
69,121,2,236,236,10,10,10,10,0,0
69,122,5.5,1588,3854,37,140,1541,3695,0,0
69,123,13.44,733,1792,675,1707,14,23,0,0
69,124,12.73,840,2101,814,2039,7,19,0,0
69,125,15.56,1001,2439,959,2388,5,8,0,0
69,126,21.96,1429,3517,852,2215,189,430,0,0
69,127,15.28,1295,2840,1259,2781,12,20,0,0
70,61,0.54,232,928,58,232,58,232,0,0
70,64,0.68,639,1278,0,0,639,1278,0,0
70,65,5,2431,6992,532,1597,834,2201,0,0
70,69,6.88,1263,2422,374,663,296,586,0,0
70,70,1,57,170,57,170,0,0,0,0
70,71,2.09,146,175,141,170,2,2,0,0
70,112,1.35,283,566,71,141,71,141,0,0
70,113,0.82,105,211,26,53,26,53,0,0
70,115,2.76,155,278,16,23,16,23,0,0
70,116,4.31,1224,3979,846,3595,124,124,0,0
70,117,8.69,1116,2787,883,2549,78,79,0,0
70,118,23.33,1086,2377,1005,2259,18,30,0,0
70,119,23.6,1428,3261,1077,2681,76,139,0,0
70,120,36.99,2220,4277,1734,3388,63,119,0,0
70,121,15.59,1220,2467,1000,2119,73,116,0,0
70,122,9.27,3090,8490,263,524,2755,7883,0,0
70,123,17.84,906,1817,541,1270,69,76,0,0
70,124,16.78,1205,2953,1053,2678,51,92,0,0
70,125,13.35,1264,3697,1008,2943,47,83,0,0
70,126,18.6,1426,3605,975,2757,472,927,0,0
70,127,11.4,1389,3748,536,1257,43,105,0,0
71,60,1.28,1198,2397,300,599,300,599,0,0
71,61,5.94,1882,5170,470,1293,470,1293,0,0
71,65,0.21,120,359,30,90,30,90,0,0
71,68,0.99,920,2760,0,0,920,2760,0,0
71,70,4,339,710,290,612,16,33,0,0
71,71,8.9,885,2038,848,1996,12,14,0,0
71,72,5,785,1971,599,1435,58,175,0,0
71,74,1,76,151,19,38,19,38,0,0
71,117,1,31,31,8,8,8,8,0,0
71,118,3.13,173,318,150,294,7,8,0,0
71,119,8.57,373,724,168,334,68,130,0,0
71,120,16.42,1026,2567,986,2518,6,9,0,0
71,121,30.99,1571,3470,1154,2701,124,264,60,120
71,122,41.67,2788,6850,1758,4264,609,1737,0,0
71,123,37.2,1952,4362,1613,3700,118,278,0,0
71,124,11.6,1311,3074,561,1368,174,423,0,0
71,125,17.04,1777,5556,1639,5318,46,79,0,0
71,126,13.01,827,2107,750,1953,3,6,0,0
71,127,9.31,1357,2643,239,474,1073,2112,0,0
72,60,0.25,168,335,42,84,42,84,0,0
72,68,2.01,1812,4823,0,0,1812,4823,0,0
72,69,1.86,1129,1129,0,0,1129,1129,0,0
72,72,2,132,247,115,229,0,0,0,0
72,112,2,424,695,106,174,106,174,0,0
72,118,1.88,52,52,13,13,13,13,0,0
72,119,1.98,114,329,105,311,3,6,0,0
72,120,5.69,389,990,334,899,18,30,0,0
72,121,10.02,1209,2587,497,1248,386,902,31,61
72,122,22.81,1275,3112,1103,2913,23,32,0,0
72,123,27.74,2168,5651,1450,4076,183,392,0,0
72,124,17.31,2617,9965,1960,8321,144,397,0,0
72,125,17.17,1363,3552,1041,2762,86,228,0,0
72,126,18.04,909,2074,817,1950,19,23,0,0
72,127,9.18,550,1267,308,833,20,38,0,0
73,60,2,214,321,54,80,54,80,0,0
73,61,0.01,1,2,0,0,0,0,0,0
73,69,0.14,91,91,0,0,91,91,0,0
73,112,1.95,1724,5729,431,1432,431,1432,0,0
73,113,0.05,55,219,14,55,14,55,0,0
73,120,5.36,426,822,103,198,103,198,0,0
73,121,7.58,625,1130,386,741,80,130,0,0
73,122,9.46,761,1787,723,1731,13,19,0,0
73,123,24.13,2221,6314,1913,5787,88,161,0,0
73,124,19.12,1769,4785,895,3026,504,1188,88,177
73,125,27.5,2263,6083,1907,5247,32,56,0,0
73,126,14.56,747,1526,607,1338,19,21,0,0
73,127,16.44,1306,2942,1095,2640,65,95,0,0
74,61,0.99,135,270,34,68,34,68,0,0
74,121,1,32,32,8,8,8,8,0,0
74,122,3,29,29,4,4,4,4,0,0
74,123,25.29,1587,3596,1132,2762,72,149,0,0
74,124,22.86,2291,6790,1728,5535,247,780,0,0
74,125,23.86,2087,7013,1880,6685,244,837,0,0
74,126,17.25,1563,3529,1133,2694,143,278,0,0
74,127,5.72,481,1083,234,608,77,153,0,0
75,122,8.31,655,1363,607,1299,12,18,0,0
75,123,18.58,980,1786,864,1651,26,26,0,0
75,124,22.18,2755,9531,2009,7164,1103,3782,0,0
75,125,26.89,3736,14492,3373,13177,957,3691,0,0
75,126,14.59,1684,6128,885,3064,745,3115,0,0
75,127,10.34,653,1440,417,1045,34,56,0,0
76,76,0.54,61,122,15,30,15,30,0,0
76,77,0.46,52,103,13,26,13,26,0,0
76,121,5,279,598,227,534,8,12,0,0
76,122,12.22,798,1874,363,796,145,359,0,0
76,123,11.09,540,1156,339,753,21,31,0,0
76,124,5.87,917,3950,709,3371,278,1096,0,0
76,125,27.09,4196,16017,1688,6645,1616,6470,686,2744
76,126,29.32,3533,13491,2351,9167,1187,4157,0,0
76,127,26.8,2063,3577,1191,2560,63,91,0,0
77,121,1,85,85,21,21,21,21,0,0
77,122,4.91,236,642,216,615,7,9,0,0
77,123,7.91,1084,2500,385,1113,680,1387,0,0
77,124,11.89,1665,4646,1394,3789,293,1271,0,0
77,125,10.7,1068,3910,739,2999,352,999,0,0
77,126,24.63,2792,7993,1319,4772,880,1933,0,0
77,127,12.68,1609,5036,1251,4477,186,352,0,0
78,120,1,22,22,5,5,5,5,0,0
78,121,0.11,77,154,0,0,77,154,0,0
78,122,12.48,3135,6241,63,119,2946,5885,0,0
78,123,7.98,1353,4484,1272,4404,143,344,0,0
78,124,17.14,1793,5817,1302,3748,167,693,0,0
78,125,6.32,1435,4001,610,2362,728,1408,0,0
78,126,31.13,3031,9847,1704,6157,764,2470,0,0
78,127,22.97,3496,8116,2341,5766,585,1196,0,0
79,118,3.6,361,811,243,603,39,69,0,0
79,119,14.86,830,1823,747,1721,14,20,0,0
79,120,17.17,1173,2835,1060,2638,18,27,0,0
79,121,5.34,961,2668,445,1662,490,979,0,0
79,122,29.07,1954,4037,1682,3544,206,395,0,0
79,123,25.83,1839,3605,1741,3492,32,38,0,0
79,124,10.21,1532,6828,1493,6732,13,32,0,0
79,125,8.55,2711,5378,167,329,2666,5304,0,0
79,126,13.57,2627,6095,732,1671,2005,4423,0,0
79,127,22.94,3024,8274,1470,4213,1311,3532,0,0
80,80,0.96,544,2175,136,544,136,544,0,0
80,81,0.04,21,84,5,21,5,21,0,0
80,116,1.03,341,3038,85,760,85,760,0,0
80,117,0.38,46,72,11,18,11,18,0,0
80,118,6.75,1085,2122,402,808,228,438,0,0
80,119,15.19,937,1849,903,1801,11,16,0,0
80,120,24.32,1239,2591,1155,2474,24,34,0,0
80,121,3.28,204,393,193,383,4,4,0,0
80,122,34.07,2108,3558,1970,3420,46,46,0,0
80,123,39.76,2291,3473,2136,3318,52,52,0,0
80,124,8.46,1219,4368,938,3644,294,901,0,0
80,125,11.01,2458,6661,753,2219,811,2132,0,0
80,126,13.05,1258,3179,980,2660,46,90,0,0
80,127,27.01,2049,5232,1237,3095,244,619,0,0
81,116,0.69,183,917,46,229,46,229,0,0
81,117,5.26,969,2304,242,576,242,576,0,0
81,118,5.99,1009,2384,252,596,252,596,0,0
81,119,17.03,1169,2163,1098,2085,23,26,0,0
81,120,23.78,1236,2250,1063,2063,35,39,0,0
81,121,9.31,828,1755,714,1556,38,66,0,0
81,122,17.76,1966,3789,1830,3643,129,132,0,0
81,123,12.59,824,1554,765,1492,21,23,0,0
81,124,1.91,748,2339,290,1162,447,1428,0,0
81,125,9.4,966,1885,336,705,209,424,0,0
81,126,15.41,2998,7104,1346,3875,1702,3568,0,0
81,127,18.68,1812,4865,1017,2989,287,769,0,0
82,115,0.72,170,341,43,85,43,85,0,0
82,116,2.9,1119,2411,280,603,280,603,0,0
82,117,0.64,196,557,49,139,49,139,0,0
82,118,0.42,262,786,66,197,66,197,0,0
82,119,8.11,773,2240,193,560,193,560,0,0
82,120,9.34,1560,3654,1461,3475,33,60,0,0
82,121,8.61,2075,3760,742,1386,444,791,0,0
82,122,13.33,1150,2251,1080,2155,23,32,0,0
82,123,11.19,719,1691,696,1652,8,13,0,0
82,124,8.94,4971,14738,324,1047,4592,13546,0,0
82,125,16.72,2192,6104,1103,3619,710,1435,0,0
82,126,3.49,3717,7423,3,3,3709,7415,0,0
82,127,8.85,426,1174,300,789,54,153,0,0
83,116,1,189,377,47,94,47,94,0,0
83,119,10.52,888,2396,679,1970,70,142,0,0
83,120,20.42,1771,3243,1072,2351,233,297,0,0
83,121,15.29,1850,2928,1094,1622,252,435,0,0
83,122,7.01,726,1350,722,1343,1,2,0,0
83,123,17.83,1422,3351,1193,3077,35,50,0,0
83,124,8.83,727,2237,366,1390,305,651,0,0
83,125,1.95,456,1487,343,1263,37,75,0,0
83,126,8.68,591,1665,414,1318,4,5,0,0
83,127,21.31,1025,2486,872,2191,27,49,0,0
84,119,5.56,253,496,241,480,4,5,0,0
84,120,30.08,1573,3063,1255,2495,97,180,0,0
84,121,23.41,1370,2360,1304,2248,16,25,0,0
84,122,16.34,1240,3549,566,1937,362,1020,0,0
84,123,18.3,1925,5489,1075,3757,747,1505,0,0
84,124,0.04,27,53,0,0,27,53,0,0
84,125,8.28,589,1317,558,1278,8,10,0,0
84,126,0.09,11,33,11,33,0,0,0,0
84,127,9.75,877,2249,854,2203,8,15,0,0
85,116,0.63,116,468,14,29,73,381,0,0
85,117,0.88,852,1703,213,426,213,426,0,0
85,120,25.92,1395,2375,1281,2196,38,60,0,0
85,121,6.13,960,2693,601,1880,105,256,0,0
85,122,2.12,290,1101,270,1080,34,138,0,0
85,124,1.74,2690,5860,70,261,2479,5078,0,0
85,125,4.4,562,1985,205,626,114,444,0,0
85,127,4.02,459,1206,456,1203,1,1,0,0
86,115,0.07,910,5458,0,0,910,5458,0,0
86,116,0.58,7781,46687,0,0,7781,46687,0,0
86,117,1.73,1115,2476,217,434,463,1173,0,0
86,119,2.84,436,1844,109,461,109,461,0,0
86,120,2.81,808,3111,202,778,202,778,0,0
86,122,2,108,209,103,204,2,2,0,0
86,123,4.67,2345,4692,60,120,2165,4331,0,0
86,124,2.21,5951,19944,17,52,5901,19789,0,0
86,125,3.01,649,2100,116,341,300,1077,0,0
86,127,2.62,130,258,127,254,1,1,0,0
87,115,0.37,342,1853,12,25,305,1779,0,0
87,116,0.93,6564,32911,0,0,6564,32909,0,0
87,117,2.22,2657,8384,86,313,2399,7445,0,0
87,118,0.61,497,1311,124,328,124,328,0,0
87,119,4.58,1744,4040,436,1010,436,1010,0,0
87,120,4.82,1179,2239,295,560,295,560,0,0
87,122,1,100,300,100,300,0,0,0,0
87,123,0.02,268,1073,0,0,268,1073,0,0
87,124,0.49,6209,24835,0,0,6209,24835,0,0
87,125,0.17,2150,8598,0,0,2150,8598,0,0
87,126,2.61,183,524,174,515,3,3,0,0
87,127,10.15,913,1841,837,1724,10,23,0,0
88,115,1.63,563,1126,141,281,141,281,0,0
88,116,1.08,687,2985,166,730,188,796,0,0
88,117,2.11,3795,18360,949,4590,949,4590,0,0
88,118,3.06,1806,5319,452,1330,452,1330,0,0
88,119,1.17,191,198,48,49,48,49,0,0
88,120,5.13,1321,4173,330,1043,330,1043,0,0
88,124,1,127,380,127,380,0,0,0,0
88,127,1.69,18,18,3,3,3,3,0,0
89,115,4.45,654,1546,163,387,163,387,0,0
89,116,7.25,1578,3574,395,893,395,893,0,0
89,117,7.95,1406,3424,351,856,351,856,0,0
89,118,1.96,457,950,236,359,74,197,0,0
89,119,1.27,331,823,120,243,71,193,0,0
89,120,0.7,173,470,43,118,43,118,0,0
89,121,0.03,6,13,2,3,2,3,0,0
89,123,0.71,23,46,13,27,3,6,0,0
89,124,7.29,584,1226,170,354,138,290,0,0
90,115,2.3,336,711,84,178,84,178,0,0
90,116,9.38,1715,4038,429,1010,429,1010,0,0
90,117,10.12,1197,2837,334,744,288,698,0,0
90,118,2.26,1774,3549,193,387,1194,2389,0,0
91,116,3.74,562,1479,141,370,141,370,0,0
91,117,7.01,863,2041,284,578,193,488,0,0
91,118,1,255,255,255,255,0,0,0,0
92,116,1,181,543,45,136,45,136,0,0
95,116,1,381,1905,95,476,95,476,381,1905
95,117,1,81,243,20,61,20,61,0,0
96,117,0.97,199,596,50,149,50,149,0,0
97,117,0.03,7,21,2,5,2,5,0,0
101,111,0.9,318,635,79,159,79,159,0,0
101,112,1.1,120,240,30,60,30,60,0,0
101,120,1,32,64,32,64,0,0,0,0
101,122,1,117,351,29,88,29,88,0,0
101,126,2.28,715,2030,224,643,164,462,0,0
102,113,1,55,273,14,68,14,68,55,273
102,125,1,20,20,5,5,5,5,0,0
102,126,5.69,2110,4373,642,1438,489,978,0,0
103,126,0.03,38,75,9,19,9,19,0,0
111,117,1,179,537,45,134,45,134,0,0
111,118,1,105,210,105,210,0,0,0,0
112,110,0.57,52,103,13,26,13,26,0,0
112,111,0.43,39,78,10,20,10,20,0,0
113,106,0.81,1214,3643,304,911,304,911,0,0
114,106,0.19,277,830,69,208,69,208,0,0
122,103,0.04,41,165,10,41,10,41,0,0
123,102,1.44,492,1463,123,366,123,366,0,0
123,103,1.92,1142,4212,286,1053,286,1053,0,0
124,102,1.28,497,1393,124,348,124,348,0,0
124,103,3.33,1034,2474,258,618,258,618,0,0
124,106,2,314,627,78,157,78,157,0,0
125,101,0.55,88,176,22,44,22,44,0,0
125,103,1.05,73,147,18,37,18,37,0,0
125,104,1.8,296,592,74,148,74,148,0,0
125,105,0.15,13,27,3,7,3,7,0,0
126,101,0.45,71,143,18,36,18,36,0,0
127,108,2,242,632,61,158,61,158,0,0
127,127,0.87,133,362,41,112,26,79,0,0
